        0.0000000000	        0.0000000000	        1.0000000000	        7.4793462837	        0.0000000000	        0.0000000000	        0.0000000000	        0.0000000000	        0.0000000000	        0.0000000000	        0.0000000000	        0.0000000000	        0.0000000000	        0.0240679193
        0.0006386460	        0.0077340591	        0.9956232915	        6.9413002515	        0.0000000000	        0.0000000000	        0.0000000000	        0.0000000000	        0.0000000000	        0.0000000058	        0.0000400335	        0.0666666667	        0.0000284680	        0.0201953388
        0.0013591019	        0.0164542357	        0.9907983546	        6.3732754848	        0.0000000000	        0.0000000000	        0.0000000000	        0.0000000001	        0.0000000005	        0.0000000692	        0.0001219782	        0.0666666667	        0.0001178708	        0.0172226642
        0.0021717769	        0.0262845492	        0.9854872213	        5.7799908901	        0.0000000000	        0.0000000000	        0.0000000000	        0.0000000006	        0.0000000038	        0.0000003608	        0.0002437342	        0.0666666667	        0.0002808929	        0.0148011341
        0.0030883849	        0.0373641442	        0.9796485117	        5.1681709464	        0.0000000000	        0.0000000000	        0.0000000003	        0.0000000025	        0.0000000160	        0.0000012493	        0.0004020264	        0.0666666667	        0.0005327522	        0.0127689843
        0.0041221033	        0.0498489902	        0.9732363900	        4.5467767429	        0.0000000000	        0.0000000000	        0.0000000018	        0.0000000084	        0.0000000516	        0.0000034252	        0.0005985892	        0.0666666667	        0.0008914021	        0.0110347492
        0.0052877492	        0.0639136959	        0.9661991415	        3.9270845715	        0.0000000000	        0.0000000000	        0.0000000071	        0.0000000237	        0.0000001414	        0.0000081010	        0.0008375789	        0.0666666667	        0.0013778169	        0.0095403312
        0.0066019743	        0.0797533486	        0.9584773737	        3.3224691620	        0.0000000000	        0.0000000000	        0.0000000240	        0.0000000596	        0.0000003461	        0.0000173224	        0.0011248195	        0.0666666667	        0.0020163277	        0.0082454520
        0.0080834821	        0.0975851354	        0.9500019554	        2.7476663092	        0.0000000000	        0.0000000000	        0.0000000727	        0.0000001382	        0.0000007819	        0.0000344448	        0.0014678035	        0.0666666667	        0.0028349831	        0.0071202172
        0.0097532660	        0.1176491224	        0.9406919867	        2.2171671738	        0.0000000000	        0.0000000000	        0.0000002017	        0.0000003020	        0.0000016664	        0.0000648452	        0.0018760801	        0.0666666667	        0.0038658938	        0.0061412366
        0.0116348733	        0.1402067084	        0.9304533389	        1.7422161453	        0.0000000000	        0.0000000000	        0.0000005212	        0.0000006317	        0.0000034041	        0.0001169506	        0.0023619425	        0.0666666667	        0.0051454778	        0.0052894688
        0.0137546927	        0.1655334487	        0.9191785839	        1.3272513510	        0.0000000000	        0.0000000000	        0.0000012688	        0.0000012804	        0.0000067493	        0.0002036275	        0.0029412385	        0.0666666667	        0.0067144162	        0.0045489606
        0.0161422702	        0.1938995711	        0.9067495895	        0.9766460072	        0.0000000000	        0.0000000000	        0.0000029278	        0.0000025437	        0.0000131253	        0.0003438069	        0.0036335897	        0.0666666667	        0.0086168853	        0.0039060435
        0.0188306506	        0.2255267336	        0.8930473690	        0.6886947443	        0.0000000000	        0.0000000000	        0.0000064124	        0.0000050028	        0.0000252476	        0.0005637131	        0.0044599993	        0.0666666667	        0.0108980709	        0.0033487032
        0.0218567475	        0.2605073071	        0.8779760632	        0.4588672329	        0.0000000000	        0.0000000000	        0.0000132966	        0.0000098177	        0.0000482456	        0.0008959897	        0.0054338348	        0.0666666667	        0.0135977500	        0.0028658850
        0.0252617393	        0.2986852766	        0.8615151388	        0.2820532920	        0.0000000000	        0.0000000000	        0.0000259647	        0.0000192789	        0.0000912315	        0.0013736921	        0.0065409115	        0.0666666667	        0.0167356245	        0.0024465716
        0.0290914903	        0.3395422240	        0.8438160962	        0.1503367429	        0.0000000000	        0.0000000000	        0.0000474655	        0.0000376974	        0.0001680357	        0.0020168289	        0.0077126265	        0.0666666667	        0.0202826661	        0.0020788983
        0.0333969940	        0.3821882595	        0.8253320910	        0.0533369272	        0.0000000000	        0.0000000000	        0.0000809403	        0.0000725280	        0.0002935786	        0.0028156951	        0.0088155357	        0.0666666667	        0.0241196212	        0.0017508092
        0.0382348325	        0.4255329111	        0.8068860098	       -0.0177607079	        0.0000000000	        0.0000000000	        0.0001288788	        0.0001353443	        0.0004730410	        0.0037244472	        0.0096868959	        0.0666666667	        0.0280111247	        0.0014545633
        0.0436676462	        0.4685616472	        0.7895118648	       -0.0710993961	        0.0000000000	        0.0000000000	        0.0001927134	        0.0002420048	        0.0006905075	        0.0046746526	        0.0102053808	        0.0666666667	        0.0316530970	        0.0011924485
        0.0497646022	        0.5106613562	        0.7740573710	       -0.1131881867	        0.0000000000	        0.0000000000	        0.0002698821	        0.0004112767	        0.0009124473	        0.0056001292	        0.0103348678	        0.0666666667	        0.0348007862	        0.0009733159
        0.0566018496	        0.5515910003	        0.7608753836	       -0.1484256017	        0.0000000000	        0.0000000000	        0.0003599217	        0.0006628974	        0.0011086520	        0.0064570806	        0.0101175578	        0.0666666667	        0.0373650956	        0.0008007824
        0.0642629411	        0.5911315177	        0.7498585694	       -0.1793355345	        0.0000000000	        0.0000000000	        0.0004681045	        0.0010160280	        0.0012671691	        0.0072197228	        0.0096299763	        0.0666666667	        0.0393923431	        0.0006694543
        0.0728392004	        0.6290735914	        0.7406641175	       -0.2069069184	        0.0000000000	        0.0000000000	        0.0005964035	        0.0014876679	        0.0013910290	        0.0078718070	        0.0089546787	        0.0666666667	        0.0409872722	        0.0005704707
        0.0824300053	        0.6653235063	        0.7329038874	       -0.2310807800	        0.0000000000	        0.0000000000	        0.0007460517	        0.0020920464	        0.0014894372	        0.0084085275	        0.0081723082	        0.0666666667	        0.0422563970	        0.0004957667
        0.0931429507	        0.6998853786	        0.7262353302	       -0.2512302950	        0.0000000000	        0.0000000000	        0.0009177529	        0.0028401443	        0.0015716124	        0.0088332443	        0.0073501424	        0.0666666667	        0.0432861694	        0.0004390035
        0.1050938490	        0.7328275921	        0.7203848139	       -0.2664971365	        0.0000000000	        0.0000000000	        0.0011118859	        0.0037393104	        0.0016446943	        0.0091538921	        0.0065373393	        0.0666666667	        0.0441407420	        0.0003954585
        0.1184065179	        0.7642535964	        0.7151421529	       -0.2760478959	        0.0000000000	        0.0000000000	        0.0013283675	        0.0047926140	        0.0017135582	        0.0093801478	        0.0057655967	        0.0666666667	        0.0448662065	        0.0003617119
        0.1332122955	        0.7942815752	        0.7103473797	       -0.2793460163	        0.0000000000	        0.0000000000	        0.0015666233	        0.0059979466	        0.0017812233	        0.0095216660	        0.0050525295	        0.0666666667	        0.0454955405	        0.0003353154
        0.1496492201	        0.8230302333	        0.7058779037	       -0.2762104857	        0.0000000000	        0.0000000000	        0.0018255827	        0.0073469702	        0.0018493004	        0.0095871077	        0.0044056444	        0.0666666667	        0.0460525855	        0.0003145177
        0.1678608015	        0.8506093834	        0.7016382618	       -0.2667894819	        0.0000000000	        0.0000000000	        0.0021036806	        0.0088240824	        0.0019183372	        0.0095837148	        0.0038258325	        0.0666666667	        0.0465548963	        0.0002980593
        0.1879943127	        0.8771136918	        0.6975525238	       -0.2519084945	        0.0000000000	        0.0000000000	        0.0023989323	        0.0104056321	        0.0019881122	        0.0095172200	        0.0033099686	        0.0666666667	        0.0470156989	        0.0002850279
        0.2101985296	        0.9026176668	        0.6935586381	       -0.2329632929	        0.0000000000	        0.0000000000	        0.0027091901	        0.0120595551	        0.0020579230	        0.0093919508	        0.0028528631	        0.0666666667	        0.0474452213	        0.0002747572
        0.2346208557	        0.9271699711	        0.6896041484	       -0.2112908156	        0.0000000000	        0.0000000000	        0.0030327575	        0.0137457090	        0.0021267992	        0.0092111207	        0.0024485964	        0.0666666667	        0.0478516013	        0.0002667583
        0.2614037844	        0.9507856340	        0.6856430867	       -0.1878238633	        0.0000000000	        0.0000000000	        0.0033694927	        0.0154172686	        0.0021935890	        0.0089773490	        0.0020913916	        0.0666666667	        0.0482415074	        0.0002606712
        0.2906806794	        0.9734366058	        0.6816339257	       -0.1635226444	        0.0000000000	        0.0000000000	        0.0037222047	        0.0170234681	        0.0022570351	        0.0086935080	        0.0017762748	        0.0666666667	        0.0486205644	        0.0002562319
        0.3225708876	        0.9950457176	        0.6775382176	       -0.1401075067	        0.0000000000	        0.0000000000	        0.0040971396	        0.0185138005	        0.0023160672	        0.0083638707	        0.0014994635	        0.0666666667	        0.0489936401	        0.0002532488
        0.3571742551	        1.0154972145	        0.6733192967	       -0.1189374837	        0.0000000000	        0.0000000000	        0.0045002379	        0.0198429374	        0.0023701228	        0.0079950868	        0.0012582993	        0.0666666667	        0.0493650270	        0.0002515868
        0.3945651751	        1.0346851248	        0.6689413026	       -0.0998027602	        0.0000000000	        0.0000000000	        0.0049226400	        0.0209738019	        0.0024190686	        0.0075956984	        0.0010504518	        0.0666666667	        0.0497385520	        0.0002511542
        0.4347863703	        1.0526177477	        0.6643686608	       -0.0825152677	        0.0000000000	        0.0000000000	        0.0053072121	        0.0218738139	        0.0024624649	        0.0071722019	        0.0008723305	        0.0666666667	        0.0501176947	        0.0002518938
        0.4778426900	        1.0693232400	        0.6595656627	       -0.0672305150	        0.0000000000	        0.0000000000	        0.0056612924	        0.0225211812	        0.0025000196	        0.0067308573	        0.0007202242	        0.0666666667	        0.0505056735	        0.0002537747
        0.5236952751	        1.0847416691	        0.6544968007	       -0.0547618063	        0.0000000000	        0.0000000000	        0.0060022653	        0.0229097377	        0.0025318899	        0.0062798801	        0.0005913301	        0.0666666667	        0.0509054257	        0.0002567860
        0.5722565058	        1.0987725057	        0.6491272629	       -0.0456972185	        0.0000000000	        0.0000000000	        0.0063267578	        0.0230516051	        0.0025588511	        0.0058296177	        0.0004834387	        0.0666666667	        0.0513194927	        0.0002609288
        0.6233861842	        1.1113115729	        0.6434243869	       -0.0401929652	        0.0000000000	        0.0000000000	        0.0066313868	        0.0229783678	        0.0025822094	        0.0053922109	        0.0003946135	        0.0666666667	        0.0517498030	        0.0002662093
        0.6768894010	        1.1222569126	        0.6373607368	       -0.0377004092	        0.0000000000	        0.0000000000	        0.0069124058	        0.0227404681	        0.0026035078	        0.0049811750	        0.0003230553	        0.0666666667	        0.0521973419	        0.0002726287
        0.7325164896	        1.1315148260	        0.6309197351	       -0.0389747523	        0.0000000000	        0.0000000000	        0.0071655062	        0.0224045062	        0.0026247692	        0.0046106544	        0.0002670058	        0.0666666667	        0.0526617408	        0.0002801722
        0.7899653716	        1.1390059221	        0.6241007041	       -0.0420413989	        0.0000000000	        0.0000000000	        0.0073845036	        0.0220468915	        0.0026479412	        0.0042945307	        0.0002247774	        0.0666666667	        0.0531408524	        0.0002887971
        0.8488864424	        1.1446694953	        0.6169282569	       -0.0482556418	        0.0000000000	        0.0000000000	        0.0075612397	        0.0217452781	        0.0026751031	        0.0040453460	        0.0001947874	        0.0666666667	        0.0536305029	        0.0002984227
        0.9088899606	        1.1484644737	        0.6094539122	       -0.0578107238	        0.0000000000	        0.0000000000	        0.0076864829	        0.0215676473	        0.0027089839	        0.0038732773	        0.0001756597	        0.0666666667	        0.0541246106	        0.0003089262
        0.9695556872	        1.1503671360	        0.6017536151	       -0.0709300749	        0.0000000000	        0.0000000000	        0.0077516965	        0.0215608822	        0.0027674002	        0.0037854308	        0.0001663705	        0.0666666667	        0.0546157658	        0.0003201486
        1.0304443128	        1.1503671360	        0.5938330223	       -0.0870553526	        0.0000000000	        0.0000000000	        0.0077516965	        0.0212658396	        0.0028210936	        0.0037854308	        0.0001663705	        0.0666666667	        0.0551002180	        0.0003320129
        1.0911100394	        1.1484644737	        0.5856087178	       -0.1034807818	        0.0000000000	        0.0000000000	        0.0076864829	        0.0206940299	        0.0028699002	        0.0038732773	        0.0001756597	        0.0666666667	        0.0555780788	        0.0003445712
        1.1511135576	        1.1446694953	        0.5770783274	       -0.1182856791	        0.0000000000	        0.0000000000	        0.0075612397	        0.0203022022	        0.0029453145	        0.0040453460	        0.0001947874	        0.0666666667	        0.0560430166	        0.0003577545
        1.2100346284	        1.1390059221	        0.5683362068	       -0.1290033203	        0.0000000000	        0.0000000000	        0.0073845036	        0.0200448122	        0.0030289509	        0.0042945307	        0.0002247774	        0.0666666667	        0.0564829491	        0.0003713407
        1.2674835104	        1.1315148260	        0.5594750770	       -0.1336144372	        0.0000000000	        0.0000000000	        0.0071655062	        0.0198608744	        0.0031160817	        0.0046106544	        0.0002670058	        0.0666666667	        0.0568880080	        0.0003851453
        1.3231105990	        1.1222569126	        0.5505779908	       -0.1323881164	        0.0000000000	        0.0000000000	        0.0069124058	        0.0196853352	        0.0032016088	        0.0049811750	        0.0003230553	        0.0666666667	        0.0572511970	        0.0003990441
        1.3766138158	        1.1113115729	        0.5417112074	       -0.1248361423	        0.0000000000	        0.0000000000	        0.0066313868	        0.0194582587	        0.0032808785	        0.0053922109	        0.0003946135	        0.0666666667	        0.0575683153	        0.0004129795
        1.4277434942	        1.0987725057	        0.5329232172	       -0.1089256673	        0.0000000000	        0.0000000000	        0.0063267578	        0.0191308315	        0.0033491782	        0.0058296177	        0.0004834387	        0.0666666667	        0.0578374070	        0.0004269560
        1.4763047249	        1.0847416691	        0.5242488504	       -0.0871213446	        0.0000000000	        0.0000000000	        0.0060022653	        0.0186689502	        0.0034027510	        0.0062798801	        0.0005913301	        0.0666666667	        0.0580581143	        0.0004410325
        1.5221573100	        1.0693232400	        0.5157077227	       -0.0617435454	        0.0000000000	        0.0000000000	        0.0056612924	        0.0180537538	        0.0034399397	        0.0067308573	        0.0007202242	        0.0666666667	        0.0582310514	        0.0004553131
        1.5652136297	        1.0526177477	        0.5073043000	       -0.0318844093	        0.0000000000	        0.0000000000	        0.0053072121	        0.0172808241	        0.0034600929	        0.0071722019	        0.0008723305	        0.0666666667	        0.0583571970	        0.0004699383
        1.6054348249	        1.0346851248	        0.4990322291	        0.0044851291	        0.0000000000	        0.0000000000	        0.0049226400	        0.0163583800	        0.0034624099	        0.0075956984	        0.0010504518	        0.0666666667	        0.0584374169	        0.0004850786
        1.6428257449	        1.0154972145	        0.4908787067	        0.0485208432	        0.0000000000	        0.0000000000	        0.0045002379	        0.0153046853	        0.0034460332	        0.0079950868	        0.0012582993	        0.0666666667	        0.0584721691	        0.0005009344
        1.6774291124	        0.9950457176	        0.4828263422	        0.0993484704	        0.0000000000	        0.0000000000	        0.0040971396	        0.0141441348	        0.0034107258	        0.0083638707	        0.0014994635	        0.0666666667	        0.0584613252	        0.0005177437
        1.7093193206	        0.9734366058	        0.4748515041	        0.1572535431	        0.0000000000	        0.0000000000	        0.0037222047	        0.0129025933	        0.0033564542	        0.0086935080	        0.0017762748	        0.0666666667	        0.0584039854	        0.0005357938
        1.7385962156	        0.9507856340	        0.4669240603	        0.2231295050	        0.0000000000	        0.0000000000	        0.0033694927	        0.0116105991	        0.0032836803	        0.0089773490	        0.0020913916	        0.0666666667	        0.0582982414	        0.0005554351
        1.7653791443	        0.9271699711	        0.4590088161	        0.2960077239	        0.0000000000	        0.0000000000	        0.0030327575	        0.0103013512	        0.0031933274	        0.0092111207	        0.0024485964	        0.0666666667	        0.0581409196	        0.0005770977
        1.7898014704	        0.9026176668	        0.4510652326	        0.3734530046	        0.0000000000	        0.0000000000	        0.0027091901	        0.0090073992	        0.0030870200	        0.0093919508	        0.0028528631	        0.0666666667	        0.0579272993	        0.0006013173
        1.8120056873	        0.8771136918	        0.4430455935	        0.4504632442	        0.0000000000	        0.0000000000	        0.0023989323	        0.0077579431	        0.0029672442	        0.0095172200	        0.0033099686	        0.0666666667	        0.0576507281	        0.0006287718
        1.8321391985	        0.8506093834	        0.4348909362	        0.5224028370	        0.0000000000	        0.0000000000	        0.0021036806	        0.0065772298	        0.0028371237	        0.0095837148	        0.0038258325	        0.0666666667	        0.0573020387	        0.0006603292
        1.8503507799	        0.8230302333	        0.4265265877	        0.5847909647	        0.0000000000	        0.0000000000	        0.0018255827	        0.0054838951	        0.0026998347	        0.0095871077	        0.0044056444	        0.0666666667	        0.0568686710	        0.0006971118
        1.8667877045	        0.7942815752	        0.4178566862	        0.6332867854	        0.0000000000	        0.0000000000	        0.0015666233	        0.0044909955	        0.0025581218	        0.0095216660	        0.0050525295	        0.0666666667	        0.0563333887	        0.0007405776
        1.8815934821	        0.7642535964	        0.4087571754	        0.6643157188	        0.0000000000	        0.0000000000	        0.0013283675	        0.0036064515	        0.0024137921	        0.0093801478	        0.0057655967	        0.0666666667	        0.0556724278	        0.0007926261
        1.8949061510	        0.7328275921	        0.3990671500	        0.6754297353	        0.0000000000	        0.0000000000	        0.0011118859	        0.0028337036	        0.0022671528	        0.0091538921	        0.0065373393	        0.0666666667	        0.0548528629	        0.0008557262
        1.9068570493	        0.6998853786	        0.3885786862	        0.6646146710	        0.0000000000	        0.0000000000	        0.0009177529	        0.0021724712	        0.0021165114	        0.0088332443	        0.0073501424	        0.0666666667	        0.0538289947	        0.0009330563
        1.9175699947	        0.6653235063	        0.3770260257	        0.6301175461	        0.0000000000	        0.0000000000	        0.0007460517	        0.0016194641	        0.0019577693	        0.0084085275	        0.0081723082	        0.0666666667	        0.0525377871	        0.0010286240
        1.9271607996	        0.6290735914	        0.3640785141	        0.5699519223	        0.0000000000	        0.0000000000	        0.0005964035	        0.0011689458	        0.0017842819	        0.0078718070	        0.0089546787	        0.0666666667	        0.0508942429	        0.0011472980
        1.9357370589	        0.5911315177	        0.3493484173	        0.4813013381	        0.0000000000	        0.0000000000	        0.0004681045	        0.0008130982	        0.0015876372	        0.0072197228	        0.0096299763	        0.0666666667	        0.0487899698	        0.0012946877
        1.9433981504	        0.5515910003	        0.3324358600	        0.3630432329	        0.0000000000	        0.0000000000	        0.0003599217	        0.0005422015	        0.0013604050	        0.0064570806	        0.0101175578	        0.0666666667	        0.0461030137	        0.0014768929
        1.9502353978	        0.5106613562	        0.3130445869	        0.2103768383	        0.0000000000	        0.0000000000	        0.0002698821	        0.0003449165	        0.0011025911	        0.0056001292	        0.0103348678	        0.0666666667	        0.0427328977	        0.0016992890
        1.9563323538	        0.4685616472	        0.2911742281	        0.0232850216	        0.0000000000	        0.0000000000	        0.0001927134	        0.0002085688	        0.0008290661	        0.0046746526	        0.0102053808	        0.0666666667	        0.0386693893	        0.0019612829
        1.9617651675	        0.4255329111	        0.2673096184	       -0.2015579258	        0.0000000000	        0.0000000000	        0.0001288788	        0.0001199557	        0.0005708345	        0.0037244472	        0.0096868959	        0.0666666667	        0.0340653134	        0.0022519184
        1.9666030060	        0.3821882595	        0.2424035428	       -0.4627542568	        0.0000000000	        0.0000000000	        0.0000809403	        0.0000660271	        0.0003600343	        0.0028156951	        0.0088155357	        0.0666666667	        0.0292325571	        0.0025603709
        1.9709085097	        0.3395422240	        0.2175607072	       -0.7562373415	        0.0000000000	        0.0000000000	        0.0000474655	        0.0000351457	        0.0002110220	        0.0020168289	        0.0077126265	        0.0666666667	        0.0245240888	        0.0028918648
        1.9747382607	        0.2986852766	        0.1936653071	       -1.0813658317	        0.0000000000	        0.0000000000	        0.0000259647	        0.0000183316	        0.0001176589	        0.0013736921	        0.0065409115	        0.0666666667	        0.0202018764	        0.0032664090
        1.9781432525	        0.2605073071	        0.1712289155	       -1.4365084329	        0.0000000000	        0.0000000000	        0.0000132966	        0.0000094790	        0.0000638372	        0.0008959897	        0.0054338348	        0.0666666667	        0.0163940829	        0.0037065898
        1.9811693494	        0.2255267336	        0.1504519022	       -1.8139986535	        0.0000000000	        0.0000000000	        0.0000064124	        0.0000048848	        0.0000341657	        0.0005637131	        0.0044599993	        0.0666666667	        0.0131268875	        0.0042308198
        1.9838577298	        0.1938995711	        0.1313511028	       -2.2022062523	        0.0000000000	        0.0000000000	        0.0000029278	        0.0000025035	        0.0000180897	        0.0003438069	        0.0036335897	        0.0666666667	        0.0103715461	        0.0048535837
        1.9862453073	        0.1655334487	        0.1138589046	       -2.5963518710	        0.0000000000	        0.0000000000	        0.0000012688	        0.0000012671	        0.0000094322	        0.0002036275	        0.0029412385	        0.0666666667	        0.0080770478	        0.0055878312
        1.9883651267	        0.1402067084	        0.0978763662	       -2.9950588057	        0.0000000000	        0.0000000000	        0.0000005212	        0.0000006274	        0.0000048031	        0.0001169506	        0.0023619425	        0.0666666667	        0.0061869657	        0.0064469782
        1.9902467340	        0.1176491224	        0.0832970360	       -3.3927229594	        0.0000000000	        0.0000000000	        0.0000002017	        0.0000003007	        0.0000023645	        0.0000648452	        0.0018760801	        0.0666666667	        0.0046468057	        0.0074462196
        1.9919165179	        0.0975851354	        0.0700169288	       -3.7808623234	        0.0000000000	        0.0000000000	        0.0000000727	        0.0000001378	        0.0000011117	        0.0000344448	        0.0014678035	        0.0666666667	        0.0034067714	        0.0086035166
        1.9933980257	        0.0797533486	        0.0579380412	       -4.1532222158	        0.0000000000	        0.0000000000	        0.0000000240	        0.0000000595	        0.0000004917	        0.0000173224	        0.0011248195	        0.0666666667	        0.0024225283	        0.0099406619
        1.9947122508	        0.0639136959	        0.0469688220	       -4.5057287068	        0.0000000000	        0.0000000000	        0.0000000071	        0.0000000237	        0.0000002002	        0.0000081010	        0.0008375789	        0.0666666667	        0.0016551420	        0.0114848293
        1.9958778967	        0.0498489902	        0.0370236301	       -4.8359578314	        0.0000000000	        0.0000000000	        0.0000000018	        0.0000000084	        0.0000000727	        0.0000034252	        0.0005985892	        0.0666666667	        0.0010707032	        0.0132711639
        1.9969116151	        0.0373641442	        0.0280220421	       -5.1427160253	        0.0000000000	        0.0000000000	        0.0000000003	        0.0000000025	        0.0000000223	        0.0000012493	        0.0004020264	        0.0666666667	        0.0006398587	        0.0153474279
        1.9978282231	        0.0262845492	        0.0198882983	       -5.4257111386	        0.0000000000	        0.0000000000	        0.0000000000	        0.0000000006	        0.0000000052	        0.0000003608	        0.0002437342	        0.0666666667	        0.0003373428	        0.0177829094
        1.9986408981	        0.0164542357	        0.0125509429	       -5.6852965901	        0.0000000000	        0.0000000000	        0.0000000000	        0.0000000001	        0.0000000007	        0.0000000692	        0.0001219782	        0.0666666667	        0.0001415516	        0.0206870708
        1.9993613540	        0.0077340591	        0.0059426246	       -5.9222741347	        0.0000000000	        0.0000000000	        0.0000000000	        0.0000000000	        0.0000000000	        0.0000000058	        0.0000400335	        0.0666666667	        0.0000341857	        0.0242538743
        2.0000000000	        0.0000000000	        0.0000000000	       -6.1377432660	        0.0000000000	        0.0000000000	        0.0000000000	        0.0000000000	        0.0000000000	        0.0000000000	        0.0000000000	        0.0000000000	        0.0000000000	        0.0289019021
