        0.0000000000	        0.0000000000	        1.0000000000	        4.4686621900	        0.0000000000	        0.0000000000	        0.0000000000	        0.0000000000	        0.0000000000	        0.0000000000	        0.0000000000	        0.0000000000	        0.0000000000	        0.0000015925
        0.0006386460	        0.0077340591	        0.9976757132	        4.3487270552	        0.0000000000	        0.0000000000	        0.0000000000	        0.0000000000	        0.0000000000	        0.0000000058	        0.0000400335	        0.0666666667	        0.0000000019	        0.0000014313
        0.0013591019	        0.0164542357	        0.9951241906	        4.2170209417	        0.0000000000	        0.0000000000	        0.0000000000	        0.0000000001	        0.0000000003	        0.0000000692	        0.0001219782	        0.0666666667	        0.0000000081	        0.0000013546
        0.0021717769	        0.0262845492	        0.9923331205	        4.0729242080	        0.0000000000	        0.0000000000	        0.0000000000	        0.0000000005	        0.0000000017	        0.0000003608	        0.0002437342	        0.0666666667	        0.0000000199	        0.0000013483
        0.0030883849	        0.0373641442	        0.9892921249	        3.9159344298	        0.0000000000	        0.0000000000	        0.0000000003	        0.0000000021	        0.0000000067	        0.0000012493	        0.0004020264	        0.0666666667	        0.0000000396	        0.0000014118
        0.0041221033	        0.0498489902	        0.9859935558	        3.7457144936	        0.0000000000	        0.0000000000	        0.0000000018	        0.0000000063	        0.0000000196	        0.0000034252	        0.0005985892	        0.0666666667	        0.0000000699	        0.0000015506
        0.0052877492	        0.0639136959	        0.9824334056	        3.5621469667	        0.0000000000	        0.0000000000	        0.0000000071	        0.0000000158	        0.0000000471	        0.0000081010	        0.0008375789	        0.0666666667	        0.0000001154	        0.0000017732
        0.0066019743	        0.0797533486	        0.9786123088	        3.3653918133	        0.0000000000	        0.0000000000	        0.0000000240	        0.0000000353	        0.0000000999	        0.0000173224	        0.0011248195	        0.0666666667	        0.0000001826	        0.0000020905
        0.0080834821	        0.0975851354	        0.9745365989	        3.1559415638	        0.0000000000	        0.0000000000	        0.0000000727	        0.0000000723	        0.0000001931	        0.0000344448	        0.0014678035	        0.0666666667	        0.0000002810	        0.0000025153
        0.0097532660	        0.1176491224	        0.9702193576	        2.9346633921	        0.0000000000	        0.0000000000	        0.0000002017	        0.0000001396	        0.0000003489	        0.0000648452	        0.0018760801	        0.0666666667	        0.0000004243	        0.0000030624
        0.0116348733	        0.1402067084	        0.9656813690	        2.7028103644	        0.0000000000	        0.0000000000	        0.0000005212	        0.0000002582	        0.0000005994	        0.0001169506	        0.0023619425	        0.0666666667	        0.0000006316	        0.0000037489
        0.0137546927	        0.1655334487	        0.9609518618	        2.4620136453	        0.0000000000	        0.0000000000	        0.0000012688	        0.0000004641	        0.0000009920	        0.0002036275	        0.0029412385	        0.0666666667	        0.0000009298	        0.0000045954
        0.0161422702	        0.1938995711	        0.9560688938	        2.2145088401	        0.0000000000	        0.0000000000	        0.0000029278	        0.0000008196	        0.0000015978	        0.0003438069	        0.0036335897	        0.0666666667	        0.0000013549	        0.0000056254
        0.0188306506	        0.2255267337	        0.9510792863	        1.9630023494	        0.0000000000	        0.0000000000	        0.0000064124	        0.0000014370	        0.0000025283	        0.0005637131	        0.0044599993	        0.0666666667	        0.0000019547	        0.0000068634
        0.0218567475	        0.2605073071	        0.9460380242	        1.7107491188	        0.0000000000	        0.0000000000	        0.0000132966	        0.0000025215	        0.0000039579	        0.0008959897	        0.0054338348	        0.0666666667	        0.0000027902	        0.0000083250
        0.0252617393	        0.2986852766	        0.9410071301	        1.4614894745	        0.0000000000	        0.0000000000	        0.0000259647	        0.0000044437	        0.0000061462	        0.0013736921	        0.0065409115	        0.0666666667	        0.0000039332	        0.0000099955
        0.0290914903	        0.3395422240	        0.9360539096	        1.2194754208	        0.0000000000	        0.0000000000	        0.0000474655	        0.0000078399	        0.0000094255	        0.0020168289	        0.0077126265	        0.0666666667	        0.0000054578	        0.0000117932
        0.0333969940	        0.3821882595	        0.9312480866	        0.9891663642	        0.0000000000	        0.0000000000	        0.0000809403	        0.0000137072	        0.0000141184	        0.0028156951	        0.0088155357	        0.0666666667	        0.0000074198	        0.0000135377
        0.0382348325	        0.4255329111	        0.9266566627	        0.7747921527	        0.0000000000	        0.0000000000	        0.0001288788	        0.0000234490	        0.0000203925	        0.0037244472	        0.0096868960	        0.0666666667	        0.0000098304	        0.0000149754
        0.0436676462	        0.4685616472	        0.9223352326	        0.5801227160	        0.0000000000	        0.0000000000	        0.0001927134	        0.0000388209	        0.0000281419	        0.0046746526	        0.0102053808	        0.0666666667	        0.0000126405	        0.0000159084
        0.0497646022	        0.5106613562	        0.9183160907	        0.4080974995	        0.0000000000	        0.0000000000	        0.0002698821	        0.0000617385	        0.0000370125	        0.0056001292	        0.0103348678	        0.0666666667	        0.0000157660	        0.0000163445
        0.0566018496	        0.5515910004	        0.9145970747	        0.2603696581	        0.0000000000	        0.0000000000	        0.0003599217	        0.0000940942	        0.0000466868	        0.0064570806	        0.0101175578	        0.0666666667	        0.0000191671	        0.0000164872
        0.0642629411	        0.5911315177	        0.9111368828	        0.1371776880	        0.0000000000	        0.0000000000	        0.0004681045	        0.0001376462	        0.0000572291	        0.0072197228	        0.0096299763	        0.0666666667	        0.0000229341	        0.0000165888
        0.0728392004	        0.6290735914	        0.9078592840	        0.0375672660	        0.0000000000	        0.0000000000	        0.0005964035	        0.0001938417	        0.0000691934	        0.0078718070	        0.0089546787	        0.0666666667	        0.0000273083	        0.0000168759
        0.0824300053	        0.6653235063	        0.9046643082	       -0.0403730466	        0.0000000000	        0.0000000000	        0.0007460517	        0.0002636915	        0.0000834987	        0.0084085275	        0.0081723082	        0.0666666667	        0.0000326337	        0.0000175395
        0.0931429507	        0.6998853786	        0.9014418360	       -0.0990722265	        0.0000000000	        0.0000000000	        0.0009177529	        0.0003478029	        0.0001011668	        0.0088332443	        0.0073501424	        0.0666666667	        0.0000392879	        0.0000187046
        0.1050938490	        0.7328275921	        0.8980836105	       -0.1410818521	        0.0000000000	        0.0000000000	        0.0011118859	        0.0004466269	        0.0001230757	        0.0091538921	        0.0065373393	        0.0666666667	        0.0000476228	        0.0000204126
        0.1184065179	        0.7642535964	        0.8944917572	       -0.1688582978	        0.0000000000	        0.0000000000	        0.0013283675	        0.0005606551	        0.0001497821	        0.0093801478	        0.0057655967	        0.0666666667	        0.0000579149	        0.0000226241
        0.1332122955	        0.7942815752	        0.8905836256	       -0.1845946293	        0.0000000000	        0.0000000000	        0.0015666233	        0.0006904050	        0.0001814311	        0.0095216660	        0.0050525295	        0.0666666667	        0.0000703219	        0.0000252293
        0.1496492201	        0.8230302333	        0.8862938613	       -0.1903373094	        0.0000000000	        0.0000000000	        0.0018255827	        0.0008362169	        0.0002177402	        0.0095871077	        0.0044056444	        0.0666666667	        0.0000848488	        0.0000280643
        0.1678608015	        0.8506093834	        0.8815742532	       -0.1878776199	        0.0000000000	        0.0000000000	        0.0021036806	        0.0009979828	        0.0002580304	        0.0095837148	        0.0038258325	        0.0666666667	        0.0001013300	        0.0000309318
        0.1879943127	        0.8771136918	        0.8763924658	       -0.1789715711	        0.0000000000	        0.0000000000	        0.0023989323	        0.0011748998	        0.0003012956	        0.0095172200	        0.0033099686	        0.0666666667	        0.0001194365	        0.0000336251
        0.2101985296	        0.9026176668	        0.8707297241	       -0.1652329919	        0.0000000000	        0.0000000000	        0.0027091901	        0.0013652884	        0.0003462971	        0.0093919508	        0.0028528631	        0.0666666667	        0.0001387043	        0.0000359533
        0.2346208557	        0.9271699711	        0.8645782465	       -0.1480444184	        0.0000000000	        0.0000000000	        0.0030327575	        0.0015664959	        0.0003916493	        0.0092111207	        0.0024485964	        0.0666666667	        0.0001585792	        0.0000377602
        0.2614037844	        0.9507856340	        0.8579391544	       -0.1288053000	        0.0000000000	        0.0000000000	        0.0033694927	        0.0017749091	        0.0004359236	        0.0089773490	        0.0020913916	        0.0666666667	        0.0001784721	        0.0000389387
        0.2906806794	        0.9734366059	        0.8508201976	       -0.1089100704	        0.0000000000	        0.0000000000	        0.0037222047	        0.0019861060	        0.0004777892	        0.0086935080	        0.0017762748	        0.0666666667	        0.0001978165	        0.0000394382
        0.3225708876	        0.9950457176	        0.8432333215	       -0.0893231232	        0.0000000000	        0.0000000000	        0.0040971396	        0.0021951801	        0.0005161052	        0.0083638707	        0.0014994635	        0.0666666667	        0.0002161126	        0.0000392629
        0.3571742551	        1.0154972145	        0.8351939262	       -0.0707072702	        0.0000000000	        0.0000000000	        0.0045002379	        0.0023971960	        0.0005499566	        0.0079950868	        0.0012582993	        0.0666666667	        0.0002329554	        0.0000384643
        0.3945651751	        1.0346851248	        0.8267212106	       -0.0536177817	        0.0000000000	        0.0000000000	        0.0049226400	        0.0025875162	        0.0005787172	        0.0075956984	        0.0010504518	        0.0666666667	        0.0002480634	        0.0000371303
        0.4347863703	        1.0526177477	        0.8178372644	       -0.0384073413	        0.0000000000	        0.0000000000	        0.0053072121	        0.0027613881	        0.0006019633	        0.0071722019	        0.0008723305	        0.0666666667	        0.0002613080	        0.0000353706
        0.4778426900	        1.0693232400	        0.8085661383	       -0.0258093658	        0.0000000000	        0.0000000000	        0.0056612924	        0.0029147099	        0.0006196787	        0.0067308573	        0.0007202242	        0.0666666667	        0.0002727602	        0.0000333112
        0.5236952751	        1.0847416691	        0.7989304670	       -0.0162966045	        0.0000000000	        0.0000000000	        0.0060022653	        0.0030446476	        0.0006323696	        0.0062798801	        0.0005913301	        0.0666666667	        0.0002827117	        0.0000310895
        0.5722565058	        1.0987725057	        0.7889486605	       -0.0096130371	        0.0000000000	        0.0000000000	        0.0063267578	        0.0031501118	        0.0006408922	        0.0058296177	        0.0004834387	        0.0666666667	        0.0002916390	        0.0000288433
        0.6233861842	        1.1113115729	        0.7786369437	       -0.0059828290	        0.0000000000	        0.0000000000	        0.0066313868	        0.0032321669	        0.0006464111	        0.0053922109	        0.0003946135	        0.0666666667	        0.0003001737	        0.0000267048
        0.6768894010	        1.1222569126	        0.7680079700	       -0.0049877000	        0.0000000000	        0.0000000000	        0.0069124058	        0.0032943093	        0.0006503299	        0.0049811750	        0.0003230553	        0.0666666667	        0.0003090896	        0.0000247993
        0.7325164896	        1.1315148260	        0.7570753182	       -0.0071212524	        0.0000000000	        0.0000000000	        0.0071655062	        0.0033425100	        0.0006543564	        0.0046106544	        0.0002670058	        0.0666666667	        0.0003193360	        0.0000232509
        0.7899653716	        1.1390059220	        0.7458499713	       -0.0122642218	        0.0000000000	        0.0000000000	        0.0073845036	        0.0033847215	        0.0006605248	        0.0042945307	        0.0002247774	        0.0666666667	        0.0003320877	        0.0000221907
        0.8488864424	        1.1446694953	        0.7343416873	       -0.0203889258	        0.0000000000	        0.0000000000	        0.0075612397	        0.0034299503	        0.0006709910	        0.0040453460	        0.0001947874	        0.0666666667	        0.0003487714	        0.0000217646
        0.9088899606	        1.1484644737	        0.7225585594	       -0.0314492950	        0.0000000000	        0.0000000000	        0.0076864829	        0.0034867768	        0.0006879504	        0.0038732773	        0.0001756597	        0.0666666667	        0.0003711401	        0.0000221462
        0.9695556872	        1.1503671360	        0.7105048989	       -0.0429647002	        0.0000000000	        0.0000000000	        0.0077516965	        0.0035615610	        0.0007163453	        0.0037854308	        0.0001663705	        0.0666666667	        0.0004013840	        0.0000235541
        1.0304443128	        1.1503671360	        0.6980801969	       -0.0538604675	        0.0000000000	        0.0000000000	        0.0077516965	        0.0035774325	        0.0007475583	        0.0037854308	        0.0001663705	        0.0666666667	        0.0004404918	        0.0000261646
        1.0911100394	        1.1484644737	        0.6850732821	       -0.0649541788	        0.0000000000	        0.0000000000	        0.0076864829	        0.0035341406	        0.0007806651	        0.0038732773	        0.0001756597	        0.0666666667	        0.0004894180	        0.0000302227
        1.1511135576	        1.1446694953	        0.6713934429	       -0.0752526836	        0.0000000000	        0.0000000000	        0.0075612397	        0.0035092750	        0.0008243592	        0.0040453460	        0.0001947874	        0.0666666667	        0.0005483913	        0.0000360047
        1.2100346284	        1.1390059220	        0.6571049839	       -0.0840250620	        0.0000000000	        0.0000000000	        0.0073845036	        0.0034965699	        0.0008735528	        0.0042945307	        0.0002247774	        0.0666666667	        0.0006151326	        0.0000436509
        1.2674835104	        1.1315148260	        0.6422896515	       -0.0890781936	        0.0000000000	        0.0000000000	        0.0071655062	        0.0034868238	        0.0009258567	        0.0046106544	        0.0002670058	        0.0666666667	        0.0006872412	        0.0000532787
        1.3231105990	        1.1222569126	        0.6270509593	       -0.0896306985	        0.0000000000	        0.0000000000	        0.0069124058	        0.0034698780	        0.0009779995	        0.0049811750	        0.0003230553	        0.0666666667	        0.0007619020	        0.0000649258
        1.3766138158	        1.1113115729	        0.6115048372	       -0.0854432548	        0.0000000000	        0.0000000000	        0.0066313868	        0.0034363455	        0.0010266351	        0.0053922109	        0.0003946135	        0.0666666667	        0.0008361256	        0.0000785348
        1.4277434942	        1.0987725057	        0.5957689051	       -0.0767994759	        0.0000000000	        0.0000000000	        0.0063267578	        0.0033787928	        0.0010687986	        0.0058296177	        0.0004834387	        0.0666666667	        0.0009070502	        0.0000939587
        1.4763047249	        1.0847416691	        0.5799524082	       -0.0634732955	        0.0000000000	        0.0000000000	        0.0060022653	        0.0032924577	        0.0011020338	        0.0062798801	        0.0005913301	        0.0666666667	        0.0009721357	        0.0001109741
        1.5221573100	        1.0693232400	        0.5641545771	       -0.0457093925	        0.0000000000	        0.0000000000	        0.0056612924	        0.0031753453	        0.0011244070	        0.0067308573	        0.0007202242	        0.0666666667	        0.0010293083	        0.0001293039
        1.5652136297	        1.0526177477	        0.5484619235	       -0.0245977511	        0.0000000000	        0.0000000000	        0.0053072121	        0.0030280402	        0.0011348129	        0.0071722019	        0.0008723305	        0.0666666667	        0.0010771412	        0.0001486582
        1.6054348249	        1.0346851248	        0.5329428358	       -0.0011035408	        0.0000000000	        0.0000000000	        0.0049226400	        0.0028533293	        0.0011330380	        0.0075956984	        0.0010504518	        0.0666666667	        0.0011149054	        0.0001687701
        1.6428257449	        1.0154972145	        0.5176459809	        0.0244170768	        0.0000000000	        0.0000000000	        0.0045002379	        0.0026556945	        0.0011194708	        0.0079950868	        0.0012582993	        0.0666666667	        0.0011424650	        0.0001894106
        1.6774291124	        0.9950457176	        0.5026030584	        0.0516279861	        0.0000000000	        0.0000000000	        0.0040971396	        0.0024405823	        0.0010948470	        0.0083638707	        0.0014994635	        0.0666666667	        0.0011601734	        0.0002103955
        1.7093193206	        0.9734366059	        0.4878301247	        0.0788613916	        0.0000000000	        0.0000000000	        0.0037222047	        0.0022134897	        0.0010601782	        0.0086935080	        0.0017762748	        0.0666666667	        0.0011688424	        0.0002316209
        1.7385962156	        0.9507856340	        0.4733240024	        0.1045047214	        0.0000000000	        0.0000000000	        0.0033694927	        0.0019804001	        0.0010170163	        0.0089773490	        0.0020913916	        0.0666666667	        0.0011697025	        0.0002531180
        1.7653791443	        0.9271699711	        0.4590629237	        0.1263846891	        0.0000000000	        0.0000000000	        0.0030327575	        0.0017474059	        0.0009672411	        0.0092111207	        0.0024485964	        0.0666666667	        0.0011642648	        0.0002750791
        1.7898014704	        0.9026176668	        0.4450059880	        0.1418675061	        0.0000000000	        0.0000000000	        0.0027091901	        0.0015201809	        0.0009129139	        0.0093919508	        0.0028528631	        0.0666666667	        0.0011541696	        0.0002978613
        1.8120056873	        0.8771136918	        0.4310914673	        0.1484651244	        0.0000000000	        0.0000000000	        0.0023989323	        0.0013035893	        0.0008560399	        0.0095172200	        0.0033099686	        0.0666666667	        0.0011409849	        0.0003219589
        1.8321391985	        0.8506093834	        0.4172362408	        0.1436965393	        0.0000000000	        0.0000000000	        0.0021036806	        0.0011014800	        0.0007983173	        0.0095837148	        0.0038258325	        0.0666666667	        0.0011259649	        0.0003479354
        1.8503507799	        0.8230302333	        0.4033360613	        0.1246992919	        0.0000000000	        0.0000000000	        0.0018255827	        0.0009166248	        0.0007409862	        0.0095871077	        0.0044056444	        0.0666666667	        0.0011097954	        0.0003763097
        1.8667877045	        0.7942815752	        0.3892661728	        0.0887065713	        0.0000000000	        0.0000000000	        0.0015666233	        0.0007507589	        0.0006847138	        0.0095216660	        0.0050525295	        0.0666666667	        0.0010923244	        0.0004073720
        1.8815934821	        0.7642535964	        0.3748846992	        0.0328421693	        0.0000000000	        0.0000000000	        0.0013283675	        0.0006046780	        0.0006295215	        0.0093801478	        0.0057655967	        0.0666666667	        0.0010723054	        0.0004409110
        1.8949061510	        0.7328275921	        0.3600392798	       -0.0459042735	        0.0000000000	        0.0000000000	        0.0011118859	        0.0004783652	        0.0005748241	        0.0091538921	        0.0065373393	        0.0666666667	        0.0010472375	        0.0004758620
        1.9068570493	        0.6998853786	        0.3445780712	       -0.1510318482	        0.0000000000	        0.0000000000	        0.0009177529	        0.0003711416	        0.0005196099	        0.0088332443	        0.0073501424	        0.0666666667	        0.0010134343	        0.0005099416
        1.9175699947	        0.6653235063	        0.3283651378	       -0.2835951311	        0.0000000000	        0.0000000000	        0.0007460517	        0.0002818262	        0.0004626886	        0.0084085275	        0.0081723082	        0.0666666667	        0.0009664829	        0.0005394311
        1.9271607996	        0.6290735914	        0.3113054961	       -0.4451619265	        0.0000000000	        0.0000000000	        0.0005964035	        0.0002088892	        0.0004031534	        0.0078718070	        0.0089546787	        0.0666666667	        0.0009022985	        0.0005594508
        1.9357370589	        0.5911315177	        0.2933695002	       -0.6361220738	        0.0000000000	        0.0000000000	        0.0004681045	        0.0001505937	        0.0003409658	        0.0072197228	        0.0096299763	        0.0666666667	        0.0008187375	        0.0005650956
        1.9433981504	        0.5515910004	        0.2746137249	       -0.8509627513	        0.0000000000	        0.0000000000	        0.0003599217	        0.0001051191	        0.0002773208	        0.0064570806	        0.0101175578	        0.0666666667	        0.0007172777	        0.0005533656
        1.9502353978	        0.5106613562	        0.2551974305	       -1.0886083351	        0.0000000000	        0.0000000000	        0.0002698821	        0.0000707013	        0.0002149461	        0.0056001292	        0.0103348678	        0.0666666667	        0.0006039969	        0.0005244141
        1.9563323538	        0.4685616472	        0.2353719944	       -1.3396649876	        0.0000000000	        0.0000000000	        0.0001927134	        0.0000456663	        0.0001577344	        0.0046746526	        0.0102053808	        0.0666666667	        0.0004886945	        0.0004801117
        1.9617651675	        0.4255329111	        0.2154563966	       -1.5992965726	        0.0000000000	        0.0000000000	        0.0001288788	        0.0000283665	        0.0001095692	        0.0037244472	        0.0096868960	        0.0666666667	        0.0003817336	        0.0004234063
        1.9666030060	        0.3821882595	        0.1957850353	       -1.8593835019	        0.0000000000	        0.0000000000	        0.0000809403	        0.0000170692	        0.0000725920	        0.0028156951	        0.0088155357	        0.0666666667	        0.0002903436	        0.0003600425
        1.9709085097	        0.3395422240	        0.1766558779	       -2.1112707491	        0.0000000000	        0.0000000000	        0.0000474655	        0.0000100617	        0.0000464639	        0.0020168289	        0.0077126265	        0.0666666667	        0.0002170796	        0.0002975363
        1.9747382607	        0.2986852766	        0.1582997843	       -2.3529765431	        0.0000000000	        0.0000000000	        0.0000259647	        0.0000058844	        0.0000291683	        0.0013736921	        0.0065409115	        0.0666666667	        0.0001608273	        0.0002417688
        1.9781432525	        0.2605073071	        0.1408737353	       -2.5817200659	        0.0000000000	        0.0000000000	        0.0000132966	        0.0000034468	        0.0000181709	        0.0008959897	        0.0054338348	        0.0666666667	        0.0001186897	        0.0001953737
        1.9811693494	        0.2255267337	        0.1244723729	       -2.7941506816	        0.0000000000	        0.0000000000	        0.0000064124	        0.0000020259	        0.0000112741	        0.0005637131	        0.0044599993	        0.0666666667	        0.0000874590	        0.0001584665
        1.9838577298	        0.1938995711	        0.1091443047	       -2.9871200434	        0.0000000000	        0.0000000000	        0.0000029278	        0.0000011875	        0.0000069326	        0.0003438069	        0.0036335897	        0.0666666667	        0.0000643488	        0.0001299800
        1.9862453073	        0.1655334487	        0.0949056554	       -3.1610979871	        0.0000000000	        0.0000000000	        0.0000012688	        0.0000006862	        0.0000041801	        0.0002036275	        0.0029412385	        0.0666666667	        0.0000471933	        0.0001085727
        1.9883651267	        0.1402067084	        0.0817488400	       -3.3183690732	        0.0000000000	        0.0000000000	        0.0000005212	        0.0000003854	        0.0000024382	        0.0001169506	        0.0023619425	        0.0666666667	        0.0000343959	        0.0000930280
        1.9902467340	        0.1176491224	        0.0696484921	       -3.4603130765	        0.0000000000	        0.0000000000	        0.0000002017	        0.0000002072	        0.0000013556	        0.0000648452	        0.0018760801	        0.0666666667	        0.0000248073	        0.0000823595
        1.9919165179	        0.0975851354	        0.0585660904	       -3.5874621071	        0.0000000000	        0.0000000000	        0.0000000727	        0.0000001049	        0.0000007071	        0.0000344448	        0.0014678035	        0.0666666667	        0.0000176053	        0.0000758003
        1.9933980257	        0.0797533486	        0.0484537107	       -3.7006658642	        0.0000000000	        0.0000000000	        0.0000000240	        0.0000000491	        0.0000003401	        0.0000173224	        0.0011248195	        0.0666666667	        0.0000122013	        0.0000727664
        1.9947122508	        0.0639136959	        0.0392570546	       -3.8010175319	        0.0000000000	        0.0000000000	        0.0000000071	        0.0000000208	        0.0000001477	        0.0000081010	        0.0008375789	        0.0666666667	        0.0000081708	        0.0000728273
        1.9958778967	        0.0498489902	        0.0309179387	       -3.8897053238	        0.0000000000	        0.0000000000	        0.0000000018	        0.0000000078	        0.0000000562	        0.0000034252	        0.0005985892	        0.0666666667	        0.0000052044	        0.0000756918
        1.9969116151	        0.0373641442	        0.0233763260	       -3.9679208728	        0.0000000000	        0.0000000000	        0.0000000003	        0.0000000024	        0.0000000178	        0.0000012493	        0.0004020264	        0.0666666667	        0.0000030735	        0.0000812121
        1.9978282231	        0.0262845492	        0.0165719459	       -4.0368053403	        0.0000000000	        0.0000000000	        0.0000000000	        0.0000000006	        0.0000000042	        0.0000003608	        0.0002437342	        0.0666666667	        0.0000016056	        0.0000894121
        1.9986408981	        0.0164542357	        0.0104455420	       -4.0974201785	        0.0000000000	        0.0000000000	        0.0000000000	        0.0000000001	        0.0000000006	        0.0000000692	        0.0001219782	        0.0666666667	        0.0000006689	        0.0001005636
        1.9993613540	        0.0077340591	        0.0049397989	       -4.1507336960	        0.0000000000	        0.0000000000	        0.0000000000	        0.0000000000	        0.0000000000	        0.0000000058	        0.0000400335	        0.0666666667	        0.0000001605	        0.0001153832
        2.0000000000	        0.0000000000	        0.0000000000	       -4.1976174834	        0.0000000000	        0.0000000000	        0.0000000000	        0.0000000000	        0.0000000000	        0.0000000000	        0.0000000000	        0.0000000000	        0.0000000000	        0.0001356822
