        0.0000000000	        0.0000000000	        1.0000000000	        0.0000000000	        0.0000000000	        0.0013176332	        0.0000000000	        0.0000000000	        0.0000000000	        0.0000000000	        0.1456678667	        0.0000000000	        0.0000000000	        0.0010823612
        0.0006386460	        0.0170373121	        0.9973032388	        0.0000000000	        0.0000000000	        0.0013176775	        0.0000000781	        0.0000000162	        0.0000000687	        0.0001722987	        0.1120559826	        0.0666666667	        0.0000012802	        0.0008010874
        0.0013591019	        0.0362309117	        0.9942610801	        0.0000000000	        0.0000000000	        0.0013177195	        0.0000005747	        0.0000001141	        0.0000004830	        0.0005253479	        0.0879434438	        0.0666666667	        0.0000049956	        0.0006634429
        0.0021717769	        0.0578036690	        0.9908309395	        0.0000000000	        0.0000000000	        0.0013177576	        0.0000021284	        0.0000004017	        0.0000016985	        0.0010804019	        0.0716656608	        0.0666666667	        0.0000115704	        0.0005826943
        0.0030883849	        0.0819334210	        0.9869667105	        0.0000000000	        0.0000000000	        0.0013177902	        0.0000058454	        0.0000010329	        0.0000043591	        0.0018630630	        0.0608721753	        0.0666666667	        0.0000216149	        0.0005346963
        0.0041221033	        0.1086846470	        0.9826194913	        0.0000000000	        0.0000000000	        0.0013178156	        0.0000135093	        0.0000022016	        0.0000092593	        0.0028986814	        0.0538633875	        0.0666666667	        0.0000359171	        0.0005097212
        0.0052877492	        0.1379114412	        0.9777385981	        0.0000000000	        0.0000000000	        0.0013178327	        0.0000277547	        0.0000041234	        0.0000172451	        0.0042019825	        0.0494537213	        0.0666666667	        0.0000554409	        0.0005030594
        0.0066019743	        0.1691643838	        0.9722726507	        0.0000000000	        0.0000000000	        0.0013178411	        0.0000520574	        0.0000070076	        0.0000290647	        0.0057608662	        0.0467401470	        0.0666666667	        0.0000813108	        0.0005120628
        0.0080834821	        0.2016769243	        0.9661704337	        0.0000000000	        0.0000000000	        0.0013178425	        0.0000903867	        0.0000110284	        0.0000452215	        0.0075208414	        0.0449859518	        0.0666666667	        0.0001147724	        0.0005350175
        0.0097532660	        0.2345020715	        0.9593813054	        0.0000000000	        0.0000000000	        0.0013178420	        0.0001464817	        0.0000163085	        0.0000658915	        0.0093842219	        0.0436324596	        0.0666666667	        0.0001571289	        0.0005708487
        0.0116348733	        0.2667639336	        0.9518552569	        0.0000000000	        0.0000000000	        0.0013178502	        0.0002229920	        0.0000229313	        0.0000909749	        0.0112332177	        0.0423352103	        0.0666666667	        0.0002096648	        0.0006191838
        0.0137546927	        0.2978659678	        0.9435434554	        0.0000000000	        0.0000000000	        0.0013178836	        0.0003211357	        0.0000310076	        0.0001203517	        0.0129647029	        0.0409147805	        0.0666666667	        0.0002735738	        0.0006799769
        0.0161422702	        0.3275367987	        0.9344008410	        0.0000000000	        0.0000000000	        0.0013179351	        0.0004411220	        0.0000407878	        0.0001542460	        0.0145126288	        0.0392910001	        0.0666666667	        0.0003498836	        0.0007525912
        0.0188306506	        0.3557529294	        0.9243918488	        0.0000000000	        0.0000000000	        0.0013179691	        0.0005826204	        0.0000527486	        0.0001933790	        0.0158493774	        0.0374625293	        0.0666666667	        0.0004393210	        0.0008354152
        0.0218567475	        0.3826365400	        0.9134989060	        0.0000000000	        0.0000000000	        0.0013179776	        0.0007449576	        0.0000676327	        0.0002388350	        0.0169752370	        0.0354774602	        0.0666666667	        0.0005420560	        0.0009259309
        0.0252617393	        0.4083781970	        0.9017325323	        0.0000000000	        0.0000000000	        0.0013180111	        0.0009271996	        0.0000864747	        0.0002917871	        0.0179063719	        0.0333985825	        0.0666666667	        0.0006573125	        0.0010205415
        0.0290914903	        0.4331903702	        0.8891414633	        0.0000000000	        0.0000000000	        0.0013180877	        0.0011281802	        0.0001106333	        0.0003531606	        0.0186658014	        0.0312838227	        0.0666666667	        0.0007828968	        0.0011142919
        0.0333969940	        0.4572834229	        0.8758205391	        0.0000000000	        0.0000000000	        0.0013181770	        0.0013465133	        0.0001418319	        0.0004232792	        0.0192778995	        0.0291793617	        0.0666666667	        0.0009147890	        0.0012008254
        0.0382348325	        0.4808548710	        0.8619135348	        0.0000000000	        0.0000000000	        0.0013182392	        0.0015806222	        0.0001822060	        0.0005015683	        0.0197655042	        0.0271190193	        0.0666666667	        0.0010470303	        0.0012728306
        0.0436676462	        0.5040854316	        0.8476083545	        0.0000000000	        0.0000000000	        0.0013183078	        0.0018288060	        0.0002343515	        0.0005864093	        0.0201486219	        0.0251260285	        0.0666666667	        0.0011721556	        0.0013230809
        0.0497646022	        0.5271380507	        0.8331235339	        0.0000000000	        0.0000000000	        0.0013184163	        0.0020893462	        0.0003013622	        0.0006752301	        0.0204439942	        0.0232153682	        0.0666666667	        0.0012822614	        0.0013458891
        0.0566018496	        0.5501578851	        0.8186876490	        0.0000000000	        0.0000000000	        0.0013185175	        0.0023606458	        0.0003868452	        0.0007648461	        0.0206650879	        0.0213959210	        0.0666666667	        0.0013704994	        0.0013384906
        0.0642629411	        0.5732722671	        0.8045159123	        0.0000000000	        0.0000000000	        0.0013186176	        0.0026413787	        0.0004948938	        0.0008519683	        0.0208222692	        0.0196722321	        0.0666666667	        0.0014324972	        0.0013017719
        0.0728392004	        0.5965902809	        0.7907894555	        0.0000000000	        0.0000000000	        0.0013187208	        0.0029306219	        0.0006300009	        0.0009337204	        0.0209230459	        0.0180458570	        0.0666666667	        0.0014671650	        0.0012400108
        0.0824300053	        0.6202019512	        0.7776417362	        0.0000000000	        0.0000000000	        0.0013187915	        0.0032279300	        0.0007968908	        0.0010080086	        0.0209723357	        0.0165163516	        0.0666666667	        0.0014766236	        0.0011597636
        0.0931429507	        0.6441772707	        0.7651538036	        0.0000000000	        0.0000000000	        0.0013188222	        0.0035333217	        0.0010002482	        0.0010736630	        0.0209727505	        0.0150819767	        0.0666666667	        0.0014653896	        0.0010683883
        0.1050938490	        0.6685654310	        0.7533573377	        0.0000000000	        0.0000000000	        0.0013188116	        0.0038471519	        0.0012443326	        0.0011303688	        0.0209249056	        0.0137401799	        0.0666666667	        0.0014392234	        0.0009727396
        0.1184065179	        0.6933946384	        0.7422427040	        0.0000000000	        0.0000000000	        0.0013187469	        0.0041698715	        0.0015324798	        0.0011784657	        0.0208277595	        0.0124879084	        0.0666666667	        0.0014040546	        0.0008783484
        0.1332122955	        0.7186727913	        0.7317690346	        0.0000000000	        0.0000000000	        0.0013186327	        0.0045016981	        0.0018665177	        0.0012187086	        0.0206789821	        0.0113217973	        0.0666666667	        0.0013652299	        0.0007891260
        0.1496492201	        0.7443890735	        0.7218740552	        0.0000000000	        0.0000000000	        0.0013185238	        0.0048422494	        0.0022461571	        0.0012520522	        0.0204753347	        0.0102382730	        0.0666666667	        0.0013271365	        0.0007074553
        0.1678608015	        0.7705162508	        0.7124823629	        0.0000000000	        0.0000000000	        0.0013185386	        0.0051901985	        0.0026684443	        0.0012794936	        0.0202130365	        0.0092336043	        0.0666666667	        0.0012931279	        0.0006344881
        0.1879943127	        0.7970132405	        0.7035116895	        0.0000000000	        0.0000000000	        0.0013185973	        0.0055430046	        0.0031273781	        0.0013019726	        0.0198880922	        0.0083039295	        0.0666666667	        0.0012656356	        0.0005704960
        0.2101985296	        0.8238274489	        0.6948771954	        0.0000000000	        0.0000000000	        0.0013189005	        0.0058967496	        0.0036137813	        0.0013203221	        0.0194965652	        0.0074452807	        0.0666666667	        0.0012463666	        0.0005151908
        0.2346208557	        0.8508964593	        0.6864940793	        0.0000000000	        0.0000000000	        0.0013193282	        0.0062460818	        0.0041154735	        0.0013352506	        0.0190347960	        0.0066536141	        0.0666666667	        0.0012365161	        0.0004679749
        0.2614037844	        0.8781488440	        0.6782788494	        0.0000000000	        0.0000000000	        0.0013192953	        0.0065842496	        0.0046177390	        0.0013473451	        0.0184995800	        0.0059248527	        0.0666666667	        0.0012369583	        0.0004281180
        0.2906806794	        0.9055040711	        0.6701495630	        0.0000000000	        0.0000000000	        0.0013190979	        0.0069032028	        0.0051040224	        0.0013570822	        0.0178883272	        0.0052549368	        0.0666666667	        0.0012484022	        0.0003948715
        0.3225708876	        0.9328716018	        0.6620252597	        0.0000000000	        0.0000000000	        0.0013185640	        0.0071937539	        0.0055567513	        0.0013648426	        0.0171992301	        0.0046398805	        0.0666666667	        0.0012715094	        0.0003675364
        0.3571742551	        0.9601492808	        0.6538247232	        0.0000000000	        0.0000000000	        0.0013174521	        0.0074458089	        0.0059581819	        0.0013709237	        0.0164314644	        0.0040758297	        0.0666666667	        0.0013069809	        0.0003454985
        0.3945651751	        0.9872210436	        0.6454646137	        0.0000000000	        0.0000000000	        0.0013170169	        0.0076486963	        0.0062911982	        0.0013755478	        0.0155854479	        0.0035591226	        0.0666666667	        0.0013556161	        0.0003282429
        0.4347863703	        1.0139538049	        0.6368569361	        0.0000000000	        0.0000000000	        0.0013164555	        0.0077916377	        0.0065400574	        0.0013788673	        0.0146631895	        0.0030863536	        0.0666666667	        0.0014183476	        0.0003153551
        0.4778426900	        1.0401931710	        0.6279057547	        0.0000000000	        0.0000000000	        0.0013157958	        0.0078644142	        0.0066911544	        0.0013809630	        0.0136687751	        0.0026544489	        0.0666666667	        0.0014962431	        0.0003065129
        0.5236952751	        1.0657573132	        0.6185030628	        0.0000000000	        0.0000000000	        0.0013157267	        0.0078583058	        0.0067339442	        0.0013818382	        0.0126090709	        0.0022607637	        0.0666666667	        0.0015904561	        0.0003014698
        0.5722565058	        1.0904278944	        0.6085238292	        0.0000000000	        0.0000000000	        0.0013158454	        0.0077674136	        0.0066622120	        0.0013814042	        0.0114947764	        0.0019032184	        0.0666666667	        0.0017020774	        0.0003000269
        0.6233861842	        1.1139363483	        0.5978206699	        0.0000000000	        0.0000000000	        0.0013153057	        0.0075905386	        0.0064759064	        0.0013794563	        0.0103420439	        0.0015805008	        0.0666666667	        0.0018317973	        0.0003019861
        0.6768894010	        1.1359432574	        0.5862197977	        0.0000000000	        0.0000000000	        0.0013150711	        0.0073338465	        0.0061837592	        0.0013756441	        0.0091749726	        0.0012923625	        0.0666666667	        0.0019792162	        0.0003070713
        0.7325164896	        1.1560090483	        0.5735229429	        0.0000000000	        0.0000000000	        0.0013156952	        0.0070144852	        0.0058068370	        0.0013694733	        0.0080292820	        0.0010400263	        0.0666666667	        0.0021415617	        0.0003148033
        0.7899653716	        1.1735590621	        0.5595264647	        0.0000000000	        0.0000000000	        0.0013148171	        0.0066646367	        0.0053826589	        0.0013604924	        0.0069569717	        0.0008266387	        0.0666666667	        0.0023115813	        0.0003243263
        0.8488864424	        1.1878627385	        0.5440785981	        0.0000000000	        0.0000000000	        0.0013162295	        0.0063330725	        0.0049677333	        0.0013489994	        0.0060298782	        0.0006574733	        0.0666666667	        0.0024748763	        0.0003342418
        0.9088899606	        1.1980787509	        0.5271953665	        0.0000000000	        0.0000000000	        0.0013168733	        0.0060770549	        0.0046328931	        0.0013372778	        0.0053361481	        0.0005392728	        0.0666666667	        0.0026085537	        0.0003426286
        0.9695556872	        1.2034244652	        0.5092060120	        0.0000000000	        0.0000000000	        0.0013171952	        0.0059407507	        0.0044455810	        0.0013296766	        0.0049620302	        0.0004783387	        0.0666666667	        0.0026853135	        0.0003474789
        1.0304443128	        1.2034244652	        0.4907939880	        0.0000000000	        0.0000000000	        0.0013178094	        0.0059407507	        0.0044455810	        0.0013296766	        0.0049620302	        0.0004783387	        0.0666666667	        0.0026853135	        0.0003474789
        1.0911100394	        1.1980787509	        0.4728046335	        0.0000000000	        0.0000000000	        0.0013190454	        0.0060770549	        0.0046328931	        0.0013372778	        0.0053361481	        0.0005392728	        0.0666666667	        0.0026085537	        0.0003426286
        1.1511135576	        1.1878627385	        0.4559214019	        0.0000000000	        0.0000000000	        0.0013200091	        0.0063330725	        0.0049677333	        0.0013489994	        0.0060298782	        0.0006574733	        0.0666666667	        0.0024748763	        0.0003342418
        1.2100346284	        1.1735590621	        0.4404735353	        0.0000000000	        0.0000000000	        0.0013209723	        0.0066646367	        0.0053826589	        0.0013604924	        0.0069569717	        0.0008266387	        0.0666666667	        0.0023115813	        0.0003243263
        1.2674835104	        1.1560090483	        0.4264770571	        0.0000000000	        0.0000000000	        0.0013221408	        0.0070144852	        0.0058068370	        0.0013694733	        0.0080292820	        0.0010400263	        0.0666666667	        0.0021415617	        0.0003148033
        1.3231105990	        1.1359432574	        0.4137802023	        0.0000000000	        0.0000000000	        0.0013229592	        0.0073338465	        0.0061837592	        0.0013756441	        0.0091749726	        0.0012923625	        0.0666666667	        0.0019792162	        0.0003070713
        1.3766138158	        1.1139363483	        0.4021793301	        0.0000000000	        0.0000000000	        0.0013237141	        0.0075905386	        0.0064759064	        0.0013794563	        0.0103420439	        0.0015805008	        0.0666666667	        0.0018317973	        0.0003019861
        1.4277434942	        1.0904278944	        0.3914761708	        0.0000000000	        0.0000000000	        0.0013238815	        0.0077674136	        0.0066622120	        0.0013814042	        0.0114947764	        0.0019032184	        0.0666666667	        0.0017020774	        0.0003000269
        1.4763047249	        1.0657573132	        0.3814969372	        0.0000000000	        0.0000000000	        0.0013243412	        0.0078583058	        0.0067339442	        0.0013818382	        0.0126090709	        0.0022607637	        0.0666666667	        0.0015904561	        0.0003014698
        1.5221573100	        1.0401931710	        0.3720942453	        0.0000000000	        0.0000000000	        0.0013245624	        0.0078644142	        0.0066911544	        0.0013809630	        0.0136687751	        0.0026544489	        0.0666666667	        0.0014962431	        0.0003065129
        1.5652136297	        1.0139538049	        0.3631430639	        0.0000000000	        0.0000000000	        0.0013252406	        0.0077916377	        0.0065400574	        0.0013788673	        0.0146631895	        0.0030863536	        0.0666666667	        0.0014183476	        0.0003153551
        1.6054348249	        0.9872210436	        0.3545353863	        0.0000000000	        0.0000000000	        0.0013260476	        0.0076486963	        0.0062911982	        0.0013755478	        0.0155854479	        0.0035591226	        0.0666666667	        0.0013556161	        0.0003282429
        1.6428257449	        0.9601492808	        0.3461752768	        0.0000000000	        0.0000000000	        0.0013253625	        0.0074458089	        0.0059581819	        0.0013709237	        0.0164314644	        0.0040758297	        0.0666666667	        0.0013069809	        0.0003454985
        1.6774291124	        0.9328716018	        0.3379747403	        0.0000000000	        0.0000000000	        0.0013246750	        0.0071937539	        0.0055567513	        0.0013648426	        0.0171992301	        0.0046398805	        0.0666666667	        0.0012715094	        0.0003675364
        1.7093193206	        0.9055040711	        0.3298504370	        0.0000000000	        0.0000000000	        0.0013242623	        0.0069032028	        0.0051040224	        0.0013570822	        0.0178883272	        0.0052549368	        0.0666666667	        0.0012484022	        0.0003948715
        1.7385962156	        0.8781488440	        0.3217211506	        0.0000000000	        0.0000000000	        0.0013243711	        0.0065842496	        0.0046177390	        0.0013473451	        0.0184995800	        0.0059248527	        0.0666666667	        0.0012369583	        0.0004281180
        1.7653791443	        0.8508964593	        0.3135059207	        0.0000000000	        0.0000000000	        0.0013246088	        0.0062460818	        0.0041154735	        0.0013352506	        0.0190347960	        0.0066536141	        0.0666666667	        0.0012365161	        0.0004679749
        1.7898014704	        0.8238274489	        0.3051228046	        0.0000000000	        0.0000000000	        0.0013249756	        0.0058967496	        0.0036137813	        0.0013203221	        0.0194965652	        0.0074452807	        0.0666666667	        0.0012463666	        0.0005151908
        1.8120056873	        0.7970132405	        0.2964883105	        0.0000000000	        0.0000000000	        0.0013250633	        0.0055430046	        0.0031273781	        0.0013019726	        0.0198880922	        0.0083039295	        0.0666666667	        0.0012656356	        0.0005704960
        1.8321391985	        0.7705162508	        0.2875176371	        0.0000000000	        0.0000000000	        0.0013247767	        0.0051901985	        0.0026684443	        0.0012794936	        0.0202130365	        0.0092336043	        0.0666666667	        0.0012931279	        0.0006344881
        1.8503507799	        0.7443890735	        0.2781259448	        0.0000000000	        0.0000000000	        0.0013243405	        0.0048422494	        0.0022461571	        0.0012520522	        0.0204753347	        0.0102382730	        0.0666666667	        0.0013271365	        0.0007074553
        1.8667877045	        0.7186727913	        0.2682309654	        0.0000000000	        0.0000000000	        0.0013240620	        0.0045016981	        0.0018665177	        0.0012187086	        0.0206789821	        0.0113217973	        0.0666666667	        0.0013652299	        0.0007891260
        1.8815934821	        0.6933946384	        0.2577572960	        0.0000000000	        0.0000000000	        0.0013239144	        0.0041698715	        0.0015324798	        0.0011784657	        0.0208277595	        0.0124879084	        0.0666666667	        0.0014040546	        0.0008783484
        1.8949061510	        0.6685654310	        0.2466426623	        0.0000000000	        0.0000000000	        0.0013237504	        0.0038471519	        0.0012443326	        0.0011303688	        0.0209249056	        0.0137401799	        0.0666666667	        0.0014392234	        0.0009727396
        1.9068570493	        0.6441772707	        0.2348461964	        0.0000000000	        0.0000000000	        0.0013235838	        0.0035333217	        0.0010002482	        0.0010736630	        0.0209727505	        0.0150819767	        0.0666666667	        0.0014653896	        0.0010683883
        1.9175699947	        0.6202019512	        0.2223582638	        0.0000000000	        0.0000000000	        0.0013234362	        0.0032279300	        0.0007968908	        0.0010080086	        0.0209723357	        0.0165163516	        0.0666666667	        0.0014766236	        0.0011597636
        1.9271607996	        0.5965902809	        0.2092105445	        0.0000000000	        0.0000000000	        0.0013233220	        0.0029306219	        0.0006300009	        0.0009337204	        0.0209230459	        0.0180458570	        0.0666666667	        0.0014671650	        0.0012400108
        1.9357370589	        0.5732722671	        0.1954840877	        0.0000000000	        0.0000000000	        0.0013232231	        0.0026413787	        0.0004948938	        0.0008519683	        0.0208222692	        0.0196722321	        0.0666666667	        0.0014324972	        0.0013017719
        1.9433981504	        0.5501578851	        0.1813123510	        0.0000000000	        0.0000000000	        0.0013231333	        0.0023606458	        0.0003868452	        0.0007648461	        0.0206650879	        0.0213959210	        0.0666666667	        0.0013704994	        0.0013384906
        1.9502353978	        0.5271380507	        0.1668764661	        0.0000000000	        0.0000000000	        0.0013230585	        0.0020893462	        0.0003013622	        0.0006752301	        0.0204439942	        0.0232153682	        0.0666666667	        0.0012822614	        0.0013458891
        1.9563323538	        0.5040854316	        0.1523916455	        0.0000000000	        0.0000000000	        0.0013230145	        0.0018288060	        0.0002343515	        0.0005864093	        0.0201486219	        0.0251260285	        0.0666666667	        0.0011721556	        0.0013230809
        1.9617651675	        0.4808548710	        0.1380864652	        0.0000000000	        0.0000000000	        0.0013229811	        0.0015806222	        0.0001822060	        0.0005015683	        0.0197655042	        0.0271190193	        0.0666666667	        0.0010470303	        0.0012728306
        1.9666030060	        0.4572834229	        0.1241794609	        0.0000000000	        0.0000000000	        0.0013229537	        0.0013465133	        0.0001418319	        0.0004232792	        0.0192778995	        0.0291793617	        0.0666666667	        0.0009147890	        0.0012008254
        1.9709085097	        0.4331903702	        0.1108585367	        0.0000000000	        0.0000000000	        0.0013229328	        0.0011281802	        0.0001106333	        0.0003531606	        0.0186658014	        0.0312838227	        0.0666666667	        0.0007828968	        0.0011142919
        1.9747382607	        0.4083781970	        0.0982674677	        0.0000000000	        0.0000000000	        0.0013229011	        0.0009271996	        0.0000864747	        0.0002917871	        0.0179063719	        0.0333985825	        0.0666666667	        0.0006573125	        0.0010205415
        1.9781432525	        0.3826365400	        0.0865010940	        0.0000000000	        0.0000000000	        0.0013228945	        0.0007449576	        0.0000676327	        0.0002388350	        0.0169752370	        0.0354774602	        0.0666666667	        0.0005420560	        0.0009259309
        1.9811693494	        0.3557529294	        0.0756081512	        0.0000000000	        0.0000000000	        0.0013229074	        0.0005826204	        0.0000527486	        0.0001933790	        0.0158493774	        0.0374625293	        0.0666666667	        0.0004393210	        0.0008354152
        1.9838577298	        0.3275367987	        0.0655991590	        0.0000000000	        0.0000000000	        0.0013228908	        0.0004411220	        0.0000407878	        0.0001542460	        0.0145126288	        0.0392910001	        0.0666666667	        0.0003498836	        0.0007525912
        1.9862453073	        0.2978659678	        0.0564565446	        0.0000000000	        0.0000000000	        0.0013228536	        0.0003211357	        0.0000310076	        0.0001203517	        0.0129647029	        0.0409147805	        0.0666666667	        0.0002735738	        0.0006799769
        1.9883651267	        0.2667639336	        0.0481447431	        0.0000000000	        0.0000000000	        0.0013228313	        0.0002229920	        0.0000229313	        0.0000909749	        0.0112332177	        0.0423352103	        0.0666666667	        0.0002096648	        0.0006191838
        1.9902467340	        0.2345020715	        0.0406186946	        0.0000000000	        0.0000000000	        0.0013228311	        0.0001464817	        0.0000163085	        0.0000658915	        0.0093842219	        0.0436324596	        0.0666666667	        0.0001571289	        0.0005708487
        1.9919165179	        0.2016769243	        0.0338295663	        0.0000000000	        0.0000000000	        0.0013228375	        0.0000903867	        0.0000110284	        0.0000452215	        0.0075208414	        0.0449859518	        0.0666666667	        0.0001147724	        0.0005350175
        1.9933980257	        0.1691643838	        0.0277273493	        0.0000000000	        0.0000000000	        0.0013228405	        0.0000520574	        0.0000070076	        0.0000290647	        0.0057608662	        0.0467401470	        0.0666666667	        0.0000813108	        0.0005120628
        1.9947122508	        0.1379114412	        0.0222614019	        0.0000000000	        0.0000000000	        0.0013228354	        0.0000277547	        0.0000041234	        0.0000172451	        0.0042019825	        0.0494537213	        0.0666666667	        0.0000554409	        0.0005030594
        1.9958778967	        0.1086846470	        0.0173805087	        0.0000000000	        0.0000000000	        0.0013228209	        0.0000135093	        0.0000022016	        0.0000092593	        0.0028986814	        0.0538633875	        0.0666666667	        0.0000359171	        0.0005097212
        1.9969116151	        0.0819334210	        0.0130332895	        0.0000000000	        0.0000000000	        0.0013227976	        0.0000058454	        0.0000010329	        0.0000043591	        0.0018630630	        0.0608721753	        0.0666666667	        0.0000216149	        0.0005346963
        1.9978282231	        0.0578036690	        0.0091690605	        0.0000000000	        0.0000000000	        0.0013227667	        0.0000021284	        0.0000004017	        0.0000016985	        0.0010804019	        0.0716656608	        0.0666666667	        0.0000115704	        0.0005826943
        1.9986408981	        0.0362309117	        0.0057389199	        0.0000000000	        0.0000000000	        0.0013227301	        0.0000005747	        0.0000001141	        0.0000004830	        0.0005253479	        0.0879434438	        0.0666666667	        0.0000049956	        0.0006634429
        1.9993613540	        0.0170373121	        0.0026967612	        0.0000000000	        0.0000000000	        0.0013226894	        0.0000000781	        0.0000000162	        0.0000000687	        0.0001722987	        0.1120559826	        0.0666666667	        0.0000012802	        0.0008010874
        2.0000000000	        0.0000000000	        0.0000000000	        0.0000000000	        0.0000000000	        0.0013226462	        0.0000000000	        0.0000000000	        0.0000000000	        0.0000000000	        0.1456678667	        0.0000000000	        0.0000000000	        0.0010823612
