        0.0000000000	        0.0000000000	        1.0000000000	        4.7664869284	       30.0118261104	        0.0008568684	        0.0000000000	        0.0000000000	        0.0000000000	        0.0000000000	        0.1876980460	        0.0000000000	        0.0000000000	        0.0000423588
        0.0006386460	        0.0158755060	        0.9976881808	        4.5267422459	       29.9568182055	        0.0008310603	        0.0000000619	        0.0000000112	        0.0000000401	        0.0001722513	        0.1368573581	        0.0666666667	        0.0000000648	        0.0000313654
        0.0013591019	        0.0337587152	        0.9951539896	        4.2729990286	       29.8952566386	        0.0008033121	        0.0000004530	        0.0000000757	        0.0000002625	        0.0005170652	        0.1037274999	        0.0666666667	        0.0000002525	        0.0000277925
        0.0021717769	        0.0538568073	        0.9923848709	        4.0069260989	       29.8264744213	        0.0007736799	        0.0000016542	        0.0000002504	        0.0000008395	        0.0010497662	        0.0829084243	        0.0666666667	        0.0000005901	        0.0000273817
        0.0030883849	        0.0763383093	        0.9893697993	        3.7308578089	       29.7497809129	        0.0007422790	        0.0000044526	        0.0000005981	        0.0000019320	        0.0017915677	        0.0697311848	        0.0666666667	        0.0000011179	        0.0000289157
        0.0041221033	        0.1012783870	        0.9860997810	        3.4477878113	       29.6644818920	        0.0007092923	        0.0000100478	        0.0000011824	        0.0000036653	        0.0027650522	        0.0614031386	        0.0666666667	        0.0000018869	        0.0000318365
        0.0052877492	        0.1285846784	        0.9825683122	        3.1612451252	       29.5699112545	        0.0006749734	        0.0000201289	        0.0000020666	        0.0000061212	        0.0039856682	        0.0562426380	        0.0666666667	        0.0000029557	        0.0000357867
        0.0066019743	        0.1579269163	        0.9787717742	        2.8749668173	       29.4654795378	        0.0006396412	        0.0000368491	        0.0000033121	        0.0000093322	        0.0054491487	        0.0531214072	        0.0666666667	        0.0000043866	        0.0000404662
        0.0080834821	        0.1887194062	        0.9747097174	        2.5922354446	       29.3507467189	        0.0006036576	        0.0000626415	        0.0000049779	        0.0000132793	        0.0071188265	        0.0511831946	        0.0666666667	        0.0000062395	        0.0000455765
        0.0097532660	        0.2202025455	        0.9703849662	        2.3146813652	       29.2255299586	        0.0005673773	        0.0000998821	        0.0000071203	        0.0000178984	        0.0089218556	        0.0497625684	        0.0666666667	        0.0000085661	        0.0000508158
        0.0116348733	        0.2516118042	        0.9658033957	        2.0408403371	       29.0900202564	        0.0005310777	        0.0001504710	        0.0000097984	        0.0000231010	        0.0107617366	        0.0484097866	        0.0666666667	        0.0000114049	        0.0000559254
        0.0137546927	        0.2823505086	        0.9609730179	        1.7723647661	       28.9443508138	        0.0004951974	        0.0002154740	        0.0000130836	        0.0000288045	        0.0125429421	        0.0469022691	        0.0666666667	        0.0000147779	        0.0000607636
        0.0161422702	        0.3120765939	        0.9559029199	        1.5156274604	       28.7884749774	        0.0004603550	        0.0002950422	        0.0000170786	        0.0000349710	        0.0141929887	        0.0451779178	        0.0666666667	        0.0000186930	        0.0000653217
        0.0188306506	        0.3406840743	        0.9506030124	        1.2759197305	       28.6223124043	        0.0004271171	        0.0003886738	        0.0000219530	        0.0000416553	        0.0156708407	        0.0432458204	        0.0666666667	        0.0000231528	        0.0000696451
        0.0218567475	        0.3682292774	        0.9450844890	        1.0551122148	       28.4456568738	        0.0003958879	        0.0004955310	        0.0000279818	        0.0000490276	        0.0169627195	        0.0411426995	        0.0666666667	        0.0000281663	        0.0000737629
        0.0252617393	        0.3948576892	        0.9393603151	        0.8531549837	       28.2590662706	        0.0003671280	        0.0006145859	        0.0000355706	        0.0000573534	        0.0180729523	        0.0389193838	        0.0666666667	        0.0000337549	        0.0000776980
        0.0290914903	        0.4207537593	        0.9334453064	        0.6685036702	       28.0637316862	        0.0003413519	        0.0007446767	        0.0000452738	        0.0000669574	        0.0190155480	        0.0366292646	        0.0666666667	        0.0000399494	        0.0000814905
        0.0333969940	        0.4461118175	        0.9273552098	        0.5013076092	       27.8602914859	        0.0003191097	        0.0008845671	        0.0000578168	        0.0000781966	        0.0198083156	        0.0343194066	        0.0666666667	        0.0000467797	        0.0000851857
        0.0382348325	        0.4711206226	        0.9211058517	        0.3545666087	       27.6478720044	        0.0003008690	        0.0010330243	        0.0000741220	        0.0000914245	        0.0204693270	        0.0320271798	        0.0666666667	        0.0000542575	        0.0000888002
        0.0436676462	        0.4959555462	        0.9147141078	        0.2296466328	       27.4275532365	        0.0002869337	        0.0011889123	        0.0000953385	        0.0001069488	        0.0210150223	        0.0297804212	        0.0666666667	        0.0000623568	        0.0000922946
        0.0497646022	        0.5207745777	        0.9081991162	        0.1247261812	       27.1998710485	        0.0002775033	        0.0013512933	        0.0001228696	        0.0001250112	        0.0214593237	        0.0275989783	        0.0666666667	        0.0000710041	        0.0000955699
        0.0566018496	        0.5457160068	        0.9015815204	        0.0377765315	       26.9640046405	        0.0002727471	        0.0015195194	        0.0001583894	        0.0001457795	        0.0218133217	        0.0254965209	        0.0666666667	        0.0000800790	        0.0000984860
        0.0642629411	        0.5708967617	        0.8948818397	       -0.0316952208	       26.7200851342	        0.0002727259	        0.0016932932	        0.0002038416	        0.0001693253	        0.0220852753	        0.0234821656	        0.0666666667	        0.0000894267	        0.0001008899
        0.0728392004	        0.5964111048	        0.8881200100	       -0.0855484263	       26.4686020827	        0.0002773347	        0.0018726739	        0.0002614016	        0.0001956055	        0.0222807882	        0.0215617664	        0.0666666667	        0.0000988804	        0.0001026512
        0.0824300053	        0.6223297937	        0.8813133219	       -0.1261652288	       26.2119465525	        0.0002865109	        0.0020580125	        0.0003333898	        0.0002244913	        0.0224030916	        0.0197388632	        0.0666666667	        0.0001082981	        0.0001037023
        0.0931429507	        0.6486999823	        0.8744733611	       -0.1572494940	       25.9505045473	        0.0003000381	        0.0022498162	        0.0004221202	        0.0002558510	        0.0224533974	        0.0180153310	        0.0666666667	        0.0001175970	        0.0001040624
        0.1050938490	        0.6755460879	        0.8676007739	       -0.1790910022	       25.6814231210	        0.0003180013	        0.0024485580	        0.0005296853	        0.0002895672	        0.0224312965	        0.0163917942	        0.0666666667	        0.0001267504	        0.0001038122
        0.1184065179	        0.7028716728	        0.8606855999	       -0.1879751033	       25.4068399328	        0.0003396580	        0.0026544551	        0.0006576363	        0.0003252467	        0.0223351726	        0.0148678724	        0.0666666667	        0.0001357411	        0.0001030302
        0.1332122955	        0.7306621469	        0.8537164901	       -0.1903199043	       25.1241093408	        0.0003644909	        0.0028672477	        0.0008067332	        0.0003623960	        0.0221625979	        0.0134423178	        0.0666666667	        0.0001445898	        0.0001018144
        0.1496492201	        0.7588877553	        0.8466720579	       -0.1868408748	       24.8337461293	        0.0003919486	        0.0030860341	        0.0009764791	        0.0004005981	        0.0219106795	        0.0121131009	        0.0666666667	        0.0001533650	        0.0001002852
        0.1678608015	        0.7875062545	        0.8395219651	       -0.1772228883	       24.5367961048	        0.0004211311	        0.0033091555	        0.0011647913	        0.0004392331	        0.0215763427	        0.0108774890	        0.0666666667	        0.0001621441	        0.0000985447
        0.1879943127	        0.8164648705	        0.8322311143	       -0.1636596039	       24.2295036432	        0.0004513712	        0.0035341308	        0.0013679909	        0.0004776058	        0.0211565534	        0.0097321353	        0.0666666667	        0.0001710282	        0.0000966877
        0.2101985296	        0.8457012876	        0.8247579293	       -0.1481778045	       23.9139030574	        0.0004816347	        0.0037576389	        0.0015804369	        0.0005150371	        0.0206484955	        0.0086731879	        0.0666666667	        0.0001801386	        0.0000948005
        0.2346208557	        0.8751436201	        0.8170521601	       -0.1318868042	       23.5887741801	        0.0005112100	        0.0039755298	        0.0017949465	        0.0005509627	        0.0200497327	        0.0076964125	        0.0666666667	        0.0001896230	        0.0000929622
        0.2614037844	        0.9047094883	        0.8090545733	       -0.1118855129	       23.2503617704	        0.0005391822	        0.0041828542	        0.0020032143	        0.0005844923	        0.0193583819	        0.0067973243	        0.0666666667	        0.0001996109	        0.0000912179
        0.2906806794	        0.9343043854	        0.8007075706	       -0.0946265035	       22.9014976582	        0.0005652419	        0.0043739044	        0.0021962024	        0.0006149383	        0.0185733239	        0.0059713151	        0.0666666667	        0.0002102813	        0.0000896207
        0.3225708876	        0.9638192583	        0.7919380748	       -0.0784318152	       22.5383269739	        0.0005889048	        0.0045423496	        0.0023650933	        0.0006421250	        0.0176944749	        0.0052137780	        0.0666666667	        0.0002219148	        0.0000882513
        0.3571742551	        0.9931271452	        0.7826624981	       -0.0633056074	       22.1603827108	        0.0006089920	        0.0046814182	        0.0025017011	        0.0006656688	        0.0167231575	        0.0045202313	        0.0666666667	        0.0002348041	        0.0000871665
        0.3945651751	        1.0220785789	        0.7727866748	       -0.0497173938	       21.7673790560	        0.0006257346	        0.0047842123	        0.0025995165	        0.0006853255	        0.0156626173	        0.0038864463	        0.0666666667	        0.0002493006	        0.0000864167
        0.4347863703	        1.0504950119	        0.7622033659	       -0.0388346786	       21.3583636139	        0.0006393788	        0.0048442123	        0.0026539281	        0.0007011512	        0.0145187675	        0.0033085933	        0.0666666667	        0.0002658277	        0.0000860472
        0.4778426900	        1.0781590145	        0.7507838777	       -0.0270255587	       20.9354023317	        0.0006507668	        0.0048560758	        0.0026625704	        0.0007127957	        0.0133013096	        0.0027834299	        0.0666666667	        0.0002847754	        0.0000860498
        0.5236952751	        1.1047993929	        0.7383960345	       -0.0167114474	       20.4950029779	        0.0006584692	        0.0048168314	        0.0026261053	        0.0007198303	        0.0120254765	        0.0023085647	        0.0666666667	        0.0003065886	        0.0000863911
        0.5722565058	        1.1300682451	        0.7248941673	       -0.0094513008	       20.0358840051	        0.0006619905	        0.0047278376	        0.0025482274	        0.0007225340	        0.0107147931	        0.0018828465	        0.0666666667	        0.0003319770	        0.0000870780
        0.6233861842	        1.1535064304	        0.7101134835	       -0.0076091004	       19.5562479152	        0.0006640670	        0.0045978289	        0.0024369974	        0.0007221683	        0.0094053850	        0.0015069277	        0.0666666667	        0.0003620083	        0.0000881753
        0.6768894010	        1.1744974798	        0.6938657698	       -0.0127314797	       19.0582041513	        0.0006677529	        0.0044473053	        0.0023064312	        0.0007210263	        0.0081520796	        0.0011839653	        0.0666666667	        0.0003977683	        0.0000897366
        0.7325164896	        1.1922276657	        0.6759688273	       -0.0219918744	       18.5435856098	        0.0006755022	        0.0043130980	        0.0021799551	        0.0007218743	        0.0070345887	        0.0009200898	        0.0666666667	        0.0004392479	        0.0000916441
        0.7899653716	        1.2057178125	        0.6563854847	       -0.0285653270	       18.0164601384	        0.0006900317	        0.0042472110	        0.0020907768	        0.0007269103	        0.0061564712	        0.0007235770	        0.0666666667	        0.0004835250	        0.0000935042
        0.8488864424	        1.2140369666	        0.6354668901	       -0.0376684488	       17.4801677867	        0.0007097765	        0.0042984660	        0.0020735973	        0.0007394796	        0.0056237455	        0.0006014898	        0.0666666667	        0.0005251750	        0.0000951541
        0.9088899606	        1.2166715081	        0.6139265825	       -0.0501078737	       16.9356215418	        0.0007362896	        0.0044808645	        0.0021508007	        0.0007634940	        0.0055032840	        0.0005552539	        0.0666666667	        0.0005597023	        0.0000971708
        0.9695556872	        1.2137236672	        0.5925804228	       -0.0688780077	       16.3843596433	        0.0007715861	        0.0047691379	        0.0023220914	        0.0008003241	        0.0057942366	        0.0005797355	        0.0666666667	        0.0005862352	        0.0001004123
        1.0304443128	        1.2057604141	        0.5719809351	       -0.0873558708	       15.8361374622	        0.0008175783	        0.0051288478	        0.0025703348	        0.0008489669	        0.0064377492	        0.0006662759	        0.0666666667	        0.0006075563	        0.0001053965
        1.0911100394	        1.1935540812	        0.5523827058	       -0.1040137819	       15.2972151121	        0.0008730984	        0.0055286791	        0.0028700305	        0.0009066474	        0.0073465736	        0.0008056211	        0.0666666667	        0.0006272318	        0.0001121925
        1.1511135576	        1.1778931507	        0.5338158090	       -0.1159093349	       14.7738796397	        0.0009361397	        0.0059359988	        0.0031940380	        0.0009703686	        0.0084313110	        0.0009894637	        0.0666666667	        0.0006479505	        0.0001207452
        1.2100346284	        1.1594746900	        0.5162114486	       -0.1249915217	       14.2701983733	        0.0010018201	        0.0063193595	        0.0035160162	        0.0010369952	        0.0096156894	        0.0012112917	        0.0666666667	        0.0006708099	        0.0001309797
        1.2674835104	        1.1388682912	        0.4994577587	       -0.1288775494	       13.7865483754	        0.0010653855	        0.0066537589	        0.0038158458	        0.0011041447	        0.0108411887	        0.0014666760	        0.0666666667	        0.0006959847	        0.0001428759
        1.3231105990	        1.1165255035	        0.4834604880	       -0.1299942061	       13.3254179021	        0.0011300986	        0.0069224411	        0.0040778609	        0.0011693589	        0.0120653667	        0.0017530872	        0.0666666667	        0.0007228745	        0.0001563939
        1.3766138158	        1.0928047660	        0.4681373399	       -0.1281093047	       12.8871120897	        0.0011936729	        0.0071162181	        0.0042913760	        0.0012310637	        0.0132582382	        0.0020695166	        0.0666666667	        0.0007507826	        0.0001715364
        1.4277434942	        1.0679955013	        0.4534232524	       -0.1229646218	       12.4719436169	        0.0012513819	        0.0072319137	        0.0044491018	        0.0012876441	        0.0143988946	        0.0024161021	        0.0666666667	        0.0007789377	        0.0001883024
        1.4763047249	        1.0423364393	        0.4392689904	       -0.1177695706	       12.0772903079	        0.0013050149	        0.0072708385	        0.0045472964	        0.0013384800	        0.0154729542	        0.0027938319	        0.0666666667	        0.0008067237	        0.0002067168
        1.5221573100	        1.0160284492	        0.4256217768	       -0.1050380346	       11.7077443301	        0.0013485007	        0.0072375688	        0.0045831009	        0.0013820245	        0.0164707719	        0.0032043299	        0.0666666667	        0.0008333159	        0.0002267175
        1.5652136297	        0.9892431691	        0.4124524305	       -0.0856870989	       11.3589684537	        0.0013825197	        0.0071388142	        0.0045574696	        0.0014162655	        0.0173862068	        0.0036497050	        0.0666666667	        0.0008580673	        0.0002482428
        1.6054348249	        0.9621287369	        0.3997410604	       -0.0653357196	       11.0299090722	        0.0014074936	        0.0069826302	        0.0044709500	        0.0014402313	        0.0182157541	        0.0041324445	        0.0666666667	        0.0008807406	        0.0002713262
        1.6428257449	        0.9348139416	        0.3874538521	       -0.0435831381	       10.7187022285	        0.0014241072	        0.0067778293	        0.0043270091	        0.0014545239	        0.0189579048	        0.0046553286	        0.0666666667	        0.0009016176	        0.0002961557
        1.6774291124	        0.9074113851	        0.3755468861	       -0.0169387650	       10.4229129959	        0.0014321561	        0.0065334385	        0.0041303584	        0.0014591028	        0.0196126690	        0.0052213610	        0.0666666667	        0.0009210045	        0.0003229341
        1.7093193206	        0.8800198799	        0.3639745349	        0.0116018881	       10.1418976759	        0.0014317000	        0.0062582661	        0.0038874621	        0.0014540008	        0.0201812188	        0.0058337096	        0.0666666667	        0.0009392041	        0.0003518818
        1.7385962156	        0.8527263954	        0.3526827816	        0.0427307682	        9.8739246455	        0.0014241311	        0.0059606238	        0.0036066324	        0.0014397618	        0.0206656162	        0.0064956526	        0.0666666667	        0.0009565029	        0.0003832429
        1.7653791443	        0.8256077423	        0.3416124957	        0.0790058134	        9.6187621275	        0.0014097652	        0.0056481086	        0.0032975044	        0.0014165980	        0.0210686059	        0.0072105254	        0.0666666667	        0.0009730168	        0.0004172237
        1.7898014704	        0.7987319833	        0.3307050396	        0.1209574235	        9.3727174761	        0.0013874619	        0.0053274539	        0.0029705781	        0.0013845168	        0.0213934617	        0.0079816704	        0.0666666667	        0.0009886816	        0.0004539818
        1.8120056873	        0.7721595758	        0.3199035969	        0.1653175652	        9.1351043462	        0.0013583739	        0.0050044480	        0.0026365299	        0.0013439035	        0.0216438721	        0.0088123879	        0.0666666667	        0.0010033284	        0.0004936542
        1.8321391985	        0.7459442250	        0.3091497387	        0.2119620869	        8.9039802274	        0.0013237262	        0.0046838979	        0.0023056332	        0.0012954832	        0.0218238518	        0.0097058888	        0.0666666667	        0.0010167035	        0.0005363590
        1.8503507799	        0.7201332946	        0.2983861761	        0.2595244973	        8.6748002208	        0.0012852577	        0.0043695932	        0.0019871296	        0.0012400336	        0.0219376658	        0.0106652553	        0.0666666667	        0.0010284525	        0.0005821746
        1.8667877045	        0.6947675524	        0.2875582680	        0.2975327887	        8.4491182234	        0.0012446894	        0.0040642885	        0.0016885473	        0.0011788983	        0.0219897477	        0.0116934153	        0.0666666667	        0.0010381489	        0.0006311384
        1.8815934821	        0.6698801517	        0.2766061904	        0.3280237214	        8.2211318891	        0.0012039537	        0.0037697312	        0.0014155525	        0.0011135876	        0.0219845862	        0.0127931369	        0.0666666667	        0.0010452265	        0.0006831709
        1.8949061510	        0.6454947944	        0.2654734059	        0.3465093888	        7.9916075113	        0.0011646794	        0.0034867040	        0.0011716916	        0.0010452005	        0.0219265642	        0.0139670484	        0.0666666667	        0.0010488529	        0.0007379247
        1.9068570493	        0.6216232002	        0.2541079479	        0.3461722258	        7.7618184962	        0.0011285968	        0.0032151566	        0.0009584631	        0.0009748483	        0.0218197323	        0.0152176823	        0.0666666667	        0.0010479279	        0.0007946852
        1.9175699947	        0.5982623306	        0.2424627600	        0.3253698723	        7.5302096136	        0.0010977020	        0.0029544186	        0.0007756670	        0.0009034667	        0.0216675195	        0.0165475268	        0.0666666667	        0.0010410775	        0.0008522283
        1.9271607996	        0.5753918431	        0.2305023090	        0.2815046045	        7.2967642137	        0.0010727304	        0.0027034602	        0.0006217455	        0.0008316522	        0.0214723995	        0.0179590613	        0.0666666667	        0.0010266839	        0.0009086714
        1.9357370589	        0.5529721742	        0.2182084680	        0.2101579414	        7.0616758010	        0.0010546846	        0.0024611784	        0.0004942018	        0.0007598798	        0.0212355380	        0.0194547425	        0.0666666667	        0.0010030691	        0.0009614499
        1.9433981504	        0.5309434695	        0.2055847649	        0.1050160479	        6.8315160369	        0.0010447579	        0.0022266567	        0.0003900209	        0.0006887039	        0.0209564461	        0.0210369013	        0.0666666667	        0.0009687966	        0.0010074552
        1.9502353978	        0.5092252959	        0.1926585390	       -0.0308544807	        6.6021561303	        0.0010431605	        0.0019993590	        0.0003060075	        0.0006187034	        0.0206326547	        0.0227075043	        0.0666666667	        0.0009229932	        0.0010433074
        1.9563323538	        0.4877168023	        0.1794874151	       -0.2004943581	        6.3769576446	        0.0010500807	        0.0017792274	        0.0002390069	        0.0005505232	        0.0202594080	        0.0244677324	        0.0666666667	        0.0008656587	        0.0010658030
        1.9617651675	        0.4662969001	        0.1661568431	       -0.3928985267	        6.1651461338	        0.0010647610	        0.0015666980	        0.0001860853	        0.0004849125	        0.0198293621	        0.0263173093	        0.0666666667	        0.0007978869	        0.0010724995
        1.9666030060	        0.4448240659	        0.1527806891	       -0.6060045336	        5.9637278879	        0.0010865421	        0.0013626379	        0.0001446121	        0.0004226755	        0.0193322760	        0.0282534988	        0.0666666667	        0.0007218642	        0.0010622462
        1.9709085097	        0.4231355082	        0.1394904554	       -0.8365626732	        5.7703952128	        0.0011147406	        0.0011682431	        0.0001123029	        0.0003646640	        0.0187546975	        0.0302696661	        0.0666666667	        0.0006406204	        0.0010354938
        1.9747382607	        0.4010457532	        0.1264224351	       -1.0751014083	        5.5904111478	        0.0011477836	        0.0009849147	        0.0000872232	        0.0003115430	        0.0180796989	        0.0323533095	        0.0666666667	        0.0005575408	        0.0009941736
        1.9781432525	        0.3783451339	        0.1137070091	       -1.3182095691	        5.4246070068	        0.0011844621	        0.0008141379	        0.0000677640	        0.0002636461	        0.0172868109	        0.0344835632	        0.0666666667	        0.0004758442	        0.0009412650
        1.9811693494	        0.3547995835	        0.1014576302	       -1.5630314475	        5.2721217764	        0.0012237844	        0.0006573824	        0.0000526109	        0.0002209347	        0.0163524844	        0.0366284952	        0.0666666667	        0.0003981995	        0.0008802599
        1.9838577298	        0.3301549178	        0.0897641248	       -1.8053577504	        5.1335504912	        0.0012644348	        0.0005160335	        0.0000407098	        0.0001830115	        0.0152517330	        0.0387434127	        0.0666666667	        0.0003265431	        0.0008146999
        1.9862453073	        0.3041520615	        0.0786909043	       -2.0403450010	        5.0106019182	        0.0013048877	        0.0003913477	        0.0000312371	        0.0001492413	        0.0139620856	        0.0407734617	        0.0666666667	        0.0002620931	        0.0007479253
        1.9883651267	        0.2765647944	        0.0682788625	       -2.2677333245	        4.9012150042	        0.0013447577	        0.0002844131	        0.0000235774	        0.0001189574	        0.0124714362	        0.0426678171	        0.0666666667	        0.0002054808	        0.0006830341
        1.9902467340	        0.2472764527	        0.0585490355	       -2.4890127555	        4.8022062264	        0.0013841391	        0.0001960691	        0.0000173098	        0.0000917075	        0.0107909534	        0.0444154680	        0.0666666667	        0.0001569066	        0.0006228510
        1.9919165179	        0.2164064011	        0.0495075494	       -2.7064339936	        4.7125921010	        0.0014227511	        0.0001267296	        0.0000121926	        0.0000674760	        0.0089708532	        0.0460924852	        0.0666666667	        0.0001162587	        0.0005695912
        1.9933980257	        0.1844523606	        0.0411502750	       -2.9228455888	        4.6326304646	        0.0014601261	        0.0000759317	        0.0000081171	        0.0000466868	        0.0071084529	        0.0478962861	        0.0666666667	        0.0000831672	        0.0005248123
        1.9947122508	        0.1523204748	        0.0334654883	       -3.1383518644	        4.5620287678	        0.0014958874	        0.0000417114	        0.0000050204	        0.0000298618	        0.0053314772	        0.0502417990	        0.0666666667	        0.0000570240	        0.0004904012
        1.9958778967	        0.1211162168	        0.0264345934	       -3.3515181934	        4.5001270003	        0.0015297633	        0.0000207053	        0.0000028184	        0.0000172557	        0.0037566283	        0.0538926613	        0.0666666667	        0.0000370333	        0.0004691966
        1.9969116151	        0.0917970034	        0.0200321343	       -3.5603303019	        4.4461013498	        0.0015615768	        0.0000090557	        0.0000013861	        0.0000086976	        0.0024540689	        0.0599852017	        0.0666666667	        0.0000223031	        0.0004649308
        1.9978282231	        0.0649440477	        0.0142262095	       -3.7627409987	        4.3990846973	        0.0015912314	        0.0000033122	        0.0000005615	        0.0000035974	        0.0014432402	        0.0701062148	        0.0666666667	        0.0000119474	        0.0004828421
        1.9986408981	        0.0407567288	        0.0089796199	       -3.9569560057	        4.3582346095	        0.0016186959	        0.0000008951	        0.0000001646	        0.0000010738	        0.0007118578	        0.0866671361	        0.0666666667	        0.0000051726	        0.0005322825
        1.9993613540	        0.0191735603	        0.0042516314	       -4.1415593575	        4.3227687914	        0.0016439907	        0.0000001214	        0.0000000239	        0.0000001583	        0.0002372607	        0.1135353365	        0.0666666667	        0.0000013371	        0.0006355730
        2.0000000000	        0.0000000000	        0.0000000000	       -4.3155440149	        4.2919808145	        0.0016671749	        0.0000000000	        0.0000000000	        0.0000000000	        0.0000000000	        0.1551222789	        0.0000000000	        0.0000000000	        0.0008741863
