        0.0000000000	        0.0000000000	        1.0000000000	        1.0667014828	        0.0000000000	        0.0000000000	        0.0000000000	        0.0000000000	        0.0000000000	        0.0000000000	        0.1456678667	        0.0000000000	        0.0000000000	        0.0026981193
        0.0006386460	        0.0170373121	        0.9967107947	        1.0542578773	        0.0000000000	        0.0000000000	        0.0000000781	        0.0000000150	        0.0000000774	        0.0001722987	        0.1120559826	        0.0666666667	        0.0000031914	        0.0018831604
        0.0013591019	        0.0362309117	        0.9930174571	        1.0403457631	        0.0000000000	        0.0000000000	        0.0000005747	        0.0000001069	        0.0000005475	        0.0005253479	        0.0879434438	        0.0666666667	        0.0000121313	        0.0014885836
        0.0021717769	        0.0578036690	        0.9888745401	        1.0248120191	        0.0000000000	        0.0000000000	        0.0000021284	        0.0000003813	        0.0000019416	        0.0010804019	        0.0716656608	        0.0666666667	        0.0000275710	        0.0012480275
        0.0030883849	        0.0819334210	        0.9842341356	        1.0074932996	        0.0000000000	        0.0000000000	        0.0000058454	        0.0000009973	        0.0000050372	        0.0018630630	        0.0608721753	        0.0666666667	        0.0000506403	        0.0010883680
        0.0041221033	        0.1086846470	        0.9790473111	        0.9882171521	        0.0000000000	        0.0000000000	        0.0000135093	        0.0000021693	        0.0000108441	        0.0028986814	        0.0538633875	        0.0666666667	        0.0000827749	        0.0009799730
        0.0052877492	        0.1379114412	        0.9732661512	        0.9668038732	        0.0000000000	        0.0000000000	        0.0000277547	        0.0000041584	        0.0000205083	        0.0042019825	        0.0494537213	        0.0666666667	        0.0001256665	        0.0009081341
        0.0066019743	        0.1691643838	        0.9668461742	        0.9430693300	        0.0000000000	        0.0000000000	        0.0000520574	        0.0000072462	        0.0000351187	        0.0057608662	        0.0467401470	        0.0666666667	        0.0001811800	        0.0008643538
        0.0080834821	        0.2016769243	        0.9597486344	        0.9168290254	        0.0000000000	        0.0000000000	        0.0000903867	        0.0000116981	        0.0000554563	        0.0075208414	        0.0449859518	        0.0666666667	        0.0002512114	        0.0008430496
        0.0097532660	        0.2345020715	        0.9519421426	        0.8879037476	        0.0000000000	        0.0000000000	        0.0001464817	        0.0000177288	        0.0000817876	        0.0093842219	        0.0436324596	        0.0666666667	        0.0003374857	        0.0008403844
        0.0116348733	        0.2667639336	        0.9434034180	        0.8561272098	        0.0000000000	        0.0000000000	        0.0002229920	        0.0000254975	        0.0001138413	        0.0112332177	        0.0423352103	        0.0666666667	        0.0004413210	        0.0008538841
        0.0137546927	        0.2978659678	        0.9341180657	        0.8213579167	        0.0000000000	        0.0000000000	        0.0003211357	        0.0000351727	        0.0001511097	        0.0129647029	        0.0409147805	        0.0666666667	        0.0005633981	        0.0008815453
        0.0161422702	        0.3275367987	        0.9240833902	        0.7835087697	        0.0000000000	        0.0000000000	        0.0004411220	        0.0000470674	        0.0001933458	        0.0145126288	        0.0392910001	        0.0666666667	        0.0007035322	        0.0009205020
        0.0188306506	        0.3557529294	        0.9133145742	        0.7425709946	        0.0000000000	        0.0000000000	        0.0005826204	        0.0000617602	        0.0002408017	        0.0158493774	        0.0374625293	        0.0666666667	        0.0008603818	        0.0009667210
        0.0218567475	        0.3826365400	        0.9018534222	        0.6986360949	        0.0000000000	        0.0000000000	        0.0007449576	        0.0000801671	        0.0002940642	        0.0169752370	        0.0354774602	        0.0666666667	        0.0010310586	        0.0010153688
        0.0252617393	        0.4083781970	        0.8897775554	        0.6519325112	        0.0000000000	        0.0000000000	        0.0009271996	        0.0001035936	        0.0003536905	        0.0179063719	        0.0333985825	        0.0666666667	        0.0012107136	        0.0010609577
        0.0290914903	        0.4331903702	        0.8772074840	        0.6028672653	        0.0000000000	        0.0000000000	        0.0011281802	        0.0001337946	        0.0004197917	        0.0186658014	        0.0312838227	        0.0666666667	        0.0013922839	        0.0010974945
        0.0333969940	        0.4572834229	        0.8643086671	        0.5520528745	        0.0000000000	        0.0000000000	        0.0013465133	        0.0001730514	        0.0004916711	        0.0192778995	        0.0291793617	        0.0666666667	        0.0015666634	        0.0011189672
        0.0382348325	        0.4808548710	        0.8512859184	        0.5002705308	        0.0000000000	        0.0000000000	        0.0015806222	        0.0002242679	        0.0005676271	        0.0197655042	        0.0271190193	        0.0666666667	        0.0017235467	        0.0011202392
        0.0436676462	        0.5040854316	        0.8383689393	        0.4484814357	        0.0000000000	        0.0000000000	        0.0018288060	        0.0002910808	        0.0006450126	        0.0201486219	        0.0251260285	        0.0666666667	        0.0018529894	        0.0010981641
        0.0497646022	        0.5271380507	        0.8257904430	        0.3977371138	        0.0000000000	        0.0000000000	        0.0020893462	        0.0003779708	        0.0007205806	        0.0204439942	        0.0232153682	        0.0666666667	        0.0019473495	        0.0010525016
        0.0566018496	        0.5501578851	        0.8137612853	        0.3490698221	        0.0000000000	        0.0000000000	        0.0023606458	        0.0004903515	        0.0007910353	        0.0206650879	        0.0213959210	        0.0666666667	        0.0020029437	        0.0009861654
        0.0642629411	        0.5732722671	        0.8024486981	        0.3034006428	        0.0000000000	        0.0000000000	        0.0026413787	        0.0006346037	        0.0008536154	        0.0208222692	        0.0196722321	        0.0666666667	        0.0020207361	        0.0009045956
        0.0728392004	        0.5965902809	        0.7919629039	        0.2614162304	        0.0000000000	        0.0000000000	        0.0029306219	        0.0008180135	        0.0009065172	        0.0209230459	        0.0180458570	        0.0666666667	        0.0020057902	        0.0008144763
        0.0824300053	        0.6202019512	        0.7823542993	        0.2235572962	        0.0000000000	        0.0000000000	        0.0032279300	        0.0010485620	        0.0009490431	        0.0209723357	        0.0165163516	        0.0666666667	        0.0019657843	        0.0007223205
        0.0931429507	        0.6441772707	        0.7736198880	        0.1899913575	        0.0000000000	        0.0000000000	        0.0035333217	        0.0013345157	        0.0009814836	        0.0209727505	        0.0150819767	        0.0666666667	        0.0019092430	        0.0006334181
        0.1050938490	        0.6685654310	        0.7657153256	        0.1606321273	        0.0000000000	        0.0000000000	        0.0038471519	        0.0016837746	        0.0010048365	        0.0209249056	        0.0137401799	        0.0666666667	        0.0018440794	        0.0005513636
        0.1184065179	        0.6933946384	        0.7585685975	        0.1352533888	        0.0000000000	        0.0000000000	        0.0041698715	        0.0021029705	        0.0010204828	        0.0208277595	        0.0124879084	        0.0666666667	        0.0017767407	        0.0004780959
        0.1332122955	        0.7186727913	        0.7520924498	        0.1135336194	        0.0000000000	        0.0000000000	        0.0045016981	        0.0025963592	        0.0010299087	        0.0206789821	        0.0113217973	        0.0666666667	        0.0017119398	        0.0004142368
        0.1496492201	        0.7443890735	        0.7461940758	        0.0950650792	        0.0000000000	        0.0000000000	        0.0048422494	        0.0031646242	        0.0010345184	        0.0204753347	        0.0102382730	        0.0666666667	        0.0016527879	        0.0003595187
        0.1678608015	        0.7705162508	        0.7407817092	        0.0794440228	        0.0000000000	        0.0000000000	        0.0051901985	        0.0038037746	        0.0010355338	        0.0202130365	        0.0092336043	        0.0666666667	        0.0016011234	        0.0003131688
        0.1879943127	        0.7970132405	        0.7357685455	        0.0662439034	        0.0000000000	        0.0000000000	        0.0055430046	        0.0045043530	        0.0010339629	        0.0198880922	        0.0083039295	        0.0666666667	        0.0015578830	        0.0002741951
        0.2101985296	        0.8238274489	        0.7310745706	        0.0550695480	        0.0000000000	        0.0000000000	        0.0058967496	        0.0052511477	        0.0010306125	        0.0194965652	        0.0074452807	        0.0666666667	        0.0015234306	        0.0002415713
        0.2346208557	        0.8508964593	        0.7266269558	        0.0456326161	        0.0000000000	        0.0000000000	        0.0062460818	        0.0060235167	        0.0010261106	        0.0190347960	        0.0066536141	        0.0666666667	        0.0014978120	        0.0002143407
        0.2614037844	        0.8781488440	        0.7223596008	        0.0376596908	        0.0000000000	        0.0000000000	        0.0065842496	        0.0067963066	        0.0010209344	        0.0184995800	        0.0059248527	        0.0666666667	        0.0014809349	        0.0001916648
        0.2906806794	        0.9055040711	        0.7182120841	        0.0309505988	        0.0000000000	        0.0000000000	        0.0069032028	        0.0075412246	        0.0010154394	        0.0178883272	        0.0052549368	        0.0666666667	        0.0014726888	        0.0001728378
        0.3225708876	        0.9328716018	        0.7141283118	        0.0253771708	        0.0000000000	        0.0000000000	        0.0071937539	        0.0082284426	        0.0010098702	        0.0171992301	        0.0046398805	        0.0666666667	        0.0014730183	        0.0001572826
        0.3571742551	        0.9601492808	        0.7100549945	        0.0207244288	        0.0000000000	        0.0000000000	        0.0074458089	        0.0088282103	        0.0010043897	        0.0164314644	        0.0040758297	        0.0666666667	        0.0014819687	        0.0001445384
        0.3945651751	        0.9872210436	        0.7059397553	        0.0167931235	        0.0000000000	        0.0000000000	        0.0076486963	        0.0093123334	        0.0009991151	        0.0155854479	        0.0035591226	        0.0666666667	        0.0014997121	        0.0001342460
        0.4347863703	        1.0139538049	        0.7017289276	        0.0134181224	        0.0000000000	        0.0000000000	        0.0077916377	        0.0096555189	        0.0009941306	        0.0146631895	        0.0030863536	        0.0666666667	        0.0015265635	        0.0001261331
        0.4778426900	        1.0401931710	        0.6973649706	        0.0103773547	        0.0000000000	        0.0000000000	        0.0078644142	        0.0098367298	        0.0009895114	        0.0136687751	        0.0026544489	        0.0666666667	        0.0015629881	        0.0001200018
        0.5236952751	        1.0657573132	        0.6927831766	        0.0075692619	        0.0000000000	        0.0000000000	        0.0078583058	        0.0098408087	        0.0009853209	        0.0126090709	        0.0022607637	        0.0666666667	        0.0016095970	        0.0001157182
        0.5722565058	        1.0904278944	        0.6879079109	        0.0048296517	        0.0000000000	        0.0000000000	        0.0077674136	        0.0096606443	        0.0009816027	        0.0114947764	        0.0019032184	        0.0666666667	        0.0016671188	        0.0001132028
        0.6233861842	        1.1139363483	        0.6826480744	        0.0020048062	        0.0000000000	        0.0000000000	        0.0075905386	        0.0093001077	        0.0009783872	        0.0103420439	        0.0015805008	        0.0666666667	        0.0017363156	        0.0001124212
        0.6768894010	        1.1359432574	        0.6768925487	       -0.0011575929	        0.0000000000	        0.0000000000	        0.0073338465	        0.0087778701	        0.0009757031	        0.0091749726	        0.0012923625	        0.0666666667	        0.0018177771	        0.0001133701
        0.7325164896	        1.1560090483	        0.6705074599	       -0.0047779835	        0.0000000000	        0.0000000000	        0.0070144852	        0.0081319731	        0.0009735575	        0.0080292820	        0.0010400263	        0.0666666667	        0.0019114729	        0.0001160511
        0.7899653716	        1.1735590621	        0.6633420735	       -0.0090215728	        0.0000000000	        0.0000000000	        0.0066646367	        0.0074242257	        0.0009720094	        0.0069569717	        0.0008266387	        0.0666666667	        0.0020158936	        0.0001204251
        0.8488864424	        1.1878627385	        0.6552556316	       -0.0139343587	        0.0000000000	        0.0000000000	        0.0063330725	        0.0067411833	        0.0009715932	        0.0060298782	        0.0006574733	        0.0666666667	        0.0021267042	        0.0001263408
        0.9088899606	        1.1980787509	        0.6461821522	       -0.0197567038	        0.0000000000	        0.0000000000	        0.0060770549	        0.0061844943	        0.0009742450	        0.0053361481	        0.0005392728	        0.0666666667	        0.0022354209	        0.0001334641
        0.9695556872	        1.2034244652	        0.6362238791	       -0.0264223552	        0.0000000000	        0.0000000000	        0.0059407507	        0.0058446457	        0.0009835006	        0.0049620302	        0.0004783387	        0.0666666667	        0.0023298634	        0.0001412829
        1.0304443128	        1.2034244652	        0.6257027733	       -0.0335839295	        0.0000000000	        0.0000000000	        0.0059407507	        0.0057691873	        0.0010024049	        0.0049620302	        0.0004783387	        0.0666666667	        0.0023983655	        0.0001492662
        1.0911100394	        1.1980787509	        0.6150778473	       -0.0409112047	        0.0000000000	        0.0000000000	        0.0060770549	        0.0059500630	        0.0010314393	        0.0053361481	        0.0005392728	        0.0666666667	        0.0024360503	        0.0001571291
        1.1511135576	        1.1878627385	        0.6047598687	       -0.0483876830	        0.0000000000	        0.0000000000	        0.0063330725	        0.0063276130	        0.0010682996	        0.0060298782	        0.0006574733	        0.0666666667	        0.0024472588	        0.0001650095
        1.2100346284	        1.1735590621	        0.5949767329	       -0.0558755866	        0.0000000000	        0.0000000000	        0.0066646367	        0.0068092113	        0.0011096543	        0.0069569717	        0.0008266387	        0.0666666667	        0.0024419166	        0.0001734159
        1.2674835104	        1.1560090483	        0.5857756162	       -0.0631702482	        0.0000000000	        0.0000000000	        0.0070144852	        0.0073015752	        0.0011533068	        0.0080292820	        0.0010400263	        0.0666666667	        0.0024303297	        0.0001830227
        1.3231105990	        1.1359432574	        0.5770988070	       -0.0701377139	        0.0000000000	        0.0000000000	        0.0073338465	        0.0077331290	        0.0011983020	        0.0091749726	        0.0012923625	        0.0666666667	        0.0024204530	        0.0001945012
        1.3766138158	        1.1139363483	        0.5688508315	       -0.0770249057	        0.0000000000	        0.0000000000	        0.0075905386	        0.0080589120	        0.0012442425	        0.0103420439	        0.0015805008	        0.0666666667	        0.0024176310	        0.0002084649
        1.4277434942	        1.0904278944	        0.5609327311	       -0.0841138125	        0.0000000000	        0.0000000000	        0.0077674136	        0.0082560178	        0.0012909160	        0.0114947764	        0.0019032184	        0.0666666667	        0.0024252967	        0.0002254896
        1.4763047249	        1.0657573132	        0.5532543796	       -0.0916488965	        0.0000000000	        0.0000000000	        0.0078583058	        0.0083170752	        0.0013381403	        0.0126090709	        0.0022607637	        0.0666666667	        0.0024457016	        0.0002461548
        1.5221573100	        1.0401931710	        0.5457363472	       -0.0994801236	        0.0000000000	        0.0000000000	        0.0078644142	        0.0082447496	        0.0013856328	        0.0136687751	        0.0026544489	        0.0666666667	        0.0024804325	        0.0002710854
        1.5652136297	        1.0139538049	        0.5383086394	       -0.1077887058	        0.0000000000	        0.0000000000	        0.0077916377	        0.0080478569	        0.0014330032	        0.0146631895	        0.0030863536	        0.0666666667	        0.0025307432	        0.0003009906
        1.6054348249	        0.9872210436	        0.5309069904	       -0.1168572826	        0.0000000000	        0.0000000000	        0.0076486963	        0.0077389427	        0.0014798738	        0.0155854479	        0.0035591226	        0.0666666667	        0.0025977600	        0.0003367024
        1.6428257449	        0.9601492808	        0.5234689116	       -0.1268308014	        0.0000000000	        0.0000000000	        0.0074458089	        0.0073329804	        0.0015258599	        0.0164314644	        0.0040758297	        0.0666666667	        0.0026825980	        0.0003792137
        1.6774291124	        0.9328716018	        0.5159304367	       -0.1377438108	        0.0000000000	        0.0000000000	        0.0071937539	        0.0068467621	        0.0015705026	        0.0171992301	        0.0046398805	        0.0666666667	        0.0027864212	        0.0004297184
        1.7093193206	        0.9055040711	        0.5082234447	       -0.1497133681	        0.0000000000	        0.0000000000	        0.0069032028	        0.0062985758	        0.0016132539	        0.0178883272	        0.0052549368	        0.0666666667	        0.0029104678	        0.0004896542
        1.7385962156	        0.8781488440	        0.5002731651	       -0.1628801243	        0.0000000000	        0.0000000000	        0.0065842496	        0.0057078440	        0.0016534817	        0.0184995800	        0.0059248527	        0.0666666667	        0.0030560384	        0.0005607468
        1.7653791443	        0.8508964593	        0.4919960083	       -0.1775102083	        0.0000000000	        0.0000000000	        0.0062460818	        0.0050945286	        0.0016904651	        0.0190347960	        0.0066536141	        0.0666666667	        0.0032244314	        0.0006450488
        1.7898014704	        0.8238274489	        0.4832976076	       -0.1938957873	        0.0000000000	        0.0000000000	        0.0058967496	        0.0044782555	        0.0017233729	        0.0194965652	        0.0074452807	        0.0666666667	        0.0034167981	        0.0007449595
        1.8120056873	        0.7970132405	        0.4740713484	       -0.2123228245	        0.0000000000	        0.0000000000	        0.0055430046	        0.0038772507	        0.0017512088	        0.0198880922	        0.0083039295	        0.0666666667	        0.0036338840	        0.0008632031
        1.8321391985	        0.7705162508	        0.4641976353	       -0.2331789598	        0.0000000000	        0.0000000000	        0.0051901985	        0.0033072675	        0.0017727612	        0.0202130365	        0.0092336043	        0.0666666667	        0.0038756157	        0.0010027330
        1.8503507799	        0.7443890735	        0.4535441549	       -0.2568559708	        0.0000000000	        0.0000000000	        0.0048422494	        0.0027807135	        0.0017865543	        0.0204753347	        0.0102382730	        0.0666666667	        0.0041404916	        0.0011665091
        1.8667877045	        0.7186727913	        0.4419678660	       -0.2837321862	        0.0000000000	        0.0000000000	        0.0045016981	        0.0023061410	        0.0017908039	        0.0206789821	        0.0113217973	        0.0666666667	        0.0044247578	        0.0013570866
        1.8815934821	        0.6933946384	        0.4293195538	       -0.3140825056	        0.0000000000	        0.0000000000	        0.0041698715	        0.0018881770	        0.0017834138	        0.0208277595	        0.0124879084	        0.0666666667	        0.0047213974	        0.0015759503
        1.8949061510	        0.6685654310	        0.4154520057	       -0.3481544248	        0.0000000000	        0.0000000000	        0.0038471519	        0.0015278613	        0.0017620560	        0.0209249056	        0.0137401799	        0.0666666667	        0.0050190754	        0.0018225616
        1.9068570493	        0.6441772707	        0.4002326134	       -0.3862210895	        0.0000000000	        0.0000000000	        0.0035333217	        0.0012232866	        0.0017243817	        0.0209727505	        0.0150819767	        0.0666666667	        0.0053013355	        0.0020931745
        1.9175699947	        0.6202019512	        0.3835606981	       -0.4276788102	        0.0000000000	        0.0000000000	        0.0032279300	        0.0009703892	        0.0016683378	        0.0209723357	        0.0165163516	        0.0666666667	        0.0055465361	        0.0023796454
        1.9271607996	        0.5965902809	        0.3653894991	       -0.4722074971	        0.0000000000	        0.0000000000	        0.0029306219	        0.0007637507	        0.0015926539	        0.0209230459	        0.0180458570	        0.0666666667	        0.0057291335	        0.0026686993
        1.9357370589	        0.5732722671	        0.3457487304	       -0.5192677786	        0.0000000000	        0.0000000000	        0.0026413787	        0.0005973061	        0.0014974168	        0.0208222692	        0.0196722321	        0.0666666667	        0.0058227692	        0.0029422927
        1.9433981504	        0.5501578851	        0.3247629038	       -0.5671530899	        0.0000000000	        0.0000000000	        0.0023606458	        0.0004649037	        0.0013844812	        0.0206650879	        0.0213959210	        0.0666666667	        0.0058050148	        0.0031796062
        1.9502353978	        0.5271380507	        0.3026594705	       -0.6154717717	        0.0000000000	        0.0000000000	        0.0020893462	        0.0003607002	        0.0012576175	        0.0204439942	        0.0232153682	        0.0666666667	        0.0056627183	        0.0033606827
        1.9563323538	        0.5040854316	        0.2797592181	       -0.6624731939	        0.0000000000	        0.0000000000	        0.0018288060	        0.0002794046	        0.0011221687	        0.0201486219	        0.0251260285	        0.0666666667	        0.0053960551	        0.0034708087
        1.9617651675	        0.4808548710	        0.2564497789	       -0.7074693036	        0.0000000000	        0.0000000000	        0.0015806222	        0.0002163988	        0.0009842375	        0.0197655042	        0.0271190193	        0.0666666667	        0.0050194502	        0.0035040358
        1.9666030060	        0.4572834229	        0.2331454081	       -0.7495394426	        0.0000000000	        0.0000000000	        0.0013465133	        0.0001677667	        0.0008496570	        0.0192778995	        0.0291793617	        0.0666666667	        0.0045587636	        0.0034643943
        1.9709085097	        0.4331903702	        0.2102436651	       -0.7878003374	        0.0000000000	        0.0000000000	        0.0011281802	        0.0001302643	        0.0007230458	        0.0186658014	        0.0312838227	        0.0666666667	        0.0040458332	        0.0033644069
        1.9747382607	        0.4083781970	        0.1880891674	       -0.8225068712	        0.0000000000	        0.0000000000	        0.0009271996	        0.0001012562	        0.0006072694	        0.0179063719	        0.0333985825	        0.0666666667	        0.0035125434	        0.0032218187
        1.9781432525	        0.3826365400	        0.1669509585	       -0.8537066495	        0.0000000000	        0.0000000000	        0.0007449576	        0.0000786422	        0.0005033965	        0.0169752370	        0.0354774602	        0.0666666667	        0.0029863396	        0.0030560538
        1.9811693494	        0.3557529294	        0.1470158149	       -0.8813734313	        0.0000000000	        0.0000000000	        0.0005826204	        0.0000607886	        0.0004110834	        0.0158493774	        0.0374625293	        0.0666666667	        0.0024880131	        0.0028856050
        1.9838577298	        0.3275367987	        0.1283945610	       -0.9055092863	        0.0000000000	        0.0000000000	        0.0004411220	        0.0000464699	        0.0003292274	        0.0145126288	        0.0392910001	        0.0666666667	        0.0020314852	        0.0027267838
        1.9862453073	        0.2978659678	        0.1111363840	       -0.9264908932	        0.0000000000	        0.0000000000	        0.0003211357	        0.0000348237	        0.0002566949	        0.0129647029	        0.0409147805	        0.0666666667	        0.0016247772	        0.0025935027
        1.9883651267	        0.2667639336	        0.0952460145	       -0.9448511856	        0.0000000000	        0.0000000000	        0.0002229920	        0.0000253071	        0.0001929467	        0.0112332177	        0.0423352103	        0.0666666667	        0.0012713649	        0.0024970346
        1.9902467340	        0.2345020715	        0.0806995266	       -0.9609598363	        0.0000000000	        0.0000000000	        0.0001464817	        0.0000176336	        0.0001383116	        0.0093842219	        0.0436324596	        0.0666666667	        0.0009713986	        0.0024450877
        1.9919165179	        0.2016769243	        0.0674553312	       -0.9750438222	        0.0000000000	        0.0000000000	        0.0000903867	        0.0000116553	        0.0000935733	        0.0075208414	        0.0449859518	        0.0666666667	        0.0007225917	        0.0024428129
        1.9933980257	        0.1691643838	        0.0554591331	       -0.9873215140	        0.0000000000	        0.0000000000	        0.0000520574	        0.0000072292	        0.0000591219	        0.0057608662	        0.0467401470	        0.0666666667	        0.0005208967	        0.0024967369
        1.9947122508	        0.1379114412	        0.0446452294	       -0.9980048334	        0.0000000000	        0.0000000000	        0.0000277547	        0.0000041526	        0.0000344452	        0.0042019825	        0.0494537213	        0.0666666667	        0.0003611710	        0.0026173508
        1.9958778967	        0.1086846470	        0.0349376495	       -1.0072913469	        0.0000000000	        0.0000000000	        0.0000135093	        0.0000021677	        0.0000181707	        0.0028986814	        0.0538633875	        0.0666666667	        0.0002378454	        0.0028202100
        1.9969116151	        0.0819334210	        0.0262527079	       -1.0153604942	        0.0000000000	        0.0000000000	        0.0000058454	        0.0000009969	        0.0000084209	        0.0018630630	        0.0608721753	        0.0666666667	        0.0001454899	        0.0031293044
        1.9978282231	        0.0578036690	        0.0185026750	       -1.0223723852	        0.0000000000	        0.0000000000	        0.0000021284	        0.0000003813	        0.0000032385	        0.0010804019	        0.0716656608	        0.0666666667	        0.0000792054	        0.0035865364
        1.9986408981	        0.0362309117	        0.0115996238	       -1.0284681259	        0.0000000000	        0.0000000000	        0.0000005747	        0.0000001069	        0.0000009113	        0.0005253479	        0.0879434438	        0.0666666667	        0.0000348491	        0.0042767498
        1.9993613540	        0.0170373121	        0.0054586370	       -1.0337709976	        0.0000000000	        0.0000000000	        0.0000000781	        0.0000000150	        0.0000001286	        0.0001722987	        0.1120559826	        0.0666666667	        0.0000091676	        0.0054097885
        2.0000000000	        0.0000000000	        0.0000000000	       -1.0383880573	        0.0000000000	        0.0000000000	        0.0000000000	        0.0000000000	        0.0000000000	        0.0000000000	        0.1456678667	        0.0000000000	        0.0000000000	        0.0077506485
