        0.0000000000	        0.0000000000	        1.0000000000	        7.4793462837	        0.0000000000	        0.0000000000	        0.0000000000	        0.0000000000	        0.0000000000	        0.0000000000	        0.1456678667	        0.0000000000	        0.0000000000	        0.0266227984
        0.0006386460	        0.0170373121	        0.9948496601	        6.9413002515	        0.0000000000	        0.0000000000	        0.0000000781	        0.0000000015	        0.0000000120	        0.0001722987	        0.1120559826	        0.0666666667	        0.0000314900	        0.0184942471
        0.0013591019	        0.0362309117	        0.9891519644	        6.3732754848	        0.0000000000	        0.0000000000	        0.0000005747	        0.0000000125	        0.0000000976	        0.0005253479	        0.0879434438	        0.0666666667	        0.0001194756	        0.0144624410
        0.0021717769	        0.0578036690	        0.9828566147	        5.7799908901	        0.0000000000	        0.0000000000	        0.0000021284	        0.0000000459	        0.0000003525	        0.0010804019	        0.0716656608	        0.0666666667	        0.0002709239	        0.0118915019
        0.0030883849	        0.0819334210	        0.9759087705	        5.1681709464	        0.0000000000	        0.0000000000	        0.0000058454	        0.0000001258	        0.0000009449	        0.0018630630	        0.0608721753	        0.0666666667	        0.0004963155	        0.0100508790
        0.0041221033	        0.1086846470	        0.9682483868	        4.5467767429	        0.0000000000	        0.0000000000	        0.0000135093	        0.0000003035	        0.0000022271	        0.0028986814	        0.0538633875	        0.0666666667	        0.0008090722	        0.0086398742
        0.0052877492	        0.1379114412	        0.9598100060	        3.9270845715	        0.0000000000	        0.0000000000	        0.0000277547	        0.0000006926	        0.0000049618	        0.0042019825	        0.0494537213	        0.0666666667	        0.0012254653	        0.0075073208
        0.0066019743	        0.1691643838	        0.9505240738	        3.3224691620	        0.0000000000	        0.0000000000	        0.0000520574	        0.0000015343	        0.0000107204	        0.0057608662	        0.0467401470	        0.0666666667	        0.0017644997	        0.0065675392
        0.0080834821	        0.2016769243	        0.9403217880	        2.7476663092	        0.0000000000	        0.0000000000	        0.0000903867	        0.0000033029	        0.0000224589	        0.0075208414	        0.0449859518	        0.0666666667	        0.0024473445	        0.0057694622
        0.0097532660	        0.2345020715	        0.9291463985	        2.2171671738	        0.0000000000	        0.0000000000	        0.0001464817	        0.0000068441	        0.0000451008	        0.0093842219	        0.0436324596	        0.0666666667	        0.0032956786	        0.0050848593
        0.0116348733	        0.2667639336	        0.9169736726	        1.7422161453	        0.0000000000	        0.0000000000	        0.0002229920	        0.0000135174	        0.0000856842	        0.0112332177	        0.0423352103	        0.0666666667	        0.0043281235	        0.0045016401
        0.0137546927	        0.2978659678	        0.9038411242	        1.3272513510	        0.0000000000	        0.0000000000	        0.0003211357	        0.0000253006	        0.0001524389	        0.0129647029	        0.0409147805	        0.0666666667	        0.0055541275	        0.0040131888
        0.0161422702	        0.3275367987	        0.8898787644	        0.9766460072	        0.0000000000	        0.0000000000	        0.0004411220	        0.0000448448	        0.0002524844	        0.0145126288	        0.0392910001	        0.0666666667	        0.0069657411	        0.0036076343
        0.0188306506	        0.3557529294	        0.8753280431	        0.6886947443	        0.0000000000	        0.0000000000	        0.0005826204	        0.0000755212	        0.0003887223	        0.0158493774	        0.0374625293	        0.0666666667	        0.0085299809	        0.0032664668
        0.0218567475	        0.3826365400	        0.8605320848	        0.4588672329	        0.0000000000	        0.0000000000	        0.0007449576	        0.0001215149	        0.0005574547	        0.0169752370	        0.0354774602	        0.0666666667	        0.0101868741	        0.0029687411
        0.0252617393	        0.4083781970	        0.8458915748	        0.2820532920	        0.0000000000	        0.0000000000	        0.0009271996	        0.0001880294	        0.0007484265	        0.0179063719	        0.0333985825	        0.0666666667	        0.0118575154	        0.0026958316
        0.0290914903	        0.4331903702	        0.8317992705	        0.1503367429	        0.0000000000	        0.0000000000	        0.0011281802	        0.0002815932	        0.0009475584	        0.0186658014	        0.0312838227	        0.0666666667	        0.0134608751	        0.0024356536
        0.0333969940	        0.4572834229	        0.8185767465	        0.0533369272	        0.0000000000	        0.0000000000	        0.0013465133	        0.0004103613	        0.0011408800	        0.0192778995	        0.0291793617	        0.0666666667	        0.0149318568	        0.0021843395
        0.0382348325	        0.4808548710	        0.8064342501	       -0.0177607079	        0.0000000000	        0.0000000000	        0.0015806222	        0.0005842898	        0.0013177556	        0.0197655042	        0.0271190193	        0.0666666667	        0.0162322569	        0.0019444512
        0.0436676462	        0.5040854316	        0.7954626993	       -0.0710993961	        0.0000000000	        0.0000000000	        0.0018288060	        0.0008151202	        0.0014723568	        0.0201486219	        0.0251260285	        0.0666666667	        0.0173514003	        0.0017212800
        0.0497646022	        0.5271380507	        0.7856516479	       -0.1131881867	        0.0000000000	        0.0000000000	        0.0020893462	        0.0011161706	        0.0016034425	        0.0204439942	        0.0232153682	        0.0666666667	        0.0182992638	        0.0015195619
        0.0566018496	        0.5501578851	        0.7769201798	       -0.1484256017	        0.0000000000	        0.0000000000	        0.0023606458	        0.0015019495	        0.0017131020	        0.0206650879	        0.0213959210	        0.0666666667	        0.0190972899	        0.0013418386
        0.0642629411	        0.5732722671	        0.7691482690	       -0.1793355345	        0.0000000000	        0.0000000000	        0.0026413787	        0.0019875950	        0.0018052492	        0.0208222692	        0.0196722321	        0.0666666667	        0.0197707520	        0.0011883202
        0.0728392004	        0.5965902809	        0.7622013289	       -0.2069069184	        0.0000000000	        0.0000000000	        0.0029306219	        0.0025881251	        0.0018843894	        0.0209230459	        0.0180458570	        0.0666666667	        0.0203440133	        0.0010575149
        0.0824300053	        0.6202019512	        0.7559461131	       -0.2310807800	        0.0000000000	        0.0000000000	        0.0032279300	        0.0033174751	        0.0019548248	        0.0209723357	        0.0165163516	        0.0666666667	        0.0208383214	        0.0009470019
        0.0931429507	        0.6441772707	        0.7502592727	       -0.2512302950	        0.0000000000	        0.0000000000	        0.0035333217	        0.0041873134	        0.0020202402	        0.0209727505	        0.0150819767	        0.0666666667	        0.0212712272	        0.0008540419
        0.1050938490	        0.6685654310	        0.7450308381	       -0.2664971365	        0.0000000000	        0.0000000000	        0.0038471519	        0.0052056575	        0.0020835383	        0.0209249056	        0.0137401799	        0.0666666667	        0.0216568303	        0.0007759603
        0.1184065179	        0.6933946384	        0.7401646944	       -0.2760478959	        0.0000000000	        0.0000000000	        0.0041698715	        0.0063753549	        0.0021468048	        0.0208277595	        0.0124879084	        0.0666666667	        0.0220063370	        0.0007103436
        0.1332122955	        0.7186727913	        0.7355775151	       -0.2793460163	        0.0000000000	        0.0000000000	        0.0045016981	        0.0076925500	        0.0022113412	        0.0206789821	        0.0113217973	        0.0666666667	        0.0223286689	        0.0006551144
        0.1496492201	        0.7443890735	        0.7311970185	       -0.2762104857	        0.0000000000	        0.0000000000	        0.0048422494	        0.0091452969	        0.0022777307	        0.0204753347	        0.0102382730	        0.0666666667	        0.0226310086	        0.0006085371
        0.1678608015	        0.7705162508	        0.7269600499	       -0.2667894819	        0.0000000000	        0.0000000000	        0.0051901985	        0.0107125108	        0.0023459124	        0.0202130365	        0.0092336043	        0.0666666667	        0.0229192504	        0.0005691904
        0.1879943127	        0.7970132405	        0.7228107421	       -0.2519084945	        0.0000000000	        0.0000000000	        0.0055430046	        0.0123634384	        0.0024153034	        0.0198880922	        0.0083039295	        0.0666666667	        0.0231983598	        0.0005359277
        0.2101985296	        0.8238274489	        0.7186986978	       -0.2329632929	        0.0000000000	        0.0000000000	        0.0058967496	        0.0140577964	        0.0024849901	        0.0194965652	        0.0074452807	        0.0666666667	        0.0234726569	        0.0005078361
        0.2346208557	        0.8508964593	        0.7145771763	       -0.2112908156	        0.0000000000	        0.0000000000	        0.0062460818	        0.0157466624	        0.0025538884	        0.0190347960	        0.0066536141	        0.0666666667	        0.0237460398	        0.0004841990
        0.2614037844	        0.8781488440	        0.7104014278	       -0.1878238633	        0.0000000000	        0.0000000000	        0.0065842496	        0.0173741286	        0.0026207988	        0.0184995800	        0.0059248527	        0.0666666667	        0.0240221649	        0.0004644633
        0.2906806794	        0.9055040711	        0.7061272429	       -0.1635226444	        0.0000000000	        0.0000000000	        0.0069032028	        0.0188796474	        0.0026844642	        0.0178883272	        0.0052549368	        0.0666666667	        0.0243045988	        0.0004482148
        0.3225708876	        0.9328716018	        0.7017094328	       -0.1401075067	        0.0000000000	        0.0000000000	        0.0071937539	        0.0202009379	        0.0027438294	        0.0171992301	        0.0046398805	        0.0666666667	        0.0245969539	        0.0004351570
        0.3571742551	        0.9601492808	        0.6970996310	       -0.1189374837	        0.0000000000	        0.0000000000	        0.0074458089	        0.0212772925	        0.0027982879	        0.0164314644	        0.0040758297	        0.0666666667	        0.0249030123	        0.0004250976
        0.3945651751	        0.9872210436	        0.6922437101	       -0.0998027602	        0.0000000000	        0.0000000000	        0.0076486963	        0.0220531329	        0.0028474717	        0.0155854479	        0.0035591226	        0.0666666667	        0.0252268362	        0.0004179364
        0.4347863703	        1.0139538049	        0.6870795323	       -0.0825152677	        0.0000000000	        0.0000000000	        0.0077916377	        0.0224816791	        0.0028910098	        0.0146631895	        0.0030863536	        0.0666666667	        0.0255728702	        0.0004136590
        0.4778426900	        1.0401931710	        0.6815340372	       -0.0672305150	        0.0000000000	        0.0000000000	        0.0078644142	        0.0225286655	        0.0029286144	        0.0136687751	        0.0026544489	        0.0666666667	        0.0259460365	        0.0004123331
        0.5236952751	        1.0657573132	        0.6755191160	       -0.0547618063	        0.0000000000	        0.0000000000	        0.0078583058	        0.0221761536	        0.0029603530	        0.0126090709	        0.0022607637	        0.0666666667	        0.0263517981	        0.0004141070
        0.5722565058	        1.0904278944	        0.6689254474	       -0.0456972185	        0.0000000000	        0.0000000000	        0.0077674136	        0.0214266407	        0.0029867938	        0.0114947764	        0.0019032184	        0.0666666667	        0.0267961235	        0.0004192080
        0.6233861842	        1.1139363483	        0.6616148004	       -0.0401929652	        0.0000000000	        0.0000000000	        0.0075905386	        0.0203078222	        0.0030088204	        0.0103420439	        0.0015805008	        0.0666666667	        0.0272852040	        0.0004279328
        0.6768894010	        1.1359432574	        0.6534119794	       -0.0377004092	        0.0000000000	        0.0000000000	        0.0073338465	        0.0188784766	        0.0030271681	        0.0091749726	        0.0012923625	        0.0666666667	        0.0278246281	        0.0004406193
        0.7325164896	        1.1560090483	        0.6441009466	       -0.0389747523	        0.0000000000	        0.0000000000	        0.0070144852	        0.0172357683	        0.0030424388	        0.0080292820	        0.0010400263	        0.0666666667	        0.0284174521	        0.0004575762
        0.7899653716	        1.1735590621	        0.6334326891	       -0.0420413989	        0.0000000000	        0.0000000000	        0.0066646367	        0.0155229716	        0.0030545783	        0.0069569717	        0.0008266387	        0.0666666667	        0.0290602076	        0.0004789256
        0.8488864424	        1.1878627385	        0.6211775469	       -0.0482556418	        0.0000000000	        0.0000000000	        0.0063330725	        0.0139319617	        0.0030643679	        0.0060298782	        0.0006574733	        0.0666666667	        0.0297360675	        0.0005043179
        0.9088899606	        1.1980787509	        0.6072450953	       -0.0578107238	        0.0000000000	        0.0000000000	        0.0060770549	        0.0126859266	        0.0030772582	        0.0053361481	        0.0005392728	        0.0666666667	        0.0304068531	        0.0005325588
        0.9695556872	        1.2034244652	        0.5918715474	       -0.0709300749	        0.0000000000	        0.0000000000	        0.0059407507	        0.0119861937	        0.0031140878	        0.0049620302	        0.0004783387	        0.0666666667	        0.0310125053	        0.0005614564
        1.0304443128	        1.2034244652	        0.5756259669	       -0.0870553526	        0.0000000000	        0.0000000000	        0.0059407507	        0.0117980684	        0.0031657310	        0.0049620302	        0.0004783387	        0.0666666667	        0.0314909553	        0.0005884449
        1.0911100394	        1.1980787509	        0.5592155140	       -0.1034807818	        0.0000000000	        0.0000000000	        0.0060770549	        0.0121056375	        0.0032334685	        0.0053361481	        0.0005392728	        0.0666666667	        0.0318068100	        0.0006117660
        1.1511135576	        1.1878627385	        0.5433562053	       -0.1182856791	        0.0000000000	        0.0000000000	        0.0063330725	        0.0129129970	        0.0033294746	        0.0060298782	        0.0006574733	        0.0666666667	        0.0319618761	        0.0006309916
        1.2100346284	        1.1735590621	        0.5285171225	       -0.1290033203	        0.0000000000	        0.0000000000	        0.0066646367	        0.0140126020	        0.0034319574	        0.0069569717	        0.0008266387	        0.0666666667	        0.0319872005	        0.0006469306
        1.2674835104	        1.1560090483	        0.5148246316	       -0.1336144372	        0.0000000000	        0.0000000000	        0.0070144852	        0.0151987575	        0.0035322957	        0.0080292820	        0.0010400263	        0.0666666667	        0.0319230537	        0.0006610402
        1.3231105990	        1.1359432574	        0.5022121518	       -0.1323881164	        0.0000000000	        0.0000000000	        0.0073338465	        0.0163103283	        0.0036259352	        0.0091749726	        0.0012923625	        0.0666666667	        0.0318028052	        0.0006746960
        1.3766138158	        1.1139363483	        0.4905434701	       -0.1248361423	        0.0000000000	        0.0000000000	        0.0075905386	        0.0172377482	        0.0037099521	        0.0103420439	        0.0015805008	        0.0666666667	        0.0316492198	        0.0006889330
        1.4277434942	        1.0904278944	        0.4796768303	       -0.1089256673	        0.0000000000	        0.0000000000	        0.0077674136	        0.0179141387	        0.0037810920	        0.0114947764	        0.0019032184	        0.0666666667	        0.0314763432	        0.0007044630
        1.4763047249	        1.0657573132	        0.4694901898	       -0.0871213446	        0.0000000000	        0.0000000000	        0.0078583058	        0.0183043992	        0.0038364653	        0.0126090709	        0.0022607637	        0.0666666667	        0.0312923795	        0.0007217760
        1.5221573100	        1.0401931710	        0.4598804847	       -0.0617435454	        0.0000000000	        0.0000000000	        0.0078644142	        0.0183966854	        0.0038749213	        0.0136687751	        0.0026544489	        0.0666666667	        0.0311019033	        0.0007412349
        1.5652136297	        1.0139538049	        0.4507587979	       -0.0318844093	        0.0000000000	        0.0000000000	        0.0077916377	        0.0181965219	        0.0038961012	        0.0146631895	        0.0030863536	        0.0666666667	        0.0309071884	        0.0007631383
        1.6054348249	        0.9872210436	        0.4420486006	        0.0044851291	        0.0000000000	        0.0000000000	        0.0076486963	        0.0177226760	        0.0038993529	        0.0155854479	        0.0035591226	        0.0666666667	        0.0307090019	        0.0007877622
        1.6428257449	        0.9601492808	        0.4336843717	        0.0485208432	        0.0000000000	        0.0000000000	        0.0074458089	        0.0170040034	        0.0038838292	        0.0164314644	        0.0040758297	        0.0666666667	        0.0305071242	        0.0008153957
        1.6774291124	        0.9328716018	        0.4256091730	        0.0993484704	        0.0000000000	        0.0000000000	        0.0071937539	        0.0160767913	        0.0038492061	        0.0171992301	        0.0046398805	        0.0666666667	        0.0303006858	        0.0008463724
        1.7093193206	        0.9055040711	        0.4177711142	        0.1572535431	        0.0000000000	        0.0000000000	        0.0069032028	        0.0149823538	        0.0037958211	        0.0178883272	        0.0052549368	        0.0666666667	        0.0300883474	        0.0008810970
        1.7385962156	        0.8781488440	        0.4101216695	        0.2231295050	        0.0000000000	        0.0000000000	        0.0065842496	        0.0137647382	        0.0037242443	        0.0184995800	        0.0059248527	        0.0666666667	        0.0298683739	        0.0009200704
        1.7653791443	        0.8508964593	        0.4026148268	        0.2960077239	        0.0000000000	        0.0000000000	        0.0062460818	        0.0124684942	        0.0036354152	        0.0190347960	        0.0066536141	        0.0666666667	        0.0296386609	        0.0009639184
        1.7898014704	        0.8238274489	        0.3952053442	        0.3734530046	        0.0000000000	        0.0000000000	        0.0058967496	        0.0111365726	        0.0035309963	        0.0194965652	        0.0074452807	        0.0666666667	        0.0293967217	        0.0010134252
        1.8120056873	        0.7970132405	        0.3878466714	        0.4504632442	        0.0000000000	        0.0000000000	        0.0055430046	        0.0098084633	        0.0034135892	        0.0198880922	        0.0083039295	        0.0666666667	        0.0291396196	        0.0010695705
        1.8321391985	        0.7705162508	        0.3804880157	        0.5224028370	        0.0000000000	        0.0000000000	        0.0051901985	        0.0085186860	        0.0032865498	        0.0202130365	        0.0092336043	        0.0666666667	        0.0288638313	        0.0011335703
        1.8503507799	        0.7443890735	        0.3730720533	        0.5847909647	        0.0000000000	        0.0000000000	        0.0048422494	        0.0072957157	        0.0031534471	        0.0204753347	        0.0102382730	        0.0666666667	        0.0285650351	        0.0012069180
        1.8667877045	        0.7186727913	        0.3655328018	        0.6332867854	        0.0000000000	        0.0000000000	        0.0045016981	        0.0061613880	        0.0030176478	        0.0206789821	        0.0113217973	        0.0666666667	        0.0282378262	        0.0012914249
        1.8815934821	        0.6933946384	        0.3577934217	        0.6643157188	        0.0000000000	        0.0000000000	        0.0041698715	        0.0051307882	        0.0028819299	        0.0208277595	        0.0124879084	        0.0666666667	        0.0278753457	        0.0013892537
        1.8949061510	        0.6685654310	        0.3497641115	        0.6754297353	        0.0000000000	        0.0000000000	        0.0038471519	        0.0042125811	        0.0027481143	        0.0209249056	        0.0137401799	        0.0666666667	        0.0274688080	        0.0015029311
        1.9068570493	        0.6441772707	        0.3413402817	        0.6646146710	        0.0000000000	        0.0000000000	        0.0035333217	        0.0034096954	        0.0026168287	        0.0209727505	        0.0150819767	        0.0666666667	        0.0270069212	        0.0016353155
        1.9175699947	        0.6202019512	        0.3324010281	        0.6301175461	        0.0000000000	        0.0000000000	        0.0032279300	        0.0027202455	        0.0024873996	        0.0209723357	        0.0165163516	        0.0666666667	        0.0264752138	        0.0017894797
        1.9271607996	        0.5965902809	        0.3228085325	        0.5699519223	        0.0000000000	        0.0000000000	        0.0029306219	        0.0021385691	        0.0023578273	        0.0209230459	        0.0180458570	        0.0666666667	        0.0258553381	        0.0019684487
        1.9357370589	        0.5732722671	        0.3124093985	        0.4813013381	        0.0000000000	        0.0000000000	        0.0026413787	        0.0016562705	        0.0022248753	        0.0208222692	        0.0196722321	        0.0666666667	        0.0251245348	        0.0021747113
        1.9433981504	        0.5501578851	        0.3010395036	        0.3630432329	        0.0000000000	        0.0000000000	        0.0023606458	        0.0012631886	        0.0020842170	        0.0206650879	        0.0213959210	        0.0666666667	        0.0242556439	        0.0024094375
        1.9502353978	        0.5271380507	        0.2885356990	        0.2103768383	        0.0000000000	        0.0000000000	        0.0020893462	        0.0009482392	        0.0019309836	        0.0204439942	        0.0232153682	        0.0666666667	        0.0232183556	        0.0026714165
        1.9563323538	        0.5040854316	        0.2747545871	        0.0232850216	        0.0000000000	        0.0000000000	        0.0018288060	        0.0007001187	        0.0017606086	        0.0201486219	        0.0251260285	        0.0666666667	        0.0219826498	        0.0029559500
        1.9617651675	        0.4808548710	        0.2596022849	       -0.2015579258	        0.0000000000	        0.0000000000	        0.0015806222	        0.0005078692	        0.0015701586	        0.0197655042	        0.0271190193	        0.0666666667	        0.0205253196	        0.0032543252
        1.9666030060	        0.4572834229	        0.2430690499	       -0.4627542568	        0.0000000000	        0.0000000000	        0.0013465133	        0.0003613207	        0.0013599494	        0.0192778995	        0.0291793617	        0.0666666667	        0.0188395319	        0.0035548681
        1.9709085097	        0.4331903702	        0.2252629766	       -0.7562373415	        0.0000000000	        0.0000000000	        0.0011281802	        0.0002514126	        0.0011348303	        0.0186658014	        0.0312838227	        0.0666666667	        0.0169452188	        0.0038464445
        1.9747382607	        0.4083781970	        0.2064287977	       -1.0813658317	        0.0000000000	        0.0000000000	        0.0009271996	        0.0001703877	        0.0009046273	        0.0179063719	        0.0333985825	        0.0666666667	        0.0148955852	        0.0041241223
        1.9781432525	        0.3826365400	        0.1869376238	       -1.4365084329	        0.0000000000	        0.0000000000	        0.0007449576	        0.0001118404	        0.0006829599	        0.0169752370	        0.0354774602	        0.0666666667	        0.0127743294	        0.0043947201
        1.9811693494	        0.3557529294	        0.1672453907	       -1.8139986535	        0.0000000000	        0.0000000000	        0.0005826204	        0.0000706124	        0.0004843554	        0.0158493774	        0.0374625293	        0.0666666667	        0.0106815813	        0.0046788705
        1.9838577298	        0.3275367987	        0.1478291161	       -2.2022062523	        0.0000000000	        0.0000000000	        0.0004411220	        0.0000425696	        0.0003204927	        0.0145126288	        0.0392910001	        0.0666666667	        0.0087129201	        0.0050077667
        1.9862453073	        0.2978659678	        0.1291177097	       -2.5963518710	        0.0000000000	        0.0000000000	        0.0003211357	        0.0000243454	        0.0001970151	        0.0129647029	        0.0409147805	        0.0666666667	        0.0069404260	        0.0054161136
        1.9883651267	        0.2667639336	        0.1114371840	       -2.9950588057	        0.0000000000	        0.0000000000	        0.0002229920	        0.0000131549	        0.0001124652	        0.0112332177	        0.0423352103	        0.0666666667	        0.0054035194	        0.0059342240
        1.9902467340	        0.2345020715	        0.0949876897	       -3.3927229594	        0.0000000000	        0.0000000000	        0.0001464817	        0.0000067190	        0.0000598932	        0.0093842219	        0.0436324596	        0.0666666667	        0.0041111160	        0.0065813498
        1.9919165179	        0.2016769243	        0.0798539824	       -3.7808623234	        0.0000000000	        0.0000000000	        0.0000903867	        0.0000032633	        0.0000300516	        0.0075208414	        0.0449859518	        0.0666666667	        0.0030506460	        0.0073673982
        1.9933980257	        0.1691643838	        0.0660356073	       -4.1532222158	        0.0000000000	        0.0000000000	        0.0000520574	        0.0000015226	        0.0000143980	        0.0057608662	        0.0467401470	        0.0666666667	        0.0021981382	        0.0083072633
        1.9947122508	        0.1379114412	        0.0534801818	       -4.5057287068	        0.0000000000	        0.0000000000	        0.0000277547	        0.0000006894	        0.0000066670	        0.0042019825	        0.0494537213	        0.0666666667	        0.0015259063	        0.0094349011
        1.9958778967	        0.1086846470	        0.0421095433	       -4.8359578314	        0.0000000000	        0.0000000000	        0.0000135093	        0.0000003027	        0.0000029862	        0.0028986814	        0.0538633875	        0.0666666667	        0.0010070683	        0.0108121753
        1.9969116151	        0.0819334210	        0.0318361194	       -5.1427160253	        0.0000000000	        0.0000000000	        0.0000058454	        0.0000001257	        0.0000012619	        0.0018630630	        0.0608721753	        0.0666666667	        0.0006176134	        0.0125438959
        1.9978282231	        0.0578036690	        0.0225715089	       -5.4257111386	        0.0000000000	        0.0000000000	        0.0000021284	        0.0000000459	        0.0000004683	        0.0010804019	        0.0716656608	        0.0666666667	        0.0003370749	        0.0148164709
        1.9986408981	        0.0362309117	        0.0142303423	       -5.6852965901	        0.0000000000	        0.0000000000	        0.0000005747	        0.0000000124	        0.0000001289	        0.0005253479	        0.0879434438	        0.0666666667	        0.0001486289	        0.0180025540
        1.9993613540	        0.0170373121	        0.0067317811	       -5.9222741347	        0.0000000000	        0.0000000000	        0.0000000781	        0.0000000015	        0.0000000157	        0.0001722987	        0.1120559826	        0.0666666667	        0.0000391703	        0.0230097557
        2.0000000000	        0.0000000000	        0.0000000000	       -6.1377432660	        0.0000000000	        0.0000000000	        0.0000000000	        0.0000000000	        0.0000000000	        0.0000000000	        0.1456678667	        0.0000000000	        0.0000000000	        0.0331160168
