        0.0000000000	        0.0000000000	        1.0000000000	        7.4793462837	        0.0000000000	        0.0000000000	        0.0000000000	        0.0000000000	        0.0000000000	        0.0000000000	        0.1456678667	        0.0000000000	        0.0000000000	        0.0000596267
        0.0006386460	        0.0170373121	        0.9981174700	        6.9413002515	        0.0000000000	        0.0000000000	        0.0000000781	        0.0000000015	        0.0000000043	        0.0001722987	        0.1120559826	        0.0666666667	        0.0000000705	        0.0000415639
        0.0013591019	        0.0362309117	        0.9961066660	        6.3732754848	        0.0000000000	        0.0000000000	        0.0000005747	        0.0000000124	        0.0000000335	        0.0005253479	        0.0879434438	        0.0666666667	        0.0000002681	        0.0000328325
        0.0021717769	        0.0578036690	        0.9939704763	        5.7799908901	        0.0000000000	        0.0000000000	        0.0000021284	        0.0000000451	        0.0000001148	        0.0010804019	        0.0716656608	        0.0666666667	        0.0000006098	        0.0000275516
        0.0030883849	        0.0819334210	        0.9917136107	        5.1681709464	        0.0000000000	        0.0000000000	        0.0000058454	        0.0000001212	        0.0000002882	        0.0018630630	        0.0608721753	        0.0666666667	        0.0000011224	        0.0000241222
        0.0041221033	        0.1086846470	        0.9893422798	        4.5467767429	        0.0000000000	        0.0000000000	        0.0000135093	        0.0000002833	        0.0000006263	        0.0028986814	        0.0538633875	        0.0666666667	        0.0000018419	        0.0000219187
        0.0052877492	        0.1379114412	        0.9868636785	        3.9270845715	        0.0000000000	        0.0000000000	        0.0000277547	        0.0000006179	        0.0000012631	        0.0042019825	        0.0494537213	        0.0666666667	        0.0000028148	        0.0000206583
        0.0066019743	        0.1691643838	        0.9842853445	        3.3224691620	        0.0000000000	        0.0000000000	        0.0000520574	        0.0000012877	        0.0000024234	        0.0057608662	        0.0467401470	        0.0666666667	        0.0000040994	        0.0000202068
        0.0080834821	        0.2016769243	        0.9816145087	        2.7476663092	        0.0000000000	        0.0000000000	        0.0000903867	        0.0000025647	        0.0000044279	        0.0075208414	        0.0449859518	        0.0666666667	        0.0000057652	        0.0000204998
        0.0097532660	        0.2345020715	        0.9788575270	        2.2171671738	        0.0000000000	        0.0000000000	        0.0001464817	        0.0000048446	        0.0000076504	        0.0093842219	        0.0436324596	        0.0666666667	        0.0000078889	        0.0000215082
        0.0116348733	        0.2667639336	        0.9760193970	        1.7422161453	        0.0000000000	        0.0000000000	        0.0002229920	        0.0000086272	        0.0000124354	        0.0112332177	        0.0423352103	        0.0666666667	        0.0000105465	        0.0000232207
        0.0137546927	        0.2978659678	        0.9731032316	        1.3272513510	        0.0000000000	        0.0000000000	        0.0003211357	        0.0000144791	        0.0000190287	        0.0129647029	        0.0409147805	        0.0666666667	        0.0000138030	        0.0000256160
        0.0161422702	        0.3275367987	        0.9701093897	        0.9766460072	        0.0000000000	        0.0000000000	        0.0004411220	        0.0000230168	        0.0000275770	        0.0145126288	        0.0392910001	        0.0666666667	        0.0000177028	        0.0000286237
        0.0188306506	        0.3557529294	        0.9670355321	        0.6886947443	        0.0000000000	        0.0000000000	        0.0005826204	        0.0000349266	        0.0000381781	        0.0158493774	        0.0374625293	        0.0666666667	        0.0000222639	        0.0000321178
        0.0218567475	        0.3826365400	        0.9638771159	        0.4588672329	        0.0000000000	        0.0000000000	        0.0007449576	        0.0000509988	        0.0000509220	        0.0169752370	        0.0354774602	        0.0666666667	        0.0000274746	        0.0000359375
        0.0252617393	        0.4083781970	        0.9606285849	        0.2820532920	        0.0000000000	        0.0000000000	        0.0009271996	        0.0000721589	        0.0000658910	        0.0179063719	        0.0333985825	        0.0666666667	        0.0000332914	        0.0000399032
        0.0290914903	        0.4331903702	        0.9572855153	        0.1503367429	        0.0000000000	        0.0000000000	        0.0011281802	        0.0000994942	        0.0000831287	        0.0186658014	        0.0312838227	        0.0666666667	        0.0000396391	        0.0000438287
        0.0333969940	        0.4572834229	        0.9538464276	        0.0533369272	        0.0000000000	        0.0000000000	        0.0013465133	        0.0001342721	        0.0001026161	        0.0192778995	        0.0291793617	        0.0666666667	        0.0000464170	        0.0000475354
        0.0382348325	        0.4808548710	        0.9503129697	       -0.0177607079	        0.0000000000	        0.0000000000	        0.0015806222	        0.0001779488	        0.0001242713	        0.0197655042	        0.0271190193	        0.0666666667	        0.0000535127	        0.0000508731
        0.0436676462	        0.5040854316	        0.9466891893	       -0.0710993961	        0.0000000000	        0.0000000000	        0.0018288060	        0.0002321636	        0.0001479810	        0.0201486219	        0.0251260285	        0.0666666667	        0.0000608260	        0.0000537433
        0.0497646022	        0.5271380507	        0.9429793170	       -0.1131881867	        0.0000000000	        0.0000000000	        0.0020893462	        0.0002987132	        0.0001736713	        0.0204439942	        0.0232153682	        0.0666666667	        0.0000682981	        0.0000561180
        0.0566018496	        0.5501578851	        0.9391847266	       -0.1484256017	        0.0000000000	        0.0000000000	        0.0023606458	        0.0003795000	        0.0002013862	        0.0206650879	        0.0213959210	        0.0666666667	        0.0000759370	        0.0000580454
        0.0642629411	        0.5732722671	        0.9353010555	       -0.1793355345	        0.0000000000	        0.0000000000	        0.0026413787	        0.0004764528	        0.0002313401	        0.0208222692	        0.0196722321	        0.0666666667	        0.0000838295	        0.0000596375
        0.0728392004	        0.5965902809	        0.9313161579	       -0.2069069184	        0.0000000000	        0.0000000000	        0.0029306219	        0.0005914183	        0.0002639241	        0.0209230459	        0.0180458570	        0.0666666667	        0.0000921356	        0.0000610438
        0.0824300053	        0.6202019512	        0.9272092821	       -0.2310807800	        0.0000000000	        0.0000000000	        0.0032279300	        0.0007260286	        0.0002996587	        0.0209723357	        0.0165163516	        0.0666666667	        0.0001010673	        0.0000624189
        0.0931429507	        0.6441772707	        0.9229514244	       -0.2512302950	        0.0000000000	        0.0000000000	        0.0035333217	        0.0008815486	        0.0003391064	        0.0209727505	        0.0150819767	        0.0666666667	        0.0001108592	        0.0000638948
        0.1050938490	        0.6685654310	        0.9185065239	       -0.2664971365	        0.0000000000	        0.0000000000	        0.0038471519	        0.0010587110	        0.0003827615	        0.0209249056	        0.0137401799	        0.0666666667	        0.0001217378	        0.0000655615
        0.1184065179	        0.6933946384	        0.9138331394	       -0.2760478959	        0.0000000000	        0.0000000000	        0.0041698715	        0.0012575467	        0.0004309367	        0.0208277595	        0.0124879084	        0.0666666667	        0.0001338954	        0.0000674593
        0.1332122955	        0.7186727913	        0.9088862890	       -0.2793460163	        0.0000000000	        0.0000000000	        0.0045016981	        0.0014772169	        0.0004836683	        0.0206789821	        0.0113217973	        0.0666666667	        0.0001474703	        0.0000695791
        0.1496492201	        0.7443890735	        0.9036190927	       -0.2762104857	        0.0000000000	        0.0000000000	        0.0048422494	        0.0017158618	        0.0005406547	        0.0204753347	        0.0102382730	        0.0666666667	        0.0001625359	        0.0000718695
        0.1678608015	        0.7705162508	        0.8979841263	       -0.2667894819	        0.0000000000	        0.0000000000	        0.0051901985	        0.0019704823	        0.0006012238	        0.0202130365	        0.0092336043	        0.0666666667	        0.0001790979	        0.0000742487
        0.1879943127	        0.7970132405	        0.8919345345	       -0.2519084945	        0.0000000000	        0.0000000000	        0.0055430046	        0.0022368729	        0.0006643688	        0.0198880922	        0.0083039295	        0.0666666667	        0.0001971043	        0.0000766193
        0.2101985296	        0.8238274489	        0.8854242144	       -0.2329632929	        0.0000000000	        0.0000000000	        0.0058967496	        0.0025096248	        0.0007288705	        0.0194965652	        0.0074452807	        0.0666666667	        0.0002164675	        0.0000788857
        0.2346208557	        0.8508964593	        0.8784068913	       -0.2112908156	        0.0000000000	        0.0000000000	        0.0062460818	        0.0027822174	        0.0007934151	        0.0190347960	        0.0066536141	        0.0666666667	        0.0002370905	        0.0000809675
        0.2614037844	        0.8781488440	        0.8708350221	       -0.1878238633	        0.0000000000	        0.0000000000	        0.0065842496	        0.0030472060	        0.0008566294	        0.0184995800	        0.0059248527	        0.0666666667	        0.0002588918	        0.0000828072
        0.2906806794	        0.9055040711	        0.8626593126	       -0.1635226444	        0.0000000000	        0.0000000000	        0.0069032028	        0.0032964901	        0.0009171248	        0.0178883272	        0.0052549368	        0.0666666667	        0.0002818373	        0.0000843765
        0.3225708876	        0.9328716018	        0.8538278386	       -0.1401075067	        0.0000000000	        0.0000000000	        0.0071937539	        0.0035216334	        0.0009737313	        0.0171992301	        0.0046398805	        0.0666666667	        0.0003059989	        0.0000856873
        0.3571742551	        0.9601492808	        0.8442819875	       -0.1189374837	        0.0000000000	        0.0000000000	        0.0074458089	        0.0037142281	        0.0010257231	        0.0164314644	        0.0040758297	        0.0666666667	        0.0003316139	        0.0000867974
        0.3945651751	        0.9872210436	        0.8339513668	       -0.0998027602	        0.0000000000	        0.0000000000	        0.0076486963	        0.0038663077	        0.0010726265	        0.0155854479	        0.0035591226	        0.0666666667	        0.0003590977	        0.0000877966
        0.4347863703	        1.0139538049	        0.8227524356	       -0.0825152677	        0.0000000000	        0.0000000000	        0.0077916377	        0.0039707757	        0.0011139945	        0.0146631895	        0.0030863536	        0.0666666667	        0.0003890468	        0.0000887916
        0.4778426900	        1.0401931710	        0.8105865120	       -0.0672305150	        0.0000000000	        0.0000000000	        0.0078644142	        0.0040218331	        0.0011494861	        0.0136687751	        0.0026544489	        0.0666666667	        0.0004223005	        0.0000899061
        0.5236952751	        1.0657573132	        0.7973353118	       -0.0547618063	        0.0000000000	        0.0000000000	        0.0078583058	        0.0040154298	        0.0011791241	        0.0126090709	        0.0022607637	        0.0666666667	        0.0004600740	        0.0000912939
        0.5722565058	        1.0904278944	        0.7828509661	       -0.0456972185	        0.0000000000	        0.0000000000	        0.0077674136	        0.0039498284	        0.0012034505	        0.0114947764	        0.0019032184	        0.0666666667	        0.0005041037	        0.0000931488
        0.6233861842	        1.1139363483	        0.7669440697	       -0.0401929652	        0.0000000000	        0.0000000000	        0.0075905386	        0.0038264228	        0.0012233957	        0.0103420439	        0.0015805008	        0.0666666667	        0.0005567045	        0.0000956933
        0.6768894010	        1.1359432574	        0.7493737009	       -0.0377004092	        0.0000000000	        0.0000000000	        0.0073338465	        0.0036510064	        0.0012399410	        0.0091749726	        0.0012923625	        0.0666666667	        0.0006206383	        0.0000991459
        0.7325164896	        1.1560090483	        0.7298503354	       -0.0389747523	        0.0000000000	        0.0000000000	        0.0070144852	        0.0034357029	        0.0012542759	        0.0080292820	        0.0010400263	        0.0666666667	        0.0006987176	        0.0001036882
        0.7899653716	        1.1735590621	        0.7080531285	       -0.0420413989	        0.0000000000	        0.0000000000	        0.0066646367	        0.0032016714	        0.0012674647	        0.0069569717	        0.0008266387	        0.0666666667	        0.0007926517	        0.0001094061
        0.8488864424	        1.1878627385	        0.6837332596	       -0.0482556418	        0.0000000000	        0.0000000000	        0.0063330725	        0.0029815965	        0.0012814245	        0.0060298782	        0.0006574733	        0.0666666667	        0.0009013600	        0.0001163337
        0.9088899606	        1.1980787509	        0.6568836341	       -0.0578107238	        0.0000000000	        0.0000000000	        0.0060770549	        0.0028187663	        0.0013009370	        0.0053361481	        0.0005392728	        0.0666666667	        0.0010196852	        0.0001247165
        0.9695556872	        1.2034244652	        0.6279746427	       -0.0709300749	        0.0000000000	        0.0000000000	        0.0059407507	        0.0027576967	        0.0013372395	        0.0049620302	        0.0004783387	        0.0666666667	        0.0011396897	        0.0001353932
        1.0304443128	        1.2034244652	        0.5978685493	       -0.0870553526	        0.0000000000	        0.0000000000	        0.0059407507	        0.0027944358	        0.0013879075	        0.0049620302	        0.0004783387	        0.0666666667	        0.0012504302	        0.0001490575
        1.0911100394	        1.1980787509	        0.5675287597	       -0.1034807818	        0.0000000000	        0.0000000000	        0.0060770549	        0.0029312875	        0.0014539895	        0.0053361481	        0.0005392728	        0.0666666667	        0.0013452337	        0.0001658737
        1.1511135576	        1.1878627385	        0.5379422242	       -0.1182856791	        0.0000000000	        0.0000000000	        0.0063330725	        0.0031768538	        0.0015405633	        0.0060298782	        0.0006574733	        0.0666666667	        0.0014239658	        0.0001852671
        1.2100346284	        1.1735590621	        0.5097924162	       -0.1290033203	        0.0000000000	        0.0000000000	        0.0066646367	        0.0034872596	        0.0016356949	        0.0069569717	        0.0008266387	        0.0666666667	        0.0014888509	        0.0002061983
        1.2674835104	        1.1560090483	        0.4833009726	       -0.1336144372	        0.0000000000	        0.0000000000	        0.0070144852	        0.0038161836	        0.0017318336	        0.0080292820	        0.0010400263	        0.0666666667	        0.0015452825	        0.0002283032
        1.3231105990	        1.1359432574	        0.4584275956	       -0.1323881164	        0.0000000000	        0.0000000000	        0.0073338465	        0.0041261275	        0.0018235034	        0.0091749726	        0.0012923625	        0.0666666667	        0.0015971812	        0.0002515511
        1.3766138158	        1.1139363483	        0.4350311112	       -0.1248361423	        0.0000000000	        0.0000000000	        0.0075905386	        0.0043909668	        0.0019066964	        0.0103420439	        0.0015805008	        0.0666666667	        0.0016458845	        0.0002759001
        1.4277434942	        1.0904278944	        0.4129604825	       -0.1089256673	        0.0000000000	        0.0000000000	        0.0077674136	        0.0045942821	        0.0019775220	        0.0114947764	        0.0019032184	        0.0666666667	        0.0016906685	        0.0003011295
        1.4763047249	        1.0657573132	        0.3920970335	       -0.0871213446	        0.0000000000	        0.0000000000	        0.0078583058	        0.0047269669	        0.0020327829	        0.0126090709	        0.0022607637	        0.0666666667	        0.0017301041	        0.0003269082
        1.5221573100	        1.0401931710	        0.3723425628	       -0.0617435454	        0.0000000000	        0.0000000000	        0.0078644142	        0.0047853829	        0.0020711532	        0.0136687751	        0.0026544489	        0.0666666667	        0.0017629888	        0.0003528969
        1.5652136297	        1.0139538049	        0.3536075330	       -0.0318844093	        0.0000000000	        0.0000000000	        0.0077916377	        0.0047701177	        0.0020921993	        0.0146631895	        0.0030863536	        0.0666666667	        0.0017882268	        0.0003786967
        1.6054348249	        0.9872210436	        0.3358142734	        0.0044851291	        0.0000000000	        0.0000000000	        0.0076486963	        0.0046850716	        0.0020952923	        0.0155854479	        0.0035591226	        0.0666666667	        0.0018045815	        0.0004037779
        1.6428257449	        0.9601492808	        0.3189009983	        0.0485208432	        0.0000000000	        0.0000000000	        0.0074458089	        0.0045367051	        0.0020796729	        0.0164314644	        0.0040758297	        0.0666666667	        0.0018107871	        0.0004274947
        1.6774291124	        0.9328716018	        0.3028204811	        0.0993484704	        0.0000000000	        0.0000000000	        0.0071937539	        0.0043333817	        0.0020451254	        0.0171992301	        0.0046398805	        0.0666666667	        0.0018058217	        0.0004491582
        1.7093193206	        0.9055040711	        0.2875334700	        0.1572535431	        0.0000000000	        0.0000000000	        0.0069032028	        0.0040847838	        0.0019921170	        0.0178883272	        0.0052549368	        0.0666666667	        0.0017890351	        0.0004680917
        1.7385962156	        0.8781488440	        0.2730077684	        0.2231295050	        0.0000000000	        0.0000000000	        0.0065842496	        0.0038013489	        0.0019213993	        0.0184995800	        0.0059248527	        0.0666666667	        0.0017601635	        0.0004836663
        1.7653791443	        0.8508964593	        0.2592193858	        0.2960077239	        0.0000000000	        0.0000000000	        0.0062460818	        0.0034937063	        0.0018341458	        0.0190347960	        0.0066536141	        0.0666666667	        0.0017194261	        0.0004953718
        1.7898014704	        0.8238274489	        0.2461500385	        0.3734530046	        0.0000000000	        0.0000000000	        0.0058967496	        0.0031721472	        0.0017322935	        0.0194965652	        0.0074452807	        0.0666666667	        0.0016676408	        0.0005029103
        1.8120056873	        0.7970132405	        0.2337833929	        0.4504632442	        0.0000000000	        0.0000000000	        0.0055430046	        0.0028461691	        0.0016187435	        0.0198880922	        0.0083039295	        0.0666666667	        0.0016062476	        0.0005062710
        1.8321391985	        0.7705162508	        0.2220988778	        0.5224028370	        0.0000000000	        0.0000000000	        0.0051901985	        0.0025241297	        0.0014971855	        0.0202130365	        0.0092336043	        0.0666666667	        0.0015371845	        0.0005057519
        1.8503507799	        0.7443890735	        0.2110684006	        0.5847909647	        0.0000000000	        0.0000000000	        0.0048422494	        0.0022130214	        0.0013715911	        0.0204753347	        0.0102382730	        0.0666666667	        0.0014626547	        0.0005019227
        1.8667877045	        0.7186727913	        0.2006544723	        0.6332867854	        0.0000000000	        0.0000000000	        0.0045016981	        0.0019183629	        0.0012458354	        0.0206789821	        0.0113217973	        0.0666666667	        0.0013848843	        0.0004955561
        1.8815934821	        0.6933946384	        0.1908091044	        0.6643157188	        0.0000000000	        0.0000000000	        0.0041698715	        0.0016442056	        0.0011233660	        0.0208277595	        0.0124879084	        0.0666666667	        0.0013059032	        0.0004875379
        1.8949061510	        0.6685654310	        0.1814739049	        0.6754297353	        0.0000000000	        0.0000000000	        0.0038471519	        0.0013932355	        0.0010069157	        0.0209249056	        0.0137401799	        0.0666666667	        0.0012273723	        0.0004787661
        1.9068570493	        0.6441772707	        0.1725814464	        0.6646146710	        0.0000000000	        0.0000000000	        0.0035333217	        0.0011669404	        0.0008983626	        0.0209727505	        0.0150819767	        0.0666666667	        0.0011504737	        0.0004700520
        1.9175699947	        0.6202019512	        0.1640570338	        0.6301175461	        0.0000000000	        0.0000000000	        0.0032279300	        0.0009658099	        0.0007987296	        0.0209723357	        0.0165163516	        0.0666666667	        0.0010758676	        0.0004620305
        1.9271607996	        0.5965902809	        0.1558209433	        0.5699519223	        0.0000000000	        0.0000000000	        0.0029306219	        0.0007895369	        0.0007082615	        0.0209230459	        0.0180458570	        0.0666666667	        0.0010036996	        0.0004550794
        1.9357370589	        0.5732722671	        0.1477910356	        0.4813013381	        0.0000000000	        0.0000000000	        0.0026413787	        0.0006371978	        0.0006265685	        0.0208222692	        0.0196722321	        0.0666666667	        0.0009336527	        0.0004492466
        1.9433981504	        0.5501578851	        0.1398856904	        0.3630432329	        0.0000000000	        0.0000000000	        0.0023606458	        0.0005074019	        0.0005527286	        0.0206650879	        0.0213959210	        0.0666666667	        0.0008650365	        0.0004441904
        1.9502353978	        0.5271380507	        0.1320292728	        0.2103768383	        0.0000000000	        0.0000000000	        0.0020893462	        0.0003984088	        0.0004855172	        0.0204439942	        0.0232153682	        0.0666666667	        0.0007969342	        0.0004391614
        1.9563323538	        0.5040854316	        0.1241559480	        0.0232850216	        0.0000000000	        0.0000000000	        0.0018288060	        0.0003082285	        0.0004235952	        0.0201486219	        0.0251260285	        0.0666666667	        0.0007284034	        0.0004330519
        1.9617651675	        0.4808548710	        0.1162172768	       -0.2015579258	        0.0000000000	        0.0000000000	        0.0015806222	        0.0002347177	        0.0003657287	        0.0197655042	        0.0271190193	        0.0666666667	        0.0006587260	        0.0004245540
        1.9666030060	        0.4572834229	        0.1081867667	       -0.4627542568	        0.0000000000	        0.0000000000	        0.0013465133	        0.0001756790	        0.0003110281	        0.0192778995	        0.0291793617	        0.0666666667	        0.0005876723	        0.0004124457
        1.9709085097	        0.4331903702	        0.1000647116	       -0.7562373415	        0.0000000000	        0.0000000000	        0.0011281802	        0.0001289618	        0.0002590686	        0.0186658014	        0.0312838227	        0.0666666667	        0.0005156946	        0.0003959575
        1.9747382607	        0.4083781970	        0.0918799758	       -1.0813658317	        0.0000000000	        0.0000000000	        0.0009271996	        0.0000925527	        0.0002100012	        0.0179063719	        0.0333985825	        0.0666666667	        0.0004439776	        0.0003751257
        1.9781432525	        0.3826365400	        0.0836856986	       -1.4365084329	        0.0000000000	        0.0000000000	        0.0007449576	        0.0000646441	        0.0001644939	        0.0169752370	        0.0354774602	        0.0666666667	        0.0003742792	        0.0003509771
        1.9811693494	        0.3557529294	        0.0755522116	       -1.8139986535	        0.0000000000	        0.0000000000	        0.0005826204	        0.0000436710	        0.0001235181	        0.0158493774	        0.0374625293	        0.0666666667	        0.0003085908	        0.0003254400
        1.9838577298	        0.3275367987	        0.0675597282	       -2.2022062523	        0.0000000000	        0.0000000000	        0.0004411220	        0.0000283119	        0.0000881143	        0.0145126288	        0.0392910001	        0.0666666667	        0.0002487346	        0.0003010110
        1.9862453073	        0.2978659678	        0.0597906401	       -2.5963518710	        0.0000000000	        0.0000000000	        0.0003211357	        0.0000174569	        0.0000591574	        0.0129647029	        0.0409147805	        0.0666666667	        0.0001960259	        0.0002802845
        1.9883651267	        0.2667639336	        0.0523205130	       -2.9950588057	        0.0000000000	        0.0000000000	        0.0002229920	        0.0000101534	        0.0000370818	        0.0112332177	        0.0423352103	        0.0666666667	        0.0001510909	        0.0002654407
        1.9902467340	        0.2345020715	        0.0452107222	       -3.3927229594	        0.0000000000	        0.0000000000	        0.0001464817	        0.0000055460	        0.0000216260	        0.0093842219	        0.0436324596	        0.0666666667	        0.0001138698	        0.0002578184
        1.9919165179	        0.2016769243	        0.0385047000	       -3.7808623234	        0.0000000000	        0.0000000000	        0.0000903867	        0.0000028512	        0.0000117743	        0.0075208414	        0.0449859518	        0.0666666667	        0.0000837746	        0.0002579606
        1.9933980257	        0.1691643838	        0.0322276610	       -4.1532222158	        0.0000000000	        0.0000000000	        0.0000520574	        0.0000013915	        0.0000060443	        0.0057608662	        0.0467401470	        0.0666666667	        0.0000599219	        0.0002661779
        1.9947122508	        0.1379114412	        0.0263890438	       -4.5057287068	        0.0000000000	        0.0000000000	        0.0000277547	        0.0000006513	        0.0000029593	        0.0042019825	        0.0494537213	        0.0666666667	        0.0000413509	        0.0002830485
        1.9958778967	        0.1086846470	        0.0209864384	       -4.8359578314	        0.0000000000	        0.0000000000	        0.0000135093	        0.0000002927	        0.0000013848	        0.0028986814	        0.0538633875	        0.0666666667	        0.0000271673	        0.0003097446
        1.9969116151	        0.0819334210	        0.0160093955	       -5.1427160253	        0.0000000000	        0.0000000000	        0.0000058454	        0.0000001234	        0.0000006052	        0.0018630630	        0.0608721753	        0.0666666667	        0.0000166060	        0.0003485373
        1.9978282231	        0.0578036690	        0.0114422601	       -5.4257111386	        0.0000000000	        0.0000000000	        0.0000021284	        0.0000000455	        0.0000002305	        0.0010804019	        0.0716656608	        0.0666666667	        0.0000090420	        0.0004039114
        1.9986408981	        0.0362309117	        0.0072660122	       -5.6852965901	        0.0000000000	        0.0000000000	        0.0000005747	        0.0000000124	        0.0000000647	        0.0005253479	        0.0879434438	        0.0666666667	        0.0000039807	        0.0004854061
        1.9993613540	        0.0170373121	        0.0034594470	       -5.9222741347	        0.0000000000	        0.0000000000	        0.0000000781	        0.0000000015	        0.0000000080	        0.0001722987	        0.1120559826	        0.0666666667	        0.0000010480	        0.0006169584
        2.0000000000	        0.0000000000	        0.0000000000	       -6.1377432660	        0.0000000000	        0.0000000000	        0.0000000000	        0.0000000000	        0.0000000000	        0.0000000000	        0.1456678667	        0.0000000000	        0.0000000000	        0.0008860235
