        0.0000000000	        0.0000000000	        1.0000000000	        4.4686621900	        0.0000000000	        0.0000000000	        0.0000000000	        0.0000000000	        0.0000000000	        0.0000000000	        0.1456678667	        0.0000000000	        0.0000000000	        0.0002631948
        0.0006386460	        0.0170373121	        0.9970348249	        4.3487270552	        0.0000000000	        0.0000000000	        0.0000000781	        0.0000000015	        0.0000000069	        0.0001722987	        0.1120559826	        0.0666666667	        0.0000003113	        0.0001836817
        0.0013591019	        0.0362309117	        0.9937602688	        4.2170209417	        0.0000000000	        0.0000000000	        0.0000005747	        0.0000000123	        0.0000000556	        0.0005253479	        0.0879434438	        0.0666666667	        0.0000011839	        0.0001454080
        0.0021717769	        0.0578036690	        0.9901537215	        4.0729242080	        0.0000000000	        0.0000000000	        0.0000021284	        0.0000000450	        0.0000001974	        0.0010804019	        0.0716656608	        0.0666666667	        0.0000026940	        0.0001224720
        0.0030883849	        0.0819334210	        0.9861934317	        3.9159344298	        0.0000000000	        0.0000000000	        0.0000058454	        0.0000001208	        0.0000005151	        0.0018630630	        0.0608721753	        0.0666666667	        0.0000049610	        0.0001078731
        0.0041221033	        0.1086846470	        0.9818594050	        3.7457144936	        0.0000000000	        0.0000000000	        0.0000135093	        0.0000002821	        0.0000011647	        0.0028986814	        0.0538633875	        0.0666666667	        0.0000081468	        0.0000989153
        0.0052877492	        0.1379114412	        0.9771347177	        3.5621469667	        0.0000000000	        0.0000000000	        0.0000277547	        0.0000006139	        0.0000024447	        0.0042019825	        0.0494537213	        0.0666666667	        0.0000124620	        0.0000944252
        0.0066019743	        0.1691643838	        0.9720074876	        3.3653918133	        0.0000000000	        0.0000000000	        0.0000520574	        0.0000012755	        0.0000048754	        0.0057608662	        0.0467401470	        0.0666666667	        0.0000181700	        0.0000938903
        0.0080834821	        0.2016769243	        0.9664737093	        3.1559415638	        0.0000000000	        0.0000000000	        0.0000903867	        0.0000025317	        0.0000092338	        0.0075208414	        0.0449859518	        0.0666666667	        0.0000255807	        0.0000970921
        0.0097532660	        0.2345020715	        0.9605408613	        2.9346633921	        0.0000000000	        0.0000000000	        0.0001464817	        0.0000047653	        0.0000164649	        0.0093842219	        0.0436324596	        0.0666666667	        0.0000350169	        0.0001039056
        0.0116348733	        0.2667639336	        0.9542316517	        2.7028103644	        0.0000000000	        0.0000000000	        0.0002229920	        0.0000084594	        0.0000274497	        0.0112332177	        0.0423352103	        0.0666666667	        0.0000467421	        0.0001141455
        0.0137546927	        0.2978659678	        0.9475868669	        2.4620136453	        0.0000000000	        0.0000000000	        0.0003211357	        0.0000141667	        0.0000427340	        0.0129647029	        0.0409147805	        0.0666666667	        0.0000608515	        0.0001273396
        0.0161422702	        0.3275367987	        0.9406664789	        2.2145088401	        0.0000000000	        0.0000000000	        0.0004411220	        0.0000225039	        0.0000623802	        0.0145126288	        0.0392910001	        0.0666666667	        0.0000771546	        0.0001424647
        0.0188306506	        0.3557529294	        0.9335487225	        1.9630023494	        0.0000000000	        0.0000000000	        0.0005826204	        0.0000341840	        0.0000859745	        0.0158493774	        0.0374625293	        0.0666666667	        0.0000950920	        0.0001579211
        0.0218567475	        0.3826365400	        0.9263269442	        1.7107491188	        0.0000000000	        0.0000000000	        0.0007449576	        0.0000500620	        0.0001126972	        0.0169752370	        0.0354774602	        0.0666666667	        0.0001137273	        0.0001717877
        0.0252617393	        0.4083781970	        0.9191039692	        1.4614894745	        0.0000000000	        0.0000000000	        0.0009271996	        0.0000711793	        0.0001414283	        0.0179063719	        0.0333985825	        0.0666666667	        0.0001318481	        0.0001821956
        0.0290914903	        0.4331903702	        0.9119840370	        1.2194754208	        0.0000000000	        0.0000000000	        0.0011281802	        0.0000988023	        0.0001709013	        0.0186658014	        0.0312838227	        0.0666666667	        0.0001481762	        0.0001877291
        0.0333969940	        0.4572834229	        0.9050631334	        0.9891663642	        0.0000000000	        0.0000000000	        0.0013465133	        0.0001344551	        0.0001999070	        0.0192778995	        0.0291793617	        0.0666666667	        0.0001616387	        0.0001877503
        0.0382348325	        0.4808548710	        0.8984192730	        0.7747921527	        0.0000000000	        0.0000000000	        0.0015806222	        0.0001799423	        0.0002275185	        0.0197655042	        0.0271190193	        0.0666666667	        0.0001716151	        0.0001825244
        0.0436676462	        0.5040854316	        0.8921046871	        0.5801227160	        0.0000000000	        0.0000000000	        0.0018288060	        0.0002373545	        0.0002532796	        0.0201486219	        0.0251260285	        0.0666666667	        0.0001780667	        0.0001730934
        0.0497646022	        0.5271380507	        0.8861417363	        0.4080974995	        0.0000000000	        0.0000000000	        0.0020893462	        0.0003090463	        0.0002772911	        0.0204439942	        0.0232153682	        0.0666666667	        0.0001815036	        0.0001609533
        0.0566018496	        0.5501578851	        0.8805233567	        0.2603696581	        0.0000000000	        0.0000000000	        0.0023606458	        0.0003975722	        0.0003001691	        0.0206650879	        0.0213959210	        0.0666666667	        0.0001828131	        0.0001476708
        0.0642629411	        0.5732722671	        0.8752174042	        0.1371776880	        0.0000000000	        0.0000000000	        0.0026413787	        0.0005055686	        0.0003228924	        0.0208222692	        0.0196722321	        0.0666666667	        0.0001830288	        0.0001345748
        0.0728392004	        0.5965902809	        0.8701733083	        0.0375672660	        0.0000000000	        0.0000000000	        0.0029306219	        0.0006355778	        0.0003465960	        0.0209230459	        0.0180458570	        0.0666666667	        0.0001831265	        0.0001225977
        0.0824300053	        0.6202019512	        0.8653292727	       -0.0403730466	        0.0000000000	        0.0000000000	        0.0032279300	        0.0007898258	        0.0003723689	        0.0209723357	        0.0165163516	        0.0666666667	        0.0001838951	        0.0001122587
        0.0931429507	        0.6441772707	        0.8606185202	       -0.0990722265	        0.0000000000	        0.0000000000	        0.0035333217	        0.0009699815	        0.0004011043	        0.0209727505	        0.0150819767	        0.0666666667	        0.0001858912	        0.0001037383
        0.1050938490	        0.6685654310	        0.8559739025	       -0.1410818521	        0.0000000000	        0.0000000000	        0.0038471519	        0.0011769292	        0.0004334059	        0.0209249056	        0.0137401799	        0.0666666667	        0.0001894511	        0.0000969839
        0.1184065179	        0.6933946384	        0.8513308505	       -0.1688582978	        0.0000000000	        0.0000000000	        0.0041698715	        0.0014105770	        0.0004695454	        0.0208277595	        0.0124879084	        0.0666666667	        0.0001947314	        0.0000918067
        0.1332122955	        0.7186727913	        0.8466289495	       -0.1845946293	        0.0000000000	        0.0000000000	        0.0045016981	        0.0016697071	        0.0005094502	        0.0206789821	        0.0113217973	        0.0666666667	        0.0002017547	        0.0000879547
        0.1496492201	        0.7443890735	        0.8418126274	       -0.1903373094	        0.0000000000	        0.0000000000	        0.0048422494	        0.0019518639	        0.0005527174	        0.0204753347	        0.0102382730	        0.0666666667	        0.0002104498	        0.0000851596
        0.1678608015	        0.7705162508	        0.8368311491	       -0.1878776199	        0.0000000000	        0.0000000000	        0.0051901985	        0.0022532766	        0.0005986444	        0.0202130365	        0.0092336043	        0.0666666667	        0.0002206818	        0.0000831635
        0.1879943127	        0.7970132405	        0.8316383620	       -0.1789715711	        0.0000000000	        0.0000000000	        0.0055430046	        0.0025688261	        0.0006462787	        0.0198880922	        0.0083039295	        0.0666666667	        0.0002322759	        0.0000817340
        0.2101985296	        0.8238274489	        0.8261920755	       -0.1652329919	        0.0000000000	        0.0000000000	        0.0058967496	        0.0028920713	        0.0006944897	        0.0194965652	        0.0074452807	        0.0666666667	        0.0002450371	        0.0000806713
        0.2346208557	        0.8508964593	        0.8204533273	       -0.1480444184	        0.0000000000	        0.0000000000	        0.0062460818	        0.0032153535	        0.0007420296	        0.0190347960	        0.0066536141	        0.0666666667	        0.0002587678	        0.0000798113
        0.2614037844	        0.8781488440	        0.8143857614	       -0.1288053000	        0.0000000000	        0.0000000000	        0.0065842496	        0.0035299878	        0.0007876195	        0.0184995800	        0.0059248527	        0.0666666667	        0.0002732889	        0.0000790279
        0.2906806794	        0.9055040711	        0.8079545982	       -0.1089100704	        0.0000000000	        0.0000000000	        0.0069032028	        0.0038265347	        0.0008300778	        0.0178883272	        0.0052549368	        0.0666666667	        0.0002884651	        0.0000782340
        0.3225708876	        0.9328716018	        0.8011249884	       -0.0893231232	        0.0000000000	        0.0000000000	        0.0071937539	        0.0040951503	        0.0008683949	        0.0171992301	        0.0046398805	        0.0666666667	        0.0003042296	        0.0000773809
        0.3571742551	        0.9601492808	        0.7938605828	       -0.0707072702	        0.0000000000	        0.0000000000	        0.0074458089	        0.0043259929	        0.0009017442	        0.0164314644	        0.0040758297	        0.0666666667	        0.0003206076	        0.0000764549
        0.3945651751	        0.9872210436	        0.7861220848	       -0.0536177817	        0.0000000000	        0.0000000000	        0.0076486963	        0.0045096628	        0.0009295159	        0.0155854479	        0.0035591226	        0.0666666667	        0.0003377456	        0.0000754743
        0.4347863703	        1.0139538049	        0.7778651641	       -0.0384073413	        0.0000000000	        0.0000000000	        0.0077916377	        0.0046376579	        0.0009513454	        0.0146631895	        0.0030863536	        0.0666666667	        0.0003559528	        0.0000744885
        0.4778426900	        1.0401931710	        0.7690378755	       -0.0258093658	        0.0000000000	        0.0000000000	        0.0078644142	        0.0047028459	        0.0009672383	        0.0136687751	        0.0026544489	        0.0666666667	        0.0003757613	        0.0000735793
        0.5236952751	        1.0657573132	        0.7595749218	       -0.0162966045	        0.0000000000	        0.0000000000	        0.0078583058	        0.0047000052	        0.0009776724	        0.0126090709	        0.0022607637	        0.0666666667	        0.0003979877	        0.0000728607
        0.5722565058	        1.0904278944	        0.7493905132	       -0.0096130371	        0.0000000000	        0.0000000000	        0.0077674136	        0.0046265423	        0.0009834032	        0.0114947764	        0.0019032184	        0.0666666667	        0.0004237529	        0.0000724690
        0.6233861842	        1.1139363483	        0.7383730829	       -0.0059828290	        0.0000000000	        0.0000000000	        0.0075905386	        0.0044835110	        0.0009854007	        0.0103420439	        0.0015805008	        0.0666666667	        0.0004544716	        0.0000725524
        0.6768894010	        1.1359432574	        0.7263776520	       -0.0049877000	        0.0000000000	        0.0000000000	        0.0073338465	        0.0042771713	        0.0009847401	        0.0091749726	        0.0012923625	        0.0666666667	        0.0004917557	        0.0000732562
        0.7325164896	        1.1560090483	        0.7132266091	       -0.0071212524	        0.0000000000	        0.0000000000	        0.0070144852	        0.0040213360	        0.0009826605	        0.0080292820	        0.0010400263	        0.0666666667	        0.0005371552	        0.0000747074
        0.7899653716	        1.1735590621	        0.6987195752	       -0.0122642218	        0.0000000000	        0.0000000000	        0.0066646367	        0.0037405655	        0.0009807138	        0.0069569717	        0.0008266387	        0.0666666667	        0.0005915583	        0.0000769983
        0.8488864424	        1.1878627385	        0.6826838950	       -0.0203889258	        0.0000000000	        0.0000000000	        0.0063330725	        0.0034730718	        0.0009811012	        0.0060298782	        0.0006574733	        0.0666666667	        0.0006541386	        0.0000801892
        0.9088899606	        1.1980787509	        0.6650864683	       -0.0314492950	        0.0000000000	        0.0000000000	        0.0060770549	        0.0032693760	        0.0009876832	        0.0053361481	        0.0005392728	        0.0666666667	        0.0007213534	        0.0000843878
        0.9695556872	        1.2034244652	        0.6461860201	       -0.0429647002	        0.0000000000	        0.0000000000	        0.0059407507	        0.0031809385	        0.0010081873	        0.0049620302	        0.0004783387	        0.0666666667	        0.0007872938	        0.0000898711
        1.0304443128	        1.2034244652	        0.6265132135	       -0.0538604675	        0.0000000000	        0.0000000000	        0.0059407507	        0.0032025098	        0.0010391151	        0.0049620302	        0.0004783387	        0.0666666667	        0.0008442708	        0.0000967488
        1.0911100394	        1.1980787509	        0.6066972569	       -0.0649541788	        0.0000000000	        0.0000000000	        0.0060770549	        0.0033356568	        0.0010803942	        0.0053361481	        0.0005392728	        0.0666666667	        0.0008880972	        0.0001049400
        1.1511135576	        1.1878627385	        0.5873826896	       -0.0752526836	        0.0000000000	        0.0000000000	        0.0063330725	        0.0035887396	        0.0011359760	        0.0060298782	        0.0006574733	        0.0666666667	        0.0009197774	        0.0001141644
        1.2100346284	        1.1735590621	        0.5690100322	       -0.0840250620	        0.0000000000	        0.0000000000	        0.0066646367	        0.0039108548	        0.0011977653	        0.0069569717	        0.0008266387	        0.0666666667	        0.0009425657	        0.0001240465
        1.2674835104	        1.1560090483	        0.5517045117	       -0.0890781936	        0.0000000000	        0.0000000000	        0.0070144852	        0.0042496323	        0.0012611506	        0.0080292820	        0.0010400263	        0.0666666667	        0.0009609655	        0.0001345555
        1.3231105990	        1.1359432574	        0.5354204618	       -0.0896306985	        0.0000000000	        0.0000000000	        0.0073338465	        0.0045637815	        0.0013224388	        0.0091749726	        0.0012923625	        0.0666666667	        0.0009778801	        0.0001457688
        1.3766138158	        1.1139363483	        0.5200553024	       -0.0854432548	        0.0000000000	        0.0000000000	        0.0075905386	        0.0048254278	        0.0013786262	        0.0103420439	        0.0015805008	        0.0666666667	        0.0009943550	        0.0001577239
        1.4277434942	        1.0904278944	        0.5055056209	       -0.0767994759	        0.0000000000	        0.0000000000	        0.0077674136	        0.0050177667	        0.0014272214	        0.0114947764	        0.0019032184	        0.0666666667	        0.0010102625	        0.0001703876
        1.4763047249	        1.0657573132	        0.4916839952	       -0.0634732955	        0.0000000000	        0.0000000000	        0.0078583058	        0.0051321204	        0.0014661541	        0.0126090709	        0.0022607637	        0.0666666667	        0.0010249819	        0.0001836794
        1.5221573100	        1.0401931710	        0.4785225100	       -0.0457093925	        0.0000000000	        0.0000000000	        0.0078644142	        0.0051656652	        0.0014937653	        0.0136687751	        0.0026544489	        0.0666666667	        0.0010378709	        0.0001975152
        1.5652136297	        1.0139538049	        0.4659680288	       -0.0245977511	        0.0000000000	        0.0000000000	        0.0077916377	        0.0051198877	        0.0015091390	        0.0146631895	        0.0030863536	        0.0666666667	        0.0010485700	        0.0002118575
        1.6054348249	        0.9872210436	        0.4539740530	       -0.0011035408	        0.0000000000	        0.0000000000	        0.0076486963	        0.0049995615	        0.0015121998	        0.0155854479	        0.0035591226	        0.0666666667	        0.0010570988	        0.0002267489
        1.6428257449	        0.9601492808	        0.4424954863	        0.0244170768	        0.0000000000	        0.0000000000	        0.0074458089	        0.0048120189	        0.0015034201	        0.0164314644	        0.0040758297	        0.0666666667	        0.0010638074	        0.0002423228
        1.6774291124	        0.9328716018	        0.4314870915	        0.0516279861	        0.0000000000	        0.0000000000	        0.0071937539	        0.0045665441	        0.0014835727	        0.0171992301	        0.0046398805	        0.0666666667	        0.0010693165	        0.0002588160
        1.7093193206	        0.9055040711	        0.4209027100	        0.0788613916	        0.0000000000	        0.0000000000	        0.0069032028	        0.0042738048	        0.0014538538	        0.0178883272	        0.0052549368	        0.0666666667	        0.0010745049	        0.0002765949
        1.7385962156	        0.8781488440	        0.4106919546	        0.1045047214	        0.0000000000	        0.0000000000	        0.0065842496	        0.0039453082	        0.0014159349	        0.0184995800	        0.0059248527	        0.0666666667	        0.0010804886	        0.0002961852
        1.7653791443	        0.8508964593	        0.4007985944	        0.1263846891	        0.0000000000	        0.0000000000	        0.0062460818	        0.0035928706	        0.0013718054	        0.0190347960	        0.0066536141	        0.0666666667	        0.0010885713	        0.0003182947
        1.7898014704	        0.8238274489	        0.3911587829	        0.1418675061	        0.0000000000	        0.0000000000	        0.0058967496	        0.0032280989	        0.0013236783	        0.0194965652	        0.0074452807	        0.0666666667	        0.0011001863	        0.0003438352
        1.8120056873	        0.7970132405	        0.3816993515	        0.1484651244	        0.0000000000	        0.0000000000	        0.0055430046	        0.0028619012	        0.0012737819	        0.0198880922	        0.0083039295	        0.0666666667	        0.0011168209	        0.0003739380
        1.8321391985	        0.7705162508	        0.3723370710	        0.1436965393	        0.0000000000	        0.0000000000	        0.0051901985	        0.0025040451	        0.0012241190	        0.0202130365	        0.0092336043	        0.0666666667	        0.0011399250	        0.0004099590
        1.8503507799	        0.7443890735	        0.3629783039	        0.1246992919	        0.0000000000	        0.0000000000	        0.0048422494	        0.0021627872	        0.0011763223	        0.0204753347	        0.0102382730	        0.0666666667	        0.0011708042	        0.0004534704
        1.8667877045	        0.7186727913	        0.3535184624	        0.0887065713	        0.0000000000	        0.0000000000	        0.0045016981	        0.0018446112	        0.0011315239	        0.0206789821	        0.0113217973	        0.0666666667	        0.0012104733	        0.0005062191
        1.8815934821	        0.6933946384	        0.3438422075	        0.0328421693	        0.0000000000	        0.0000000000	        0.0041698715	        0.0015540980	        0.0010902279	        0.0208277595	        0.0124879084	        0.0666666667	        0.0012594423	        0.0005700198
        1.8949061510	        0.6685654310	        0.3338244067	       -0.0459042735	        0.0000000000	        0.0000000000	        0.0038471519	        0.0012939438	        0.0010522421	        0.0209249056	        0.0137401799	        0.0666666667	        0.0013174234	        0.0006465462
        1.9068570493	        0.6441772707	        0.3233323538	       -0.1510318482	        0.0000000000	        0.0000000000	        0.0035333217	        0.0010651192	        0.0010166743	        0.0209727505	        0.0150819767	        0.0666666667	        0.0013829505	        0.0007369729
        1.9175699947	        0.6202019512	        0.3122295275	       -0.2835951311	        0.0000000000	        0.0000000000	        0.0032279300	        0.0008671425	        0.0009818677	        0.0209723357	        0.0165163516	        0.0666666667	        0.0014529394	        0.0008414217
        1.9271607996	        0.5965902809	        0.3003845329	       -0.4451619265	        0.0000000000	        0.0000000000	        0.0029306219	        0.0006984159	        0.0009455008	        0.0209230459	        0.0180458570	        0.0666666667	        0.0015223127	        0.0009582414
        1.9357370589	        0.5732722671	        0.2876820273	       -0.6361220738	        0.0000000000	        0.0000000000	        0.0026413787	        0.0005565772	        0.0009049053	        0.0208222692	        0.0196722321	        0.0666666667	        0.0015838815	        0.0010832434
        1.9433981504	        0.5501578851	        0.2740368544	       -0.8509627513	        0.0000000000	        0.0000000000	        0.0023606458	        0.0004388255	        0.0008573407	        0.0206650879	        0.0213959210	        0.0666666667	        0.0016286980	        0.0012091354
        1.9502353978	        0.5271380507	        0.2594132786	       -1.0886083351	        0.0000000000	        0.0000000000	        0.0020893462	        0.0003421879	        0.0008006038	        0.0204439942	        0.0232153682	        0.0666666667	        0.0016471315	        0.0013255923
        1.9563323538	        0.5040854316	        0.2438374110	       -1.3396649876	        0.0000000000	        0.0000000000	        0.0018288060	        0.0002637224	        0.0007335765	        0.0201486219	        0.0251260285	        0.0666666667	        0.0016306341	        0.0014203318
        1.9617651675	        0.4808548710	        0.2274090851	       -1.5992965726	        0.0000000000	        0.0000000000	        0.0015806222	        0.0002006558	        0.0006566118	        0.0197655042	        0.0271190193	        0.0666666667	        0.0015738379	        0.0014812970
        1.9666030060	        0.4572834229	        0.2103002404	       -1.8593835019	        0.0000000000	        0.0000000000	        0.0013465133	        0.0001504678	        0.0005717033	        0.0192778995	        0.0291793617	        0.0666666667	        0.0014763124	        0.0014995451
        1.9709085097	        0.4331903702	        0.1927442692	       -2.1112707491	        0.0000000000	        0.0000000000	        0.0011281802	        0.0001109334	        0.0004822029	        0.0186658014	        0.0312838227	        0.0666666667	        0.0013432078	        0.0014718666
        1.9747382607	        0.4083781970	        0.1750158855	       -2.3529765431	        0.0000000000	        0.0000000000	        0.0009271996	        0.0000801350	        0.0003923259	        0.0179063719	        0.0333985825	        0.0666666667	        0.0011844301	        0.0014021060
        1.9781432525	        0.3826365400	        0.1574031957	       -2.5817200659	        0.0000000000	        0.0000000000	        0.0007449576	        0.0000564534	        0.0003064729	        0.0169752370	        0.0354774602	        0.0666666667	        0.0010125601	        0.0013005527
        1.9811693494	        0.3557529294	        0.1401815563	       -2.7941506816	        0.0000000000	        0.0000000000	        0.0005826204	        0.0000385453	        0.0002285761	        0.0158493774	        0.0374625293	        0.0666666667	        0.0008402780	        0.0011816331
        1.9838577298	        0.3275367987	        0.1235929942	       -2.9871200434	        0.0000000000	        0.0000000000	        0.0004411220	        0.0000253081	        0.0001616573	        0.0145126288	        0.0392910001	        0.0666666667	        0.0006781653	        0.0010608406
        1.9862453073	        0.2978659678	        0.1078327944	       -3.1610979871	        0.0000000000	        0.0000000000	        0.0003211357	        0.0000158349	        0.0001075751	        0.0129647029	        0.0409147805	        0.0666666667	        0.0005334375	        0.0009519243
        1.9883651267	        0.2667639336	        0.0930425725	       -3.3183690732	        0.0000000000	        0.0000000000	        0.0002229920	        0.0000093597	        0.0000668742	        0.0112332177	        0.0423352103	        0.0666666667	        0.0004097052	        0.0008648691
        1.9902467340	        0.2345020715	        0.0793092788	       -3.4603130765	        0.0000000000	        0.0000000000	        0.0001464817	        0.0000051985	        0.0000386954	        0.0093842219	        0.0436324596	        0.0666666667	        0.0003075277	        0.0008049103
        1.9919165179	        0.2016769243	        0.0666691886	       -3.5874621071	        0.0000000000	        0.0000000000	        0.0000903867	        0.0000027156	        0.0000208976	        0.0075208414	        0.0449859518	        0.0666666667	        0.0002253798	        0.0007734413
        1.9933980257	        0.1691643838	        0.0551160546	       -3.7006658642	        0.0000000000	        0.0000000000	        0.0000520574	        0.0000013442	        0.0000106301	        0.0057608662	        0.0467401470	        0.0666666667	        0.0001606770	        0.0007704302
        1.9947122508	        0.1379114412	        0.0446122225	       -3.8010175319	        0.0000000000	        0.0000000000	        0.0000277547	        0.0000006365	        0.0000051493	        0.0042019825	        0.0494537213	        0.0666666667	        0.0001105872	        0.0007962940
        1.9958778967	        0.1086846470	        0.0351002805	       -3.8897053238	        0.0000000000	        0.0000000000	        0.0000135093	        0.0000002886	        0.0000023803	        0.0028986814	        0.0538633875	        0.0666666667	        0.0000725085	        0.0008530196
        1.9969116151	        0.0819334210	        0.0265126964	       -3.9679208728	        0.0000000000	        0.0000000000	        0.0000058454	        0.0000001224	        0.0000010265	        0.0018630630	        0.0608721753	        0.0666666667	        0.0000442544	        0.0009456365
        1.9978282231	        0.0578036690	        0.0187783775	       -4.0368053403	        0.0000000000	        0.0000000000	        0.0000021284	        0.0000000453	        0.0000003855	        0.0010804019	        0.0716656608	        0.0666666667	        0.0000240706	        0.0010852296
        1.9986408981	        0.0362309117	        0.0118265295	       -4.0974201785	        0.0000000000	        0.0000000000	        0.0000005747	        0.0000000124	        0.0000001067	        0.0005253479	        0.0879434438	        0.0666666667	        0.0000105888	        0.0012964898
        1.9993613540	        0.0170373121	        0.0055887307	       -4.1507336960	        0.0000000000	        0.0000000000	        0.0000000781	        0.0000000015	        0.0000000130	        0.0001722987	        0.1120559826	        0.0666666667	        0.0000027861	        0.0016425277
        2.0000000000	        0.0000000000	        0.0000000000	       -4.1976174834	        0.0000000000	        0.0000000000	        0.0000000000	        0.0000000000	        0.0000000000	        0.0000000000	        0.1456678667	        0.0000000000	        0.0000000000	        0.0023554552
