        0.0000000000	        0.0000000000	        1.0000000000	        6.6239370761	       29.5369293278	        0.0000000000	        0.0000000000	        0.0000000000	        0.0000000000	        0.0000000000	        0.1456678667	        0.0000000000	        0.0000000000	        0.0000641892
        0.0006386460	        0.0170373121	        0.9979199051	        6.2656339929	       29.5239662053	        0.0000000000	        0.0000000781	        0.0000000149	        0.0000000474	        0.0001722987	        0.1120559826	        0.0666666667	        0.0000000759	        0.0000458065
        0.0013591019	        0.0362309117	        0.9956754852	        5.8818157482	       29.5095894113	        0.0000000000	        0.0000005747	        0.0000001035	        0.0000003150	        0.0005253479	        0.0879434438	        0.0666666667	        0.0000002913	        0.0000379290
        0.0021717769	        0.0578036690	        0.9932666017	        5.4738825170	       29.4936656051	        0.0000000000	        0.0000021284	        0.0000003575	        0.0000010318	        0.0010804019	        0.0716656608	        0.0666666667	        0.0000006684	        0.0000341228
        0.0030883849	        0.0819334210	        0.9906965804	        5.0442780731	       29.4760483187	        0.0000000000	        0.0000058454	        0.0000008945	        0.0000024338	        0.0018630630	        0.0608721753	        0.0666666667	        0.0000012388	        0.0000325390
        0.0041221033	        0.1086846470	        0.9879727164	        4.5966794770	       29.4565733684	        0.0000000000	        0.0000135093	        0.0000018480	        0.0000047084	        0.0028986814	        0.0538633875	        0.0666666667	        0.0000020382	        0.0000323348
        0.0052877492	        0.1379114412	        0.9851064772	        4.1361491131	       29.4350511760	        0.0000000000	        0.0000277547	        0.0000033565	        0.0000079496	        0.0042019825	        0.0494537213	        0.0666666667	        0.0000030999	        0.0000329974
        0.0066019743	        0.1691643838	        0.9821132679	        3.6691947851	       29.4112542011	        0.0000000000	        0.0000520574	        0.0000055540	        0.0000121365	        0.0057608662	        0.0467401470	        0.0666666667	        0.0000044488	        0.0000341442
        0.0080834821	        0.2016769243	        0.9790116649	        3.2036496992	       29.3848967767	        0.0000000000	        0.0000903867	        0.0000085632	        0.0000171357	        0.0075208414	        0.0449859518	        0.0666666667	        0.0000060946	        0.0000354623
        0.0097532660	        0.2345020715	        0.9758220936	        2.7482332440	       29.3556033102	        0.0000000000	        0.0001464817	        0.0000124929	        0.0000227306	        0.0093842219	        0.0436324596	        0.0666666667	        0.0000080291	        0.0000367120
        0.0116348733	        0.2667639336	        0.9725650626	        2.3115778320	       29.3228588842	        0.0000000000	        0.0002229920	        0.0000174476	        0.0000286830	        0.0112332177	        0.0423352103	        0.0666666667	        0.0000102280	        0.0000377548
        0.0137546927	        0.2978659678	        0.9692592433	        1.9009040580	       29.2859792450	        0.0000000000	        0.0003211357	        0.0000235718	        0.0000348330	        0.0129647029	        0.0409147805	        0.0666666667	        0.0000126590	        0.0000385448
        0.0161422702	        0.3275367987	        0.9659196970	        1.5236060186	       29.2444249290	        0.0000000000	        0.0004411220	        0.0000311222	        0.0000411897	        0.0145126288	        0.0392910001	        0.0666666667	        0.0000152945	        0.0000390828
        0.0188306506	        0.3557529294	        0.9625567098	        1.1844648442	       29.1978093476	        0.0000000000	        0.0005826204	        0.0000405246	        0.0000479405	        0.0158493774	        0.0374625293	        0.0666666667	        0.0000181224	        0.0000394036
        0.0218567475	        0.3826365400	        0.9591748513	        0.8870678524	       29.1455224610	        0.0000000000	        0.0007449576	        0.0000524002	        0.0000554018	        0.0169752370	        0.0354774602	        0.0666666667	        0.0000211515	        0.0000395824
        0.0252617393	        0.4083781970	        0.9557725444	        0.6338981835	       29.0866111150	        0.0000000000	        0.0009271996	        0.0000675821	        0.0000639647	        0.0179063719	        0.0333985825	        0.0666666667	        0.0000244108	        0.0000397212
        0.0290914903	        0.4331903702	        0.9523426104	        0.4250178024	       29.0210373715	        0.0000000000	        0.0011281802	        0.0000871294	        0.0000740497	        0.0186658014	        0.0312838227	        0.0666666667	        0.0000279430	        0.0000399234
        0.0333969940	        0.4572834229	        0.9488737504	        0.2573377372	       28.9492821963	        0.0000000000	        0.0013465133	        0.0001123407	        0.0000860730	        0.0192778995	        0.0291793617	        0.0666666667	        0.0000317940	        0.0000402706
        0.0382348325	        0.4808548710	        0.9453523819	        0.1266521388	       28.8694380001	        0.0000000000	        0.0015806222	        0.0001447683	        0.0001004148	        0.0197655042	        0.0271190193	        0.0666666667	        0.0000360020	        0.0000408076
        0.0436676462	        0.5040854316	        0.9417649931	        0.0272391470	       28.7807443334	        0.0000000000	        0.0018288060	        0.0001862303	        0.0001173888	        0.0201486219	        0.0251260285	        0.0666666667	        0.0000405873	        0.0000415359
        0.0497646022	        0.5271380507	        0.9380999306	       -0.0472217448	       28.6829802630	        0.0000000000	        0.0020893462	        0.0002388136	        0.0001372280	        0.0204439942	        0.0232153682	        0.0666666667	        0.0000455494	        0.0000424207
        0.0566018496	        0.5501578851	        0.9343479708	       -0.1027080840	       28.5754684550	        0.0000000000	        0.0023606458	        0.0003048537	        0.0001600918	        0.0206650879	        0.0213959210	        0.0666666667	        0.0000508724	        0.0000434055
        0.0642629411	        0.5732722671	        0.9305015237	       -0.1442358658	       28.4578194945	        0.0000000000	        0.0026413787	        0.0003868748	        0.0001860934	        0.0208222692	        0.0196722321	        0.0666666667	        0.0000565375	        0.0000444321
        0.0728392004	        0.5965902809	        0.9265528071	       -0.1754663230	       28.3286794217	        0.0000000000	        0.0029306219	        0.0004874720	        0.0002153323	        0.0209230459	        0.0180458570	        0.0666666667	        0.0000625376	        0.0000454561
        0.0824300053	        0.6202019512	        0.9224917731	       -0.1987080490	       28.1874204207	        0.0000000000	        0.0032279300	        0.0006091279	        0.0002479101	        0.0209723357	        0.0165163516	        0.0666666667	        0.0000688858	        0.0000464530
        0.0931429507	        0.6441772707	        0.9183045026	       -0.2151579436	       28.0319621227	        0.0000000000	        0.0035333217	        0.0007539560	        0.0002839123	        0.0209727505	        0.0150819767	        0.0666666667	        0.0000756172	        0.0000474162
        0.1050938490	        0.6685654310	        0.9139724457	       -0.2254127865	       27.8625938039	        0.0000000000	        0.0038471519	        0.0009233813	        0.0003233619	        0.0209249056	        0.0137401799	        0.0666666667	        0.0000827827	        0.0000483485
        0.1184065179	        0.6933946384	        0.9094722799	       -0.2299181915	       27.6763207873	        0.0000000000	        0.0041698715	        0.0011177761	        0.0003661692	        0.0208277595	        0.0124879084	        0.0666666667	        0.0000904409	        0.0000492554
        0.1332122955	        0.7186727913	        0.9047759304	       -0.2291364875	       27.4736214889	        0.0000000000	        0.0045016981	        0.0013360958	        0.0004120943	        0.0206789821	        0.0113217973	        0.0666666667	        0.0000986518	        0.0000501403
        0.1496492201	        0.7443890735	        0.8998505429	       -0.2236074550	       27.2526669261	        0.0000000000	        0.0048422494	        0.0015755755	        0.0004607243	        0.0204753347	        0.0102382730	        0.0666666667	        0.0001074727	        0.0000510028
        0.1678608015	        0.7705162508	        0.8946583460	       -0.2138920038	       27.0118187436	        0.0000000000	        0.0051901985	        0.0018315666	        0.0005114623	        0.0202130365	        0.0092336043	        0.0666666667	        0.0001169550	        0.0000518381
        0.1879943127	        0.7970132405	        0.8891565576	       -0.2004404307	       26.7484445056	        0.0000000000	        0.0055430046	        0.0020975806	        0.0005635118	        0.0198880922	        0.0083039295	        0.0666666667	        0.0001271426	        0.0000526372
        0.2101985296	        0.8238274489	        0.8832976996	       -0.1841309046	       26.4626470103	        0.0000000000	        0.0058967496	        0.0023655740	        0.0006159123	        0.0194965652	        0.0074452807	        0.0666666667	        0.0001380735	        0.0000533892
        0.2346208557	        0.8508964593	        0.8770292922	       -0.1659788918	       26.1506909126	        0.0000000000	        0.0062460818	        0.0026264571	        0.0006676354	        0.0190347960	        0.0066536141	        0.0666666667	        0.0001497878	        0.0000540854
        0.2614037844	        0.8781488440	        0.8702932832	       -0.1467952037	       25.8129167436	        0.0000000000	        0.0065842496	        0.0028707637	        0.0007176439	        0.0184995800	        0.0059248527	        0.0666666667	        0.0001623336	        0.0000547214
        0.2906806794	        0.9055040711	        0.8630258708	       -0.1275286294	       25.4475316187	        0.0000000000	        0.0069032028	        0.0030893680	        0.0007649666	        0.0178883272	        0.0052549368	        0.0666666667	        0.0001757760	        0.0000552992
        0.3225708876	        0.9328716018	        0.8551566756	       -0.1089445343	       25.0515752829	        0.0000000000	        0.0071937539	        0.0032741300	        0.0008087824	        0.0171992301	        0.0046398805	        0.0666666667	        0.0001902073	        0.0000558286
        0.3571742551	        0.9601492808	        0.8466077635	       -0.0913493759	       24.6246254760	        0.0000000000	        0.0074458089	        0.0034183757	        0.0008484043	        0.0164314644	        0.0040758297	        0.0666666667	        0.0002057525	        0.0000563255
        0.3945651751	        0.9872210436	        0.8372934106	       -0.0747564068	       24.1657253641	        0.0000000000	        0.0076486963	        0.0035171571	        0.0008832050	        0.0155854479	        0.0035591226	        0.0666666667	        0.0002225774	        0.0000568100
        0.4347863703	        1.0139538049	        0.8271204206	       -0.0598027166	       23.6750300459	        0.0000000000	        0.0077916377	        0.0035672958	        0.0009127272	        0.0146631895	        0.0030863536	        0.0666666667	        0.0002409313	        0.0000573130
        0.4778426900	        1.0401931710	        0.8159846963	       -0.0471227398	       23.1511493256	        0.0000000000	        0.0078644142	        0.0035672934	        0.0009368669	        0.0136687751	        0.0026544489	        0.0666666667	        0.0002612226	        0.0000578861
        0.5236952751	        1.0657573132	        0.8037651015	       -0.0367405302	       22.5937809111	        0.0000000000	        0.0078583058	        0.0035172527	        0.0009557976	        0.0126090709	        0.0022607637	        0.0666666667	        0.0002840878	        0.0000586047
        0.5722565058	        1.0904278944	        0.7903179042	       -0.0289819518	       22.0063554442	        0.0000000000	        0.0077674136	        0.0034189470	        0.0009699371	        0.0114947764	        0.0019032184	        0.0666666667	        0.0003104804	        0.0000595703
        0.6233861842	        1.1139363483	        0.7754674989	       -0.0249700725	       21.3869271601	        0.0000000000	        0.0075905386	        0.0032761903	        0.0009802489	        0.0103420439	        0.0015805008	        0.0666666667	        0.0003418199	        0.0000609227
        0.6768894010	        1.1359432574	        0.7589891443	       -0.0248607292	       20.7407060349	        0.0000000000	        0.0073338465	        0.0030957110	        0.0009882001	        0.0091749726	        0.0012923625	        0.0666666667	        0.0003800273	        0.0000628303
        0.7325164896	        1.1560090483	        0.7406019421	       -0.0274202186	       20.0698714231	        0.0000000000	        0.0070144852	        0.0028886666	        0.0009951113	        0.0080292820	        0.0010400263	        0.0666666667	        0.0004272256	        0.0000654439
        0.7899653716	        1.1735590621	        0.7199982597	       -0.0332876977	       19.3768185055	        0.0000000000	        0.0066646367	        0.0026726559	        0.0010024600	        0.0069569717	        0.0008266387	        0.0666666667	        0.0004852465	        0.0000688871
        0.8488864424	        1.1878627385	        0.6969074593	       -0.0436090823	       18.6683339096	        0.0000000000	        0.0063330725	        0.0024733558	        0.0010131087	        0.0060298782	        0.0006574733	        0.0666666667	        0.0005548313	        0.0000733226
        0.9088899606	        1.1980787509	        0.6712300967	       -0.0554597684	       17.9493579148	        0.0000000000	        0.0060770549	        0.0023232017	        0.0010311654	        0.0053361481	        0.0005392728	        0.0666666667	        0.0006338868	        0.0000790214
        0.9695556872	        1.2034244652	        0.6432838277	       -0.0666675368	       17.2253495431	        0.0000000000	        0.0059407507	        0.0022539517	        0.0010611351	        0.0049620302	        0.0004783387	        0.0666666667	        0.0007162759	        0.0000864429
        1.0304443128	        1.2034244652	        0.6139338177	       -0.0794055580	       16.5022217098	        0.0000000000	        0.0059407507	        0.0022857030	        0.0011069709	        0.0049620302	        0.0004783387	        0.0666666667	        0.0007941208	        0.0000961414
        1.0911100394	        1.1980787509	        0.5843429301	       -0.0943152230	       15.7865095672	        0.0000000000	        0.0060770549	        0.0024209907	        0.0011703242	        0.0053361481	        0.0005392728	        0.0666666667	        0.0008622777	        0.0001082897
        1.1511135576	        1.1878627385	        0.5555317970	       -0.1082115118	       15.0844337948	        0.0000000000	        0.0063330725	        0.0026435614	        0.0012484189	        0.0060298782	        0.0006574733	        0.0666666667	        0.0009200406	        0.0001224398
        1.2100346284	        1.1735590621	        0.5281168372	       -0.1173277848	       14.3997450179	        0.0000000000	        0.0066646367	        0.0029224616	        0.0013345685	        0.0069569717	        0.0008266387	        0.0666666667	        0.0009695458	        0.0001379662
        1.2674835104	        1.1560090483	        0.5023338730	       -0.1224168146	       13.7411369233	        0.0000000000	        0.0070144852	        0.0032229817	        0.0014222802	        0.0080292820	        0.0010400263	        0.0666666667	        0.0010140300	        0.0001545779
        1.3231105990	        1.1359432574	        0.4781690597	       -0.1257988107	       13.1090759853	        0.0000000000	        0.0073338465	        0.0035154932	        0.0015079147	        0.0091749726	        0.0012923625	        0.0666666667	        0.0010564435	        0.0001723463
        1.3766138158	        1.1139363483	        0.4554846240	       -0.1245901940	       12.5071999583	        0.0000000000	        0.0075905386	        0.0037782198	        0.0015890152	        0.0103420439	        0.0015805008	        0.0666666667	        0.0010979419	        0.0001913528
        1.4277434942	        1.0904278944	        0.4341321519	       -0.1163166753	       11.9376580633	        0.0000000000	        0.0077674136	        0.0039962838	        0.0016622230	        0.0114947764	        0.0019032184	        0.0666666667	        0.0011376260	        0.0002114409
        1.4763047249	        1.0657573132	        0.4139957708	       -0.1010732242	       11.4033298367	        0.0000000000	        0.0078583058	        0.0041598848	        0.0017240201	        0.0126090709	        0.0022607637	        0.0666666667	        0.0011737227	        0.0002322752
        1.5221573100	        1.0401931710	        0.3949876971	       -0.0810490753	       10.9023892734	        0.0000000000	        0.0078644142	        0.0042628533	        0.0017720241	        0.0136687751	        0.0026544489	        0.0666666667	        0.0012046007	        0.0002534677
        1.5652136297	        1.0139538049	        0.3770286194	       -0.0542764016	       10.4351340980	        0.0000000000	        0.0077916377	        0.0043018102	        0.0018045462	        0.0146631895	        0.0030863536	        0.0666666667	        0.0012288982	        0.0002745868
        1.6054348249	        0.9872210436	        0.3600517788	       -0.0198363927	       10.0007997563	        0.0000000000	        0.0076486963	        0.0042757407	        0.0018198134	        0.0155854479	        0.0035591226	        0.0666666667	        0.0012454391	        0.0002951384
        1.6428257449	        0.9601492808	        0.3439993952	        0.0228327478	        9.5976435449	        0.0000000000	        0.0074458089	        0.0041858679	        0.0018164219	        0.0164314644	        0.0040758297	        0.0666666667	        0.0012533994	        0.0003146192
        1.6774291124	        0.9328716018	        0.3288191190	        0.0731396425	        9.2248589202	        0.0000000000	        0.0071937539	        0.0040356958	        0.0017936632	        0.0171992301	        0.0046398805	        0.0666666667	        0.0012524239	        0.0003325776
        1.7093193206	        0.9055040711	        0.3144594437	        0.1299398063	        8.8799193997	        0.0000000000	        0.0069032028	        0.0038310672	        0.0017517663	        0.0178883272	        0.0052549368	        0.0666666667	        0.0012426419	        0.0003486591
        1.7385962156	        0.8781488440	        0.3008671678	        0.1924689051	        8.5606449166	        0.0000000000	        0.0065842496	        0.0035800855	        0.0016917621	        0.0184995800	        0.0059248527	        0.0666666667	        0.0012245762	        0.0003626240
        1.7653791443	        0.8508964593	        0.2879885550	        0.2584598830	        8.2656407921	        0.0000000000	        0.0062460818	        0.0032927884	        0.0016154376	        0.0190347960	        0.0066536141	        0.0666666667	        0.0011990585	        0.0003743633
        1.7898014704	        0.8238274489	        0.2757686430	        0.3243257147	        7.9924480798	        0.0000000000	        0.0058967496	        0.0029805562	        0.0015254624	        0.0194965652	        0.0074452807	        0.0666666667	        0.0011671688	        0.0003839166
        1.8120056873	        0.7970132405	        0.2641497358	        0.3862596834	        7.7395446139	        0.0000000000	        0.0055430046	        0.0026553186	        0.0014252123	        0.0198880922	        0.0083039295	        0.0666666667	        0.0011301347	        0.0003914704
        1.8321391985	        0.7705162508	        0.2530709547	        0.4415644332	        7.5045732862	        0.0000000000	        0.0051901985	        0.0023286737	        0.0013182957	        0.0202130365	        0.0092336043	        0.0666666667	        0.0010892051	        0.0003973321
        1.8503507799	        0.7443890735	        0.2424700557	        0.4867457364	        7.2864218774	        0.0000000000	        0.0048422494	        0.0020110489	        0.0012082288	        0.0204753347	        0.0102382730	        0.0666666667	        0.0010455643	        0.0004019097
        1.8667877045	        0.7186727913	        0.2322834901	        0.5177998892	        7.0841005877	        0.0000000000	        0.0045016981	        0.0017110456	        0.0010983261	        0.0206789821	        0.0113217973	        0.0666666667	        0.0010002924	        0.0004057000
        1.8815934821	        0.6933946384	        0.2224454399	        0.5311341903	        6.8966338119	        0.0000000000	        0.0041698715	        0.0014350624	        0.0009914954	        0.0208277595	        0.0124879084	        0.0666666667	        0.0009543205	        0.0004092670
        1.8949061510	        0.6685654310	        0.2128873094	        0.5233766502	        6.7229009056	        0.0000000000	        0.0038471519	        0.0011872139	        0.0008900385	        0.0209249056	        0.0137401799	        0.0666666667	        0.0009083790	        0.0004132031
        1.9068570493	        0.6441772707	        0.2035375925	        0.4907181184	        6.5611416266	        0.0000000000	        0.0035333217	        0.0009694980	        0.0007955834	        0.0209727505	        0.0150819767	        0.0666666667	        0.0008629511	        0.0004180750
        1.9175699947	        0.6202019512	        0.1943218389	        0.4298239031	        6.4124138982	        0.0000000000	        0.0032279300	        0.0007821274	        0.0007090580	        0.0209723357	        0.0165163516	        0.0666666667	        0.0008182295	        0.0004243474
        1.9271607996	        0.5965902809	        0.1851644612	        0.3369672322	        6.2755204632	        0.0000000000	        0.0029306219	        0.0006239339	        0.0006307262	        0.0209230459	        0.0180458570	        0.0666666667	        0.0007740925	        0.0004322864
        1.9357370589	        0.5732722671	        0.1759918671	        0.2079559605	        6.1491998581	        0.0000000000	        0.0026413787	        0.0004927680	        0.0005603276	        0.0208222692	        0.0196722321	        0.0666666667	        0.0007301198	        0.0004418577
        1.9433981504	        0.5501578851	        0.1667370573	        0.0421028974	        6.0347917471	        0.0000000000	        0.0023606458	        0.0003858551	        0.0004971675	        0.0206650879	        0.0213959210	        0.0666666667	        0.0006856596	        0.0004526364
        1.9502353978	        0.5271380507	        0.1573485368	       -0.1649052038	        5.9298646690	        0.0000000000	        0.0020893462	        0.0003000890	        0.0004403757	        0.0204439942	        0.0232153682	        0.0666666667	        0.0006399801	        0.0004637885
        1.9563323538	        0.5040854316	        0.1477953449	       -0.4095579608	        5.8351459751	        0.0000000000	        0.0018288060	        0.0002322722	        0.0003890841	        0.0201486219	        0.0251260285	        0.0666666667	        0.0005924699	        0.0004741465
        1.9617651675	        0.4808548710	        0.1380752904	       -0.6914572398	        5.7494181041	        0.0000000000	        0.0015806222	        0.0001793053	        0.0003425599	        0.0197655042	        0.0271190193	        0.0666666667	        0.0005428365	        0.0004823895
        1.9666030060	        0.4572834229	        0.1282153374	       -1.0040551122	        5.6722823912	        0.0000000000	        0.0013465133	        0.0001383281	        0.0003002840	        0.0192778995	        0.0291793617	        0.0666666667	        0.0004912387	        0.0004872909
        1.9709085097	        0.4331903702	        0.1182699041	       -1.3380890143	        5.6039284410	        0.0000000000	        0.0011281802	        0.0001068111	        0.0002618582	        0.0186658014	        0.0312838227	        0.0666666667	        0.0004382888	        0.0004879436
        1.9747382607	        0.4083781970	        0.1083148166	       -1.6896503064	        5.5427897514	        0.0000000000	        0.0009271996	        0.0000825993	        0.0002269487	        0.0179063719	        0.0333985825	        0.0666666667	        0.0003849486	        0.0004839129
        1.9781432525	        0.3826365400	        0.0984361112	       -2.0533832650	        5.4881359666	        0.0000000000	        0.0007449576	        0.0000639186	        0.0001951875	        0.0169752370	        0.0354774602	        0.0666666667	        0.0003323578	        0.0004752793
        1.9811693494	        0.3557529294	        0.0887204878	       -2.4203217185	        5.4396761941	        0.0000000000	        0.0005826204	        0.0000493566	        0.0001660973	        0.0158493774	        0.0374625293	        0.0666666667	        0.0002816638	        0.0004625973
        1.9838577298	        0.3275367987	        0.0792491773	       -2.7797407930	        5.3972573443	        0.0000000000	        0.0004411220	        0.0000378320	        0.0001391410	        0.0145126288	        0.0392910001	        0.0666666667	        0.0002339088	        0.0004468454
        1.9862453073	        0.2978659678	        0.0700945618	       -3.1276254209	        5.3602166366	        0.0000000000	        0.0003211357	        0.0000285604	        0.0001138820	        0.0129647029	        0.0409147805	        0.0666666667	        0.0001899737	        0.0004293835
        1.9883651267	        0.2667639336	        0.0613178644	       -3.4636093460	        5.3276830453	        0.0000000000	        0.0002229920	        0.0000210221	        0.0000901829	        0.0112332177	        0.0423352103	        0.0666666667	        0.0001505503	        0.0004118090
        1.9902467340	        0.2345020715	        0.0529687308	       -3.7852049709	        5.2990163122	        0.0000000000	        0.0001464817	        0.0000149184	        0.0000683450	        0.0093842219	        0.0436324596	        0.0666666667	        0.0001161117	        0.0003956505
        1.9919165179	        0.2016769243	        0.0450860800	       -4.0882366252	        5.2737705624	        0.0000000000	        0.0000903867	        0.0000100920	        0.0000490186	        0.0075208414	        0.0449859518	        0.0666666667	        0.0000868748	        0.0003823786
        1.9933980257	        0.1691643838	        0.0376984042	       -4.3702317329	        5.2515509584	        0.0000000000	        0.0000520574	        0.0000064286	        0.0000328740	        0.0057608662	        0.0467401470	        0.0666666667	        0.0000627785	        0.0003738716
        1.9947122508	        0.1379114412	        0.0308231660	       -4.6301925034	        5.2320004129	        0.0000000000	        0.0000277547	        0.0000037970	        0.0000203081	        0.0042019825	        0.0494537213	        0.0666666667	        0.0000435116	        0.0003725909
        1.9958778967	        0.1086846470	        0.0244664036	       -4.8681104691	        5.2147993026	        0.0000000000	        0.0000135093	        0.0000020354	        0.0000113171	        0.0028986814	        0.0538633875	        0.0666666667	        0.0000285854	        0.0003814924
        1.9969116151	        0.0819334210	        0.0186232212	       -5.0846224285	        5.1996636284	        0.0000000000	        0.0000058454	        0.0000009577	        0.0000055067	        0.0018630630	        0.0608721753	        0.0666666667	        0.0000174242	        0.0004042936
        1.9978282231	        0.0578036690	        0.0132792067	       -5.2807679972	        5.1863423512	        0.0000000000	        0.0000021284	        0.0000003728	        0.0000022067	        0.0010804019	        0.0716656608	        0.0666666667	        0.0000094497	        0.0004465676
        1.9986408981	        0.0362309117	        0.0084124988	       -5.4578200779	        5.1746143686	        0.0000000000	        0.0000005747	        0.0000001057	        0.0000006418	        0.0005253479	        0.0879434438	        0.0666666667	        0.0000041431	        0.0005187363
        1.9993613540	        0.0170373121	        0.0039960934	       -5.6171675717	        5.1642854235	        0.0000000000	        0.0000000781	        0.0000000150	        0.0000000930	        0.0001722987	        0.1120559826	        0.0666666667	        0.0000010866	        0.0006458481
        2.0000000000	        0.0000000000	        0.0000000000	       -5.7602354310	        5.1551851158	        0.0000000000	        0.0000000000	        0.0000000000	        0.0000000000	        0.0000000000	        0.1456678667	        0.0000000000	        0.0000000000	        0.0009186801
