        0.0000000000	        0.0000000000	        1.0000000000	        7.4793462837	        0.0000000000	        0.0000000000	        0.0000000000	        0.0000000000	        0.0000000000	        0.0000000000	        0.1456678667	        0.0000000000	        0.0000000000	        0.0010000000
        0.0006386460	        0.0170373121	        0.9955536978	        6.9413002515	        0.0000000000	        0.0000000000	        0.0000000781	        0.0000000868	        0.0000005982	        0.0001722987	        0.1120559826	        0.0666666667	        0.1000000000	        0.0010000000
        0.0013591019	        0.0362309117	        0.9906548142	        6.3732754848	        0.0000000000	        0.0000000000	        0.0000005747	        0.0000006385	        0.0000042901	        0.0005253479	        0.0879434438	        0.0666666667	        0.1000000000	        0.0010000000
        0.0021717769	        0.0578036690	        0.9852780335	        5.7799908901	        0.0000000000	        0.0000000000	        0.0000021284	        0.0000023649	        0.0000154082	        0.0010804019	        0.0716656608	        0.0666666667	        0.1000000000	        0.0010000000
        0.0030883849	        0.0819334210	        0.9794146441	        5.1681709464	        0.0000000000	        0.0000000000	        0.0000058454	        0.0000064949	        0.0000406915	        0.0018630630	        0.0608721753	        0.0666666667	        0.1000000000	        0.0010000000
        0.0041221033	        0.1086846470	        0.9730881124	        4.5467767429	        0.0000000000	        0.0000000000	        0.0000135093	        0.0000150103	        0.0000892141	        0.0028986814	        0.0538633875	        0.0666666667	        0.1000000000	        0.0010000000
        0.0052877492	        0.1379114412	        0.9663737344	        3.9270845715	        0.0000000000	        0.0000000000	        0.0000277547	        0.0000308386	        0.0001704659	        0.0042019825	        0.0494537213	        0.0666666667	        0.1000000000	        0.0010000000
        0.0066019743	        0.1691643838	        0.9594126596	        3.3224691620	        0.0000000000	        0.0000000000	        0.0000520574	        0.0000578416	        0.0002897341	        0.0057608662	        0.0467401470	        0.0666666667	        0.1000000000	        0.0010000000
        0.0080834821	        0.2016769243	        0.9524026870	        2.7476663092	        0.0000000000	        0.0000000000	        0.0000903867	        0.0001004297	        0.0004426637	        0.0075208414	        0.0449859518	        0.0666666667	        0.1000000000	        0.0010000000
        0.0097532660	        0.2345020715	        0.9455553557	        2.2171671738	        0.0000000000	        0.0000000000	        0.0001464817	        0.0001627575	        0.0006139583	        0.0093842219	        0.0436324596	        0.0666666667	        0.1000000000	        0.0010000000
        0.0116348733	        0.2667639336	        0.9390373481	        1.7422161453	        0.0000000000	        0.0000000000	        0.0002229920	        0.0002477689	        0.0007832773	        0.0112332177	        0.0423352103	        0.0666666667	        0.1000000000	        0.0010000000
        0.0137546927	        0.2978659678	        0.9329349593	        1.3272513510	        0.0000000000	        0.0000000000	        0.0003211357	        0.0003568175	        0.0009345557	        0.0129647029	        0.0409147805	        0.0666666667	        0.1000000000	        0.0010000000
        0.0161422702	        0.3275367987	        0.9272590937	        0.9766460072	        0.0000000000	        0.0000000000	        0.0004411220	        0.0004901355	        0.0010609559	        0.0145126288	        0.0392910001	        0.0666666667	        0.1000000000	        0.0010000000
        0.0188306506	        0.3557529294	        0.9219726366	        0.6886947443	        0.0000000000	        0.0000000000	        0.0005826204	        0.0006473560	        0.0011629899	        0.0158493774	        0.0374625293	        0.0666666667	        0.1000000000	        0.0010000000
        0.0218567475	        0.3826365400	        0.9170162369	        0.4588672329	        0.0000000000	        0.0000000000	        0.0007449576	        0.0008277306	        0.0012445796	        0.0169752370	        0.0354774602	        0.0666666667	        0.1000000000	        0.0010000000
        0.0252617393	        0.4083781970	        0.9123245919	        0.2820532920	        0.0000000000	        0.0000000000	        0.0009271996	        0.0010302217	        0.0013103560	        0.0179063719	        0.0333985825	        0.0666666667	        0.1000000000	        0.0010000000
        0.0290914903	        0.4331903702	        0.9078347421	        0.1503367429	        0.0000000000	        0.0000000000	        0.0011281802	        0.0012535336	        0.0013644129	        0.0186658014	        0.0312838227	        0.0666666667	        0.1000000000	        0.0010000000
        0.0333969940	        0.4572834229	        0.9034892275	        0.0533369272	        0.0000000000	        0.0000000000	        0.0013465133	        0.0014961259	        0.0014100037	        0.0192778995	        0.0291793617	        0.0666666667	        0.1000000000	        0.0010000000
        0.0382348325	        0.4808548710	        0.8992364194	       -0.0177607079	        0.0000000000	        0.0000000000	        0.0015806222	        0.0017562469	        0.0014496288	        0.0197655042	        0.0271190193	        0.0666666667	        0.1000000000	        0.0010000000
        0.0436676462	        0.5040854316	        0.8950298062	       -0.0710993961	        0.0000000000	        0.0000000000	        0.0018288060	        0.0020320066	        0.0014852285	        0.0201486219	        0.0251260285	        0.0666666667	        0.1000000000	        0.0010000000
        0.0497646022	        0.5271380507	        0.8908267938	       -0.1131881867	        0.0000000000	        0.0000000000	        0.0020893462	        0.0023214958	        0.0015184007	        0.0204439942	        0.0232153682	        0.0666666667	        0.1000000000	        0.0010000000
        0.0566018496	        0.5501578851	        0.8865874353	       -0.1484256017	        0.0000000000	        0.0000000000	        0.0023606458	        0.0026229397	        0.0015505520	        0.0206650879	        0.0213959210	        0.0666666667	        0.1000000000	        0.0010000000
        0.0642629411	        0.5732722671	        0.8822733107	       -0.1793355345	        0.0000000000	        0.0000000000	        0.0026413787	        0.0029348653	        0.0015829778	        0.0208222692	        0.0196722321	        0.0666666667	        0.1000000000	        0.0010000000
        0.0728392004	        0.5965902809	        0.8778466329	       -0.2069069184	        0.0000000000	        0.0000000000	        0.0029306219	        0.0032562465	        0.0016168830	        0.0209230459	        0.0180458570	        0.0666666667	        0.1000000000	        0.0010000000
        0.0824300053	        0.6202019512	        0.8732696151	       -0.2310807800	        0.0000000000	        0.0000000000	        0.0032279300	        0.0035865889	        0.0016533595	        0.0209723357	        0.0165163516	        0.0666666667	        0.1000000000	        0.0010000000
        0.0931429507	        0.6441772707	        0.8685040995	       -0.2512302950	        0.0000000000	        0.0000000000	        0.0035333217	        0.0039259130	        0.0016933369	        0.0209727505	        0.0150819767	        0.0666666667	        0.1000000000	        0.0010000000
        0.1050938490	        0.6685654310	        0.8635114121	       -0.2664971365	        0.0000000000	        0.0000000000	        0.0038471519	        0.0042746133	        0.0017375199	        0.0209249056	        0.0137401799	        0.0666666667	        0.1000000000	        0.0010000000
        0.1184065179	        0.6933946384	        0.8582524145	       -0.2760478959	        0.0000000000	        0.0000000000	        0.0041698715	        0.0046331906	        0.0017863216	        0.0208277595	        0.0124879084	        0.0666666667	        0.1000000000	        0.0010000000
        0.1332122955	        0.7186727913	        0.8526877113	       -0.2793460163	        0.0000000000	        0.0000000000	        0.0045016981	        0.0050018868	        0.0018398084	        0.0206789821	        0.0113217973	        0.0666666667	        0.1000000000	        0.0010000000
        0.1496492201	        0.7443890735	        0.8467779293	       -0.2762104857	        0.0000000000	        0.0000000000	        0.0048422494	        0.0053802771	        0.0018976697	        0.0204753347	        0.0102382730	        0.0666666667	        0.1000000000	        0.0010000000
        0.1678608015	        0.7705162508	        0.8404840271	       -0.2667894819	        0.0000000000	        0.0000000000	        0.0051901985	        0.0057668872	        0.0019592047	        0.0202130365	        0.0092336043	        0.0666666667	        0.1000000000	        0.0010000000
        0.1879943127	        0.7970132405	        0.8337676378	       -0.2519084945	        0.0000000000	        0.0000000000	        0.0055430046	        0.0061588940	        0.0020233760	        0.0198880922	        0.0083039295	        0.0666666667	        0.1000000000	        0.0010000000
        0.2101985296	        0.8238274489	        0.8265911381	       -0.2329632929	        0.0000000000	        0.0000000000	        0.0058967496	        0.0065519440	        0.0020889457	        0.0194965652	        0.0074452807	        0.0666666667	        0.1000000000	        0.0010000000
        0.2346208557	        0.8508964593	        0.8189172592	       -0.2112908156	        0.0000000000	        0.0000000000	        0.0062460818	        0.0069400909	        0.0021545950	        0.0190347960	        0.0066536141	        0.0666666667	        0.1000000000	        0.0010000000
        0.2614037844	        0.8781488440	        0.8107085115	       -0.1878238633	        0.0000000000	        0.0000000000	        0.0065842496	        0.0073158329	        0.0022189523	        0.0184995800	        0.0059248527	        0.0666666667	        0.1000000000	        0.0010000000
        0.2906806794	        0.9055040711	        0.8019267333	       -0.1635226444	        0.0000000000	        0.0000000000	        0.0069032028	        0.0076702253	        0.0022806336	        0.0178883272	        0.0052549368	        0.0666666667	        0.1000000000	        0.0010000000
        0.3225708876	        0.9328716018	        0.7925323106	       -0.1401075067	        0.0000000000	        0.0000000000	        0.0071937539	        0.0079930599	        0.0023384843	        0.0171992301	        0.0046398805	        0.0666666667	        0.1000000000	        0.0010000000
        0.3571742551	        0.9601492808	        0.7824817003	       -0.1189374837	        0.0000000000	        0.0000000000	        0.0074458089	        0.0082731210	        0.0023918060	        0.0164314644	        0.0040758297	        0.0666666667	        0.1000000000	        0.0010000000
        0.3945651751	        0.9872210436	        0.7717241194	       -0.0998027602	        0.0000000000	        0.0000000000	        0.0076486963	        0.0084985515	        0.0024401448	        0.0155854479	        0.0035591226	        0.0666666667	        0.1000000000	        0.0010000000
        0.4347863703	        1.0139538049	        0.7601997318	       -0.0825152677	        0.0000000000	        0.0000000000	        0.0077916377	        0.0086573752	        0.0024830553	        0.0146631895	        0.0030863536	        0.0666666667	        0.1000000000	        0.0010000000
        0.4778426900	        1.0401931710	        0.7478374535	       -0.0672305150	        0.0000000000	        0.0000000000	        0.0078644142	        0.0087382380	        0.0025201858	        0.0136687751	        0.0026544489	        0.0666666667	        0.1000000000	        0.0010000000
        0.5236952751	        1.0657573132	        0.7345516182	       -0.0547618063	        0.0000000000	        0.0000000000	        0.0078583058	        0.0087314509	        0.0025515467	        0.0126090709	        0.0022607637	        0.0666666667	        0.1000000000	        0.0010000000
        0.5722565058	        1.0904278944	        0.7202363565	       -0.0456972185	        0.0000000000	        0.0000000000	        0.0077674136	        0.0086304596	        0.0025776699	        0.0114947764	        0.0019032184	        0.0666666667	        0.1000000000	        0.0010000000
        0.6233861842	        1.1139363483	        0.7047601548	       -0.0401929652	        0.0000000000	        0.0000000000	        0.0075905386	        0.0084339318	        0.0025994701	        0.0103420439	        0.0015805008	        0.0666666667	        0.1000000000	        0.0010000000
        0.6768894010	        1.1359432574	        0.6879639957	       -0.0377004092	        0.0000000000	        0.0000000000	        0.0073338465	        0.0081487183	        0.0026178914	        0.0091749726	        0.0012923625	        0.0666666667	        0.1000000000	        0.0010000000
        0.7325164896	        1.1560090483	        0.6696708756	       -0.0389747523	        0.0000000000	        0.0000000000	        0.0070144852	        0.0077938725	        0.0026341074	        0.0080292820	        0.0010400263	        0.0666666667	        0.1000000000	        0.0010000000
        0.7899653716	        1.1735590621	        0.6497106834	       -0.0420413989	        0.0000000000	        0.0000000000	        0.0066646367	        0.0074051519	        0.0026493272	        0.0069569717	        0.0008266387	        0.0666666667	        0.1000000000	        0.0010000000
        0.8488864424	        1.1878627385	        0.6279931265	       -0.0482556418	        0.0000000000	        0.0000000000	        0.0063330725	        0.0070367472	        0.0026661048	        0.0060298782	        0.0006574733	        0.0666666667	        0.1000000000	        0.0010000000
        0.9088899606	        1.1980787509	        0.6046007467	       -0.0578107238	        0.0000000000	        0.0000000000	        0.0060770549	        0.0067522832	        0.0026899911	        0.0053361481	        0.0005392728	        0.0666666667	        0.1000000000	        0.0010000000
        0.9695556872	        1.2034244652	        0.5798632237	       -0.0709300749	        0.0000000000	        0.0000000000	        0.0059407507	        0.0066008341	        0.0027268406	        0.0049620302	        0.0004783387	        0.0666666667	        0.1000000000	        0.0010000000
        1.0304443128	        1.2034244652	        0.5543246838	       -0.0870553526	        0.0000000000	        0.0000000000	        0.0059407507	        0.0066008341	        0.0027789681	        0.0049620302	        0.0004783387	        0.0666666667	        0.1000000000	        0.0010000000
        1.0911100394	        1.1980787509	        0.5286260605	       -0.1034807818	        0.0000000000	        0.0000000000	        0.0060770549	        0.0067522832	        0.0028474148	        0.0053361481	        0.0005392728	        0.0666666667	        0.1000000000	        0.0010000000
        1.1511135576	        1.1878627385	        0.5033781217	       -0.1182856791	        0.0000000000	        0.0000000000	        0.0063330725	        0.0070367472	        0.0029314710	        0.0060298782	        0.0006574733	        0.0666666667	        0.1000000000	        0.0010000000
        1.2100346284	        1.1735590621	        0.4790261827	       -0.1290033203	        0.0000000000	        0.0000000000	        0.0066646367	        0.0074051519	        0.0030250216	        0.0069569717	        0.0008266387	        0.0666666667	        0.1000000000	        0.0010000000
        1.2674835104	        1.1560090483	        0.4557901568	       -0.1336144372	        0.0000000000	        0.0000000000	        0.0070144852	        0.0077938725	        0.0031200689	        0.0080292820	        0.0010400263	        0.0666666667	        0.1000000000	        0.0010000000
        1.3231105990	        1.1359432574	        0.4337155900	       -0.1323881164	        0.0000000000	        0.0000000000	        0.0073338465	        0.0081487183	        0.0032106320	        0.0091749726	        0.0012923625	        0.0666666667	        0.1000000000	        0.0010000000
        1.3766138158	        1.1139363483	        0.4127559948	       -0.1248361423	        0.0000000000	        0.0000000000	        0.0075905386	        0.0084339318	        0.0032926328	        0.0103420439	        0.0015805008	        0.0666666667	        0.1000000000	        0.0010000000
        1.4277434942	        1.0904278944	        0.3928376316	       -0.1089256673	        0.0000000000	        0.0000000000	        0.0077674136	        0.0086304596	        0.0033622504	        0.0114947764	        0.0019032184	        0.0666666667	        0.1000000000	        0.0010000000
        1.4763047249	        1.0657573132	        0.3738967288	       -0.0871213446	        0.0000000000	        0.0000000000	        0.0078583058	        0.0087314509	        0.0034164047	        0.0126090709	        0.0022607637	        0.0666666667	        0.1000000000	        0.0010000000
        1.5221573100	        1.0401931710	        0.3558810221	       -0.0617435454	        0.0000000000	        0.0000000000	        0.0078644142	        0.0087382380	        0.0034539091	        0.0136687751	        0.0026544489	        0.0666666667	        0.1000000000	        0.0010000000
        1.5652136297	        1.0139538049	        0.3387460453	       -0.0318844093	        0.0000000000	        0.0000000000	        0.0077916377	        0.0086573752	        0.0034744489	        0.0146631895	        0.0030863536	        0.0666666667	        0.1000000000	        0.0010000000
        1.6054348249	        0.9872210436	        0.3224572796	        0.0044851291	        0.0000000000	        0.0000000000	        0.0076486963	        0.0084985515	        0.0034774786	        0.0155854479	        0.0035591226	        0.0666666667	        0.1000000000	        0.0010000000
        1.6428257449	        0.9601492808	        0.3069917533	        0.0485208432	        0.0000000000	        0.0000000000	        0.0074458089	        0.0082731210	        0.0034622982	        0.0164314644	        0.0040758297	        0.0666666667	        0.1000000000	        0.0010000000
        1.6774291124	        0.9328716018	        0.2923360397	        0.0993484704	        0.0000000000	        0.0000000000	        0.0071937539	        0.0079930599	        0.0034287452	        0.0171992301	        0.0046398805	        0.0666666667	        0.1000000000	        0.0010000000
        1.7093193206	        0.9055040711	        0.2784809507	        0.1572535431	        0.0000000000	        0.0000000000	        0.0069032028	        0.0076702253	        0.0033773319	        0.0178883272	        0.0052549368	        0.0666666667	        0.1000000000	        0.0010000000
        1.7385962156	        0.8781488440	        0.2654193689	        0.2231295050	        0.0000000000	        0.0000000000	        0.0065842496	        0.0073158329	        0.0033088274	        0.0184995800	        0.0059248527	        0.0666666667	        0.1000000000	        0.0010000000
        1.7653791443	        0.8508964593	        0.2531452475	        0.2960077239	        0.0000000000	        0.0000000000	        0.0062460818	        0.0069400909	        0.0032243910	        0.0190347960	        0.0066536141	        0.0666666667	        0.1000000000	        0.0010000000
        1.7898014704	        0.8238274489	        0.2416507270	        0.3734530046	        0.0000000000	        0.0000000000	        0.0058967496	        0.0065519440	        0.0031259246	        0.0194965652	        0.0074452807	        0.0666666667	        0.1000000000	        0.0010000000
        1.8120056873	        0.7970132405	        0.2309229548	        0.4504632442	        0.0000000000	        0.0000000000	        0.0055430046	        0.0061588940	        0.0030162905	        0.0198880922	        0.0083039295	        0.0666666667	        0.1000000000	        0.0010000000
        1.8321391985	        0.7705162508	        0.2209402958	        0.5224028370	        0.0000000000	        0.0000000000	        0.0051901985	        0.0057668872	        0.0028991567	        0.0202130365	        0.0092336043	        0.0666666667	        0.1000000000	        0.0010000000
        1.8503507799	        0.7443890735	        0.2116708203	        0.5847909647	        0.0000000000	        0.0000000000	        0.0048422494	        0.0053802771	        0.0027784924	        0.0204753347	        0.0102382730	        0.0666666667	        0.1000000000	        0.0010000000
        1.8667877045	        0.7186727913	        0.2030721477	        0.6332867854	        0.0000000000	        0.0000000000	        0.0045016981	        0.0050018868	        0.0026582026	        0.0206789821	        0.0113217973	        0.0666666667	        0.1000000000	        0.0010000000
        1.8815934821	        0.6933946384	        0.1950921886	        0.6643157188	        0.0000000000	        0.0000000000	        0.0041698715	        0.0046331906	        0.0025418139	        0.0208277595	        0.0124879084	        0.0666666667	        0.1000000000	        0.0010000000
        1.8949061510	        0.6685654310	        0.1876707589	        0.6754297353	        0.0000000000	        0.0000000000	        0.0038471519	        0.0042746133	        0.0024321992	        0.0209249056	        0.0137401799	        0.0666666667	        0.1000000000	        0.0010000000
        1.9068570493	        0.6441772707	        0.1807417694	        0.6646146710	        0.0000000000	        0.0000000000	        0.0035333217	        0.0039259130	        0.0023314453	        0.0209727505	        0.0150819767	        0.0666666667	        0.1000000000	        0.0010000000
        1.9175699947	        0.6202019512	        0.1742353247	        0.6301175461	        0.0000000000	        0.0000000000	        0.0032279300	        0.0035865889	        0.0022408558	        0.0209723357	        0.0165163516	        0.0666666667	        0.1000000000	        0.0010000000
        1.9271607996	        0.5965902809	        0.1680795083	        0.5699519223	        0.0000000000	        0.0000000000	        0.0029306219	        0.0032562465	        0.0021610131	        0.0209230459	        0.0180458570	        0.0666666667	        0.1000000000	        0.0010000000
        1.9357370589	        0.5732722671	        0.1622016129	        0.4813013381	        0.0000000000	        0.0000000000	        0.0026413787	        0.0029348653	        0.0020918801	        0.0208222692	        0.0196722321	        0.0666666667	        0.1000000000	        0.0010000000
        1.9433981504	        0.5501578851	        0.1565286760	        0.3630432329	        0.0000000000	        0.0000000000	        0.0023606458	        0.0026229397	        0.0020327893	        0.0206650879	        0.0213959210	        0.0666666667	        0.1000000000	        0.0010000000
        1.9502353978	        0.5271380507	        0.1509879108	        0.2103768383	        0.0000000000	        0.0000000000	        0.0020893462	        0.0023214958	        0.0019825088	        0.0204439942	        0.0232153682	        0.0666666667	        0.1000000000	        0.0010000000
        1.9563323538	        0.5040854316	        0.1455058447	        0.0232850216	        0.0000000000	        0.0000000000	        0.0018288060	        0.0020320066	        0.0019391766	        0.0201486219	        0.0251260285	        0.0666666667	        0.1000000000	        0.0010000000
        1.9617651675	        0.4808548710	        0.1400079511	       -0.2015579258	        0.0000000000	        0.0000000000	        0.0015806222	        0.0017562469	        0.0019001777	        0.0197655042	        0.0271190193	        0.0666666667	        0.1000000000	        0.0010000000
        1.9666030060	        0.4572834229	        0.1344172104	       -0.4627542568	        0.0000000000	        0.0000000000	        0.0013465133	        0.0014961259	        0.0018620399	        0.0192778995	        0.0291793617	        0.0666666667	        0.1000000000	        0.0010000000
        1.9709085097	        0.4331903702	        0.1286530733	       -0.7562373415	        0.0000000000	        0.0000000000	        0.0011281802	        0.0012535336	        0.0018201683	        0.0186658014	        0.0312838227	        0.0666666667	        0.1000000000	        0.0010000000
        1.9747382607	        0.4083781970	        0.1226305660	       -1.0813658317	        0.0000000000	        0.0000000000	        0.0009271996	        0.0010302217	        0.0017687928	        0.0179063719	        0.0333985825	        0.0666666667	        0.1000000000	        0.0010000000
        1.9781432525	        0.3826365400	        0.1162593714	       -1.4365084329	        0.0000000000	        0.0000000000	        0.0007449576	        0.0008277306	        0.0017009550	        0.0169752370	        0.0354774602	        0.0666666667	        0.1000000000	        0.0010000000
        1.9811693494	        0.3557529294	        0.1094446750	       -1.8139986535	        0.0000000000	        0.0000000000	        0.0005826204	        0.0006473560	        0.0016085431	        0.0158493774	        0.0374625293	        0.0666666667	        0.1000000000	        0.0010000000
        1.9838577298	        0.3275367987	        0.1020923729	       -2.2022062523	        0.0000000000	        0.0000000000	        0.0004411220	        0.0004901355	        0.0014829708	        0.0145126288	        0.0392910001	        0.0666666667	        0.1000000000	        0.0010000000
        1.9862453073	        0.2978659678	        0.0941218847	       -2.5963518710	        0.0000000000	        0.0000000000	        0.0003211357	        0.0003568175	        0.0013173218	        0.0129647029	        0.0409147805	        0.0666666667	        0.1000000000	        0.0010000000
        1.9883651267	        0.2667639336	        0.0854900975	       -2.9950588057	        0.0000000000	        0.0000000000	        0.0002229920	        0.0002477689	        0.0011105437	        0.0112332177	        0.0423352103	        0.0666666667	        0.1000000000	        0.0010000000
        1.9902467340	        0.2345020715	        0.0762284760	       -3.3927229594	        0.0000000000	        0.0000000000	        0.0001464817	        0.0001627575	        0.0008731919	        0.0093842219	        0.0436324596	        0.0666666667	        0.1000000000	        0.0010000000
        1.9919165179	        0.2016769243	        0.0664814683	       -3.7808623234	        0.0000000000	        0.0000000000	        0.0000903867	        0.0001004297	        0.0006298553	        0.0075208414	        0.0449859518	        0.0666666667	        0.1000000000	        0.0010000000
        1.9933980257	        0.1691643838	        0.0565112554	       -4.1532222158	        0.0000000000	        0.0000000000	        0.0000520574	        0.0000578416	        0.0004114378	        0.0057608662	        0.0467401470	        0.0666666667	        0.1000000000	        0.0010000000
        1.9947122508	        0.1379114412	        0.0466418401	       -4.5057287068	        0.0000000000	        0.0000000000	        0.0000277547	        0.0000308386	        0.0002410857	        0.0042019825	        0.0494537213	        0.0666666667	        0.1000000000	        0.0010000000
        1.9958778967	        0.1086846470	        0.0371704005	       -4.8359578314	        0.0000000000	        0.0000000000	        0.0000135093	        0.0000150103	        0.0001254495	        0.0028986814	        0.0538633875	        0.0666666667	        0.1000000000	        0.0010000000
        1.9969116151	        0.0819334210	        0.0283042163	       -5.1427160253	        0.0000000000	        0.0000000000	        0.0000058454	        0.0000064949	        0.0000568198	        0.0018630630	        0.0608721753	        0.0666666667	        0.1000000000	        0.0010000000
        1.9978282231	        0.0578036690	        0.0201489586	       -5.4257111386	        0.0000000000	        0.0000000000	        0.0000021284	        0.0000023649	        0.0000213474	        0.0010804019	        0.0716656608	        0.0666666667	        0.1000000000	        0.0010000000
        1.9986408981	        0.0362309117	        0.0127314803	       -5.6852965901	        0.0000000000	        0.0000000000	        0.0000005747	        0.0000006385	        0.0000058945	        0.0005253479	        0.0879434438	        0.0666666667	        0.1000000000	        0.0010000000
        1.9993613540	        0.0170373121	        0.0060303875	       -5.9222741347	        0.0000000000	        0.0000000000	        0.0000000781	        0.0000000868	        0.0000008150	        0.0001722987	        0.1120559826	        0.0666666667	        0.1000000000	        0.0010000000
        2.0000000000	        0.0000000000	        0.0000000000	       -6.1377432660	        0.0000000000	        0.0000000000	        0.0000000000	        0.0000000000	        0.0000000000	        0.0000000000	        0.1456678667	        0.0000000000	        0.0000000000	        0.0010000000
