        0.0000000000	        0.0000000000	        1.0000000000	        6.6239370761	       29.5369293278	        0.0000000000	        0.0000000000	        0.0000000000	        0.0000000000	        0.0000000000	        0.1456678667	        0.0000000000	        0.0000000000	        0.0010000000
        0.0006386460	        0.0170373121	        0.9951521936	        6.2656339929	       29.5239662053	        0.0000000000	        0.0000000781	        0.0000000868	        0.0000006536	        0.0001722987	        0.1120559826	        0.0666666667	        0.1000000000	        0.0010000000
        0.0013591019	        0.0362309117	        0.9897897209	        5.8818157482	       29.5095894113	        0.0000000000	        0.0000005747	        0.0000006385	        0.0000047055	        0.0005253479	        0.0879434438	        0.0666666667	        0.1000000000	        0.0010000000
        0.0021717769	        0.0578036690	        0.9838815038	        5.4738825170	       29.4936656051	        0.0000000000	        0.0000021284	        0.0000023649	        0.0000169625	        0.0010804019	        0.0716656608	        0.0666666667	        0.1000000000	        0.0010000000
        0.0030883849	        0.0819334210	        0.9774156886	        5.0442780731	       29.4760483187	        0.0000000000	        0.0000058454	        0.0000064949	        0.0000449437	        0.0018630630	        0.0608721753	        0.0666666667	        0.1000000000	        0.0010000000
        0.0041221033	        0.1086846470	        0.9704177754	        4.5966794770	       29.4565733684	        0.0000000000	        0.0000135093	        0.0000150103	        0.0000988006	        0.0028986814	        0.0538633875	        0.0666666667	        0.1000000000	        0.0010000000
        0.0052877492	        0.1379114412	        0.9629734749	        4.1361491131	       29.4350511760	        0.0000000000	        0.0000277547	        0.0000308386	        0.0001891286	        0.0042019825	        0.0494537213	        0.0666666667	        0.1000000000	        0.0010000000
        0.0066019743	        0.1691643838	        0.9552451276	        3.6691947851	       29.4112542011	        0.0000000000	        0.0000520574	        0.0000578416	        0.0003216924	        0.0057608662	        0.0467401470	        0.0666666667	        0.1000000000	        0.0010000000
        0.0080834821	        0.2016769243	        0.9474613917	        3.2036496992	       29.3848967767	        0.0000000000	        0.0000903867	        0.0001004297	        0.0004912136	        0.0075208414	        0.0449859518	        0.0666666667	        0.1000000000	        0.0010000000
        0.0097532660	        0.2345020715	        0.9398679978	        2.7482332440	       29.3556033102	        0.0000000000	        0.0001464817	        0.0001627575	        0.0006799201	        0.0093842219	        0.0436324596	        0.0666666667	        0.1000000000	        0.0010000000
        0.0116348733	        0.2667639336	        0.9326601212	        2.3115778320	       29.3228588842	        0.0000000000	        0.0002229920	        0.0002477689	        0.0008643736	        0.0112332177	        0.0423352103	        0.0666666667	        0.1000000000	        0.0010000000
        0.0137546927	        0.2978659678	        0.9259409538	        1.9009040580	       29.2859792450	        0.0000000000	        0.0003211357	        0.0003568175	        0.0010262003	        0.0129647029	        0.0409147805	        0.0666666667	        0.1000000000	        0.0010000000
        0.0161422702	        0.3275367987	        0.9197268658	        1.5236060186	       29.2444249290	        0.0000000000	        0.0004411220	        0.0004901355	        0.0011577859	        0.0145126288	        0.0392910001	        0.0666666667	        0.1000000000	        0.0010000000
        0.0188306506	        0.3557529294	        0.9139781355	        1.1844648442	       29.1978093476	        0.0000000000	        0.0005826204	        0.0006473560	        0.0012601492	        0.0158493774	        0.0374625293	        0.0666666667	        0.1000000000	        0.0010000000
        0.0218567475	        0.3826365400	        0.9086282933	        0.8870678524	       29.1455224610	        0.0000000000	        0.0007449576	        0.0008277306	        0.0013383889	        0.0169752370	        0.0354774602	        0.0666666667	        0.1000000000	        0.0010000000
        0.0252617393	        0.4083781970	        0.9036028762	        0.6338981835	       29.0866111150	        0.0000000000	        0.0009271996	        0.0010302217	        0.0013985154	        0.0179063719	        0.0333985825	        0.0666666667	        0.1000000000	        0.0010000000
        0.0290914903	        0.4331903702	        0.8988290773	        0.4250178024	       29.0210373715	        0.0000000000	        0.0011281802	        0.0012535336	        0.0014459196	        0.0186658014	        0.0312838227	        0.0666666667	        0.1000000000	        0.0010000000
        0.0333969940	        0.4572834229	        0.8942397090	        0.2573377372	       28.9492821963	        0.0000000000	        0.0013465133	        0.0014961259	        0.0014848876	        0.0192778995	        0.0291793617	        0.0666666667	        0.1000000000	        0.0010000000
        0.0382348325	        0.4808548710	        0.8897741063	        0.1266521388	       28.8694380001	        0.0000000000	        0.0015806222	        0.0017562469	        0.0015186067	        0.0197655042	        0.0271190193	        0.0666666667	        0.1000000000	        0.0010000000
        0.0436676462	        0.5040854316	        0.8853777616	        0.0272391470	       28.7807443334	        0.0000000000	        0.0018288060	        0.0020320066	        0.0015493522	        0.0201486219	        0.0251260285	        0.0666666667	        0.1000000000	        0.0010000000
        0.0497646022	        0.5271380507	        0.8810014011	       -0.0472217448	       28.6829802630	        0.0000000000	        0.0020893462	        0.0023214958	        0.0015787403	        0.0204439942	        0.0232153682	        0.0666666667	        0.1000000000	        0.0010000000
        0.0566018496	        0.5501578851	        0.8765999001	       -0.1027080840	       28.5754684550	        0.0000000000	        0.0023606458	        0.0026229397	        0.0016079577	        0.0206650879	        0.0213959210	        0.0666666667	        0.1000000000	        0.0010000000
        0.0642629411	        0.5732722671	        0.8721312446	       -0.1442358658	       28.4578194945	        0.0000000000	        0.0026413787	        0.0029348653	        0.0016379355	        0.0208222692	        0.0196722321	        0.0666666667	        0.1000000000	        0.0010000000
        0.0728392004	        0.5965902809	        0.8675556351	       -0.1754663230	       28.3286794217	        0.0000000000	        0.0029306219	        0.0032562465	        0.0016694532	        0.0209230459	        0.0180458570	        0.0666666667	        0.1000000000	        0.0010000000
        0.0824300053	        0.6202019512	        0.8628348093	       -0.1987080490	       28.1874204207	        0.0000000000	        0.0032279300	        0.0035865889	        0.0017031750	        0.0209723357	        0.0165163516	        0.0666666667	        0.1000000000	        0.0010000000
        0.0931429507	        0.6441772707	        0.8579316129	       -0.2151579436	       28.0319621227	        0.0000000000	        0.0035333217	        0.0039259130	        0.0017396322	        0.0209727505	        0.0150819767	        0.0666666667	        0.1000000000	        0.0010000000
        0.1050938490	        0.6685654310	        0.8528098202	       -0.2254127865	       27.8625938039	        0.0000000000	        0.0038471519	        0.0042746133	        0.0017791820	        0.0209249056	        0.0137401799	        0.0666666667	        0.1000000000	        0.0010000000
        0.1184065179	        0.6933946384	        0.8474341144	       -0.2299181915	       27.6763207873	        0.0000000000	        0.0041698715	        0.0046331906	        0.0018219743	        0.0208277595	        0.0124879084	        0.0666666667	        0.1000000000	        0.0010000000
        0.1332122955	        0.7186727913	        0.8417700921	       -0.2291364875	       27.4736214889	        0.0000000000	        0.0045016981	        0.0050018868	        0.0018679354	        0.0206789821	        0.0113217973	        0.0666666667	        0.1000000000	        0.0010000000
        0.1496492201	        0.7443890735	        0.8357842074	       -0.2236074550	       27.2526669261	        0.0000000000	        0.0048422494	        0.0053802771	        0.0019167643	        0.0204753347	        0.0102382730	        0.0666666667	        0.1000000000	        0.0010000000
        0.1678608015	        0.7705162508	        0.8294436131	       -0.2138920038	       27.0118187436	        0.0000000000	        0.0051901985	        0.0057668872	        0.0019679352	        0.0202130365	        0.0092336043	        0.0666666667	        0.1000000000	        0.0010000000
        0.1879943127	        0.7970132405	        0.8227159407	       -0.2004404307	       26.7484445056	        0.0000000000	        0.0055430046	        0.0061588940	        0.0020206897	        0.0198880922	        0.0083039295	        0.0666666667	        0.1000000000	        0.0010000000
        0.2101985296	        0.8238274489	        0.8155691683	       -0.1841309046	       26.4626470103	        0.0000000000	        0.0058967496	        0.0065519440	        0.0020740867	        0.0194965652	        0.0074452807	        0.0666666667	        0.1000000000	        0.0010000000
        0.2346208557	        0.8508964593	        0.8079711953	       -0.1659788918	       26.1506909126	        0.0000000000	        0.0062460818	        0.0069400909	        0.0021271069	        0.0190347960	        0.0066536141	        0.0666666667	        0.1000000000	        0.0010000000
        0.2614037844	        0.8781488440	        0.7998891708	       -0.1467952037	       25.8129167436	        0.0000000000	        0.0065842496	        0.0073158329	        0.0021787121	        0.0184995800	        0.0059248527	        0.0666666667	        0.1000000000	        0.0010000000
        0.2906806794	        0.9055040711	        0.7912887891	       -0.1275286294	       25.4475316187	        0.0000000000	        0.0069032028	        0.0076702253	        0.0022279208	        0.0178883272	        0.0052549368	        0.0666666667	        0.1000000000	        0.0010000000
        0.3225708876	        0.9328716018	        0.7821330799	       -0.1089445343	       25.0515752829	        0.0000000000	        0.0071937539	        0.0079930599	        0.0022738918	        0.0171992301	        0.0046398805	        0.0666666667	        0.1000000000	        0.0010000000
        0.3571742551	        0.9601492808	        0.7723808571	       -0.0913493759	       24.6246254760	        0.0000000000	        0.0074458089	        0.0082731210	        0.0023159028	        0.0164314644	        0.0040758297	        0.0666666667	        0.1000000000	        0.0010000000
        0.3945651751	        0.9872210436	        0.7619852303	       -0.0747564068	       24.1657253641	        0.0000000000	        0.0076486963	        0.0084985515	        0.0023532727	        0.0155854479	        0.0035591226	        0.0666666667	        0.1000000000	        0.0010000000
        0.4347863703	        1.0139538049	        0.7508921533	       -0.0598027166	       23.6750300459	        0.0000000000	        0.0077916377	        0.0086573752	        0.0023854810	        0.0146631895	        0.0030863536	        0.0666666667	        0.1000000000	        0.0010000000
        0.4778426900	        1.0401931710	        0.7390372158	       -0.0471227398	       23.1511493256	        0.0000000000	        0.0078644142	        0.0087382380	        0.0024123646	        0.0136687751	        0.0026544489	        0.0666666667	        0.1000000000	        0.0010000000
        0.5236952751	        1.0657573132	        0.7263413437	       -0.0367405302	       22.5937809111	        0.0000000000	        0.0078583058	        0.0087314509	        0.0024340408	        0.0126090709	        0.0022607637	        0.0666666667	        0.1000000000	        0.0010000000
        0.5722565058	        1.0904278944	        0.7127072271	       -0.0289819518	       22.0063554442	        0.0000000000	        0.0077674136	        0.0086304596	        0.0024508710	        0.0114947764	        0.0019032184	        0.0666666667	        0.1000000000	        0.0010000000
        0.6233861842	        1.1139363483	        0.6980153608	       -0.0249700725	       21.3869271601	        0.0000000000	        0.0075905386	        0.0084339318	        0.0024637733	        0.0103420439	        0.0015805008	        0.0666666667	        0.1000000000	        0.0010000000
        0.6768894010	        1.1359432574	        0.6821195394	       -0.0248607292	       20.7407060349	        0.0000000000	        0.0073338465	        0.0081487183	        0.0024741752	        0.0091749726	        0.0012923625	        0.0666666667	        0.1000000000	        0.0010000000
        0.7325164896	        1.1560090483	        0.6648524020	       -0.0274202186	       20.0698714231	        0.0000000000	        0.0070144852	        0.0077938725	        0.0024833355	        0.0080292820	        0.0010400263	        0.0666666667	        0.1000000000	        0.0010000000
        0.7899653716	        1.1735590621	        0.6460557827	       -0.0332876977	       19.3768185055	        0.0000000000	        0.0066646367	        0.0074051519	        0.0024927920	        0.0069569717	        0.0008266387	        0.0666666667	        0.1000000000	        0.0010000000
        0.8488864424	        1.1878627385	        0.6256371776	       -0.0436090823	       18.6683339096	        0.0000000000	        0.0063330725	        0.0070367472	        0.0025060495	        0.0060298782	        0.0006574733	        0.0666666667	        0.1000000000	        0.0010000000
        0.9088899606	        1.1980787509	        0.6036539467	       -0.0554597684	       17.9493579148	        0.0000000000	        0.0060770549	        0.0067522832	        0.0025283288	        0.0053361481	        0.0005392728	        0.0666666667	        0.1000000000	        0.0010000000
        0.9695556872	        1.2034244652	        0.5803997712	       -0.0666675368	       17.2253495431	        0.0000000000	        0.0059407507	        0.0066008341	        0.0025633268	        0.0049620302	        0.0004783387	        0.0666666667	        0.1000000000	        0.0010000000
        1.0304443128	        1.2034244652	        0.5563926651	       -0.0794055580	       16.5022217098	        0.0000000000	        0.0059407507	        0.0066008341	        0.0026115242	        0.0049620302	        0.0004783387	        0.0666666667	        0.1000000000	        0.0010000000
        1.0911100394	        1.1980787509	        0.5322498521	       -0.0943152230	       15.7865095672	        0.0000000000	        0.0060770549	        0.0067522832	        0.0026740922	        0.0053361481	        0.0005392728	        0.0666666667	        0.1000000000	        0.0010000000
        1.1511135576	        1.1878627385	        0.5085472286	       -0.1082115118	       15.0844337948	        0.0000000000	        0.0063330725	        0.0070367472	        0.0027511522	        0.0060298782	        0.0006574733	        0.0666666667	        0.1000000000	        0.0010000000
        1.2100346284	        1.1735590621	        0.4857009295	       -0.1173277848	       14.3997450179	        0.0000000000	        0.0066646367	        0.0074051519	        0.0028368487	        0.0069569717	        0.0008266387	        0.0666666667	        0.1000000000	        0.0010000000
        1.2674835104	        1.1560090483	        0.4639194951	       -0.1224168146	       13.7411369233	        0.0000000000	        0.0070144852	        0.0077938725	        0.0029239012	        0.0080292820	        0.0010400263	        0.0666666667	        0.1000000000	        0.0010000000
        1.3231105990	        1.1359432574	        0.4432391436	       -0.1257988107	       13.1090759853	        0.0000000000	        0.0073338465	        0.0081487183	        0.0030083647	        0.0091749726	        0.0012923625	        0.0666666667	        0.1000000000	        0.0010000000
        1.3766138158	        1.1139363483	        0.4235964511	       -0.1245901940	       12.5071999583	        0.0000000000	        0.0075905386	        0.0084339318	        0.0030878741	        0.0103420439	        0.0015805008	        0.0666666667	        0.1000000000	        0.0010000000
        1.4277434942	        1.0904278944	        0.4049032597	       -0.1163166753	       11.9376580633	        0.0000000000	        0.0077674136	        0.0086304596	        0.0031591955	        0.0114947764	        0.0019032184	        0.0666666667	        0.1000000000	        0.0010000000
        1.4763047249	        1.0657573132	        0.3870839961	       -0.1010732242	       11.4033298367	        0.0000000000	        0.0078583058	        0.0087314509	        0.0032189294	        0.0126090709	        0.0022607637	        0.0666666667	        0.1000000000	        0.0010000000
        1.5221573100	        1.0401931710	        0.3700828182	       -0.0810490753	       10.9023892734	        0.0000000000	        0.0078644142	        0.0087382380	        0.0032648481	        0.0136687751	        0.0026544489	        0.0666666667	        0.1000000000	        0.0010000000
        1.5652136297	        1.0139538049	        0.3538573999	       -0.0542764016	       10.4351340980	        0.0000000000	        0.0077916377	        0.0086573752	        0.0032954136	        0.0146631895	        0.0030863536	        0.0666666667	        0.1000000000	        0.0010000000
        1.6054348249	        0.9872210436	        0.3383813716	       -0.0198363927	       10.0007997563	        0.0000000000	        0.0076486963	        0.0084985515	        0.0033090032	        0.0155854479	        0.0035591226	        0.0666666667	        0.1000000000	        0.0010000000
        1.6428257449	        0.9601492808	        0.3236415263	        0.0228327478	        9.5976435449	        0.0000000000	        0.0074458089	        0.0082731210	        0.0033043777	        0.0164314644	        0.0040758297	        0.0666666667	        0.1000000000	        0.0010000000
        1.6774291124	        0.9328716018	        0.3096340055	        0.0731396425	        9.2248589202	        0.0000000000	        0.0071937539	        0.0079930599	        0.0032810041	        0.0171992301	        0.0046398805	        0.0666666667	        0.1000000000	        0.0010000000
        1.7093193206	        0.9055040711	        0.2963592247	        0.1299398063	        8.8799193997	        0.0000000000	        0.0069032028	        0.0076702253	        0.0032392861	        0.0178883272	        0.0052549368	        0.0666666667	        0.1000000000	        0.0010000000
        1.7385962156	        0.8781488440	        0.2838175321	        0.1924689051	        8.5606449166	        0.0000000000	        0.0065842496	        0.0073158329	        0.0031804068	        0.0184995800	        0.0059248527	        0.0666666667	        0.1000000000	        0.0010000000
        1.7653791443	        0.8508964593	        0.2720068386	        0.2584598830	        8.2656407921	        0.0000000000	        0.0062460818	        0.0069400909	        0.0031062707	        0.0190347960	        0.0066536141	        0.0666666667	        0.1000000000	        0.0010000000
        1.7898014704	        0.8238274489	        0.2609196153	        0.3243257147	        7.9924480798	        0.0000000000	        0.0058967496	        0.0065519440	        0.0030196384	        0.0194965652	        0.0074452807	        0.0666666667	        0.1000000000	        0.0010000000
        1.8120056873	        0.7970132405	        0.2505401376	        0.3862596834	        7.7395446139	        0.0000000000	        0.0055430046	        0.0061588940	        0.0029239621	        0.0198880922	        0.0083039295	        0.0666666667	        0.1000000000	        0.0010000000
        1.8321391985	        0.7705162508	        0.2408431285	        0.4415644332	        7.5045732862	        0.0000000000	        0.0051901985	        0.0057668872	        0.0028229173	        0.0202130365	        0.0092336043	        0.0666666667	        0.1000000000	        0.0010000000
        1.8503507799	        0.7443890735	        0.2317942777	        0.4867457364	        7.2864218774	        0.0000000000	        0.0048422494	        0.0053802771	        0.0027200837	        0.0204753347	        0.0102382730	        0.0666666667	        0.1000000000	        0.0010000000
        1.8667877045	        0.7186727913	        0.2233505994	        0.5177998892	        7.0841005877	        0.0000000000	        0.0045016981	        0.0050018868	        0.0026188667	        0.0206789821	        0.0113217973	        0.0666666667	        0.1000000000	        0.0010000000
        1.8815934821	        0.6933946384	        0.2154609754	        0.5311341903	        6.8966338119	        0.0000000000	        0.0041698715	        0.0046331906	        0.0025223209	        0.0208277595	        0.0124879084	        0.0666666667	        0.1000000000	        0.0010000000
        1.8949061510	        0.6685654310	        0.2080673228	        0.5233766502	        6.7229009056	        0.0000000000	        0.0038471519	        0.0042746133	        0.0024329691	        0.0209249056	        0.0137401799	        0.0666666667	        0.1000000000	        0.0010000000
        1.9068570493	        0.6441772707	        0.2011060135	        0.4907181184	        6.5611416266	        0.0000000000	        0.0035333217	        0.0039259130	        0.0023527479	        0.0209727505	        0.0150819767	        0.0666666667	        0.1000000000	        0.0010000000
        1.9175699947	        0.6202019512	        0.1945091277	        0.4298239031	        6.4124138982	        0.0000000000	        0.0032279300	        0.0035865889	        0.0022829715	        0.0209723357	        0.0165163516	        0.0666666667	        0.1000000000	        0.0010000000
        1.9271607996	        0.5965902809	        0.1882057718	        0.3369672322	        6.2755204632	        0.0000000000	        0.0029306219	        0.0032562465	        0.0022243058	        0.0209230459	        0.0180458570	        0.0666666667	        0.1000000000	        0.0010000000
        1.9357370589	        0.5732722671	        0.1821229675	        0.2079559605	        6.1491998581	        0.0000000000	        0.0026413787	        0.0029348653	        0.0021767975	        0.0208222692	        0.0196722321	        0.0666666667	        0.1000000000	        0.0010000000
        1.9433981504	        0.5501578851	        0.1761860472	        0.0421028974	        6.0347917471	        0.0000000000	        0.0023606458	        0.0026229397	        0.0021397330	        0.0206650879	        0.0213959210	        0.0666666667	        0.1000000000	        0.0010000000
        1.9502353978	        0.5271380507	        0.1703193196	       -0.1649052038	        5.9298646690	        0.0000000000	        0.0020893462	        0.0023214958	        0.0021116352	        0.0204439942	        0.0232153682	        0.0666666667	        0.1000000000	        0.0010000000
        1.9563323538	        0.5040854316	        0.1644452676	       -0.4095579608	        5.8351459751	        0.0000000000	        0.0018288060	        0.0020320066	        0.0020901379	        0.0201486219	        0.0251260285	        0.0666666667	        0.1000000000	        0.0010000000
        1.9617651675	        0.4808548710	        0.1584845902	       -0.6914572398	        5.7494181041	        0.0000000000	        0.0015806222	        0.0017562469	        0.0020718347	        0.0197655042	        0.0271190193	        0.0666666667	        0.1000000000	        0.0010000000
        1.9666030060	        0.4572834229	        0.1523549157	       -1.0040551122	        5.6722823912	        0.0000000000	        0.0013465133	        0.0014961259	        0.0020522257	        0.0192778995	        0.0291793617	        0.0666666667	        0.1000000000	        0.0010000000
        1.9709085097	        0.4331903702	        0.1459699436	       -1.3380890143	        5.6039284410	        0.0000000000	        0.0011281802	        0.0012535336	        0.0020254996	        0.0186658014	        0.0312838227	        0.0666666667	        0.1000000000	        0.0010000000
        1.9747382607	        0.4083781970	        0.1392386322	       -1.6896503064	        5.5427897514	        0.0000000000	        0.0009271996	        0.0010302217	        0.0019845843	        0.0179063719	        0.0333985825	        0.0666666667	        0.1000000000	        0.0010000000
        1.9781432525	        0.3826365400	        0.1320642186	       -2.0533832650	        5.4881359666	        0.0000000000	        0.0007449576	        0.0008277306	        0.0019211988	        0.0169752370	        0.0354774602	        0.0666666667	        0.1000000000	        0.0010000000
        1.9811693494	        0.3557529294	        0.1243454001	       -2.4203217185	        5.4396761941	        0.0000000000	        0.0005826204	        0.0006473560	        0.0018259651	        0.0158493774	        0.0374625293	        0.0666666667	        0.1000000000	        0.0010000000
        1.9838577298	        0.3275367987	        0.1159823086	       -2.7797407930	        5.3972573443	        0.0000000000	        0.0004411220	        0.0004901355	        0.0016892628	        0.0145126288	        0.0392910001	        0.0666666667	        0.1000000000	        0.0010000000
        1.9862453073	        0.2978659678	        0.1068910981	       -3.1276254209	        5.3602166366	        0.0000000000	        0.0003211357	        0.0003568175	        0.0015036716	        0.0129647029	        0.0409147805	        0.0666666667	        0.1000000000	        0.0010000000
        1.9883651267	        0.2667639336	        0.0970314571	       -3.4636093460	        5.3276830453	        0.0000000000	        0.0002229920	        0.0002477689	        0.0012687248	        0.0112332177	        0.0423352103	        0.0666666667	        0.1000000000	        0.0010000000
        1.9902467340	        0.2345020715	        0.0864490279	       -3.7852049709	        5.2990163122	        0.0000000000	        0.0001464817	        0.0001627575	        0.0009974165	        0.0093842219	        0.0436324596	        0.0666666667	        0.1000000000	        0.0010000000
        1.9919165179	        0.2016769243	        0.0753185673	       -4.0882366252	        5.2737705624	        0.0000000000	        0.0000903867	        0.0001004297	        0.0007187879	        0.0075208414	        0.0449859518	        0.0666666667	        0.1000000000	        0.0010000000
        1.9933980257	        0.1691643838	        0.0639478310	       -4.3702317329	        5.2515509584	        0.0000000000	        0.0000520574	        0.0000578416	        0.0004688179	        0.0057608662	        0.0467401470	        0.0666666667	        0.1000000000	        0.0010000000
        1.9947122508	        0.1379114412	        0.0527120569	       -4.6301925034	        5.2320004129	        0.0000000000	        0.0000277547	        0.0000308386	        0.0002741801	        0.0042019825	        0.0494537213	        0.0666666667	        0.1000000000	        0.0010000000
        1.9958778967	        0.1086846470	        0.0419520192	       -4.8681104691	        5.2147993026	        0.0000000000	        0.0000135093	        0.0000150103	        0.0001423592	        0.0028986814	        0.0538633875	        0.0666666667	        0.1000000000	        0.0010000000
        1.9969116151	        0.0819334210	        0.0319026453	       -5.0846224285	        5.1996636284	        0.0000000000	        0.0000058454	        0.0000064949	        0.0000643292	        0.0018630630	        0.0608721753	        0.0666666667	        0.1000000000	        0.0010000000
        1.9978282231	        0.0578036690	        0.0226809985	       -5.2807679972	        5.1863423512	        0.0000000000	        0.0000021284	        0.0000023649	        0.0000241115	        0.0010804019	        0.0716656608	        0.0666666667	        0.1000000000	        0.0010000000
        1.9986408981	        0.0362309117	        0.0143135343	       -5.4578200779	        5.1746143686	        0.0000000000	        0.0000005747	        0.0000006385	        0.0000066421	        0.0005253479	        0.0879434438	        0.0666666667	        0.1000000000	        0.0010000000
        1.9993613540	        0.0170373121	        0.0067717707	       -5.6171675717	        5.1642854235	        0.0000000000	        0.0000000781	        0.0000000868	        0.0000009163	        0.0001722987	        0.1120559826	        0.0666666667	        0.1000000000	        0.0010000000
        2.0000000000	        0.0000000000	        0.0000000000	       -5.7602354310	        5.1551851158	        0.0000000000	        0.0000000000	        0.0000000000	        0.0000000000	        0.0000000000	        0.1456678667	        0.0000000000	        0.0000000000	        0.0010000000
