500.000000 1.900068e+01 1.905873e+01 5.685499e+01
510.000000 1.833594e+01 1.838474e+01 5.478506e+01
520.000000 1.770606e+01 1.774689e+01 5.284958e+01
530.000000 1.710831e+01 1.714217e+01 5.103557e+01
540.000000 1.654029e+01 1.656806e+01 4.933210e+01
550.000000 1.599984e+01 1.602237e+01 4.772967e+01
560.000000 1.548501e+01 1.550295e+01 4.621928e+01
570.000000 1.499404e+01 1.500806e+01 4.479361e+01
580.000000 1.452545e+01 1.453609e+01 4.344552e+01
590.000000 1.407789e+01 1.408560e+01 4.216896e+01
600.000000 1.365006e+01 1.365528e+01 4.095843e+01
610.000000 1.324074e+01 1.324388e+01 3.980878e+01
620.000000 1.284884e+01 1.285012e+01 3.871509e+01
630.000000 1.247336e+01 1.247317e+01 3.767381e+01
640.000000 1.211340e+01 1.211193e+01 3.668084e+01
650.000000 1.176812e+01 1.176560e+01 3.573291e+01
660.000000 1.143677e+01 1.143341e+01 3.482719e+01
670.000000 1.111869e+01 1.111462e+01 3.396089e+01
680.000000 1.081312e+01 1.080852e+01 3.313162e+01
690.000000 1.051942e+01 1.051439e+01 3.233691e+01
700.000000 1.023700e+01 1.023165e+01 3.157468e+01
710.000000 9.965271e+00 9.959702e+00 3.084305e+01
720.000000 9.703729e+00 9.698018e+00 3.014016e+01
730.000000 9.451875e+00 9.446084e+00 2.946447e+01
740.000000 9.209269e+00 9.203444e+00 2.881449e+01
750.000000 8.975460e+00 8.969695e+00 2.818900e+01
760.000000 8.750007e+00 8.744301e+00 2.758636e+01
770.000000 8.532482e+00 8.526860e+00 2.700542e+01
780.000000 8.322540e+00 8.317075e+00 2.644535e+01
790.000000 8.119849e+00 8.114526e+00 2.590486e+01
800.000000 7.924073e+00 7.918932e+00 2.538318e+01
810.000000 7.734892e+00 7.729930e+00 2.487926e+01
820.000000 7.551980e+00 7.547222e+00 2.439234e+01
830.000000 7.375078e+00 7.370519e+00 2.392158e+01
840.000000 7.203921e+00 7.199580e+00 2.346639e+01
850.000000 7.038248e+00 7.034133e+00 2.302595e+01
860.000000 6.877808e+00 6.873916e+00 2.259958e+01
870.000000 6.722353e+00 6.718679e+00 2.218664e+01
880.000000 6.571684e+00 6.568235e+00 2.178661e+01
890.000000 6.425603e+00 6.422364e+00 2.139887e+01
900.000000 6.283908e+00 6.280884e+00 2.102297e+01
910.000000 6.146404e+00 6.143578e+00 2.065829e+01
920.000000 6.012877e+00 6.010257e+00 2.030439e+01
930.000000 5.883220e+00 5.880794e+00 1.996086e+01
940.000000 5.757315e+00 5.755078e+00 1.962740e+01
950.000000 5.635007e+00 5.632950e+00 1.930361e+01
960.000000 5.516114e+00 5.514236e+00 1.898901e+01
970.000000 5.400447e+00 5.398734e+00 1.868310e+01
980.000000 5.287929e+00 5.286379e+00 1.838567e+01
990.000000 5.178452e+00 5.177063e+00 1.809645e+01
1000.000000 5.071897e+00 5.070654e+00 1.781507e+01
1010.000000 4.968127e+00 4.967029e+00 1.754118e+01
