    0.0023092584    0.9911845062    0.0005585134    0.0000000027    0.0018313944    0.0419928193    4.0156423285    0.0407880993    0.0000006818   -0.0000007865    0.0652688634
    0.0070632684    0.9749287149    0.0017198766    0.0000006825    0.0015467488    0.0422732047    3.2851371629    0.0734324666    0.0000006881   -0.0000007960    0.0532053689
    0.0120866021    0.9604563645    0.0029318637    0.0000032565    0.0012999306    0.0425147392    2.6551814194    0.1220349370    0.0000007118   -0.0000008075    0.0434106644
    0.0173759344    0.9476784740    0.0041523491    0.0000091679    0.0010872827    0.0427214954    2.1192892709    0.1721469972    0.0000007309   -0.0000008292    0.0349246642
    0.0229279404    0.9364864679    0.0053069416    0.0000192308    0.0009049754    0.0428937435    1.6684132061    0.2187354625    0.0000007511   -0.0000008496    0.0274463502
    0.0287392952    0.9267576330    0.0063196775    0.0000333030    0.0007498364    0.0430348162    1.2938181813    0.2583655008    0.0000007718   -0.0000008733    0.0213250157
    0.0348066737    0.9183555749    0.0071417043    0.0000503879    0.0006193222    0.0431481738    0.9867207529    0.2891987852    0.0000007932   -0.0000008992    0.0162566468
    0.0411267510    0.9111305396    0.0077637564    0.0000690883    0.0005112530    0.0432374645    0.7383743369    0.3111732957    0.0000008161   -0.0000009258    0.0121729866
    0.0476962020    0.9049230249    0.0082106300    0.0000881347    0.0004234228    0.0433062205    0.5401412095    0.3256148619    0.0000008420   -0.0000009535    0.0089061724
    0.0545117018    0.8995712598    0.0085252123    0.0001067329    0.0003533729    0.0433577351    0.3837361655    0.3345139609    0.0000008681   -0.0000009810    0.0063296476
    0.0615699254    0.8949204609    0.0087521253    0.0001246167    0.0002984062    0.0433949642    0.2615326802    0.3398435167    0.0000008945   -0.0000010060    0.0043151489
    0.0688675478    0.8908308500    0.0089273745    0.0001418969    0.0002557819    0.0434204805    0.1668224933    0.3431528725    0.0000009205   -0.0000010278    0.0027534673
    0.0764012441    0.8871824763    0.0090741716    0.0001588494    0.0002229375    0.0434364720    0.0939479644    0.3454129645    0.0000009459   -0.0000010466    0.0015512101
    0.0841676892    0.8838765815    0.0092053784    0.0001757510    0.0001976587    0.0434447735    0.0383031020    0.3471405118    0.0000009661   -0.0000010630    0.0006330087
    0.0921635582    0.8808339761    0.0093306558    0.0001927925    0.0001781721    0.0434469132   -0.0037769592    0.3487308828    0.0000009839   -0.0000010815   -0.0000615763
    0.1003855261    0.8779917419    0.0094591335    0.0002100994    0.0001631193    0.0434441580   -0.0351879056    0.3505566091    0.0000010035   -0.0000011036   -0.0005803801
    0.1088302679    0.8752996698    0.0095971662    0.0002276983    0.0001515183    0.0434375561   -0.0582313083    0.3528619075    0.0000010214   -0.0000011312   -0.0009613085
    0.1174944586    0.8727162469    0.0097483580    0.0002454948    0.0001427042    0.0434279676   -0.0747998698    0.3557627245    0.0000010309   -0.0000011673   -0.0012353985
    0.1263747732    0.8702061829    0.0099144322    0.0002634491    0.0001361256    0.0434160828   -0.0864915499    0.3592684628    0.0000010297   -0.0000012144   -0.0014290538
    0.1354678868    0.8677412074    0.0100952284    0.0002816538    0.0001311938    0.0434024377   -0.0945846018    0.3633040280    0.0000010187   -0.0000012756   -0.0015630445
    0.1447704744    0.8653011603    0.0102895452    0.0003001483    0.0001273977    0.0433874504   -0.0999977389    0.3677894661    0.0000009993   -0.0000013550   -0.0016524157
    0.1542792109    0.8628722975    0.0104955156    0.0003188712    0.0001243755    0.0433714495   -0.1033666850    0.3726539320    0.0000009741   -0.0000014451   -0.0017079036
    0.1639907715    0.8604463382    0.0107125591    0.0003378370    0.0001217879    0.0433547067   -0.1050866101    0.3779068242    0.0000009431   -0.0000015396   -0.0017357163
    0.1739018310    0.8580197054    0.0109413956    0.0003569469    0.0001194999    0.0433374672   -0.1053497168    0.3836311091    0.0000009100   -0.0000016349   -0.0017393675
    0.1840090646    0.8555880670    0.0111774584    0.0003759330    0.0001176068    0.0433199554   -0.1043763934    0.3896497465    0.0000008819   -0.0000017275   -0.0017229542
    0.1943091472    0.8531456147    0.0114150581    0.0003947362    0.0001160686    0.0433023626   -0.1024431777    0.3957289596    0.0000008599   -0.0000018098   -0.0016908712
    0.2047987539    0.8506881239    0.0116498984    0.0004133401    0.0001147939    0.0432848508   -0.0997561903    0.4016985961    0.0000008432   -0.0000018766   -0.0016462978
    0.2154745597    0.8482124067    0.0118788410    0.0004317576    0.0001136990    0.0432675591   -0.0964723597    0.4074358099    0.0000008297   -0.0000019279   -0.0015917797
    0.2263332396    0.8457176090    0.0121023164    0.0004500423    0.0001126656    0.0432506114   -0.0926487538    0.4129784922    0.0000008131   -0.0000019670   -0.0015284548
    0.2373714686    0.8432036997    0.0123212200    0.0004679659    0.0001117517    0.0432341287   -0.0883061764    0.4183607255    0.0000007895   -0.0000020021   -0.0014569728
    0.2485859217    0.8406677728    0.0125359336    0.0004851192    0.0001110858    0.0432182213   -0.0835786764    0.4235509213    0.0000007675   -0.0000020412   -0.0013794189
    0.2599732740    0.8381043557    0.0127451128    0.0005011281    0.0001107668    0.0432029689   -0.0787018935    0.4284297693    0.0000007529   -0.0000020894   -0.0012996575
    0.2715302005    0.8355056468    0.0129443164    0.0005156670    0.0001108307    0.0431883992   -0.0740012484    0.4327542277    0.0000007468   -0.0000021562   -0.0012228469
    0.2832533761    0.8328640270    0.0131326311    0.0005287263    0.0001112198    0.0431744791   -0.0697884195    0.4364514443    0.0000007452   -0.0000022278   -0.0011537079
    0.2951394759    0.8301738467    0.0133116401    0.0005404927    0.0001117673    0.0431611237   -0.0662908925    0.4395376137    0.0000007503   -0.0000023012   -0.0010956858
    0.3071851749    0.8274351755    0.0134871525    0.0005513546    0.0001121806    0.0431482174   -0.0635030085    0.4422078614    0.0000007617   -0.0000023766   -0.0010489235
    0.3193871482    0.8246555779    0.0136662749    0.0005616516    0.0001121579    0.0431356678   -0.0611216000    0.4447411728    0.0000007760   -0.0000024561   -0.0010085955
    0.3317420707    0.8218478398    0.0138561775    0.0005715674    0.0001116909    0.0431234606   -0.0586419211    0.4475117422    0.0000007910   -0.0000025201   -0.0009666398
    0.3442466175    0.8190202735    0.0140555500    0.0005809862    0.0001110985    0.0431116704   -0.0557455453    0.4505323912    0.0000008102   -0.0000025559   -0.0009180232
    0.3568974635    0.8161739975    0.0142640284    0.0005902158    0.0001105800    0.0431004018   -0.0523988319    0.4538352730    0.0000008305   -0.0000025596   -0.0008624230
    0.3696912839    0.8133079052    0.0144867133    0.0005997062    0.0001101459    0.0430897600   -0.0486504245    0.4576613455    0.0000008578   -0.0000025353   -0.0008002637
    0.3826247535    0.8104197450    0.0147211198    0.0006096340    0.0001099191    0.0430798387   -0.0446005701    0.4618830855    0.0000008895   -0.0000024913   -0.0007336665
    0.3956945475    0.8075022663    0.0149537961    0.0006196496    0.0001100709    0.0430706861   -0.0405463875    0.4659172103    0.0000009237   -0.0000024447   -0.0006675591
    0.4088973408    0.8045475977    0.0151762826    0.0006295340    0.0001104065    0.0430622847   -0.0367978453    0.4694494268    0.0000009605   -0.0000024092   -0.0006061302
    0.4222298085    0.8015561321    0.0153938489    0.0006394273    0.0001106219    0.0430545870   -0.0333327715    0.4727578960    0.0000009990   -0.0000023895   -0.0005492361
    0.4356886256    0.7985319421    0.0156086309    0.0006491144    0.0001107628    0.0430475648   -0.0299921367    0.4759655676    0.0000010134   -0.0000023812   -0.0004946180
    0.4492704671    0.7954753640    0.0158182116    0.0006582127    0.0001109762    0.0430412079   -0.0267641748    0.4789717521    0.0000010045   -0.0000023825   -0.0004419929
    0.4629720079    0.7923847374    0.0160240652    0.0006665522    0.0001112678    0.0430354962   -0.0237100304    0.4817212756    0.0000009775   -0.0000023863   -0.0003923453
    0.4767899232    0.7892584860    0.0162301802    0.0006740488    0.0001116565    0.0430303972   -0.0208855645    0.4842071486    0.0000009475   -0.0000023904   -0.0003464657
    0.4907208880    0.7860940670    0.0164398516    0.0006807571    0.0001121469    0.0430258615   -0.0183814765    0.4865156723    0.0000009201   -0.0000023987   -0.0003057565
    0.5047615772    0.7828901429    0.0166595660    0.0006870540    0.0001126694    0.0430218199   -0.0162398187    0.4889916858    0.0000008989   -0.0000024033   -0.0002709412
    0.5189086659    0.7796465842    0.0168912502    0.0006932396    0.0001132256    0.0430181997   -0.0144638453    0.4917724859    0.0000008949   -0.0000024019   -0.0002418386
    0.5331588290    0.7763631501    0.0171305365    0.0006993553    0.0001137651    0.0430149256   -0.0130648931    0.4946955209    0.0000009010   -0.0000023978   -0.0002186588
    0.5475087417    0.7730436623    0.0173760623    0.0007056488    0.0001140887    0.0430119321   -0.0118996601    0.4977721170    0.0000009011   -0.0000023966   -0.0001986654
    0.5619550789    0.7696958420    0.0176276756    0.0007121750    0.0001142166    0.0430092107   -0.0106869120    0.5010852418    0.0000008936   -0.0000023875   -0.0001778049
    0.5764945156    0.7663232983    0.0178719287    0.0007183293    0.0001143113    0.0430067914   -0.0093124416    0.5041322626    0.0000008853   -0.0000023718   -0.0001545140
    0.5911237269    0.7629282795    0.0180947515    0.0007237434    0.0001142980    0.0430047234   -0.0077096736    0.5064161491    0.0000008764   -0.0000023425   -0.0001274568
    0.6058393878    0.7595155340    0.0182949791    0.0007285424    0.0001141888    0.0430030826   -0.0057115281    0.5079484737    0.0000008638   -0.0000023125   -0.0000943728
    0.6206381733    0.7560866580    0.0184759383    0.0007326756    0.0001140855    0.0430019756   -0.0032668277    0.5088442119    0.0000008450   -0.0000022842   -0.0000540776
    0.6355167583    0.7526428673    0.0186471503    0.0007358247    0.0001139446    0.0430015200   -0.0003313477    0.5095534493    0.0000008270   -0.0000022663   -0.0000057215
    0.6504718180    0.7491850074    0.0188080346    0.0007374411    0.0001138955    0.0430018508    0.0031188198    0.5100918691    0.0000008132   -0.0000022693    0.0000511902
    0.6655000274    0.7457074297    0.0189516234    0.0007371666    0.0001141456    0.0430030823    0.0068713727    0.5101247434    0.0000007988   -0.0000022912    0.0001129449
    0.6805980614    0.7422004327    0.0190816902    0.0007350677    0.0001147705    0.0430052523    0.0105858025    0.5097581884    0.0000007789   -0.0000023280    0.0001738702
    0.6957625950    0.7386518341    0.0192023403    0.0007311723    0.0001158624    0.0430083080    0.0138368619    0.5091474994    0.0000007594   -0.0000023772    0.0002271242
    0.7109903034    0.7350485564    0.0193095941    0.0007255156    0.0001172896    0.0430120803    0.0161716562    0.5081100371    0.0000007195   -0.0000024298    0.0002653974
    0.7262778614    0.7313864946    0.0194075238    0.0007187787    0.0001186810    0.0430163210    0.0174660801    0.5067933377    0.0000006618   -0.0000024886    0.0002867760
    0.7416219442    0.7276713502    0.0195010613    0.0007117320    0.0001198110    0.0430207955    0.0179374700    0.5053601796    0.0000005994   -0.0000025540    0.0002945725
    0.7570192267    0.7239127048    0.0195911754    0.0007048483    0.0001206469    0.0430253358    0.0179267039    0.5038591816    0.0000005400   -0.0000026229    0.0002943539
    0.7724663840    0.7201188967    0.0196783060    0.0006981776    0.0001213106    0.0430298568    0.0177226018    0.5023634203    0.0000004829   -0.0000027055    0.0002905647
    0.7879600910    0.7162929158    0.0197588645    0.0006914141    0.0001219969    0.0430343141    0.0174224123    0.5007517634    0.0000004314   -0.0000027898    0.0002843710
    0.8034970228    0.7124315681    0.0198299846    0.0006842843    0.0001229133    0.0430386602    0.0169110790    0.4989178773    0.0000003894   -0.0000028643    0.0002740945
    0.8190738545    0.7085259231    0.0198921380    0.0006767030    0.0001241694    0.0430427974    0.0158819055    0.4968676037    0.0000003614   -0.0000029129    0.0002552581
    0.8346872609    0.7045672212    0.0199526179    0.0006689833    0.0001256471    0.0430465526    0.0140470966    0.4948067020    0.0000003529   -0.0000029318    0.0002233416
    0.8503339172    0.7005521298    0.0200246938    0.0006617636    0.0001271658    0.0430497006    0.0113107222    0.4930759157    0.0000003592   -0.0000029279    0.0001766214
    0.8660104983    0.6964820749    0.0201189586    0.0006556865    0.0001285986    0.0430520116    0.0077318907    0.4918876687    0.0000003771   -0.0000029067    0.0001161356
    0.8817136794    0.6923630170    0.0202369938    0.0006511793    0.0001297709    0.0430532902    0.0035119181    0.4912542991    0.0000003945   -0.0000028803    0.0000454668
    0.8974401352    0.6882060249    0.0203736094    0.0006484803    0.0001306039    0.0430534152   -0.0009928530    0.4910784219    0.0000004074   -0.0000028612   -0.0000298524
    0.9131865410    0.6840210105    0.0205239916    0.0006476104    0.0001312211    0.0430523517   -0.0054738333    0.4912521854    0.0000004079   -0.0000028532   -0.0001048271
    0.9289495718    0.6798142301    0.0206901276    0.0006485135    0.0001316802    0.0430501313   -0.0097434269    0.4918333666    0.0000004127   -0.0000028610   -0.0001760233
    0.9447259024    0.6755924481    0.0208774361    0.0006511278    0.0001319293    0.0430468355   -0.0135988609    0.4930103989    0.0000004113   -0.0000028743   -0.0002403569
    0.9605122080    0.6713631882    0.0210856393    0.0006551981    0.0001319966    0.0430425994   -0.0168218349    0.4948085097    0.0000003898   -0.0000028875   -0.0002943125
    0.9763051636    0.6671315217    0.0213063611    0.0006603111    0.0001319853    0.0430376066   -0.0192826965    0.4969676609    0.0000003468   -0.0000028966   -0.0003358582
    0.9921014441    0.6628993028    0.0215308422    0.0006660754    0.0001319913    0.0430320589   -0.0209552484    0.4992079414    0.0000002913   -0.0000029078   -0.0003643605
    1.0078985559    0.6586645437    0.0217557332    0.0006722201    0.0001321633    0.0430261570   -0.0219226703    0.5014091608    0.0000002202   -0.0000029139   -0.0003812396
    1.0236948364    0.6544195555    0.0219801246    0.0006785902    0.0001326643    0.0430200529   -0.0224359617    0.5034562884    0.0000001399   -0.0000028907   -0.0003908524
    1.0394877920    0.6501517068    0.0222068200    0.0006851773    0.0001336876    0.0430138145   -0.0228972657    0.5052879428    0.0000000623   -0.0000028326   -0.0003997365
    1.0552740976    0.6458423257    0.0224426154    0.0006919643    0.0001353650    0.0430073852   -0.0238909249    0.5070047109   -0.0000000125   -0.0000027492   -0.0004170028
    1.0710504282    0.6414751505    0.0226975605    0.0006992574    0.0001373650    0.0430005677   -0.0259104788    0.5090170072   -0.0000000784   -0.0000026390   -0.0004502697
    1.0868134590    0.6370482810    0.0229726833    0.0007076428    0.0001393064    0.0429930937   -0.0290049500    0.5115814189   -0.0000001327   -0.0000025161   -0.0005006778
    1.1025598648    0.6325652704    0.0232628566    0.0007176156    0.0001411785    0.0429847105   -0.0330652080    0.5147394082   -0.0000001822   -0.0000023828   -0.0005666002
    1.1182863206    0.6280316665    0.0235742059    0.0007296009    0.0001427445    0.0429751957   -0.0379184368    0.5187750722   -0.0000002255   -0.0000022420   -0.0006450069
    1.1339895017    0.6234658696    0.0239049942    0.0007436596    0.0001435694    0.0429644204   -0.0430189570    0.5235907699   -0.0000002672   -0.0000020907   -0.0007269683
    1.1496660828    0.6188936506    0.0242306773    0.0007591301    0.0001436985    0.0429524259   -0.0476357693    0.5283398302   -0.0000002887   -0.0000019379   -0.0008012507
    1.1653127391    0.6143305165    0.0245290364    0.0007750497    0.0001436481    0.0429393995   -0.0513571811    0.5323771661   -0.0000002931   -0.0000017999   -0.0008613141
    1.1809261455    0.6097752408    0.0248059824    0.0007911303    0.0001438569    0.0429255719   -0.0542464968    0.5359439567   -0.0000002840   -0.0000016822   -0.0009081698
    1.1965029772    0.6052183082    0.0250768708    0.0008076682    0.0001444185    0.0429111177   -0.0566020113    0.5394443259   -0.0000002690   -0.0000015817   -0.0009466942
    1.2120399090    0.6006513312    0.0253515456    0.0008249745    0.0001452010    0.0428961398   -0.0586846438    0.5430673841   -0.0000002481   -0.0000014962   -0.0009808437
    1.2275336160    0.5960718080    0.0256367602    0.0008431512    0.0001459874    0.0428806989   -0.0605799934    0.5470028074   -0.0000002261   -0.0000014083   -0.0010117333
    1.2429807733    0.5914827765    0.0259327214    0.0008619680    0.0001466980    0.0428648590   -0.0622176388    0.5513508627   -0.0000002120   -0.0000013214   -0.0010383645
    1.2583780558    0.5868843632    0.0262278342    0.0008809175    0.0001476132    0.0428486920   -0.0636241921    0.5558323840   -0.0000002039   -0.0000012361   -0.0010612802
    1.2737221386    0.5822651792    0.0265188712    0.0008996929    0.0001490855    0.0428322246   -0.0651452557    0.5603139342   -0.0000002081   -0.0000011512   -0.0010861968
    1.2890096966    0.5776098455    0.0268250890    0.0009186170    0.0001509551    0.0428153750   -0.0672084012    0.5652451885   -0.0000002239   -0.0000010572   -0.0011199305
    1.3042374050    0.5729155057    0.0271519483    0.0009380848    0.0001527098    0.0427980017   -0.0698940138    0.5706673065   -0.0000002488   -0.0000009727   -0.0011632392
    1.3194019386    0.5681918399    0.0274832702    0.0009579924    0.0001541308    0.0427799950   -0.0729554365    0.5760703225   -0.0000002635   -0.0000008958   -0.0012122013
    1.3344999726    0.5634495835    0.0278039102    0.0009780406    0.0001552863    0.0427613089   -0.0761223479    0.5810609125   -0.0000002774   -0.0000008423   -0.0012632564
    1.3495281820    0.5586990912    0.0281159764    0.0009982950    0.0001560581    0.0427419508   -0.0791257130    0.5857594992   -0.0000002978   -0.0000007977   -0.0013120768
    1.3644832417    0.5539572026    0.0284220032    0.0010187818    0.0001562240    0.0427220214   -0.0815273500    0.5902489435   -0.0000003201   -0.0000007469   -0.0013507702
    1.3793618267    0.5492424531    0.0287111007    0.0010388798    0.0001559346    0.0427017415   -0.0828677984    0.5941880941   -0.0000003384   -0.0000006938   -0.0013720256
    1.3941606122    0.5445624969    0.0289730463    0.0010577892    0.0001556802    0.0426814017   -0.0829895429    0.5972465198   -0.0000003555   -0.0000006457   -0.0013736704
    1.4088762731    0.5399116724    0.0292156644    0.0010752160    0.0001557479    0.0426612805   -0.0820751125    0.5996640510   -0.0000003744   -0.0000005903   -0.0013585331
    1.4235054844    0.5352832063    0.0294612210    0.0010913844    0.0001559575    0.0426416032   -0.0803141569    0.6021345636   -0.0000003912   -0.0000005276   -0.0013292784
    1.4380449211    0.5306767754    0.0297198036    0.0011064811    0.0001562048    0.0426225704   -0.0777325093    0.6048964084   -0.0000004002   -0.0000004614   -0.0012866240
    1.4524912583    0.5260893907    0.0299826426    0.0011205720    0.0001567144    0.0426043610   -0.0744444466    0.6076005999   -0.0000004094   -0.0000004006   -0.0012327230
    1.4668411710    0.5215124091    0.0302381628    0.0011336839    0.0001575817    0.0425871041   -0.0707115264    0.6099391982   -0.0000004232   -0.0000003547   -0.0011714998
    1.4810913341    0.5169371234    0.0304732803    0.0011454839    0.0001588150    0.0425708659   -0.0667909334    0.6116886704   -0.0000004196   -0.0000003335   -0.0011073445
    1.4952384228    0.5123520155    0.0306840890    0.0011556222    0.0001606202    0.0425556429   -0.0629958010    0.6128859274   -0.0000004138   -0.0000003243   -0.0010456373
    1.5092791120    0.5077388330    0.0308819758    0.0011644623    0.0001632292    0.0425413427   -0.0597826216    0.6138560290   -0.0000004148   -0.0000003260   -0.0009935110
    1.5232100768    0.5030779457    0.0310861427    0.0011733322    0.0001664555    0.0425277700   -0.0576245658    0.6150152084   -0.0000004223   -0.0000003266   -0.0009582382
    1.5370279921    0.4983650915    0.0313177200    0.0011838899    0.0001694415    0.0425146678   -0.0565969875    0.6168888624   -0.0000004259   -0.0000003141   -0.0009405512
    1.5507295329    0.4936229202    0.0315764449    0.0011964741    0.0001713306    0.0425018460   -0.0561311537    0.6194562320   -0.0000004304   -0.0000002991   -0.0009313862
    1.5643113744    0.4888861757    0.0318273175    0.0012096106    0.0001721384    0.0424892719   -0.0554137091    0.6218451010   -0.0000004259   -0.0000002820   -0.0009187391
    1.5777701915    0.4841788469    0.0320368679    0.0012214601    0.0001723990    0.0424770582   -0.0539145419    0.6233592848   -0.0000004083   -0.0000002546   -0.0008935830
    1.5911026592    0.4795128203    0.0321982451    0.0012310976    0.0001723517    0.0424654051   -0.0513827039    0.6240121167   -0.0000003622   -0.0000002144   -0.0008514235
    1.6043054525    0.4748965859    0.0323216297    0.0012380760    0.0001721138    0.0424545496   -0.0476379387    0.6241568245   -0.0000003017   -0.0000001599   -0.0007893285
    1.6173752465    0.4703312623    0.0324121458    0.0012420799    0.0001721130    0.0424447502   -0.0426848374    0.6238855056   -0.0000002155   -0.0000001044   -0.0007069974
    1.6303087161    0.4658065661    0.0324757901    0.0012434928    0.0001726492    0.0424362246   -0.0367997645    0.6232184125   -0.0000000944   -0.0000000480   -0.0006090821
    1.6431025365    0.4613117675    0.0325294930    0.0012433621    0.0001735044    0.0424291180   -0.0302507369    0.6224270189    0.0000000344    0.0000000095   -0.0004999919
    1.6557533825    0.4568444321    0.0325839861    0.0012424004    0.0001744022    0.0424235331   -0.0231107433    0.6216067308    0.0000001502    0.0000000691   -0.0003810703
    1.6682579293    0.4524063485    0.0326441846    0.0012409081    0.0001752627    0.0424195612   -0.0153560269    0.6207597175    0.0000002536    0.0000001276   -0.0002522821
    1.6806128518    0.4480000131    0.0327263036    0.0012391499    0.0001761287    0.0424172931   -0.0069335175    0.6202913740    0.0000003443    0.0000001663   -0.0001127043
    1.6928148251    0.4436240702    0.0328434774    0.0012370464    0.0001772815    0.0424168202    0.0021171345    0.6205415857    0.0000004347    0.0000001704    0.0000368675
    1.7048605241    0.4392693580    0.0329946832    0.0012343809    0.0001789962    0.0424181946    0.0115610069    0.6214332749    0.0000005160    0.0000001532    0.0001922551
    1.7167466239    0.4349251871    0.0331692861    0.0012308783    0.0001811252    0.0424214105    0.0211208090    0.6226602492    0.0000005907    0.0000001276    0.0003492468
    1.7284697995    0.4305888895    0.0333554363    0.0012260242    0.0001832824    0.0424264240    0.0307069016    0.6239902632    0.0000006485    0.0000001098    0.0005065604
    1.7400267260    0.4262647198    0.0335413070    0.0012191707    0.0001853517    0.0424331897    0.0403866262    0.6252777039    0.0000006933    0.0000001046    0.0006648626
    1.7514140783    0.4219555508    0.0337202953    0.0012099450    0.0001875174    0.0424416679    0.0501999964    0.6264738966    0.0000007233    0.0000001159    0.0008249503
    1.7626285314    0.4176577066    0.0338844144    0.0011980791    0.0001902045    0.0424518180    0.0600350924    0.6274306144    0.0000007343    0.0000001504    0.0009852941
    1.7736667604    0.4133558495    0.0340243046    0.0011832545    0.0001940028    0.0424635543    0.0695227994    0.6279128653    0.0000007425    0.0000001983    0.0011399790
    1.7845254403    0.4090231211    0.0341450676    0.0011652061    0.0001994359    0.0424767074    0.0780645536    0.6279543164    0.0000007583    0.0000002446    0.0012795297
    1.7952012461    0.4046250792    0.0342694495    0.0011439502    0.0002067875    0.0424909958    0.0849297068    0.6279969878    0.0000007818    0.0000002743    0.0013920505
    1.8056908528    0.4001267144    0.0344282620    0.0011198443    0.0002160544    0.0425060214    0.0894010709    0.6286761747    0.0000008051    0.0000002850    0.0014655596
    1.8159909354    0.3954962112    0.0346459426    0.0010933414    0.0002272201    0.0425212848    0.0908384317    0.6304524707    0.0000008270    0.0000002824    0.0014890783
    1.8260981690    0.3907023523    0.0349348204    0.0010648166    0.0002404971    0.0425362053    0.0886149031    0.6334942969    0.0000008353    0.0000002640    0.0014522936
    1.8360092285    0.3857088800    0.0352944721    0.0010344347    0.0002564484    0.0425501261    0.0819966500    0.6376877430    0.0000008432    0.0000002309    0.0013432615
    1.8457207891    0.3804690786    0.0357179182    0.0010023030    0.0002758142    0.0425622968    0.0700431213    0.6427978299    0.0000008546    0.0000001885    0.0011463967
    1.8552295256    0.3749274218    0.0362012769    0.0009688605    0.0002991493    0.0425718554    0.0516629103    0.6486656995    0.0000008657    0.0000001400    0.0008438600
    1.8645321132    0.3690242115    0.0367401482    0.0009346884    0.0003269501    0.0425778303    0.0257156356    0.6551399863    0.0000008761    0.0000000953    0.0004167030
    1.8736252268    0.3626938306    0.0373271157    0.0009000892    0.0003600326    0.0425791465   -0.0090172032    0.6620259254    0.0000008815    0.0000000677   -0.0001553640
    1.8825055414    0.3558587711    0.0379523015    0.0008650216    0.0003996558    0.0425746295   -0.0539409391    0.6690779623    0.0000008759    0.0000000523   -0.0008949285
    1.8911697321    0.3484236767    0.0386009655    0.0008290971    0.0004475532    0.0425629943   -0.1107464238    0.6759506074    0.0000008475    0.0000000531   -0.0018301160
    1.8996144739    0.3402692890    0.0392493742    0.0007914570    0.0005060388    0.0425428174   -0.1815022849    0.6821125920    0.0000008045    0.0000000638   -0.0029949067
    1.9078364418    0.3312459505    0.0398616719    0.0007507123    0.0005780731    0.0425125212   -0.2687324957    0.6867865191    0.0000007487    0.0000000749   -0.0044301699
    1.9158323108    0.3211690763    0.0403865621    0.0007050918    0.0006671304    0.0424703466   -0.3754359098    0.6888822345    0.0000006842    0.0000000796   -0.0061849381
    1.9235987559    0.3098199691    0.0407499397    0.0006527610    0.0007768699    0.0424143438   -0.5049827025    0.6868641042    0.0000006281    0.0000000781   -0.0083147023
    1.9311324522    0.2969535548    0.0408470596    0.0005922316    0.0009107146    0.0423423922   -0.6608569969    0.6786604531    0.0000005791    0.0000000698   -0.0108763221
    1.9384300746    0.2823130097    0.0405427082    0.0005228295    0.0010713588    0.0422522783   -0.8462505744    0.6617789742    0.0000005380    0.0000000536   -0.0139213461
    1.9454882982    0.2656513727    0.0396842224    0.0004452444    0.0012601514    0.0421418178   -1.0635279156    0.6337004110    0.0000005001    0.0000000266   -0.0174876979
    1.9523037980    0.2467594650    0.0381252434    0.0003619763    0.0014765309    0.0420090345   -1.3136230702    0.5924748638    0.0000004657   -0.0000000076   -0.0215912717
    1.9588732490    0.2254952318    0.0357533478    0.0002773181    0.0017178118    0.0418523812   -1.5955233749    0.5373280067    0.0000004324   -0.0000000428   -0.0262115263
    1.9651933263    0.2018079779    0.0325159994    0.0001968647    0.0019793878    0.0416709639   -1.9060109464    0.4690960530    0.0000004038   -0.0000000784   -0.0313065343
    1.9712607048    0.1757517867    0.0284447265    0.0001265697    0.0022554505    0.0414647266   -2.2397676495    0.3904801783    0.0000003827   -0.0000001112   -0.0367604273
    1.9770720596    0.1474824617    0.0236719610    0.0000713220    0.0025402991    0.0412345976   -2.5899012040    0.3060581910    0.0000003669   -0.0000001434   -0.0425377324
    1.9826240656    0.1172360853    0.0184248673    0.0000334368    0.0028298378    0.0409824086   -2.9487895922    0.2218938908    0.0000003559   -0.0000001710   -0.0483071521
    1.9879133979    0.0852959221    0.0129831929    0.0000118402    0.0031224622    0.0407113692   -3.3090534353    0.1448757923    0.0000003473   -0.0000002039   -0.0543358579
    1.9929367316    0.0519612403    0.0076059366    0.0000025255    0.0034188193    0.0404242489   -3.6639653328    0.0835501879    0.0000003424   -0.0000002182   -0.0596827954
    1.9976907416    0.0175314266    0.0024628557    0.0000001534    0.0037202224    0.0401319071   -4.0083458772    0.0565910021    0.0000003314   -0.0000002119   -0.0629818952
