        0.0000000000	        0.0000000000	        1.0000000000	       -0.0001394017	        0.0000000000	        0.0000000000	        0.0000000000	        0.0000000000	        0.0010000000	        0.0000000000	        0.1000000000	        0.0010000000	        0.6000000000	        0.0010244239	        0.0010184745
        0.0014313701	        0.0150600559	        0.9945010553	       -0.0001771024	        0.0000000000	        0.0000000001	        0.0000000002	        0.1000000000	        0.0010000000	        0.0666666667	        0.1000000000	        0.0010000000	        0.6013226560	        0.0010261733	        0.0010187817
        0.0030125084	        0.0316704704	        0.9884262385	       -0.0002227675	        0.0000000009	        0.0000000017	        0.0000000040	        0.1000000000	        0.0010000000	        0.0666666667	        0.1000000000	        0.0010000000	        0.6027906220	        0.0010262446	        0.0010181400
        0.0047588098	        0.0499846443	        0.9817163699	       -0.0002780673	        0.0000000059	        0.0000000108	        0.0000000251	        0.1000000000	        0.0010000000	        0.0666666667	        0.1000000000	        0.0010000000	        0.6044203996	        0.0010262918	        0.0010174162
        0.0066871908	        0.0701693698	        0.9743066057	       -0.0003448769	        0.0000000229	        0.0000000420	        0.0000000980	        0.1000000000	        0.0010000000	        0.0666666667	        0.1000000000	        0.0010000000	        0.6062304472	        0.0010262747	        0.0010168771
        0.0088162262	        0.0924050064	        0.9661262282	       -0.0004208256	        0.0000000695	        0.0000001269	        0.0000002970	        0.1000000000	        0.0010000000	        0.0666666667	        0.1000000000	        0.0010000000	        0.6082413718	        0.0010261099	        0.0010161066
        0.0111662954	        0.1168847815	        0.9570987606	       -0.0005126321	        0.0000001792	        0.0000003262	        0.0000007658	        0.1000000000	        0.0010000000	        0.0666666667	        0.1000000000	        0.0010000000	        0.6104760720	        0.0010256384	        0.0010136332
        0.0137597373	        0.1438124213	        0.9471427307	       -0.0006430290	        0.0000004138	        0.0000007501	        0.0000017666	        0.1000000000	        0.0010000000	        0.0666666667	        0.1000000000	        0.0010000000	        0.6129597515	        0.0010245741	        0.0010096147
        0.0166210148	        0.1733967395	        0.9361736506	       -0.0008181505	        0.0000008814	        0.0000015906	        0.0000037550	        0.1000000000	        0.0010000000	        0.0666666667	        0.1000000000	        0.0010000000	        0.6157196551	        0.0010224244	        0.0010030956
        0.0197768871	        0.2058409165	        0.9241081631	       -0.0010784942	        0.0000017651	        0.0000031695	        0.0000074897	        0.1000000000	        0.0010000000	        0.0666666667	        0.1000000000	        0.0010000000	        0.6187842700	        0.0010183767	        0.0009927730
        0.0232565889	        0.2413229622	        0.9108718341	       -0.0014542800	        0.0000033654	        0.0000060100	        0.0000141787	        0.1000000000	        0.0010000000	        0.0666666667	        0.1000000000	        0.0010000000	        0.6221815606	        0.0010111493	        0.0009781126
        0.0270920169	        0.2799625012	        0.8964126493	       -0.0019833740	        0.0000061618	        0.0000109380	        0.0000256442	        0.1000000000	        0.0010000000	        0.0666666667	        0.1000000000	        0.0010000000	        0.6259356044	        0.0009988294	        0.0009567077
        0.0313179184	        0.3217685019	        0.8807224719	       -0.0027257087	        0.0000108972	        0.0000192171	        0.0000444410	        0.1000000000	        0.0010000000	        0.0666666667	        0.1000000000	        0.0010000000	        0.6300608398	        0.0009787723	        0.0009278745
        0.0359720830	        0.3665653335	        0.8638674536	       -0.0036757783	        0.0000186836	        0.0000327152	        0.0000737785	        0.1000000000	        0.0010000000	        0.0666666667	        0.1000000000	        0.0010000000	        0.6345533451	        0.0009477229	        0.0008914536
        0.0410955314	        0.4139048572	        0.8460237950	       -0.0047858784	        0.0000311204	        0.0000540809	        0.0001170118	        0.1000000000	        0.0010000000	        0.0666666667	        0.1000000000	        0.0010000000	        0.6393797042	        0.0009023933	        0.0008455797
        0.0467326989	        0.4629938322	        0.8275059078	       -0.0059650570	        0.0000503926	        0.0000868808	        0.0001765123	        0.1000000000	        0.0010000000	        0.0666666667	        0.1000000000	        0.0010000000	        0.6444666778	        0.0008406580	        0.0007905625
        0.0529316067	        0.5126922977	        0.8087633493	       -0.0070062601	        0.0000792914	        0.0001356038	        0.0002521107	        0.1000000000	        0.0010000000	        0.0666666667	        0.1000000000	        0.0010000000	        0.6496984632	        0.0007630908	        0.0007287820
        0.0597440162	        0.5616407428	        0.7903240425	       -0.0076367677	        0.0001210804	        0.0002054173	        0.0003399871	        0.1000000000	        0.0010000000	        0.0666666667	        0.1000000000	        0.0010000000	        0.6549291594	        0.0006739069	        0.0006617544
        0.0672255573	        0.6085143269	        0.7726888999	       -0.0076567862	        0.0001791573	        0.0003016066	        0.0004331527	        0.1000000000	        0.0010000000	        0.0666666667	        0.1000000000	        0.0010000000	        0.6600111436	        0.0005802534	        0.0005918787
        0.0754358219	        0.6523009561	        0.7562241279	       -0.0069535814	        0.0002565537	        0.0004287724	        0.0005236906	        0.1000000000	        0.0010000000	        0.0666666667	        0.1000000000	        0.0010000000	        0.6648275681	        0.0004899002	        0.0005220977
        0.0844384110	        0.6924614100	        0.7411068984	       -0.0055811370	        0.0003554104	        0.0005900094	        0.0006053625	        0.1000000000	        0.0010000000	        0.0666666667	        0.1000000000	        0.0010000000	        0.6693121158	        0.0004087866	        0.0004545522
        0.0943009237	        0.7289140377	        0.7273404323	       -0.0037199087	        0.0004765867	        0.0007863118	        0.0006749344	        0.1000000000	        0.0010000000	        0.0666666667	        0.1000000000	        0.0010000000	        0.6734489161	        0.0003398841	        0.0003916919
        0.1050948725	        0.7619021559	        0.7148100821	       -0.0015727722	        0.0006195052	        0.0010163603	        0.0007319034	        0.1000000000	        0.0010000000	        0.0666666667	        0.1000000000	        0.0010000000	        0.6772589723	        0.0002835437	        0.0003349646
        0.1168955085	        0.7918386727	        0.7033431677	        0.0006320167	        0.0007822512	        0.0012767169	        0.0007774460	        0.1000000000	        0.0010000000	        0.0666666667	        0.1000000000	        0.0010000000	        0.6807836482	        0.0002385257	        0.0002844644
        0.1297815392	        0.8191862813	        0.6927525112	        0.0026753891	        0.0009618782	        0.0015623413	        0.0008134207	        0.1000000000	        0.0010000000	        0.0666666667	        0.1000000000	        0.0010000000	        0.6840717283	        0.0002029581	        0.0002408892
        0.1438347190	        0.8443860689	        0.6828610156	        0.0044599537	        0.0011548201	        0.0018672680	        0.0008417424	        0.1000000000	        0.0010000000	        0.0666666667	        0.1000000000	        0.0010000000	        0.6871715557	        0.0001749348	        0.0002040365
        0.1591392914	        0.8678241222	        0.6735123185	        0.0058761464	        0.0013573016	        0.0021852679	        0.0008640951	        0.1000000000	        0.0010000000	        0.0666666667	        0.1000000000	        0.0010000000	        0.6901272136	        0.0001527905	        0.0001733841
        0.1757812632	        0.8898213615	        0.6645733275	        0.0069248284	        0.0015656629	        0.0025103645	        0.0008818475	        0.1000000000	        0.0010000000	        0.0666666667	        0.1000000000	        0.0010000000	        0.6929772168	        0.0001351781	        0.0001482916
        0.1938474899	        0.9106352388	        0.6559328025	        0.0075815153	        0.0017765623	        0.0028371474	        0.0008960663	        0.1000000000	        0.0010000000	        0.0666666667	        0.1000000000	        0.0010000000	        0.6957545237	        0.0001210517	        0.0001280139
        0.2134245548	        0.9304663709	        0.6474984076	        0.0079068834	        0.0019870588	        0.0031608930	        0.0009075635	        0.1000000000	        0.0010000000	        0.0666666667	        0.1000000000	        0.0010000000	        0.6984871303	        0.0001096169	        0.0001119035
        0.2345974273	        0.9494664517	        0.6391934645	        0.0079306984	        0.0021946048	        0.0034775439	        0.0009169496	        0.1000000000	        0.0010000000	        0.0666666667	        0.1000000000	        0.0010000000	        0.7011988513	        0.0001002768	        0.0000991850
        0.2574478906	        0.9677457534	        0.6309539494	        0.0077267586	        0.0023969869	        0.0037836064	        0.0009246809	        0.1000000000	        0.0010000000	        0.0666666667	        0.1000000000	        0.0010000000	        0.7039100964	        0.0000925843	        0.0000892189
        0.2820527391	        0.9853795695	        0.6227259275	        0.0073321129	        0.0025922472	        0.0040760224	        0.0009310979	        0.1000000000	        0.0010000000	        0.0666666667	        0.1000000000	        0.0010000000	        0.7066385634	        0.0000862045	        0.0000812407
        0.3084817527	        1.0024134638	        0.6144634549	        0.0067772036	        0.0027786090	        0.0043520498	        0.0009364550	        0.1000000000	        0.0010000000	        0.0666666667	        0.1000000000	        0.0010000000	        0.7093998227	        0.0000808855	        0.0000750387
        0.3367954708	        1.0188674111	        0.6061269089	        0.0061322438	        0.0029544214	        0.0046091752	        0.0009409431	        0.1000000000	        0.0010000000	        0.0666666667	        0.1000000000	        0.0010000000	        0.7122077942	        0.0000764367	        0.0000703134
        0.3670428018	        1.0347389982	        0.5976816924	        0.0054328115	        0.0031181287	        0.0048450678	        0.0009447057	        0.1000000000	        0.0010000000	        0.0666666667	        0.1000000000	        0.0010000000	        0.7150751258	        0.0000727133	        0.0000666006
        0.3992585207	        1.0500058686	        0.5890972584	        0.0047006281	        0.0032682669	        0.0050575758	        0.0009478512	        0.1000000000	        0.0010000000	        0.0666666667	        0.1000000000	        0.0010000000	        0.7180134836	        0.0000696040	        0.0000636661
        0.4334607283	        1.0646275872	        0.5803464124	        0.0039539541	        0.0034034871	        0.0052447646	        0.0009504620	        0.1000000000	        0.0010000000	        0.0666666667	        0.1000000000	        0.0010000000	        0.7210337620	        0.0000670227	        0.0000614188
        0.4696483595	        1.0785470840	        0.5714048682	        0.0032213368	        0.0035226045	        0.0054049927	        0.0009526007	        0.1000000000	        0.0010000000	        0.0666666667	        0.1000000000	        0.0010000000	        0.7241462174	        0.0000649020	        0.0000598012
        0.5077988477	        1.0916918235	        0.5622510524	        0.0025317837	        0.0036246705	        0.0055370227	        0.0009543153	        0.1000000000	        0.0010000000	        0.0666666667	        0.1000000000	        0.0010000000	        0.7273605210	        0.0000631880	        0.0000588349
        0.5478660655	        1.1039748404	        0.5528661755	        0.0019441810	        0.0037090695	        0.0056401654	        0.0009556431	        0.1000000000	        0.0010000000	        0.0666666667	        0.1000000000	        0.0010000000	        0.7306857202	        0.0000618361	        0.0000584187
        0.5897786695	        1.1152957968	        0.5432346147	        0.0014808478	        0.0037756392	        0.0057144568	        0.0009566138	        0.1000000000	        0.0010000000	        0.0666666667	        0.1000000000	        0.0010000000	        0.7341300843	        0.0000608075	        0.0000584697
        0.6334389769	        1.1255422471	        0.5333446907	        0.0011936369	        0.0038248177	        0.0057608688	        0.0009572527	        0.1000000000	        0.0010000000	        0.0666666667	        0.1000000000	        0.0010000000	        0.7377007975	        0.0000600658	        0.0000590657
        0.6787224963	        1.1345913626	        0.5231899620	        0.0011471048	        0.0038578236	        0.0057815629	        0.0009575832	        0.1000000000	        0.0010000000	        0.0666666667	        0.1000000000	        0.0010000000	        0.7414034412	        0.0000595724	        0.0000600751
        0.7254782147	        1.1423124770	        0.5127712195	        0.0013672293	        0.0038768797	        0.0057802014	        0.0009576298	        0.1000000000	        0.0010000000	        0.0666666667	        0.1000000000	        0.0010000000	        0.7452411806	        0.0000592825	        0.0000610777
        0.7735297135	        1.1485709754	        0.5020994496	        0.0017857840	        0.0038855205	        0.0057623692	        0.0009574170	        0.1000000000	        0.0010000000	        0.0666666667	        0.1000000000	        0.0010000000	        0.7492135320	        0.0000591375	        0.0000619398
        0.8226771500	        1.1532342559	        0.4912002451	        0.0023894007	        0.0038891115	        0.0057362962	        0.0009569342	        0.1000000000	        0.0010000000	        0.0666666667	        0.1000000000	        0.0010000000	        0.7533144914	        0.0000590531	        0.0000626827
        0.8727000940	        1.1561806574	        0.4801212887	        0.0031366400	        0.0038963742	        0.0057150322	        0.0009551540	        0.1000000000	        0.0010000000	        0.0666666667	        0.1000000000	        0.0010000000	        0.7575293537	        0.0000588334	        0.0000630165
        0.9233611572	        1.1573098037	        0.4689688180	        0.0039700683	        0.0039393510	        0.0057455254	        0.0009544450	        0.1000000000	        0.0010000000	        0.0666666667	        0.1000000000	        0.0010000000	        0.7618200889	        0.0000581484	        0.0000628206
        0.9744103051	        1.1565876683	        0.4579241994	        0.0049201881	        0.0040414422	        0.0058613611	        0.0009575272	        0.1000000000	        0.0010000000	        0.0666666667	        0.1000000000	        0.0010000000	        0.7661175037	        0.0000568625	        0.0000621662
        1.0255896949	        1.1540815226	        0.4471516820	        0.0060050159	        0.0041747789	        0.0060214280	        0.0009613697	        0.1000000000	        0.0010000000	        0.0666666667	        0.1000000000	        0.0010000000	        0.7703560097	        0.0000552673	        0.0000609687
        1.0766388428	        1.1499125588	        0.4367191181	        0.0071077000	        0.0043020302	        0.0061717216	        0.0009633190	        0.1000000000	        0.0010000000	        0.0666666667	        0.1000000000	        0.0010000000	        0.7745057019	        0.0000537413	        0.0000592558
        1.1272999060	        1.1442089229	        0.4266369223	        0.0081100894	        0.0044156879	        0.0063017980	        0.0009648748	        0.1000000000	        0.0010000000	        0.0666666667	        0.1000000000	        0.0010000000	        0.7785587324	        0.0000524426	        0.0000572490
        1.1773228500	        1.1371016068	        0.4169026062	        0.0089238966	        0.0045108247	        0.0064050456	        0.0009660832	        0.1000000000	        0.0010000000	        0.0666666667	        0.1000000000	        0.0010000000	        0.7825123693	        0.0000514008	        0.0000551410
        1.2264702865	        1.1287199643	        0.4075067773	        0.0095021023	        0.0045840207	        0.0064770745	        0.0009669639	        0.1000000000	        0.0010000000	        0.0666666667	        0.1000000000	        0.0010000000	        0.7863667998	        0.0000506262	        0.0000531511
        1.2745217853	        1.1191891067	        0.3984362364	        0.0098448946	        0.0046329756	        0.0065151176	        0.0009675316	        0.1000000000	        0.0010000000	        0.0666666667	        0.1000000000	        0.0010000000	        0.7901239827	        0.0000501206	        0.0000514567
        1.3212775037	        1.1086283046	        0.3896757248	        0.0099774403	        0.0046562943	        0.0065176936	        0.0009677980	        0.1000000000	        0.0010000000	        0.0666666667	        0.1000000000	        0.0010000000	        0.7937869870	        0.0000498833	        0.0000499954
        1.3665610231	        1.0971499175	        0.3812089163	        0.0098835995	        0.0046533389	        0.0064843724	        0.0009677710	        0.1000000000	        0.0010000000	        0.0666666667	        0.1000000000	        0.0010000000	        0.7973596058	        0.0000499136	        0.0000486470
        1.4102213305	        1.0848586037	        0.3730189617	        0.0095547647	        0.0046241102	        0.0064155897	        0.0009674549	        0.1000000000	        0.0010000000	        0.0666666667	        0.1000000000	        0.0010000000	        0.8008461370	        0.0000502127	        0.0000476284
        1.4521339345	        1.0718506821	        0.3650887605	        0.0090539480	        0.0045691439	        0.0063124881	        0.0009668498	        0.1000000000	        0.0010000000	        0.0666666667	        0.1000000000	        0.0010000000	        0.8042512677	        0.0000507850	        0.0000472493
        1.4922011523	        1.0582135823	        0.3574010637	        0.0084674361	        0.0044894146	        0.0061767729	        0.0009659509	        0.1000000000	        0.0010000000	        0.0666666667	        0.1000000000	        0.0010000000	        0.8075800264	        0.0000516389	        0.0000474059
        1.5303516405	        1.0440253441	        0.3499384659	        0.0078120438	        0.0043862444	        0.0060105794	        0.0009647480	        0.1000000000	        0.0010000000	        0.0666666667	        0.1000000000	        0.0010000000	        0.8108377807	        0.0000527876	        0.0000479284
        1.5665392717	        1.0293541394	        0.3426833181	        0.0071126225	        0.0042612172	        0.0058163510	        0.0009632250	        0.1000000000	        0.0010000000	        0.0666666667	        0.1000000000	        0.0010000000	        0.8140302706	        0.0000542507	        0.0000489259
        1.6007414793	        1.0142577819	        0.3356175785	        0.0064064353	        0.0041160975	        0.0055967266	        0.0009613581	        0.1000000000	        0.0010000000	        0.0666666667	        0.1000000000	        0.0010000000	        0.8171636715	        0.0000560545	        0.0000503467
        1.6329571982	        0.9987831861	        0.3287226013	        0.0056910605	        0.0039527579	        0.0053544427	        0.0009591146	        0.1000000000	        0.0010000000	        0.0666666667	        0.1000000000	        0.0010000000	        0.8202446882	        0.0000582347	        0.0000521070
        1.6632045292	        0.9829657226	        0.3219788609	        0.0049713244	        0.0037731154	        0.0050922493	        0.0009564505	        0.1000000000	        0.0010000000	        0.0666666667	        0.1000000000	        0.0010000000	        0.8232806824	        0.0000608378	        0.0000545845
        1.6915182473	        0.9668284010	        0.3153655966	        0.0043181402	        0.0035790810	        0.0048128448	        0.0009533071	        0.1000000000	        0.0010000000	        0.0666666667	        0.1000000000	        0.0010000000	        0.8262798429	        0.0000639253	        0.0000578660
        1.7179472609	        0.9503807958	        0.3088603590	        0.0037278662	        0.0033725243	        0.0045188337	        0.0009496065	        0.1000000000	        0.0010000000	        0.0666666667	        0.1000000000	        0.0010000000	        0.8292514082	        0.0000675771	        0.0000617442
        1.7425521094	        0.9336176072	        0.3024384304	        0.0032023274	        0.0031552579	        0.0042127096	        0.0009452451	        0.1000000000	        0.0010000000	        0.0666666667	        0.1000000000	        0.0010000000	        0.8322059576	        0.0000718987	        0.0000664129
        1.7654025727	        0.9165167265	        0.2960720832	        0.0027521397	        0.0029290441	        0.0038968699	        0.0009400849	        0.1000000000	        0.0010000000	        0.0666666667	        0.1000000000	        0.0010000000	        0.8351557903	        0.0000770287	        0.0000721872
        1.7865754452	        0.8990366457	        0.2897296300	        0.0024035499	        0.0026956304	        0.0035736663	        0.0009339408	        0.1000000000	        0.0010000000	        0.0666666667	        0.1000000000	        0.0010000000	        0.8381154197	        0.0000831515	        0.0000794324
        1.8061525101	        0.8811130244	        0.2833742103	        0.0021841976	        0.0024568135	        0.0032454947	        0.0009265631	        0.1000000000	        0.0010000000	        0.0666666667	        0.1000000000	        0.0010000000	        0.8411022159	        0.0000905136	        0.0000886509
        1.8242187368	        0.8626542073	        0.2769622489	        0.0021408054	        0.0022145360	        0.0029149237	        0.0009176139	        0.1000000000	        0.0010000000	        0.0666666667	        0.1000000000	        0.0010000000	        0.8441372353	        0.0000994463	        0.0001002343
        1.8408607086	        0.8435354937	        0.2704415182	        0.0022866739	        0.0019710074	        0.0025848544	        0.0009066346	        0.1000000000	        0.0010000000	        0.0666666667	        0.1000000000	        0.0010000000	        0.8472462855	        0.0001103965	        0.0001146064
        1.8561652810	        0.8235920363	        0.2637487549	        0.0026446919	        0.0017288331	        0.0022586869	        0.0008930042	        0.1000000000	        0.0010000000	        0.0666666667	        0.1000000000	        0.0010000000	        0.8504612666	        0.0001239686	        0.0001324042
        1.8702184608	        0.8026104789	        0.2568068380	        0.0032144696	        0.0014911209	        0.0019404528	        0.0008758867	        0.1000000000	        0.0010000000	        0.0666666667	        0.1000000000	        0.0010000000	        0.8538218133	        0.0001409764	        0.0001541997
        1.8831044915	        0.7803199832	        0.2495216827	        0.0039791618	        0.0012615146	        0.0016348497	        0.0008541726	        0.1000000000	        0.0010000000	        0.0666666667	        0.1000000000	        0.0010000000	        0.8573771991	        0.0001625042	        0.0001810832
        1.8949051275	        0.7563844349	        0.2417793285	        0.0049325517	        0.0010440998	        0.0013471047	        0.0008264251	        0.1000000000	        0.0010000000	        0.0666666667	        0.1000000000	        0.0010000000	        0.8611883121	        0.0001899646	        0.0002146315
        1.9056990763	        0.7303997664	        0.2334443335	        0.0060668013	        0.0008431339	        0.0010826116	        0.0007908646	        0.1000000000	        0.0010000000	        0.0666666667	        0.1000000000	        0.0010000000	        0.8653292009	        0.0002251214	        0.0002544679
        1.9155615890	        0.7019039001	        0.2243616952	        0.0072030864	        0.0006626000	        0.0008463423	        0.0007454564	        0.1000000000	        0.0010000000	        0.0666666667	        0.1000000000	        0.0010000000	        0.8698871032	        0.0002700114	        0.0003001776
        1.9245641781	        0.6704115322	        0.2143660990	        0.0081982656	        0.0005056521	        0.0006421280	        0.0006882172	        0.1000000000	        0.0010000000	        0.0666666667	        0.1000000000	        0.0010000000	        0.8749589722	        0.0003266517	        0.0003549570
        1.9327744427	        0.6354891725	        0.2033037027	        0.0090278181	        0.0003740917	        0.0004719939	        0.0006178769	        0.1000000000	        0.0010000000	        0.0666666667	        0.1000000000	        0.0010000000	        0.8806415424	        0.0003964014	        0.0004162760
        1.9402559838	        0.5968800267	        0.1910706668	        0.0093662431	        0.0002680449	        0.0003357651	        0.0005349176	        0.1000000000	        0.0010000000	        0.0666666667	        0.1000000000	        0.0010000000	        0.8870120152	        0.0004789503	        0.0004811463
        1.9470683933	        0.5546622533	        0.1776653387	        0.0091453686	        0.0001859603	        0.0002310956	        0.0004426325	        0.1000000000	        0.0010000000	        0.0666666667	        0.1000000000	        0.0010000000	        0.8940996547	        0.0005712607	        0.0005529298
        1.9532673011	        0.5093777080	        0.1632357904	        0.0084730647	        0.0001249431	        0.0001539332	        0.0003473646	        0.1000000000	        0.0010000000	        0.0666666667	        0.1000000000	        0.0010000000	        0.9018564948	        0.0006672436	        0.0006254466
        1.9589044686	        0.4620378208	        0.1480911331	        0.0072928041	        0.0000813230	        0.0000992798	        0.0002571627	        0.1000000000	        0.0010000000	        0.0666666667	        0.1000000000	        0.0010000000	        0.9101438445	        0.0007589372	        0.0006976403
        1.9640279170	        0.4139577484	        0.1326547458	        0.0060031335	        0.0000512691	        0.0000620035	        0.0001792208	        0.1000000000	        0.0010000000	        0.0666666667	        0.1000000000	        0.0010000000	        0.9187490520	        0.0008389651	        0.0007650495
        1.9686820816	        0.3664822384	        0.1173743695	        0.0045865576	        0.0000312742	        0.0000374682	        0.0001176491	        0.1000000000	        0.0010000000	        0.0666666667	        0.1000000000	        0.0010000000	        0.9274290654	        0.0009028462	        0.0008220585
        1.9729079831	        0.3207385905	        0.1026341721	        0.0033168574	        0.0000184180	        0.0000218647	        0.0000728870	        0.1000000000	        0.0010000000	        0.0666666667	        0.1000000000	        0.0010000000	        0.9359590767	        0.0009497719	        0.0008768481
        1.9767434111	        0.2775115498	        0.0887057921	        0.0023853745	        0.0000104336	        0.0000122785	        0.0000426805	        0.1000000000	        0.0010000000	        0.0666666667	        0.1000000000	        0.0010000000	        0.9441647456	        0.0009817633	        0.0009255545
        1.9802231129	        0.2372422554	        0.0757435459	        0.0017772910	        0.0000056540	        0.0000065994	        0.0000236094	        0.1000000000	        0.0010000000	        0.0666666667	        0.1000000000	        0.0010000000	        0.9519315525	        0.0010021659	        0.0009600813
        1.9833789852	        0.2000982053	        0.0638067373	        0.0013397735	        0.0000029070	        0.0000033674	        0.0000122870	        0.1000000000	        0.0010000000	        0.0666666667	        0.1000000000	        0.0010000000	        0.9591978115	        0.0010144007	        0.0009786763
        1.9862402627	        0.1660608379	        0.0528897459	        0.0009724427	        0.0000014009	        0.0000016115	        0.0000059615	        0.1000000000	        0.0010000000	        0.0666666667	        0.1000000000	        0.0010000000	        0.9659410811	        0.0010213034	        0.0009917474
        1.9888337046	        0.1350007491	        0.0429484250	        0.0007361457	        0.0000006212	        0.0000007099	        0.0000026527	        0.1000000000	        0.0010000000	        0.0666666667	        0.1000000000	        0.0010000000	        0.9721647047	        0.0010249453	        0.0010073153
        1.9911837738	        0.1067314718	        0.0339190760	        0.0006461284	        0.0000002461	        0.0000002796	        0.0000010526	        0.1000000000	        0.0010000000	        0.0666666667	        0.1000000000	        0.0010000000	        0.9778873106	        0.0010267126	        0.0010150786
        1.9933128092	        0.0810436702	        0.0257304715	        0.0005410427	        0.0000000828	        0.0000000936	        0.0000003546	        0.1000000000	        0.0010000000	        0.0666666667	        0.1000000000	        0.0010000000	        0.9831356377	        0.0010274708	        0.0010111705
        1.9952411902	        0.0577249938	        0.0183107639	        0.0003985110	        0.0000000216	        0.0000000243	        0.0000000924	        0.1000000000	        0.0010000000	        0.0666666667	        0.1000000000	        0.0010000000	        0.9879400421	        0.0010277275	        0.0010066334
        1.9969874916	        0.0365706270	        0.0115910868	        0.0002508313	        0.0000000035	        0.0000000039	        0.0000000150	        0.1000000000	        0.0010000000	        0.0666666667	        0.1000000000	        0.0010000000	        0.9923318635	        0.0010277607	        0.0010040170
        1.9985686299	        0.0173882703	        0.0055071918	        0.0001027190	        0.0000000002	        0.0000000002	        0.0000000008	        0.1000000000	        0.0010000000	        0.0666666667	        0.1000000000	        0.0010000000	        0.9963419691	        0.0010277094	        0.0010016734
        2.0000000000	        0.0000000000	        0.0000000000	       -0.0000428169	        0.0000000000	        0.0000000000	        0.0000000000	        0.0000000000	        0.0010000000	        0.0000000000	        0.1000000000	        0.0010000000	        1.0000000000	        0.0010259709	        0.0010023704
