        0.0000000000	        0.0000000000	        1.0000000000	        0.0000664196	        0.0000000000	        0.0000000000	        0.0000000000	        0.0000000000	        0.0010000000	        0.0000000000	        0.1000000000	        0.0010000000	        1.0000000000	        0.0016619859	        0.0013762070
        0.0014313701	        0.0162113493	        0.9932502627	       -0.0010700953	        0.0000000001	        0.0000000001	        0.0000000006	        0.1000000000	        0.0010000000	        0.0666666667	        0.1000000000	        0.0010000000	        1.0000000000	        0.0015905602	        0.0013290793
        0.0030125084	        0.0340936171	        0.9861269911	       -0.0022142401	        0.0000000024	        0.0000000026	        0.0000000115	        0.1000000000	        0.0010000000	        0.0666666667	        0.1000000000	        0.0010000000	        1.0000000000	        0.0015165932	        0.0012745502
        0.0047588098	        0.0538124279	        0.9786394288	       -0.0034019340	        0.0000000147	        0.0000000163	        0.0000000681	        0.1000000000	        0.0010000000	        0.0666666667	        0.1000000000	        0.0010000000	        1.0000000000	        0.0014404560	        0.0012068924
        0.0066871908	        0.0755475186	        0.9708013282	       -0.0046992293	        0.0000000569	        0.0000000633	        0.0000002501	        0.1000000000	        0.0010000000	        0.0666666667	        0.1000000000	        0.0010000000	        1.0000000000	        0.0013626575	        0.0011283231
        0.0088162262	        0.0994922364	        0.9626313249	       -0.0061548268	        0.0000001712	        0.0000001902	        0.0000007081	        0.1000000000	        0.0010000000	        0.0666666667	        0.1000000000	        0.0010000000	        1.0000000000	        0.0012836897	        0.0010484891
        0.0111662954	        0.1258513420	        0.9541534294	       -0.0077494958	        0.0000004378	        0.0000004864	        0.0000016984	        0.1000000000	        0.0010000000	        0.0666666667	        0.1000000000	        0.0010000000	        1.0000000000	        0.0012040450	        0.0009676956
        0.0137597373	        0.1548356608	        0.9453971143	       -0.0095378362	        0.0000010014	        0.0000011126	        0.0000036272	        0.1000000000	        0.0010000000	        0.0666666667	        0.1000000000	        0.0010000000	        1.0000000000	        0.0011241502	        0.0008864587
        0.0166210148	        0.1866511752	        0.9363986427	       -0.0115035871	        0.0000021107	        0.0000023452	        0.0000071025	        0.1000000000	        0.0010000000	        0.0666666667	        0.1000000000	        0.0010000000	        1.0000000000	        0.0010443117	        0.0008063680
        0.0197768871	        0.2214788542	        0.9272023784	       -0.0136834600	        0.0000041770	        0.0000046411	        0.0000129834	        0.1000000000	        0.0010000000	        0.0666666667	        0.1000000000	        0.0010000000	        1.0000000000	        0.0009646392	        0.0007266984
        0.0232565889	        0.2594401615	        0.9178643987	       -0.0160752983	        0.0000078578	        0.0000087309	        0.0000224076	        0.1000000000	        0.0010000000	        0.0666666667	        0.1000000000	        0.0010000000	        1.0000000000	        0.0008849886	        0.0006487478
        0.0270920169	        0.3005428495	        0.9084568127	       -0.0186874424	        0.0000141685	        0.0000157428	        0.0000367518	        0.1000000000	        0.0010000000	        0.0666666667	        0.1000000000	        0.0010000000	        1.0000000000	        0.0008050043	        0.0005724187
        0.0313179184	        0.3446049198	        0.8990733174	       -0.0215045052	        0.0000246227	        0.0000273585	        0.0000574592	        0.1000000000	        0.0010000000	        0.0666666667	        0.1000000000	        0.0010000000	        1.0000000000	        0.0007242180	        0.0004996141
        0.0359720830	        0.3911658053	        0.8898341737	       -0.0244629374	        0.0000413854	        0.0000459838	        0.0000856677	        0.1000000000	        0.0010000000	        0.0666666667	        0.1000000000	        0.0010000000	        1.0000000000	        0.0006424128	        0.0004313882
        0.0410955314	        0.4394159501	        0.8808841634	       -0.0274794169	        0.0000674067	        0.0000748963	        0.0001216660	        0.1000000000	        0.0010000000	        0.0666666667	        0.1000000000	        0.0010000000	        1.0000000000	        0.0005601579	        0.0003688957
        0.0467326989	        0.4882012468	        0.8723790194	       -0.0304228836	        0.0001064637	        0.0001182930	        0.0001643917	        0.1000000000	        0.0010000000	        0.0666666667	        0.1000000000	        0.0010000000	        1.0000000000	        0.0004792068	        0.0003130155
        0.0529316067	        0.5361577688	        0.8644586717	       -0.0331758591	        0.0001630151	        0.0001811279	        0.0002113867	        0.1000000000	        0.0010000000	        0.0666666667	        0.1000000000	        0.0010000000	        1.0000000000	        0.0004024337	        0.0002640149
        0.0597440162	        0.5819703499	        0.8572149399	       -0.0356386337	        0.0002417874	        0.0002686527	        0.0002594984	        0.1000000000	        0.0010000000	        0.0666666667	        0.1000000000	        0.0010000000	        1.0000000000	        0.0003330777	        0.0002229326
        0.0672255573	        0.6246492051	        0.8506703291	       -0.0377355112	        0.0003471128	        0.0003856809	        0.0003060350	        0.1000000000	        0.0010000000	        0.0666666667	        0.1000000000	        0.0010000000	        1.0000000000	        0.0002736182	        0.0001893252
        0.0754358219	        0.6636845499	        0.8447798978	       -0.0394694727	        0.0004821813	        0.0005357570	        0.0003496216	        0.1000000000	        0.0010000000	        0.0666666667	        0.1000000000	        0.0010000000	        1.0000000000	        0.0002250258	        0.0001621974
        0.0844384110	        0.6990251434	        0.8394519239	       -0.0408677509	        0.0006484316	        0.0007204795	        0.0003902722	        0.1000000000	        0.0010000000	        0.0666666667	        0.1000000000	        0.0010000000	        1.0000000000	        0.0001867876	        0.0001406933
        0.0943009237	        0.7309411344	        0.8345735392	       -0.0419881341	        0.0008452600	        0.0009391778	        0.0004288745	        0.1000000000	        0.0010000000	        0.0666666667	        0.1000000000	        0.0010000000	        1.0000000000	        0.0001574651	        0.0001242244
        0.1050948725	        0.7598664629	        0.8300303510	       -0.0428566346	        0.0010701190	        0.0011890211	        0.0004665808	        0.1000000000	        0.0010000000	        0.0666666667	        0.1000000000	        0.0010000000	        1.0000000000	        0.0001353129	        0.0001116410
        0.1168955085	        0.7862788592	        0.8257173332	       -0.0435374543	        0.0013189491	        0.0014654990	        0.0005043899	        0.1000000000	        0.0010000000	        0.0666666667	        0.1000000000	        0.0010000000	        1.0000000000	        0.0001186815	        0.0001017475
        0.1297815392	        0.8106295012	        0.8215430023	       -0.0440676429	        0.0015867964	        0.0017631071	        0.0005429636	        0.1000000000	        0.0010000000	        0.0666666667	        0.1000000000	        0.0010000000	        1.0000000000	        0.0001061925	        0.0000942462
        0.1438347190	        0.8333111297	        0.8174297108	       -0.0444697840	        0.0018684342	        0.0020760380	        0.0005826132	        0.1000000000	        0.0010000000	        0.0666666667	        0.1000000000	        0.0010000000	        1.0000000000	        0.0000967714	        0.0000885858
        0.1591392914	        0.8546493529	        0.8133121077	       -0.0447638691	        0.0021588515	        0.0023987239	        0.0006233256	        0.1000000000	        0.0010000000	        0.0666666667	        0.1000000000	        0.0010000000	        1.0000000000	        0.0000896059	        0.0000842905
        0.1757812632	        0.8749055561	        0.8091356765	       -0.0449617829	        0.0024535442	        0.0027261602	        0.0006648265	        0.1000000000	        0.0010000000	        0.0666666667	        0.1000000000	        0.0010000000	        1.0000000000	        0.0000840928	        0.0000811424
        0.1938474899	        0.8942844431	        0.8048549160	       -0.0450605888	        0.0027486177	        0.0030540197	        0.0007066622	        0.1000000000	        0.0010000000	        0.0666666667	        0.1000000000	        0.0010000000	        1.0000000000	        0.0000797888	        0.0000788355
        0.2134245548	        0.9129425950	        0.8004321246	       -0.0450657763	        0.0030407518	        0.0033786131	        0.0007482449	        0.1000000000	        0.0010000000	        0.0666666667	        0.1000000000	        0.0010000000	        1.0000000000	        0.0000763673	        0.0000771113
        0.2345974273	        0.9309964126	        0.7958364066	       -0.0449727243	        0.0033270876	        0.0036967640	        0.0007889076	        0.1000000000	        0.0010000000	        0.0666666667	        0.1000000000	        0.0010000000	        1.0000000000	        0.0000735879	        0.0000759990
        0.2574478906	        0.9485288554	        0.7910429965	       -0.0447581364	        0.0036050907	        0.0040056563	        0.0008279554	        0.1000000000	        0.0010000000	        0.0666666667	        0.1000000000	        0.0010000000	        1.0000000000	        0.0000712747	        0.0000754515
        0.2820527391	        0.9655948822	        0.7860326356	       -0.0443982102	        0.0038724226	        0.0043026918	        0.0008647345	        0.1000000000	        0.0010000000	        0.0666666667	        0.1000000000	        0.0010000000	        1.0000000000	        0.0000693018	        0.0000751174
        0.3084817527	        0.9822257138	        0.7807908504	       -0.0438978055	        0.0041268419	        0.0045853798	        0.0008986807	        0.1000000000	        0.0010000000	        0.0666666667	        0.1000000000	        0.0010000000	        1.0000000000	        0.0000675822	        0.0000750705
        0.3367954708	        0.9984321033	        0.7753073088	       -0.0432098031	        0.0043661408	        0.0048512676	        0.0009293152	        0.1000000000	        0.0010000000	        0.0666666667	        0.1000000000	        0.0010000000	        1.0000000000	        0.0000660556	        0.0000753149
        0.3670428018	        1.0142068110	        0.7695755225	       -0.0423257142	        0.0045881192	        0.0050979102	        0.0009562547	        0.1000000000	        0.0010000000	        0.0666666667	        0.1000000000	        0.0010000000	        1.0000000000	        0.0000646820	        0.0000756027
        0.3992585207	        1.0295264623	        0.7635923127	       -0.0412318816	        0.0047905917	        0.0053228797	        0.0009792383	        0.1000000000	        0.0010000000	        0.0666666667	        0.1000000000	        0.0010000000	        1.0000000000	        0.0000634372	        0.0000759921
        0.4334607283	        1.0443529401	        0.7573573166	       -0.0399075828	        0.0049714250	        0.0055238056	        0.0009981297	        0.1000000000	        0.0010000000	        0.0666666667	        0.1000000000	        0.0010000000	        1.0000000000	        0.0000623090	        0.0000766392
        0.4696483595	        1.0586344422	        0.7508724643	       -0.0383064810	        0.0051286016	        0.0056984462	        0.0010129950	        0.1000000000	        0.0010000000	        0.0666666667	        0.1000000000	        0.0010000000	        1.0000000000	        0.0000612989	        0.0000774780
        0.5077988477	        1.0723063086	        0.7441404487	       -0.0364191580	        0.0052603053	        0.0058447836	        0.0010241665	        0.1000000000	        0.0010000000	        0.0666666667	        0.1000000000	        0.0010000000	        1.0000000000	        0.0000604233	        0.0000783687
        0.5478660655	        1.0852917137	        0.7371631615	       -0.0342348690	        0.0053650275	        0.0059611417	        0.0010321655	        0.1000000000	        0.0010000000	        0.0666666667	        0.1000000000	        0.0010000000	        1.0000000000	        0.0000597065	        0.0000793301
        0.5897786695	        1.0975023024	        0.7299408600	       -0.0317522225	        0.0054416923	        0.0060463248	        0.0010376125	        0.1000000000	        0.0010000000	        0.0666666667	        0.1000000000	        0.0010000000	        1.0000000000	        0.0000591760	        0.0000804206
        0.6334389769	        1.1088388573	        0.7224716025	       -0.0289604981	        0.0054897995	        0.0060997773	        0.0010412856	        0.1000000000	        0.0010000000	        0.0666666667	        0.1000000000	        0.0010000000	        1.0000000000	        0.0000588651	        0.0000816103
        0.6787224963	        1.1191920927	        0.7147495205	       -0.0258823549	        0.0055095889	        0.0061217655	        0.0010440329	        0.1000000000	        0.0010000000	        0.0666666667	        0.1000000000	        0.0010000000	        1.0000000000	        0.0000588084	        0.0000829570
        0.7254782147	        1.1284437107	        0.7067655002	       -0.0225110822	        0.0055022301	        0.0061135890	        0.0010468271	        0.1000000000	        0.0010000000	        0.0666666667	        0.1000000000	        0.0010000000	        1.0000000000	        0.0000590447	        0.0000844566
        0.7735297135	        1.1364679246	        0.6985049584	       -0.0188909411	        0.0054700497	        0.0060778329	        0.0010508450	        0.1000000000	        0.0010000000	        0.0666666667	        0.1000000000	        0.0010000000	        1.0000000000	        0.0000596200	        0.0000860179
        0.8226771500	        1.1431337772	        0.6899478525	       -0.0150647342	        0.0054168236	        0.0060186928	        0.0010572501	        0.1000000000	        0.0010000000	        0.0666666667	        0.1000000000	        0.0010000000	        1.0000000000	        0.0000605728	        0.0000877145
        0.8727000940	        1.1483087716	        0.6810711324	       -0.0110791220	        0.0053482129	        0.0059424588	        0.0010672600	        0.1000000000	        0.0010000000	        0.0666666667	        0.1000000000	        0.0010000000	        1.0000000000	        0.0000619307	        0.0000894904
        0.9233611572	        1.1518646105	        0.6718504551	       -0.0070112498	        0.0052726660	        0.0058585178	        0.0010818436	        0.1000000000	        0.0010000000	        0.0666666667	        0.1000000000	        0.0010000000	        1.0000000000	        0.0000636764	        0.0000911541
        0.9744103051	        1.1536860285	        0.6622734628	       -0.0029675395	        0.0052056172	        0.0057840192	        0.0010997095	        0.1000000000	        0.0010000000	        0.0666666667	        0.1000000000	        0.0010000000	        1.0000000000	        0.0000655617	        0.0000927103
        1.0255896949	        1.1536860285	        0.6523973596	        0.0010441142	        0.0052056172	        0.0057840192	        0.0011264590	        0.1000000000	        0.0010000000	        0.0666666667	        0.1000000000	        0.0010000000	        1.0000000000	        0.0000671564	        0.0000943696
        1.0766388428	        1.1518646105	        0.6423471862	        0.0051069936	        0.0052726660	        0.0058585178	        0.0011621838	        0.1000000000	        0.0010000000	        0.0666666667	        0.1000000000	        0.0010000000	        1.0000000000	        0.0000684052	        0.0000961276
        1.1272999060	        1.1483087716	        0.6322037317	        0.0092279473	        0.0053482129	        0.0059424588	        0.0012006182	        0.1000000000	        0.0010000000	        0.0666666667	        0.1000000000	        0.0010000000	        1.0000000000	        0.0000696692	        0.0000979272
        1.1773228500	        1.1431337772	        0.6219884496	        0.0133645432	        0.0054168236	        0.0060186928	        0.0012428198	        0.1000000000	        0.0010000000	        0.0666666667	        0.1000000000	        0.0010000000	        1.0000000000	        0.0000712046	        0.0000996270
        1.2264702865	        1.1364679246	        0.6117099010	        0.0174083813	        0.0054700497	        0.0060778329	        0.0012879401	        0.1000000000	        0.0010000000	        0.0666666667	        0.1000000000	        0.0010000000	        1.0000000000	        0.0000730716	        0.0001010642
        1.2745217853	        1.1284437107	        0.6013763496	        0.0212606960	        0.0055022301	        0.0061135890	        0.0013343703	        0.1000000000	        0.0010000000	        0.0666666667	        0.1000000000	        0.0010000000	        1.0000000000	        0.0000752631	        0.0001023385
        1.3212775037	        1.1191920927	        0.5910032704	        0.0248574412	        0.0055095889	        0.0061217655	        0.0013801739	        0.1000000000	        0.0010000000	        0.0666666667	        0.1000000000	        0.0010000000	        1.0000000000	        0.0000777426	        0.0001035746
        1.3665610231	        1.1088388573	        0.5806134474	        0.0281597096	        0.0054897995	        0.0060997773	        0.0014234559	        0.1000000000	        0.0010000000	        0.0666666667	        0.1000000000	        0.0010000000	        1.0000000000	        0.0000804696	        0.0001049095
        1.4102213305	        1.0975023024	        0.5702364391	        0.0311646499	        0.0054416923	        0.0060463248	        0.0014625055	        0.1000000000	        0.0010000000	        0.0666666667	        0.1000000000	        0.0010000000	        1.0000000000	        0.0000834081	        0.0001062946
        1.4521339345	        1.0852917137	        0.5599058266	        0.0338417128	        0.0053650275	        0.0059611417	        0.0014958919	        0.1000000000	        0.0010000000	        0.0666666667	        0.1000000000	        0.0010000000	        1.0000000000	        0.0000865312	        0.0001076169
        1.4922011523	        1.0723063086	        0.5496573259	        0.0361793141	        0.0052603053	        0.0058447836	        0.0015223432	        0.1000000000	        0.0010000000	        0.0666666667	        0.1000000000	        0.0010000000	        1.0000000000	        0.0000898144	        0.0001088785
        1.5303516405	        1.0586344422	        0.5395280233	        0.0381671191	        0.0051286016	        0.0056984462	        0.0015409080	        0.1000000000	        0.0010000000	        0.0666666667	        0.1000000000	        0.0010000000	        1.0000000000	        0.0000932443	        0.0001102584
        1.5665392717	        1.0443529401	        0.5295526084	        0.0398477779	        0.0049714250	        0.0055238056	        0.0015511217	        0.1000000000	        0.0010000000	        0.0666666667	        0.1000000000	        0.0010000000	        1.0000000000	        0.0000968299	        0.0001119626
        1.6007414793	        1.0295264623	        0.5197610191	        0.0412563224	        0.0047905917	        0.0053228797	        0.0015529212	        0.1000000000	        0.0010000000	        0.0666666667	        0.1000000000	        0.0010000000	        1.0000000000	        0.0001006016	        0.0001139048
        1.6329571982	        1.0142068110	        0.5101764157	        0.0424100245	        0.0045881192	        0.0050979102	        0.0015465348	        0.1000000000	        0.0010000000	        0.0666666667	        0.1000000000	        0.0010000000	        1.0000000000	        0.0001046091	        0.0001157679
        1.6632045292	        0.9984321033	        0.5008145524	        0.0432773710	        0.0043661408	        0.0048512676	        0.0015323304	        0.1000000000	        0.0010000000	        0.0666666667	        0.1000000000	        0.0010000000	        1.0000000000	        0.0001089179	        0.0001180232
        1.6915182473	        0.9822257138	        0.4916836731	        0.0439559871	        0.0041268419	        0.0045853798	        0.0015108427	        0.1000000000	        0.0010000000	        0.0666666667	        0.1000000000	        0.0010000000	        1.0000000000	        0.0001136177	        0.0001208865
        1.7179472609	        0.9655948822	        0.4827833640	        0.0444309344	        0.0038724226	        0.0043026918	        0.0014828822	        0.1000000000	        0.0010000000	        0.0666666667	        0.1000000000	        0.0010000000	        1.0000000000	        0.0001188416	        0.0001241515
        1.7425521094	        0.9485288554	        0.4741028720	        0.0447415159	        0.0036050907	        0.0040056563	        0.0014494799	        0.1000000000	        0.0010000000	        0.0666666667	        0.1000000000	        0.0010000000	        1.0000000000	        0.0001247787	        0.0001284165
        1.7654025727	        0.9309964126	        0.4656201577	        0.0449313064	        0.0033270876	        0.0036967640	        0.0014117927	        0.1000000000	        0.0010000000	        0.0666666667	        0.1000000000	        0.0010000000	        1.0000000000	        0.0001316895	        0.0001342701
        1.7865754452	        0.9129425950	        0.4573005204	        0.0450707741	        0.0030407518	        0.0033786131	        0.0013710666	        0.1000000000	        0.0010000000	        0.0666666667	        0.1000000000	        0.0010000000	        1.0000000000	        0.0001399336	        0.0001419005
        1.8061525101	        0.8942844431	        0.4490948504	        0.0451635860	        0.0027486177	        0.0030540197	        0.0013285269	        0.1000000000	        0.0010000000	        0.0666666667	        0.1000000000	        0.0010000000	        1.0000000000	        0.0001500032	        0.0001517028
        1.8242187368	        0.8749055561	        0.4409378191	        0.0452561672	        0.0024535442	        0.0027261602	        0.0012852250	        0.1000000000	        0.0010000000	        0.0666666667	        0.1000000000	        0.0010000000	        1.0000000000	        0.0001625660	        0.0001647249
        1.8408607086	        0.8546493529	        0.4327456326	        0.0453807035	        0.0021588515	        0.0023987239	        0.0012419106	        0.1000000000	        0.0010000000	        0.0666666667	        0.1000000000	        0.0010000000	        1.0000000000	        0.0001785304	        0.0001815705
        1.8561652810	        0.8333111297	        0.4244128290	        0.0455375683	        0.0018684342	        0.0020760380	        0.0011989288	        0.1000000000	        0.0010000000	        0.0666666667	        0.1000000000	        0.0010000000	        1.0000000000	        0.0001991407	        0.0002028764
        1.8702184608	        0.8106295012	        0.4158077096	        0.0456984373	        0.0015867964	        0.0017631071	        0.0011560597	        0.1000000000	        0.0010000000	        0.0666666667	        0.1000000000	        0.0010000000	        1.0000000000	        0.0002261016	        0.0002300904
        1.8831044915	        0.7862788592	        0.4067671047	        0.0458488731	        0.0013189491	        0.0014654990	        0.0011123114	        0.1000000000	        0.0010000000	        0.0666666667	        0.1000000000	        0.0010000000	        1.0000000000	        0.0002617236	        0.0002653772
        1.8949051275	        0.7598664629	        0.3970908915	        0.0459597200	        0.0010701190	        0.0011890211	        0.0010657724	        0.1000000000	        0.0010000000	        0.0666666667	        0.1000000000	        0.0010000000	        1.0000000000	        0.0003090843	        0.0003116985
        1.9056990763	        0.7309411344	        0.3865375950	        0.0460199744	        0.0008452600	        0.0009391778	        0.0010135371	        0.1000000000	        0.0010000000	        0.0666666667	        0.1000000000	        0.0010000000	        1.0000000000	        0.0003721293	        0.0003696469
        1.9155615890	        0.6990251434	        0.3748253691	        0.0458111901	        0.0006484316	        0.0007204795	        0.0009517460	        0.1000000000	        0.0010000000	        0.0666666667	        0.1000000000	        0.0010000000	        1.0000000000	        0.0004555137	        0.0004399636
        1.9245641781	        0.6636845499	        0.3616476279	        0.0451702927	        0.0004821813	        0.0005357570	        0.0008761972	        0.1000000000	        0.0010000000	        0.0666666667	        0.1000000000	        0.0010000000	        1.0000000000	        0.0005639440	        0.0005292290
        1.9327744427	        0.6246492051	        0.3467105855	        0.0440805140	        0.0003471128	        0.0003856809	        0.0007838640	        0.1000000000	        0.0010000000	        0.0666666667	        0.1000000000	        0.0010000000	        1.0000000000	        0.0007008331	        0.0006359564
        1.9402559838	        0.5819703499	        0.3297970773	        0.0422218593	        0.0002417874	        0.0002686527	        0.0006748661	        0.1000000000	        0.0010000000	        0.0666666667	        0.1000000000	        0.0010000000	        1.0000000000	        0.0008662204	        0.0007565661
        1.9470683933	        0.5361577688	        0.3108518499	        0.0395411803	        0.0001630151	        0.0001811279	        0.0005541487	        0.1000000000	        0.0010000000	        0.0666666667	        0.1000000000	        0.0010000000	        1.0000000000	        0.0010549769	        0.0008972909
        1.9532673011	        0.4882012468	        0.2900445618	        0.0362801058	        0.0001064637	        0.0001182930	        0.0004312236	        0.1000000000	        0.0010000000	        0.0666666667	        0.1000000000	        0.0010000000	        1.0000000000	        0.0012570301	        0.0010493025
        1.9589044686	        0.4394159501	        0.2677653621	        0.0324210219	        0.0000674067	        0.0000748963	        0.0003171196	        0.1000000000	        0.0010000000	        0.0666666667	        0.1000000000	        0.0010000000	        1.0000000000	        0.0014600391	        0.0012115183
        1.9640279170	        0.3911658053	        0.2445480912	        0.0285359169	        0.0000413854	        0.0000459838	        0.0002204836	        0.1000000000	        0.0010000000	        0.0666666667	        0.1000000000	        0.0010000000	        1.0000000000	        0.0016533834	        0.0013761698
        1.9686820816	        0.3446049198	        0.2209517815	        0.0245720504	        0.0000246227	        0.0000273585	        0.0001452553	        0.1000000000	        0.0010000000	        0.0666666667	        0.1000000000	        0.0010000000	        1.0000000000	        0.0018308033	        0.0015326572
        1.9729079831	        0.3005428495	        0.1974705663	        0.0208693482	        0.0000141685	        0.0000157428	        0.0000908753	        0.1000000000	        0.0010000000	        0.0666666667	        0.1000000000	        0.0010000000	        1.0000000000	        0.0019905137	        0.0016954594
        1.9767434111	        0.2594401615	        0.1744875527	        0.0176846476	        0.0000078578	        0.0000087309	        0.0000540288	        0.1000000000	        0.0010000000	        0.0666666667	        0.1000000000	        0.0010000000	        1.0000000000	        0.0021338726	        0.0018569966
        1.9802231129	        0.2214788542	        0.1522715133	        0.0150046444	        0.0000041770	        0.0000046411	        0.0000304656	        0.1000000000	        0.0010000000	        0.0666666667	        0.1000000000	        0.0010000000	        1.0000000000	        0.0022635333	        0.0019998976
        1.9833789852	        0.1866511752	        0.1309968067	        0.0126192430	        0.0000021107	        0.0000023452	        0.0000162011	        0.1000000000	        0.0010000000	        0.0666666667	        0.1000000000	        0.0010000000	        1.0000000000	        0.0023821344	        0.0021169375
        1.9862402627	        0.1548356608	        0.1107682864	        0.0103841968	        0.0000010014	        0.0000011126	        0.0000080400	        0.1000000000	        0.0010000000	        0.0666666667	        0.1000000000	        0.0010000000	        1.0000000000	        0.0024917522	        0.0022271213
        1.9888337046	        0.1258513420	        0.0916421636	        0.0084396725	        0.0000004378	        0.0000004864	        0.0000036588	        0.1000000000	        0.0010000000	        0.0666666667	        0.1000000000	        0.0010000000	        1.0000000000	        0.0025938637	        0.0023466491
        1.9911837738	        0.0994922364	        0.0736407754	        0.0068456673	        0.0000001712	        0.0000001902	        0.0000014835	        0.1000000000	        0.0010000000	        0.0666666667	        0.1000000000	        0.0010000000	        1.0000000000	        0.0026894645	        0.0024492498
        1.9933128092	        0.0755475186	        0.0567630709	        0.0053243788	        0.0000000569	        0.0000000633	        0.0000005100	        0.1000000000	        0.0010000000	        0.0666666667	        0.1000000000	        0.0010000000	        1.0000000000	        0.0027791470	        0.0025240687
        1.9952411902	        0.0538124279	        0.0409921654	        0.0038490813	        0.0000000147	        0.0000000163	        0.0000001353	        0.1000000000	        0.0010000000	        0.0666666667	        0.1000000000	        0.0010000000	        1.0000000000	        0.0028632264	        0.0025927557
        1.9969874916	        0.0340936171	        0.0262999105	        0.0024467182	        0.0000000024	        0.0000000026	        0.0000000224	        0.1000000000	        0.0010000000	        0.0666666667	        0.1000000000	        0.0010000000	        1.0000000000	        0.0029419003	        0.0026562219
        1.9985686299	        0.0162113493	        0.0126499466	        0.0010968599	        0.0000000001	        0.0000000001	        0.0000000012	        0.1000000000	        0.0010000000	        0.0666666667	        0.1000000000	        0.0010000000	        1.0000000000	        0.0030153221	        0.0027107024
        2.0000000000	        0.0000000000	        0.0000000000	       -0.0002102019	        0.0000000000	        0.0000000000	        0.0000000000	        0.0000000000	        0.0010000000	        0.0000000000	        0.1000000000	        0.0010000000	        1.0000000000	        0.0030816139	        0.0027654578
