        0.0000000000	        0.0000000000	        1.0000000000	        0.0005644933	        0.0000000000	        0.0000000000	        0.0000000000	        0.0000000000	        0.0010000000	        0.0000000000	        0.1000000000	        0.0010000000	        1.0000000000	        0.0012531763	        0.0006716170
        0.0014313701	        0.0162113493	        0.9950345840	       -0.0016721910	        0.0000000001	        0.0000000001	        0.0000000004	        0.1000000000	        0.0010000000	        0.0666666667	        0.1000000000	        0.0010000000	        1.0000000000	        0.0011411717	        0.0006394331
        0.0030125084	        0.0340936171	        0.9900465976	       -0.0038117158	        0.0000000024	        0.0000000026	        0.0000000079	        0.1000000000	        0.0010000000	        0.0666666667	        0.1000000000	        0.0010000000	        1.0000000000	        0.0010370467	        0.0005938320
        0.0047588098	        0.0538124279	        0.9850436937	       -0.0059421143	        0.0000000147	        0.0000000163	        0.0000000445	        0.1000000000	        0.0010000000	        0.0666666667	        0.1000000000	        0.0010000000	        1.0000000000	        0.0009428014	        0.0005277530
        0.0066871908	        0.0755475186	        0.9800157072	       -0.0082276034	        0.0000000569	        0.0000000633	        0.0000001579	        0.1000000000	        0.0010000000	        0.0666666667	        0.1000000000	        0.0010000000	        1.0000000000	        0.0008602735	        0.0004448342
        0.0088162262	        0.0994922364	        0.9749374512	       -0.0108225741	        0.0000001712	        0.0000001902	        0.0000004356	        0.1000000000	        0.0010000000	        0.0666666667	        0.1000000000	        0.0010000000	        1.0000000000	        0.0007896558	        0.0003691584
        0.0111662954	        0.1258513420	        0.9697748295	       -0.0136809443	        0.0000004378	        0.0000004864	        0.0000010307	        0.1000000000	        0.0010000000	        0.0666666667	        0.1000000000	        0.0010000000	        1.0000000000	        0.0007307087	        0.0003113343
        0.0137597373	        0.1548356608	        0.9644783836	       -0.0168253286	        0.0000010014	        0.0000011126	        0.0000022023	        0.1000000000	        0.0010000000	        0.0666666667	        0.1000000000	        0.0010000000	        1.0000000000	        0.0006825492	        0.0002638895
        0.0166210148	        0.1866511752	        0.9589946724	       -0.0202932408	        0.0000021107	        0.0000023452	        0.0000043777	        0.1000000000	        0.0010000000	        0.0666666667	        0.1000000000	        0.0010000000	        1.0000000000	        0.0006436703	        0.0002264055
        0.0197768871	        0.2214788542	        0.9532639051	       -0.0240952100	        0.0000041770	        0.0000046411	        0.0000082397	        0.1000000000	        0.0010000000	        0.0666666667	        0.1000000000	        0.0010000000	        1.0000000000	        0.0006121906	        0.0001976371
        0.0232565889	        0.2594401615	        0.9472322537	       -0.0282583276	        0.0000078578	        0.0000087309	        0.0000148292	        0.1000000000	        0.0010000000	        0.0666666667	        0.1000000000	        0.0010000000	        1.0000000000	        0.0005856797	        0.0001759073
        0.0270920169	        0.3005428495	        0.9408582112	       -0.0327748884	        0.0000141685	        0.0000157428	        0.0000256301	        0.1000000000	        0.0010000000	        0.0666666667	        0.1000000000	        0.0010000000	        1.0000000000	        0.0005613952	        0.0001605894
        0.0313179184	        0.3446049198	        0.9341277000	       -0.0376142698	        0.0000246227	        0.0000273585	        0.0000425440	        0.1000000000	        0.0010000000	        0.0666666667	        0.1000000000	        0.0010000000	        1.0000000000	        0.0005362262	        0.0001494694
        0.0359720830	        0.3911658053	        0.9270696173	       -0.0427200054	        0.0000413854	        0.0000459838	        0.0000676373	        0.1000000000	        0.0010000000	        0.0666666667	        0.1000000000	        0.0010000000	        1.0000000000	        0.0005072050	        0.0001412593
        0.0410955314	        0.4394159501	        0.9197667934	       -0.0479755867	        0.0000674067	        0.0000748963	        0.0001025537	        0.1000000000	        0.0010000000	        0.0666666667	        0.1000000000	        0.0010000000	        1.0000000000	        0.0004721640	        0.0001355208
        0.0467326989	        0.4882012468	        0.9123564523	       -0.0532101877	        0.0001064637	        0.0001182930	        0.0001476909	        0.1000000000	        0.0010000000	        0.0666666667	        0.1000000000	        0.0010000000	        1.0000000000	        0.0004305234	        0.0001316995
        0.0529316067	        0.5361577688	        0.9050099945	       -0.0582181985	        0.0001630151	        0.0001811279	        0.0002016042	        0.1000000000	        0.0010000000	        0.0666666667	        0.1000000000	        0.0010000000	        1.0000000000	        0.0003838099	        0.0001287493
        0.0597440162	        0.5819703499	        0.8978941342	       -0.0628211099	        0.0002417874	        0.0002686527	        0.0002612166	        0.1000000000	        0.0010000000	        0.0666666667	        0.1000000000	        0.0010000000	        1.0000000000	        0.0003352831	        0.0001260691
        0.0672255573	        0.6246492051	        0.8911303556	       -0.0668789807	        0.0003471128	        0.0003856809	        0.0003229210	        0.1000000000	        0.0010000000	        0.0666666667	        0.1000000000	        0.0010000000	        1.0000000000	        0.0002887155	        0.0001241636
        0.0754358219	        0.6636845499	        0.8847729676	       -0.0702994531	        0.0004821813	        0.0005357570	        0.0003838879	        0.1000000000	        0.0010000000	        0.0666666667	        0.1000000000	        0.0010000000	        1.0000000000	        0.0002470805	        0.0001224348
        0.0844384110	        0.6990251434	        0.8788124385	       -0.0730930496	        0.0006484316	        0.0007204795	        0.0004427409	        0.1000000000	        0.0010000000	        0.0666666667	        0.1000000000	        0.0010000000	        1.0000000000	        0.0002118996	        0.0001206052
        0.0943009237	        0.7309411344	        0.8731944510	       -0.0752879183	        0.0008452600	        0.0009391778	        0.0004994172	        0.1000000000	        0.0010000000	        0.0666666667	        0.1000000000	        0.0010000000	        1.0000000000	        0.0001833655	        0.0001191594
        0.1050948725	        0.7598664629	        0.8678411732	       -0.0769346813	        0.0010701190	        0.0011890211	        0.0005546172	        0.1000000000	        0.0010000000	        0.0666666667	        0.1000000000	        0.0010000000	        1.0000000000	        0.0001608443	        0.0001178266
        0.1168955085	        0.7862788592	        0.8626672184	       -0.0781034244	        0.0013189491	        0.0014654990	        0.0006092625	        0.1000000000	        0.0010000000	        0.0666666667	        0.1000000000	        0.0010000000	        1.0000000000	        0.0001433577	        0.0001165933
        0.1297815392	        0.8106295012	        0.8575891392	       -0.0788486960	        0.0015867964	        0.0017631071	        0.0006641362	        0.1000000000	        0.0010000000	        0.0666666667	        0.1000000000	        0.0010000000	        1.0000000000	        0.0001298914	        0.0001154634
        0.1438347190	        0.8333111297	        0.8525300556	       -0.0792294369	        0.0018684342	        0.0020760380	        0.0007197537	        0.1000000000	        0.0010000000	        0.0666666667	        0.1000000000	        0.0010000000	        1.0000000000	        0.0001195503	        0.0001142857
        0.1591392914	        0.8546493529	        0.8474207859	       -0.0792964725	        0.0021588515	        0.0023987239	        0.0007763038	        0.1000000000	        0.0010000000	        0.0666666667	        0.1000000000	        0.0010000000	        1.0000000000	        0.0001115972	        0.0001133592
        0.1757812632	        0.8749055561	        0.8422004776	       -0.0790663464	        0.0024535442	        0.0027261602	        0.0008336316	        0.1000000000	        0.0010000000	        0.0666666667	        0.1000000000	        0.0010000000	        1.0000000000	        0.0001054447	        0.0001126290
        0.1938474899	        0.8942844431	        0.8368162426	       -0.0785739467	        0.0027486177	        0.0030540197	        0.0008913423	        0.1000000000	        0.0010000000	        0.0666666667	        0.1000000000	        0.0010000000	        1.0000000000	        0.0001006409	        0.0001119914
        0.2134245548	        0.9129425950	        0.8312223275	       -0.0778282128	        0.0030407518	        0.0033786131	        0.0009489038	        0.1000000000	        0.0010000000	        0.0666666667	        0.1000000000	        0.0010000000	        1.0000000000	        0.0000968469	        0.0001114930
        0.2345974273	        0.9309964126	        0.8253792150	       -0.0768443299	        0.0033270876	        0.0036967640	        0.0010057024	        0.1000000000	        0.0010000000	        0.0666666667	        0.1000000000	        0.0010000000	        1.0000000000	        0.0000938101	        0.0001111310
        0.2574478906	        0.9485288554	        0.8192530303	       -0.0756182333	        0.0036050907	        0.0040056563	        0.0010610595	        0.1000000000	        0.0010000000	        0.0666666667	        0.1000000000	        0.0010000000	        1.0000000000	        0.0000913415	        0.0001110048
        0.2820527391	        0.9655948822	        0.8128152719	       -0.0741396571	        0.0038724226	        0.0043026918	        0.0011142538	        0.1000000000	        0.0010000000	        0.0666666667	        0.1000000000	        0.0010000000	        1.0000000000	        0.0000892989	        0.0001109763
        0.3084817527	        0.9822257138	        0.8060426247	       -0.0724113914	        0.0041268419	        0.0045853798	        0.0011646376	        0.1000000000	        0.0010000000	        0.0666666667	        0.1000000000	        0.0010000000	        1.0000000000	        0.0000875825	        0.0001111336
        0.3367954708	        0.9984321033	        0.7989158767	       -0.0704020885	        0.0043661408	        0.0048512676	        0.0012117868	        0.1000000000	        0.0010000000	        0.0666666667	        0.1000000000	        0.0010000000	        1.0000000000	        0.0000861337	        0.0001115171
        0.3670428018	        1.0142068110	        0.7914183228	       -0.0681016332	        0.0045881192	        0.0050979102	        0.0012554928	        0.1000000000	        0.0010000000	        0.0666666667	        0.1000000000	        0.0010000000	        1.0000000000	        0.0000849227	        0.0001120473
        0.3992585207	        1.0295264623	        0.7835349403	       -0.0654893848	        0.0047905917	        0.0053228797	        0.0012955790	        0.1000000000	        0.0010000000	        0.0666666667	        0.1000000000	        0.0010000000	        1.0000000000	        0.0000839304	        0.0001127471
        0.4334607283	        1.0443529401	        0.7752530540	       -0.0625514496	        0.0049714250	        0.0055238056	        0.0013318630	        0.1000000000	        0.0010000000	        0.0666666667	        0.1000000000	        0.0010000000	        1.0000000000	        0.0000831425	        0.0001136227
        0.4696483595	        1.0586344422	        0.7665621006	       -0.0592671106	        0.0051286016	        0.0056984462	        0.0013642397	        0.1000000000	        0.0010000000	        0.0666666667	        0.1000000000	        0.0010000000	        1.0000000000	        0.0000825536	        0.0001147289
        0.5077988477	        1.0723063086	        0.7574533846	       -0.0556140394	        0.0052603053	        0.0058447836	        0.0013927751	        0.1000000000	        0.0010000000	        0.0666666667	        0.1000000000	        0.0010000000	        1.0000000000	        0.0000821702	        0.0001160513
        0.5478660655	        1.0852917137	        0.7479186719	       -0.0515799159	        0.0053650275	        0.0059611417	        0.0014178596	        0.1000000000	        0.0010000000	        0.0666666667	        0.1000000000	        0.0010000000	        1.0000000000	        0.0000820174	        0.0001176223
        0.5897786695	        1.0975023024	        0.7379477679	       -0.0471463771	        0.0054416923	        0.0060463248	        0.0014401427	        0.1000000000	        0.0010000000	        0.0666666667	        0.1000000000	        0.0010000000	        1.0000000000	        0.0000821327	        0.0001194092
        0.6334389769	        1.1088388573	        0.7275276868	       -0.0423253224	        0.0054897995	        0.0060997773	        0.0014604322	        0.1000000000	        0.0010000000	        0.0666666667	        0.1000000000	        0.0010000000	        1.0000000000	        0.0000825600	        0.0001213683
        0.6787224963	        1.1191920927	        0.7166414888	       -0.0371310903	        0.0055095889	        0.0061217655	        0.0014796175	        0.1000000000	        0.0010000000	        0.0666666667	        0.1000000000	        0.0010000000	        1.0000000000	        0.0000833441	        0.0001235625
        0.7254782147	        1.1284437107	        0.7052687863	       -0.0315840898	        0.0055022301	        0.0061135890	        0.0014987926	        0.1000000000	        0.0010000000	        0.0666666667	        0.1000000000	        0.0010000000	        1.0000000000	        0.0000845371	        0.0001258958
        0.7735297135	        1.1364679246	        0.6933833694	       -0.0257523419	        0.0054700497	        0.0060778329	        0.0015188870	        0.1000000000	        0.0010000000	        0.0666666667	        0.1000000000	        0.0010000000	        1.0000000000	        0.0000861745	        0.0001283443
        0.8226771500	        1.1431337772	        0.6809606287	       -0.0196888073	        0.0054168236	        0.0060186928	        0.0015406973	        0.1000000000	        0.0010000000	        0.0666666667	        0.1000000000	        0.0010000000	        1.0000000000	        0.0000882708	        0.0001309513
        0.8727000940	        1.1483087716	        0.6679776017	       -0.0134682186	        0.0053482129	        0.0059424588	        0.0015653219	        0.1000000000	        0.0010000000	        0.0666666667	        0.1000000000	        0.0010000000	        1.0000000000	        0.0000908321	        0.0001336744
        0.9233611572	        1.1518646105	        0.6544176555	       -0.0071694222	        0.0052726660	        0.0058585178	        0.0015938241	        0.1000000000	        0.0010000000	        0.0666666667	        0.1000000000	        0.0010000000	        1.0000000000	        0.0000938112	        0.0001364078
        0.9744103051	        1.1536860285	        0.6402839700	       -0.0008934263	        0.0052056172	        0.0057840192	        0.0016250125	        0.1000000000	        0.0010000000	        0.0666666667	        0.1000000000	        0.0010000000	        1.0000000000	        0.0000968789	        0.0001391402
        1.0255896949	        1.1536860285	        0.6256723138	        0.0053701264	        0.0052056172	        0.0057840192	        0.0016686190	        0.1000000000	        0.0010000000	        0.0666666667	        0.1000000000	        0.0010000000	        1.0000000000	        0.0000994786	        0.0001417691
        1.0766388428	        1.1518646105	        0.6107672604	        0.0116547872	        0.0052726660	        0.0058585178	        0.0017255432	        0.1000000000	        0.0010000000	        0.0666666667	        0.1000000000	        0.0010000000	        1.0000000000	        0.0001015641	        0.0001442331
        1.1272999060	        1.1483087716	        0.5956899853	        0.0179662749	        0.0053482129	        0.0059424588	        0.0017864471	        0.1000000000	        0.0010000000	        0.0666666667	        0.1000000000	        0.0010000000	        1.0000000000	        0.0001036635	        0.0001465676
        1.1773228500	        1.1431337772	        0.5804746943	        0.0241922054	        0.0054168236	        0.0060186928	        0.0018525744	        0.1000000000	        0.0010000000	        0.0666666667	        0.1000000000	        0.0010000000	        1.0000000000	        0.0001061391	        0.0001486187
        1.2264702865	        1.1364679246	        0.5651414327	        0.0301925932	        0.0054700497	        0.0060778329	        0.0019220312	        0.1000000000	        0.0010000000	        0.0666666667	        0.1000000000	        0.0010000000	        1.0000000000	        0.0001090470	        0.0001504029
        1.2745217853	        1.1284437107	        0.5497146465	        0.0358579157	        0.0055022301	        0.0061135890	        0.0019921376	        0.1000000000	        0.0010000000	        0.0666666667	        0.1000000000	        0.0010000000	        1.0000000000	        0.0001123635	        0.0001520997
        1.3212775037	        1.1191920927	        0.5342276329	        0.0411249646	        0.0055095889	        0.0061217655	        0.0020602586	        0.1000000000	        0.0010000000	        0.0666666667	        0.1000000000	        0.0010000000	        1.0000000000	        0.0001160505	        0.0001538404
        1.3665610231	        1.1088388573	        0.5187207644	        0.0459505443	        0.0054897995	        0.0060997773	        0.0021239543	        0.1000000000	        0.0010000000	        0.0666666667	        0.1000000000	        0.0010000000	        1.0000000000	        0.0001200696	        0.0001556845
        1.4102213305	        1.0975023024	        0.5032412156	        0.0503161088	        0.0054416923	        0.0060463248	        0.0021806337	        0.1000000000	        0.0010000000	        0.0666666667	        0.1000000000	        0.0010000000	        1.0000000000	        0.0001243636	        0.0001576536
        1.4521339345	        1.0852917137	        0.4878451650	        0.0542154101	        0.0053650275	        0.0059611417	        0.0022278612	        0.1000000000	        0.0010000000	        0.0666666667	        0.1000000000	        0.0010000000	        1.0000000000	        0.0001288726	        0.0001599478
        1.4922011523	        1.0723063086	        0.4725923372	        0.0577065007	        0.0052603053	        0.0058447836	        0.0022641760	        0.1000000000	        0.0010000000	        0.0666666667	        0.1000000000	        0.0010000000	        1.0000000000	        0.0001335807	        0.0001625512
        1.5303516405	        1.0586344422	        0.4575373255	        0.0607884721	        0.0051286016	        0.0056984462	        0.0022890662	        0.1000000000	        0.0010000000	        0.0666666667	        0.1000000000	        0.0010000000	        1.0000000000	        0.0001385173	        0.0001653763
        1.5665392717	        1.0443529401	        0.4427261620	        0.0634976677	        0.0049714250	        0.0055238056	        0.0023021841	        0.1000000000	        0.0010000000	        0.0666666667	        0.1000000000	        0.0010000000	        1.0000000000	        0.0001437155	        0.0001686481
        1.6007414793	        1.0295264623	        0.4281990209	        0.0658782502	        0.0047905917	        0.0053228797	        0.0023029582	        0.1000000000	        0.0010000000	        0.0666666667	        0.1000000000	        0.0010000000	        1.0000000000	        0.0001491906	        0.0001723665
        1.6329571982	        1.0142068110	        0.4139915665	        0.0679614187	        0.0045881192	        0.0050979102	        0.0022907580	        0.1000000000	        0.0010000000	        0.0666666667	        0.1000000000	        0.0010000000	        1.0000000000	        0.0001549491	        0.0001763508
        1.6632045292	        0.9984321033	        0.4001351386	        0.0697544673	        0.0043661408	        0.0048512676	        0.0022652098	        0.1000000000	        0.0010000000	        0.0666666667	        0.1000000000	        0.0010000000	        1.0000000000	        0.0001610109	        0.0001812186
        1.6915182473	        0.9822257138	        0.3866541577	        0.0713924141	        0.0041268419	        0.0045853798	        0.0022263215	        0.1000000000	        0.0010000000	        0.0666666667	        0.1000000000	        0.0010000000	        1.0000000000	        0.0001674228	        0.0001867307
        1.7179472609	        0.9655948822	        0.3735650507	        0.0728186513	        0.0038724226	        0.0043026918	        0.0021742678	        0.1000000000	        0.0010000000	        0.0666666667	        0.1000000000	        0.0010000000	        1.0000000000	        0.0001742508	        0.0001921762
        1.7425521094	        0.9485288554	        0.3608764053	        0.0740442046	        0.0036050907	        0.0040056563	        0.0021093275	        0.1000000000	        0.0010000000	        0.0666666667	        0.1000000000	        0.0010000000	        1.0000000000	        0.0001815818	        0.0001983797
        1.7654025727	        0.9309964126	        0.3485886282	        0.0751291921	        0.0033270876	        0.0036967640	        0.0020320014	        0.1000000000	        0.0010000000	        0.0666666667	        0.1000000000	        0.0010000000	        1.0000000000	        0.0001895415	        0.0002057025
        1.7865754452	        0.9129425950	        0.3366926826	        0.0761061946	        0.0030407518	        0.0033786131	        0.0019431435	        0.1000000000	        0.0010000000	        0.0666666667	        0.1000000000	        0.0010000000	        1.0000000000	        0.0001983209	        0.0002137450
        1.8061525101	        0.8942844431	        0.3251681435	        0.0769506865	        0.0027486177	        0.0030540197	        0.0018440963	        0.1000000000	        0.0010000000	        0.0666666667	        0.1000000000	        0.0010000000	        1.0000000000	        0.0002082158	        0.0002230157
        1.8242187368	        0.8749055561	        0.3139800105	        0.0777206020	        0.0024535442	        0.0027261602	        0.0017366194	        0.1000000000	        0.0010000000	        0.0666666667	        0.1000000000	        0.0010000000	        1.0000000000	        0.0002196622	        0.0002339522
        1.8408607086	        0.8546493529	        0.3030767829	        0.0783878335	        0.0021588515	        0.0023987239	        0.0016226284	        0.1000000000	        0.0010000000	        0.0666666667	        0.1000000000	        0.0010000000	        1.0000000000	        0.0002332603	        0.0002459310
        1.8561652810	        0.8333111297	        0.2923891505	        0.0788934191	        0.0018684342	        0.0020760380	        0.0015039877	        0.1000000000	        0.0010000000	        0.0666666667	        0.1000000000	        0.0010000000	        1.0000000000	        0.0002498107	        0.0002591314
        1.8702184608	        0.8106295012	        0.2818291266	        0.0791806038	        0.0015867964	        0.0017631071	        0.0013823155	        0.1000000000	        0.0010000000	        0.0666666667	        0.1000000000	        0.0010000000	        1.0000000000	        0.0002703526	        0.0002734560
        1.8831044915	        0.7862788592	        0.2712899295	        0.0791356215	        0.0013189491	        0.0014654990	        0.0012588310	        0.1000000000	        0.0010000000	        0.0666666667	        0.1000000000	        0.0010000000	        1.0000000000	        0.0002961992	        0.0002893651
        1.8949051275	        0.7598664629	        0.2606468297	        0.0786918697	        0.0010701190	        0.0011890211	        0.0011342667	        0.1000000000	        0.0010000000	        0.0666666667	        0.1000000000	        0.0010000000	        1.0000000000	        0.0003289483	        0.0003079780
        1.9056990763	        0.7309411344	        0.2497603248	        0.0777631223	        0.0008452600	        0.0009391778	        0.0010087035	        0.1000000000	        0.0010000000	        0.0666666667	        0.1000000000	        0.0010000000	        1.0000000000	        0.0003703546	        0.0003276528
        1.9155615890	        0.6990251434	        0.2384874937	        0.0761369060	        0.0006484316	        0.0007204795	        0.0008819762	        0.1000000000	        0.0010000000	        0.0666666667	        0.1000000000	        0.0010000000	        1.0000000000	        0.0004221213	        0.0003477956
        1.9245641781	        0.6636845499	        0.2266949722	        0.0737018563	        0.0004821813	        0.0005357570	        0.0007542427	        0.1000000000	        0.0010000000	        0.0666666667	        0.1000000000	        0.0010000000	        1.0000000000	        0.0004854508	        0.0003718989
        1.9327744427	        0.6246492051	        0.2142858995	        0.0704759072	        0.0003471128	        0.0003856809	        0.0006266671	        0.1000000000	        0.0010000000	        0.0666666667	        0.1000000000	        0.0010000000	        1.0000000000	        0.0005602873	        0.0003982363
        1.9402559838	        0.5819703499	        0.2012317630	        0.0663371694	        0.0002417874	        0.0002686527	        0.0005022031	        0.1000000000	        0.0010000000	        0.0666666667	        0.1000000000	        0.0010000000	        1.0000000000	        0.0006445998	        0.0004257428
        1.9470683933	        0.5361577688	        0.1876015433	        0.0614159319	        0.0001630151	        0.0001811279	        0.0003856701	        0.1000000000	        0.0010000000	        0.0666666667	        0.1000000000	        0.0010000000	        1.0000000000	        0.0007342308	        0.0004595989
        1.9532673011	        0.4882012468	        0.1735652576	        0.0559887826	        0.0001064637	        0.0001182930	        0.0002826631	        0.1000000000	        0.0010000000	        0.0666666667	        0.1000000000	        0.0010000000	        1.0000000000	        0.0008239716	        0.0004969194
        1.9589044686	        0.4394159501	        0.1593587489	        0.0502057534	        0.0000674067	        0.0000748963	        0.0001975271	        0.1000000000	        0.0010000000	        0.0666666667	        0.1000000000	        0.0010000000	        1.0000000000	        0.0009094274	        0.0005402629
        1.9640279170	        0.3911658053	        0.1452264700	        0.0444851969	        0.0000413854	        0.0000459838	        0.0001318408	        0.1000000000	        0.0010000000	        0.0666666667	        0.1000000000	        0.0010000000	        1.0000000000	        0.0009886605	        0.0005894473
        1.9686820816	        0.3446049198	        0.1313660034	        0.0389025052	        0.0000246227	        0.0000273585	        0.0000842920	        0.1000000000	        0.0010000000	        0.0666666667	        0.1000000000	        0.0010000000	        1.0000000000	        0.0010624189	        0.0006416626
        1.9729079831	        0.3005428495	        0.1179072868	        0.0336658137	        0.0000141685	        0.0000157428	        0.0000517321	        0.1000000000	        0.0010000000	        0.0666666667	        0.1000000000	        0.0010000000	        1.0000000000	        0.0011331292	        0.0007043716
        1.9767434111	        0.2594401615	        0.1049155586	        0.0288940883	        0.0000078578	        0.0000087309	        0.0000304799	        0.1000000000	        0.0010000000	        0.0666666667	        0.1000000000	        0.0010000000	        1.0000000000	        0.0012038073	        0.0007766498
        1.9802231129	        0.2214788542	        0.0924085997	        0.0246178924	        0.0000041770	        0.0000046411	        0.0000171885	        0.1000000000	        0.0010000000	        0.0666666667	        0.1000000000	        0.0010000000	        1.0000000000	        0.0012770690	        0.0008525852
        1.9833789852	        0.1866511752	        0.0803783969	        0.0207382030	        0.0000021107	        0.0000023452	        0.0000092124	        0.1000000000	        0.0010000000	        0.0666666667	        0.1000000000	        0.0010000000	        1.0000000000	        0.0013545539	        0.0009265442
        1.9862402627	        0.1548356608	        0.0688086048	        0.0171608046	        0.0000010014	        0.0000011126	        0.0000046364	        0.1000000000	        0.0010000000	        0.0666666667	        0.1000000000	        0.0010000000	        1.0000000000	        0.0014369204	        0.0010075513
        1.9888337046	        0.1258513420	        0.0576837297	        0.0139567645	        0.0000004378	        0.0000004864	        0.0000021499	        0.1000000000	        0.0010000000	        0.0666666667	        0.1000000000	        0.0010000000	        1.0000000000	        0.0015241211	        0.0011021894
        1.9911837738	        0.0994922364	        0.0469929537	        0.0111214444	        0.0000001712	        0.0000001902	        0.0000008912	        0.1000000000	        0.0010000000	        0.0666666667	        0.1000000000	        0.0010000000	        1.0000000000	        0.0016157291	        0.0011963909
        1.9933128092	        0.0755475186	        0.0367296827	        0.0085184567	        0.0000000569	        0.0000000633	        0.0000003140	        0.1000000000	        0.0010000000	        0.0666666667	        0.1000000000	        0.0010000000	        1.0000000000	        0.0017108801	        0.0012864999
        1.9952411902	        0.0538124279	        0.0268940322	        0.0061359487	        0.0000000147	        0.0000000163	        0.0000000854	        0.1000000000	        0.0010000000	        0.0666666667	        0.1000000000	        0.0010000000	        1.0000000000	        0.0018083392	        0.0013746306
        1.9969874916	        0.0340936171	        0.0174899441	        0.0039040349	        0.0000000024	        0.0000000026	        0.0000000145	        0.1000000000	        0.0010000000	        0.0666666667	        0.1000000000	        0.0010000000	        1.0000000000	        0.0019068769	        0.0014508292
        1.9985686299	        0.0162113493	        0.0085232122	        0.0017423934	        0.0000000001	        0.0000000001	        0.0000000008	        0.1000000000	        0.0010000000	        0.0666666667	        0.1000000000	        0.0010000000	        1.0000000000	        0.0020052469	        0.0015127628
        2.0000000000	        0.0000000000	        0.0000000000	       -0.0003914555	        0.0000000000	        0.0000000000	        0.0000000000	        0.0000000000	        0.0010000000	        0.0000000000	        0.1000000000	        0.0010000000	        1.0000000000	        0.0021023881	        0.0015666578
