        0.0000000000	        0.0000000000	        1.0000000000	        0.0005154868	        0.0000000000	        0.0000000000	        0.0000000000	        0.0000000000	        0.0010000000	        0.0000000000	        0.1000000000	        0.0010000000	        1.0000000000	        0.0016885240	        0.0008908055
        0.0014313701	        0.0162113493	        0.9953134212	       -0.0016380729	        0.0000000001	        0.0000000001	        0.0000000004	        0.1000000000	        0.0010000000	        0.0666666667	        0.1000000000	        0.0010000000	        1.0000000000	        0.0015398781	        0.0008479337
        0.0030125084	        0.0340936171	        0.9905983315	       -0.0037091541	        0.0000000024	        0.0000000026	        0.0000000075	        0.1000000000	        0.0010000000	        0.0666666667	        0.1000000000	        0.0010000000	        1.0000000000	        0.0014016215	        0.0007873339
        0.0047588098	        0.0538124279	        0.9858611826	       -0.0057806981	        0.0000000147	        0.0000000163	        0.0000000422	        0.1000000000	        0.0010000000	        0.0666666667	        0.1000000000	        0.0010000000	        1.0000000000	        0.0012764502	        0.0006994013
        0.0066871908	        0.0755475186	        0.9810918200	       -0.0080067928	        0.0000000569	        0.0000000633	        0.0000001499	        0.1000000000	        0.0010000000	        0.0666666667	        0.1000000000	        0.0010000000	        1.0000000000	        0.0011668073	        0.0005890641
        0.0088162262	        0.0994922364	        0.9762660640	       -0.0105317090	        0.0000001712	        0.0000001902	        0.0000004143	        0.1000000000	        0.0010000000	        0.0666666667	        0.1000000000	        0.0010000000	        1.0000000000	        0.0010729630	        0.0004884139
        0.0111662954	        0.1258513420	        0.9713513002	       -0.0133134177	        0.0000004378	        0.0000004864	        0.0000009821	        0.1000000000	        0.0010000000	        0.0666666667	        0.1000000000	        0.0010000000	        1.0000000000	        0.0009946371	        0.0004112382
        0.0137597373	        0.1548356608	        0.9663002816	       -0.0163770835	        0.0000010014	        0.0000011126	        0.0000021022	        0.1000000000	        0.0010000000	        0.0666666667	        0.1000000000	        0.0010000000	        1.0000000000	        0.0009307186	        0.0003478075
        0.0166210148	        0.1866511752	        0.9610614849	       -0.0197579516	        0.0000021107	        0.0000023452	        0.0000041862	        0.1000000000	        0.0010000000	        0.0666666667	        0.1000000000	        0.0010000000	        1.0000000000	        0.0008793226	        0.0002980029
        0.0197768871	        0.2214788542	        0.9555761560	       -0.0234667977	        0.0000041770	        0.0000046411	        0.0000078966	        0.1000000000	        0.0010000000	        0.0666666667	        0.1000000000	        0.0010000000	        1.0000000000	        0.0008381427	        0.0002598633
        0.0232565889	        0.2594401615	        0.9497888360	       -0.0275355534	        0.0000078578	        0.0000087309	        0.0000142541	        0.1000000000	        0.0010000000	        0.0666666667	        0.1000000000	        0.0010000000	        1.0000000000	        0.0008042410	        0.0002307892
        0.0270920169	        0.3005428495	        0.9436515199	       -0.0319694788	        0.0000141685	        0.0000157428	        0.0000247473	        0.1000000000	        0.0010000000	        0.0666666667	        0.1000000000	        0.0010000000	        1.0000000000	        0.0007743711	        0.0002105714
        0.0313179184	        0.3446049198	        0.9371356251	       -0.0367480314	        0.0000246227	        0.0000273585	        0.0000413646	        0.1000000000	        0.0010000000	        0.0666666667	        0.1000000000	        0.0010000000	        1.0000000000	        0.0007448020	        0.0001962244
        0.0359720830	        0.3911658053	        0.9302451616	       -0.0418438189	        0.0000413854	        0.0000459838	        0.0000664450	        0.1000000000	        0.0010000000	        0.0666666667	        0.1000000000	        0.0010000000	        1.0000000000	        0.0007118061	        0.0001852858
        0.0410955314	        0.4394159501	        0.9230278663	       -0.0471834882	        0.0000674067	        0.0000748963	        0.0001022057	        0.1000000000	        0.0010000000	        0.0666666667	        0.1000000000	        0.0010000000	        1.0000000000	        0.0006722308	        0.0001775403
        0.0467326989	        0.4882012468	        0.9155819306	       -0.0526343997	        0.0001064637	        0.0001182930	        0.0001499139	        0.1000000000	        0.0010000000	        0.0666666667	        0.1000000000	        0.0010000000	        1.0000000000	        0.0006242908	        0.0001725966
        0.0529316067	        0.5361577688	        0.9080489508	       -0.0580212090	        0.0001630151	        0.0001811279	        0.0002089993	        0.1000000000	        0.0010000000	        0.0666666667	        0.1000000000	        0.0010000000	        1.0000000000	        0.0005684123	        0.0001688631
        0.0597440162	        0.5819703499	        0.9005891157	       -0.0631731705	        0.0002417874	        0.0002686527	        0.0002767169	        0.1000000000	        0.0010000000	        0.0666666667	        0.1000000000	        0.0010000000	        1.0000000000	        0.0005073977	        0.0001658651
        0.0672255573	        0.6246492051	        0.8933457086	       -0.0679180555	        0.0003471128	        0.0003856809	        0.0003488373	        0.1000000000	        0.0010000000	        0.0666666667	        0.1000000000	        0.0010000000	        1.0000000000	        0.0004455523	        0.0001633586
        0.0754358219	        0.6636845499	        0.8864148989	       -0.0721505123	        0.0004821813	        0.0005357570	        0.0004210914	        0.1000000000	        0.0010000000	        0.0666666667	        0.1000000000	        0.0010000000	        1.0000000000	        0.0003871796	        0.0001613691
        0.0844384110	        0.6990251434	        0.8798340323	       -0.0757983207	        0.0006484316	        0.0007204795	        0.0004904489	        0.1000000000	        0.0010000000	        0.0666666667	        0.1000000000	        0.0010000000	        1.0000000000	        0.0003353329	        0.0001598128
        0.0943009237	        0.7309411344	        0.8735887268	       -0.0788639946	        0.0008452600	        0.0009391778	        0.0005555574	        0.1000000000	        0.0010000000	        0.0666666667	        0.1000000000	        0.0010000000	        1.0000000000	        0.0002913970	        0.0001583841
        0.1050948725	        0.7598664629	        0.8676294718	       -0.0813692924	        0.0010701190	        0.0011890211	        0.0006164249	        0.1000000000	        0.0010000000	        0.0666666667	        0.1000000000	        0.0010000000	        1.0000000000	        0.0002553845	        0.0001572469
        0.1168955085	        0.7862788592	        0.8618883172	       -0.0833601568	        0.0013189491	        0.0014654990	        0.0006738190	        0.1000000000	        0.0010000000	        0.0666666667	        0.1000000000	        0.0010000000	        1.0000000000	        0.0002264966	        0.0001562643
        0.1297815392	        0.8106295012	        0.8562911472	       -0.0848850945	        0.0015867964	        0.0017631071	        0.0007287435	        0.1000000000	        0.0010000000	        0.0666666667	        0.1000000000	        0.0010000000	        1.0000000000	        0.0002036104	        0.0001553178
        0.1438347190	        0.8333111297	        0.8507650106	       -0.0859983990	        0.0018684342	        0.0020760380	        0.0007821107	        0.1000000000	        0.0010000000	        0.0666666667	        0.1000000000	        0.0010000000	        1.0000000000	        0.0001855824	        0.0001546650
        0.1591392914	        0.8546493529	        0.8452418420	       -0.0867258750	        0.0021588515	        0.0023987239	        0.0008345931	        0.1000000000	        0.0010000000	        0.0666666667	        0.1000000000	        0.0010000000	        1.0000000000	        0.0001713951	        0.0001541789
        0.1757812632	        0.8749055561	        0.8396598293	       -0.0871138855	        0.0024535442	        0.0027261602	        0.0008865603	        0.1000000000	        0.0010000000	        0.0666666667	        0.1000000000	        0.0010000000	        1.0000000000	        0.0001601994	        0.0001537492
        0.1938474899	        0.8942844431	        0.8339639975	       -0.0871799598	        0.0027486177	        0.0030540197	        0.0009381105	        0.1000000000	        0.0010000000	        0.0666666667	        0.1000000000	        0.0010000000	        1.0000000000	        0.0001513164	        0.0001535631
        0.2134245548	        0.9129425950	        0.8281056620	       -0.0869423396	        0.0030407518	        0.0033786131	        0.0009891628	        0.1000000000	        0.0010000000	        0.0666666667	        0.1000000000	        0.0010000000	        1.0000000000	        0.0001442226	        0.0001535059
        0.2345974273	        0.9309964126	        0.8220417327	       -0.0864125494	        0.0033270876	        0.0036967640	        0.0010394845	        0.1000000000	        0.0010000000	        0.0666666667	        0.1000000000	        0.0010000000	        1.0000000000	        0.0001385161	        0.0001536198
        0.2574478906	        0.9485288554	        0.8157343098	       -0.0855933770	        0.0036050907	        0.0040056563	        0.0010887445	        0.1000000000	        0.0010000000	        0.0666666667	        0.1000000000	        0.0010000000	        1.0000000000	        0.0001338925	        0.0001540135
        0.2820527391	        0.9655948822	        0.8091499726	       -0.0844752108	        0.0038724226	        0.0043026918	        0.0011365795	        0.1000000000	        0.0010000000	        0.0666666667	        0.1000000000	        0.0010000000	        1.0000000000	        0.0001301258	        0.0001544536
        0.3084817527	        0.9822257138	        0.8022592146	       -0.0830741314	        0.0041268419	        0.0045853798	        0.0011826077	        0.1000000000	        0.0010000000	        0.0666666667	        0.1000000000	        0.0010000000	        1.0000000000	        0.0001270484	        0.0001551011
        0.3367954708	        0.9984321033	        0.7950361119	       -0.0813588334	        0.0043661408	        0.0048512676	        0.0012264256	        0.1000000000	        0.0010000000	        0.0666666667	        0.1000000000	        0.0010000000	        1.0000000000	        0.0001245346	        0.0001559936
        0.3670428018	        1.0142068110	        0.7874582462	       -0.0793352230	        0.0045881192	        0.0050979102	        0.0012676878	        0.1000000000	        0.0010000000	        0.0666666667	        0.1000000000	        0.0010000000	        1.0000000000	        0.0001224966	        0.0001570545
        0.3992585207	        1.0295264623	        0.7795057758	       -0.0769775300	        0.0047905917	        0.0053228797	        0.0013061079	        0.1000000000	        0.0010000000	        0.0666666667	        0.1000000000	        0.0010000000	        1.0000000000	        0.0001208750	        0.0001583604
        0.4334607283	        1.0443529401	        0.7711616048	       -0.0742813487	        0.0049714250	        0.0055238056	        0.0013413545	        0.1000000000	        0.0010000000	        0.0666666667	        0.1000000000	        0.0010000000	        1.0000000000	        0.0001196215	        0.0001598349
        0.4696483595	        1.0586344422	        0.7624119792	       -0.0712310729	        0.0051286016	        0.0056984462	        0.0013731676	        0.1000000000	        0.0010000000	        0.0666666667	        0.1000000000	        0.0010000000	        1.0000000000	        0.0001187056	        0.0001616160
        0.5077988477	        1.0723063086	        0.7532454494	       -0.0678048992	        0.0052603053	        0.0058447836	        0.0014015025	        0.1000000000	        0.0010000000	        0.0666666667	        0.1000000000	        0.0010000000	        1.0000000000	        0.0001181216	        0.0001636624
        0.5478660655	        1.0852917137	        0.7436517271	       -0.0639982101	        0.0053650275	        0.0059611417	        0.0014265549	        0.1000000000	        0.0010000000	        0.0666666667	        0.1000000000	        0.0010000000	        1.0000000000	        0.0001178862	        0.0001660340
        0.5897786695	        1.0975023024	        0.7336202117	       -0.0597894394	        0.0054416923	        0.0060463248	        0.0014487858	        0.1000000000	        0.0010000000	        0.0666666667	        0.1000000000	        0.0010000000	        1.0000000000	        0.0001180366	        0.0001686812
        0.6334389769	        1.1088388573	        0.7231383645	       -0.0551967821	        0.0054897995	        0.0060997773	        0.0014687651	        0.1000000000	        0.0010000000	        0.0666666667	        0.1000000000	        0.0010000000	        1.0000000000	        0.0001186157	        0.0001716190
        0.6787224963	        1.1191920927	        0.7121923636	       -0.0502144452	        0.0055095889	        0.0061217655	        0.0014871195	        0.1000000000	        0.0010000000	        0.0666666667	        0.1000000000	        0.0010000000	        1.0000000000	        0.0001196667	        0.0001748304
        0.7254782147	        1.1284437107	        0.7007666063	       -0.0448838849	        0.0055022301	        0.0061135890	        0.0015047474	        0.1000000000	        0.0010000000	        0.0666666667	        0.1000000000	        0.0010000000	        1.0000000000	        0.0001212471	        0.0001783530
        0.7735297135	        1.1364679246	        0.6888418371	       -0.0392166357	        0.0054700497	        0.0060778329	        0.0015229963	        0.1000000000	        0.0010000000	        0.0666666667	        0.1000000000	        0.0010000000	        1.0000000000	        0.0001234395	        0.0001821773
        0.8226771500	        1.1431337772	        0.6763926838	       -0.0332857162	        0.0054168236	        0.0060186928	        0.0015435309	        0.1000000000	        0.0010000000	        0.0666666667	        0.1000000000	        0.0010000000	        1.0000000000	        0.0001263331	        0.0001861310
        0.8727000940	        1.1483087716	        0.6633893441	       -0.0271690743	        0.0053482129	        0.0059424588	        0.0015679525	        0.1000000000	        0.0010000000	        0.0666666667	        0.1000000000	        0.0010000000	        1.0000000000	        0.0001299782	        0.0001902582
        0.9233611572	        1.1518646105	        0.6498051045	       -0.0209552074	        0.0052726660	        0.0058585178	        0.0015971712	        0.1000000000	        0.0010000000	        0.0666666667	        0.1000000000	        0.0010000000	        1.0000000000	        0.0001342974	        0.0001944451
        0.9744103051	        1.1536860285	        0.6356375556	       -0.0147399048	        0.0052056172	        0.0057840192	        0.0016290205	        0.1000000000	        0.0010000000	        0.0666666667	        0.1000000000	        0.0010000000	        1.0000000000	        0.0001387397	        0.0001987000
        1.0255896949	        1.1536860285	        0.6209888646	       -0.0085014602	        0.0052056172	        0.0057840192	        0.0016720548	        0.1000000000	        0.0010000000	        0.0666666667	        0.1000000000	        0.0010000000	        1.0000000000	        0.0001424048	        0.0002030731
        1.0766388428	        1.1518646105	        0.6060600691	       -0.0021391021	        0.0052726660	        0.0058585178	        0.0017266810	        0.1000000000	        0.0010000000	        0.0666666667	        0.1000000000	        0.0010000000	        1.0000000000	        0.0001451872	        0.0002075124
        1.1272999060	        1.1483087716	        0.5909867667	        0.0043776924	        0.0053482129	        0.0059424588	        0.0017836958	        0.1000000000	        0.0010000000	        0.0666666667	        0.1000000000	        0.0010000000	        1.0000000000	        0.0001478627	        0.0002120016
        1.1773228500	        1.1431337772	        0.5758141560	        0.0109807725	        0.0054168236	        0.0060186928	        0.0018442901	        0.1000000000	        0.0010000000	        0.0666666667	        0.1000000000	        0.0010000000	        1.0000000000	        0.0001509493	        0.0002163969
        1.2264702865	        1.1364679246	        0.5605748189	        0.0175635088	        0.0054700497	        0.0060778329	        0.0019072884	        0.1000000000	        0.0010000000	        0.0666666667	        0.1000000000	        0.0010000000	        1.0000000000	        0.0001545865	        0.0002208076
        1.2745217853	        1.1284437107	        0.5452900516	        0.0240565478	        0.0055022301	        0.0061135890	        0.0019719994	        0.1000000000	        0.0010000000	        0.0666666667	        0.1000000000	        0.0010000000	        1.0000000000	        0.0001588966	        0.0002252289
        1.3212775037	        1.1191920927	        0.5299735218	        0.0303381993	        0.0055095889	        0.0061217655	        0.0020375460	        0.1000000000	        0.0010000000	        0.0666666667	        0.1000000000	        0.0010000000	        1.0000000000	        0.0001639588	        0.0002295836
        1.3665610231	        1.1088388573	        0.5146378514	        0.0363251440	        0.0054897995	        0.0060997773	        0.0021021898	        0.1000000000	        0.0010000000	        0.0666666667	        0.1000000000	        0.0010000000	        1.0000000000	        0.0001697704	        0.0002340217
        1.4102213305	        1.0975023024	        0.4993046271	        0.0419451607	        0.0054416923	        0.0060463248	        0.0021633160	        0.1000000000	        0.0010000000	        0.0666666667	        0.1000000000	        0.0010000000	        1.0000000000	        0.0001762513	        0.0002384636
        1.4521339345	        1.0852917137	        0.4840074532	        0.0471369049	        0.0053650275	        0.0059611417	        0.0022183168	        0.1000000000	        0.0010000000	        0.0666666667	        0.1000000000	        0.0010000000	        1.0000000000	        0.0001833150	        0.0002431448
        1.4922011523	        1.0723063086	        0.4687870526	        0.0519053955	        0.0052603053	        0.0058447836	        0.0022648560	        0.1000000000	        0.0010000000	        0.0666666667	        0.1000000000	        0.0010000000	        1.0000000000	        0.0001908869	        0.0002478524
        1.5303516405	        1.0586344422	        0.4536905104	        0.0561842499	        0.0051286016	        0.0056984462	        0.0023007792	        0.1000000000	        0.0010000000	        0.0666666667	        0.1000000000	        0.0010000000	        1.0000000000	        0.0001988943	        0.0002527096
        1.5665392717	        1.0443529401	        0.4387680540	        0.0600276989	        0.0049714250	        0.0055238056	        0.0023244255	        0.1000000000	        0.0010000000	        0.0666666667	        0.1000000000	        0.0010000000	        1.0000000000	        0.0002072914	        0.0002581943
        1.6007414793	        1.0295264623	        0.4240687681	        0.0634582377	        0.0047905917	        0.0053228797	        0.0023345417	        0.1000000000	        0.0010000000	        0.0666666667	        0.1000000000	        0.0010000000	        1.0000000000	        0.0002160523	        0.0002641208
        1.6329571982	        1.0142068110	        0.4096393826	        0.0665084011	        0.0045881192	        0.0050979102	        0.0023302645	        0.1000000000	        0.0010000000	        0.0666666667	        0.1000000000	        0.0010000000	        1.0000000000	        0.0002251734	        0.0002704155
        1.6632045292	        0.9984321033	        0.3955208946	        0.0691941192	        0.0043661408	        0.0048512676	        0.0023115102	        0.1000000000	        0.0010000000	        0.0666666667	        0.1000000000	        0.0010000000	        1.0000000000	        0.0002347170	        0.0002779047
        1.6915182473	        0.9822257138	        0.3817432026	        0.0716412653	        0.0041268419	        0.0045853798	        0.0022786332	        0.1000000000	        0.0010000000	        0.0666666667	        0.1000000000	        0.0010000000	        1.0000000000	        0.0002447953	        0.0002859742
        1.7179472609	        0.9655948822	        0.3683264920	        0.0737687054	        0.0038724226	        0.0043026918	        0.0022318062	        0.1000000000	        0.0010000000	        0.0666666667	        0.1000000000	        0.0010000000	        1.0000000000	        0.0002555172	        0.0002937294
        1.7425521094	        0.9485288554	        0.3552832852	        0.0755982956	        0.0036050907	        0.0040056563	        0.0021711250	        0.1000000000	        0.0010000000	        0.0666666667	        0.1000000000	        0.0010000000	        1.0000000000	        0.0002670024	        0.0003023621
        1.7654025727	        0.9309964126	        0.3426183288	        0.0771732962	        0.0033270876	        0.0036967640	        0.0020970664	        0.1000000000	        0.0010000000	        0.0666666667	        0.1000000000	        0.0010000000	        1.0000000000	        0.0002794438	        0.0003124268
        1.7865754452	        0.9129425950	        0.3303251962	        0.0785441269	        0.0030407518	        0.0033786131	        0.0020107081	        0.1000000000	        0.0010000000	        0.0666666667	        0.1000000000	        0.0010000000	        1.0000000000	        0.0002931666	        0.0003232658
        1.8061525101	        0.8942844431	        0.3183834958	        0.0796614692	        0.0027486177	        0.0030540197	        0.0019135615	        0.1000000000	        0.0010000000	        0.0666666667	        0.1000000000	        0.0010000000	        1.0000000000	        0.0003086559	        0.0003352083
        1.8242187368	        0.8749055561	        0.3067569605	        0.0805716091	        0.0024535442	        0.0027261602	        0.0018073237	        0.1000000000	        0.0010000000	        0.0666666667	        0.1000000000	        0.0010000000	        1.0000000000	        0.0003265792	        0.0003490413
        1.8408607086	        0.8546493529	        0.2953927120	        0.0812427693	        0.0021588515	        0.0023987239	        0.0016936739	        0.1000000000	        0.0010000000	        0.0666666667	        0.1000000000	        0.0010000000	        1.0000000000	        0.0003478192	        0.0003639037
        1.8561652810	        0.8333111297	        0.2842207619	        0.0816137699	        0.0018684342	        0.0020760380	        0.0015741289	        0.1000000000	        0.0010000000	        0.0666666667	        0.1000000000	        0.0010000000	        1.0000000000	        0.0003735158	        0.0003797738
        1.8702184608	        0.8106295012	        0.2731541332	        0.0816153639	        0.0015867964	        0.0017631071	        0.0014498885	        0.1000000000	        0.0010000000	        0.0666666667	        0.1000000000	        0.0010000000	        1.0000000000	        0.0004050978	        0.0003969587
        1.8831044915	        0.7862788592	        0.2620901293	        0.0811691294	        0.0013189491	        0.0014654990	        0.0013217662	        0.1000000000	        0.0010000000	        0.0666666667	        0.1000000000	        0.0010000000	        1.0000000000	        0.0004442967	        0.0004160411
        1.8949051275	        0.7598664629	        0.2509128276	        0.0802009027	        0.0010701190	        0.0011890211	        0.0011901147	        0.1000000000	        0.0010000000	        0.0666666667	        0.1000000000	        0.0010000000	        1.0000000000	        0.0004930639	        0.0004385171
        1.9056990763	        0.7309411344	        0.2395004685	        0.0786700740	        0.0008452600	        0.0009391778	        0.0010549984	        0.1000000000	        0.0010000000	        0.0666666667	        0.1000000000	        0.0010000000	        1.0000000000	        0.0005533603	        0.0004621658
        1.9155615890	        0.6990251434	        0.2277364775	        0.0763814114	        0.0006484316	        0.0007204795	        0.0009166244	        0.1000000000	        0.0010000000	        0.0666666667	        0.1000000000	        0.0010000000	        1.0000000000	        0.0006267203	        0.0004856433
        1.9245641781	        0.6636845499	        0.2155289981	        0.0732740104	        0.0004821813	        0.0005357570	        0.0007760311	        0.1000000000	        0.0010000000	        0.0666666667	        0.1000000000	        0.0010000000	        1.0000000000	        0.0007135349	        0.0005146616
        1.9327744427	        0.6246492051	        0.2028357513	        0.0694411901	        0.0003471128	        0.0003856809	        0.0006359899	        0.1000000000	        0.0010000000	        0.0666666667	        0.1000000000	        0.0010000000	        1.0000000000	        0.0008123180	        0.0005464732
        1.9402559838	        0.5819703499	        0.1896869797	        0.0648167740	        0.0002417874	        0.0002686527	        0.0005013550	        0.1000000000	        0.0010000000	        0.0666666667	        0.1000000000	        0.0010000000	        1.0000000000	        0.0009193018	        0.0005792952
        1.9470683933	        0.5361577688	        0.1761964574	        0.0595885659	        0.0001630151	        0.0001811279	        0.0003783586	        0.1000000000	        0.0010000000	        0.0666666667	        0.1000000000	        0.0010000000	        1.0000000000	        0.0010290162	        0.0006206305
        1.9532673011	        0.4882012468	        0.1625449749	        0.0540449266	        0.0001064637	        0.0001182930	        0.0002728148	        0.1000000000	        0.0010000000	        0.0666666667	        0.1000000000	        0.0010000000	        1.0000000000	        0.0011360908	        0.0006666152
        1.9589044686	        0.4394159501	        0.1489376723	        0.0483242076	        0.0000674067	        0.0000748963	        0.0001880985	        0.1000000000	        0.0010000000	        0.0666666667	        0.1000000000	        0.0010000000	        1.0000000000	        0.0012371680	        0.0007199889
        1.9640279170	        0.3911658053	        0.1355588878	        0.0427638080	        0.0000413854	        0.0000459838	        0.0001243299	        0.1000000000	        0.0010000000	        0.0666666667	        0.1000000000	        0.0010000000	        1.0000000000	        0.0013319096	        0.0007810701
        1.9686820816	        0.3446049198	        0.1225396696	        0.0374067534	        0.0000246227	        0.0000273585	        0.0000789996	        0.1000000000	        0.0010000000	        0.0666666667	        0.1000000000	        0.0010000000	        1.0000000000	        0.0014224491	        0.0008471664
        1.9729079831	        0.3005428495	        0.1099549525	        0.0324087795	        0.0000141685	        0.0000157428	        0.0000483206	        0.1000000000	        0.0010000000	        0.0666666667	        0.1000000000	        0.0010000000	        1.0000000000	        0.0015120049	        0.0009273547
        1.9767434111	        0.2594401615	        0.0978335347	        0.0278535781	        0.0000078578	        0.0000087309	        0.0000284271	        0.1000000000	        0.0010000000	        0.0666666667	        0.1000000000	        0.0010000000	        1.0000000000	        0.0016039005	        0.0010206040
        1.9802231129	        0.2214788542	        0.0861736125	        0.0237601308	        0.0000041770	        0.0000046411	        0.0000160238	        0.1000000000	        0.0010000000	        0.0666666667	        0.1000000000	        0.0010000000	        1.0000000000	        0.0017007610	        0.0011194532
        1.9833789852	        0.1866511752	        0.0749590511	        0.0200352452	        0.0000021107	        0.0000023452	        0.0000085886	        0.1000000000	        0.0010000000	        0.0666666667	        0.1000000000	        0.0010000000	        1.0000000000	        0.0018040475	        0.0012163992
        1.9862402627	        0.1548356608	        0.0641716402	        0.0165932346	        0.0000010014	        0.0000011126	        0.0000043234	        0.1000000000	        0.0010000000	        0.0666666667	        0.1000000000	        0.0010000000	        1.0000000000	        0.0019141450	        0.0013231992
        1.9888337046	        0.1258513420	        0.0537966963	        0.0135018825	        0.0000004378	        0.0000004864	        0.0000020051	        0.1000000000	        0.0010000000	        0.0666666667	        0.1000000000	        0.0010000000	        1.0000000000	        0.0020306945	        0.0014483226
        1.9911837738	        0.0994922364	        0.0438250650	        0.0107581506	        0.0000001712	        0.0000001902	        0.0000008313	        0.1000000000	        0.0010000000	        0.0666666667	        0.1000000000	        0.0010000000	        1.0000000000	        0.0021529686	        0.0015731179
        1.9933128092	        0.0755475186	        0.0342517221	        0.0082379096	        0.0000000569	        0.0000000633	        0.0000002928	        0.1000000000	        0.0010000000	        0.0666666667	        0.1000000000	        0.0010000000	        1.0000000000	        0.0022797588	        0.0016928230
        1.9952411902	        0.0538124279	        0.0250777049	        0.0059315444	        0.0000000147	        0.0000000163	        0.0000000797	        0.1000000000	        0.0010000000	        0.0666666667	        0.1000000000	        0.0010000000	        1.0000000000	        0.0024094224	        0.0018099983
        1.9969874916	        0.0340936171	        0.0163072685	        0.0037736293	        0.0000000024	        0.0000000026	        0.0000000135	        0.1000000000	        0.0010000000	        0.0666666667	        0.1000000000	        0.0010000000	        1.0000000000	        0.0025403540	        0.0019112334
        1.9985686299	        0.0162113493	        0.0079460955	        0.0016888886	        0.0000000001	        0.0000000001	        0.0000000007	        0.1000000000	        0.0010000000	        0.0666666667	        0.1000000000	        0.0010000000	        1.0000000000	        0.0026709307	        0.0019934393
        2.0000000000	        0.0000000000	        0.0000000000	       -0.0003627694	        0.0000000000	        0.0000000000	        0.0000000000	        0.0000000000	        0.0010000000	        0.0000000000	        0.1000000000	        0.0010000000	        1.0000000000	        0.0027997621	        0.0020648492
