        0.0000000000	        0.0000000000	        1.0000000000	        0.0002851550	        0.0000000000	        0.0000000000	        0.0000000000	        0.0000000000	        0.0010000000	        0.0000000000	        0.1000000000	        0.0010000000	        0.6000000000	        0.0008164278	        0.0005065268
        0.0014313701	        0.0143289383	        0.9958020878	       -0.0013447873	        0.0000000000	        0.0000000001	        0.0000000001	        0.1000000000	        0.0010000000	        0.0666666667	        0.1000000000	        0.0010000000	        0.6010091935	        0.0007484979	        0.0004633872
        0.0030125084	        0.0301326186	        0.9915580177	       -0.0029304849	        0.0000000009	        0.0000000016	        0.0000000024	        0.1000000000	        0.0010000000	        0.0666666667	        0.1000000000	        0.0010000000	        0.6020329406	        0.0006841974	        0.0004265038
        0.0047588098	        0.0475568953	        0.9872785369	       -0.0045550658	        0.0000000053	        0.0000000098	        0.0000000138	        0.1000000000	        0.0010000000	        0.0666666667	        0.1000000000	        0.0010000000	        0.6030687668	        0.0006245893	        0.0003755296
        0.0066871908	        0.0667603806	        0.9829649736	       -0.0063570256	        0.0000000207	        0.0000000381	        0.0000000492	        0.1000000000	        0.0010000000	        0.0666666667	        0.1000000000	        0.0010000000	        0.6041164559	        0.0005705497	        0.0003204360
        0.0088162262	        0.0879146835	        0.9786113145	       -0.0083545444	        0.0000000626	        0.0000001149	        0.0000001362	        0.1000000000	        0.0010000000	        0.0666666667	        0.1000000000	        0.0010000000	        0.6051775812	        0.0005225814	        0.0002717899
        0.0111662954	        0.1112039154	        0.9742012924	       -0.0105627951	        0.0000001607	        0.0000002945	        0.0000003220	        0.1000000000	        0.0010000000	        0.0666666667	        0.1000000000	        0.0010000000	        0.6062562511	        0.0004809067	        0.0002298196
        0.0137597373	        0.1368228073	        0.9697102324	       -0.0130019055	        0.0000003694	        0.0000006757	        0.0000006855	        0.1000000000	        0.0010000000	        0.0666666667	        0.1000000000	        0.0010000000	        0.6073587016	        0.0004454427	        0.0001946221
        0.0166210148	        0.1649723286	        0.9651039153	       -0.0156853603	        0.0000007825	        0.0000014289	        0.0000013558	        0.1000000000	        0.0010000000	        0.0666666667	        0.1000000000	        0.0010000000	        0.6084936179	        0.0004158175	        0.0001657435
        0.0197768871	        0.1958509947	        0.9603421289	       -0.0186359147	        0.0000015575	        0.0000028385	        0.0000025400	        0.1000000000	        0.0010000000	        0.0666666667	        0.1000000000	        0.0010000000	        0.6096713064	        0.0003913937	        0.0001424045
        0.0232565889	        0.2296390903	        0.9553796435	       -0.0218715567	        0.0000029496	        0.0000053648	        0.0000045633	        0.1000000000	        0.0010000000	        0.0666666667	        0.1000000000	        0.0010000000	        0.6109034927	        0.0003712977	        0.0001240071
        0.0270920169	        0.2664719611	        0.9501722366	       -0.0254092350	        0.0000053612	        0.0000097303	        0.0000079152	        0.1000000000	        0.0010000000	        0.0666666667	        0.1000000000	        0.0010000000	        0.6122018598	        0.0003543313	        0.0001097111
        0.0313179184	        0.3063979965	        0.9446842608	       -0.0292553419	        0.0000094076	        0.0000170360	        0.0000132911	        0.1000000000	        0.0010000000	        0.0666666667	        0.1000000000	        0.0010000000	        0.6135761677	        0.0003390734	        0.0000990656
        0.0359720830	        0.3493185383	        0.9388976937	       -0.0333897423	        0.0000160001	        0.0000289056	        0.0000215966	        0.1000000000	        0.0010000000	        0.0666666667	        0.1000000000	        0.0010000000	        0.6150319482	        0.0003239477	        0.0000916493
        0.0410955314	        0.3949136288	        0.9328236668	       -0.0377604082	        0.0000264380	        0.0000476437	        0.0000338574	        0.1000000000	        0.0010000000	        0.0666666667	        0.1000000000	        0.0010000000	        0.6165674975	        0.0003073519	        0.0000860098
        0.0467326989	        0.4425722183	        0.9265130817	       -0.0423086274	        0.0000424905	        0.0000763731	        0.0000509806	        0.1000000000	        0.0010000000	        0.0666666667	        0.1000000000	        0.0010000000	        0.6181709925	        0.0002879546	        0.0000821268
        0.0529316067	        0.4913658571	        0.9200606690	       -0.0468833033	        0.0000664305	        0.0001190858	        0.0000733781	        0.1000000000	        0.0010000000	        0.0666666667	        0.1000000000	        0.0010000000	        0.6198191720	        0.0002651002	        0.0000795155
        0.0597440162	        0.5401146866	        0.9135959809	       -0.0513513086	        0.0001009667	        0.0001805131	        0.0001006064	        0.1000000000	        0.0010000000	        0.0666666667	        0.1000000000	        0.0010000000	        0.6214793246	        0.0002391436	        0.0000773749
        0.0672255573	        0.5875658710	        0.9072592340	       -0.0555428379	        0.0001490288	        0.0002657414	        0.0001312998	        0.1000000000	        0.0010000000	        0.0666666667	        0.1000000000	        0.0010000000	        0.6231152752	        0.0002114488	        0.0000760466
        0.0754358219	        0.6326331118	        0.9011697127	       -0.0593085238	        0.0002134081	        0.0003795771	        0.0001635585	        0.1000000000	        0.0010000000	        0.0666666667	        0.1000000000	        0.0010000000	        0.6246955357	        0.0001839388	        0.0000749218
        0.0844384110	        0.6745884697	        0.8954013974	       -0.0625707523	        0.0002963296	        0.0005257988	        0.0001956066	        0.1000000000	        0.0010000000	        0.0666666667	        0.1000000000	        0.0010000000	        0.6261998518	        0.0001584235	        0.0000740133
        0.0943009237	        0.7131233329	        0.8899759552	       -0.0652727123	        0.0003990716	        0.0007064974	        0.0002263052	        0.1000000000	        0.0010000000	        0.0666666667	        0.1000000000	        0.0010000000	        0.6276213770	        0.0001360990	        0.0000733556
        0.1050948725	        0.7482831804	        0.8848714221	       -0.0674252095	        0.0005217341	        0.0009216806	        0.0002552758	        0.1000000000	        0.0010000000	        0.0666666667	        0.1000000000	        0.0010000000	        0.6289647258	        0.0001174280	        0.0000727420
        0.1168955085	        0.7803425925	        0.8800376290	       -0.0690546366	        0.0006632072	        0.0011692282	        0.0002827124	        0.1000000000	        0.0010000000	        0.0666666667	        0.1000000000	        0.0010000000	        0.6302421364	        0.0001023074	        0.0000723470
        0.1297815392	        0.8096846659	        0.8754105907	       -0.0701957818	        0.0008213287	        0.0014451800	        0.0003091001	        0.1000000000	        0.0010000000	        0.0666666667	        0.1000000000	        0.0010000000	        0.6314697787	        0.0000903220	        0.0000720361
        0.1438347190	        0.8367149553	        0.8709225052	       -0.0709000155	        0.0009931779	        0.0017442577	        0.0003349848	        0.1000000000	        0.0010000000	        0.0666666667	        0.1000000000	        0.0010000000	        0.6326651321	        0.0000809486	        0.0000716939
        0.1591392914	        0.8618119604	        0.8665074628	       -0.0712136645	        0.0011754195	        0.0020604733	        0.0003608360	        0.1000000000	        0.0010000000	        0.0666666667	        0.1000000000	        0.0010000000	        0.6338454552	        0.0000736764	        0.0000715360
        0.1757812632	        0.8853044474	        0.8621040888	       -0.0711561974	        0.0013646211	        0.0023876867	        0.0003869870	        0.1000000000	        0.0010000000	        0.0666666667	        0.1000000000	        0.0010000000	        0.6350270537	        0.0000680606	        0.0000715042
        0.1938474899	        0.9074649068	        0.8576563881	       -0.0707658351	        0.0015574910	        0.0027200212	        0.0004136299	        0.1000000000	        0.0010000000	        0.0666666667	        0.1000000000	        0.0010000000	        0.6362250274	        0.0000637379	        0.0000715784
        0.2134245548	        0.9285112911	        0.8531135573	       -0.0700502491	        0.0017510183	        0.0030521074	        0.0004408335	        0.1000000000	        0.0010000000	        0.0666666667	        0.1000000000	        0.0010000000	        0.6374532990	        0.0000604220	        0.0000716906
        0.2345974273	        0.9486122490	        0.8484294871	       -0.0690450289	        0.0019425252	        0.0033791729	        0.0004685743	        0.1000000000	        0.0010000000	        0.0666666667	        0.1000000000	        0.0010000000	        0.6387247342	        0.0000578926	        0.0000718691
        0.2574478906	        0.9678932872	        0.8435619786	       -0.0677442990	        0.0021296564	        0.0036970235	        0.0004967517	        0.1000000000	        0.0010000000	        0.0666666667	        0.1000000000	        0.0010000000	        0.6400513465	        0.0000559811	        0.0000722514
        0.2820527391	        0.9864426331	        0.8384724016	       -0.0661510986	        0.0023103345	        0.0040019656	        0.0005251908	        0.1000000000	        0.0010000000	        0.0666666667	        0.1000000000	        0.0010000000	        0.6414443886	        0.0000545574	        0.0000727200
        0.3084817527	        1.0043163106	        0.8331254279	       -0.0642698827	        0.0024827041	        0.0042907112	        0.0005536844	        0.1000000000	        0.0010000000	        0.0666666667	        0.1000000000	        0.0010000000	        0.6429144280	        0.0000535240	        0.0000733045
        0.3367954708	        1.0215423076	        0.8274884090	       -0.0620918217	        0.0026450839	        0.0045602978	        0.0005820667	        0.1000000000	        0.0010000000	        0.0666666667	        0.1000000000	        0.0010000000	        0.6444715231	        0.0000528135	        0.0000739704
        0.3670428018	        1.0381238848	        0.8215301818	       -0.0596248477	        0.0027959365	        0.0048080378	        0.0006102415	        0.1000000000	        0.0010000000	        0.0666666667	        0.1000000000	        0.0010000000	        0.6461255648	        0.0000523824	        0.0000747970
        0.3992585207	        1.0540421497	        0.8152202978	       -0.0568422743	        0.0029338614	        0.0050315077	        0.0006381626	        0.1000000000	        0.0010000000	        0.0666666667	        0.1000000000	        0.0010000000	        0.6478865106	        0.0000522039	        0.0000757769
        0.4334607283	        1.0692580445	        0.8085284878	       -0.0537538620	        0.0030576104	        0.0052285783	        0.0006658255	        0.1000000000	        0.0010000000	        0.0666666667	        0.1000000000	        0.0010000000	        0.6497645613	        0.0000522624	        0.0000768798
        0.4696483595	        1.0837138943	        0.8014242669	       -0.0503438852	        0.0031661288	        0.0053974857	        0.0006933257	        0.1000000000	        0.0010000000	        0.0666666667	        0.1000000000	        0.0010000000	        0.6517703066	        0.0000525557	        0.0000781375
        0.5077988477	        1.0973346578	        0.7938754078	       -0.0466213830	        0.0032586228	        0.0055369442	        0.0007208149	        0.1000000000	        0.0010000000	        0.0666666667	        0.1000000000	        0.0010000000	        0.6539152017	        0.0000530886	        0.0000795292
        0.5478660655	        1.1100290352	        0.7858486448	       -0.0425864823	        0.0033346475	        0.0056462960	        0.0007484619	        0.1000000000	        0.0010000000	        0.0666666667	        0.1000000000	        0.0010000000	        0.6562114265	        0.0000538680	        0.0000810627
        0.5897786695	        1.1216906101	        0.7773093888	       -0.0382582019	        0.0033942237	        0.0057257018	        0.0007766032	        0.1000000000	        0.0010000000	        0.0666666667	        0.1000000000	        0.0010000000	        0.6586720308	        0.0000549123	        0.0000827866
        0.6334389769	        1.1321992387	        0.7682197381	       -0.0336378065	        0.0034379852	        0.0057763747	        0.0008059661	        0.1000000000	        0.0010000000	        0.0666666667	        0.1000000000	        0.0010000000	        0.6613115894	        0.0000562631	        0.0000847261
        0.6787224963	        1.1414229916	        0.7585337182	       -0.0287597662	        0.0034673688	        0.0058008662	        0.0008376861	        0.1000000000	        0.0010000000	        0.0666666667	        0.1000000000	        0.0010000000	        0.6641477114	        0.0000579819	        0.0000867603
        0.7254782147	        1.1492211148	        0.7481955604	       -0.0236991098	        0.0034848522	        0.0058034291	        0.0008730495	        0.1000000000	        0.0010000000	        0.0666666667	        0.1000000000	        0.0010000000	        0.6672017446	        0.0000601265	        0.0000888772
        0.7735297135	        1.1554486993	        0.7371429532	       -0.0185313384	        0.0034942846	        0.0057905291	        0.0009133707	        0.1000000000	        0.0010000000	        0.0666666667	        0.1000000000	        0.0010000000	        0.6704980555	        0.0000627336	        0.0000910997
        0.8226771500	        1.1599639861	        0.7253128928	       -0.0133523037	        0.0035015063	        0.0057718127	        0.0009597024	        0.1000000000	        0.0010000000	        0.0666666667	        0.1000000000	        0.0010000000	        0.6740625127	        0.0000657799	        0.0000933098
        0.8727000940	        1.1626393203	        0.7126612669	       -0.0082853637	        0.0035166201	        0.0057637697	        0.0010102950	        0.1000000000	        0.0010000000	        0.0666666667	        0.1000000000	        0.0010000000	        0.6779166890	        0.0000689500	        0.0000954607
        0.9233611572	        1.1633731928	        0.6992587167	       -0.0033346689	        0.0035888695	        0.0058465575	        0.0010718355	        0.1000000000	        0.0010000000	        0.0666666667	        0.1000000000	        0.0010000000	        0.6820479958	        0.0000716773	        0.0000975916
        0.9744103051	        1.1621652479	        0.6852997461	        0.0016069512	        0.0037167642	        0.0060164769	        0.0011434401	        0.1000000000	        0.0010000000	        0.0666666667	        0.1000000000	        0.0010000000	        0.6864046924	        0.0000738346	        0.0000996606
        1.0255896949	        1.1591201075	        0.6709297070	        0.0065743111	        0.0038556096	        0.0062001907	        0.0012181133	        0.1000000000	        0.0010000000	        0.0666666667	        0.1000000000	        0.0010000000	        0.6909482123	        0.0000758239	        0.0001016729
        1.0766388428	        1.1543735820	        0.6562074745	        0.0115247676	        0.0039867042	        0.0063675270	        0.0012948697	        0.1000000000	        0.0010000000	        0.0666666667	        0.1000000000	        0.0010000000	        0.6956658938	        0.0000779513	        0.0001037497
        1.1272999060	        1.1480664540	        0.6411732081	        0.0164224026	        0.0041038975	        0.0065090040	        0.0013731582	        0.1000000000	        0.0010000000	        0.0666666667	        0.1000000000	        0.0010000000	        0.7005505180	        0.0000803037	        0.0001058142
        1.1773228500	        1.1403397197	        0.6258630662	        0.0211644683	        0.0042030136	        0.0066185418	        0.0014520497	        0.1000000000	        0.0010000000	        0.0666666667	        0.1000000000	        0.0010000000	        0.7055957761	        0.0000829148	        0.0001078248
        1.2264702865	        1.1313309858	        0.6103143138	        0.0256933118	        0.0042811143	        0.0066922199	        0.0015306123	        0.1000000000	        0.0010000000	        0.0666666667	        0.1000000000	        0.0010000000	        0.7107945912	        0.0000858064	        0.0001099882
        1.2745217853	        1.1211724174	        0.5945643720	        0.0299849997	        0.0043362006	        0.0067277417	        0.0016078544	        0.1000000000	        0.0010000000	        0.0666666667	        0.1000000000	        0.0010000000	        0.7161393653	        0.0000889915	        0.0001121368
        1.3212775037	        1.1099894549	        0.5786544401	        0.0339275323	        0.0043670330	        0.0067241130	        0.0016822396	        0.1000000000	        0.0010000000	        0.0666666667	        0.1000000000	        0.0010000000	        0.7216206653	        0.0000924512	        0.0001142492
        1.3665610231	        1.0978998795	        0.5626361441	        0.0375129915	        0.0043729994	        0.0066814123	        0.0017514130	        0.1000000000	        0.0010000000	        0.0666666667	        0.1000000000	        0.0010000000	        0.7272247237	        0.0000961215	        0.0001164047
        1.4102213305	        1.0850130182	        0.5465775802	        0.0406962792	        0.0043540029	        0.0066005961	        0.0018135645	        0.1000000000	        0.0010000000	        0.0666666667	        0.1000000000	        0.0010000000	        0.7329309255	        0.0000999667	        0.0001189209
        1.4521339345	        1.0714290614	        0.5305430967	        0.0435979905	        0.0043104188	        0.0064833268	        0.0018685329	        0.1000000000	        0.0010000000	        0.0666666667	        0.1000000000	        0.0010000000	        0.7387186228	        0.0001040381	        0.0001218048
        1.4922011523	        1.0572385303	        0.5145827587	        0.0461600621	        0.0042430358	        0.0063318124	        0.0019166316	        0.1000000000	        0.0010000000	        0.0666666667	        0.1000000000	        0.0010000000	        0.7445710500	        0.0001084110	        0.0001247445
        1.5303516405	        1.0425218197	        0.4987364639	        0.0483900694	        0.0041529741	        0.0061486673	        0.0019573111	        0.1000000000	        0.0010000000	        0.0666666667	        0.1000000000	        0.0010000000	        0.7504741256	        0.0001131128	        0.0001278508
        1.5665392717	        1.0273487265	        0.4830457233	        0.0502691681	        0.0040415896	        0.0059367829	        0.0019895179	        0.1000000000	        0.0010000000	        0.0666666667	        0.1000000000	        0.0010000000	        0.7564122110	        0.0001181427	        0.0001312481
        1.6007414793	        1.0117779481	        0.4675496141	        0.0518495693	        0.0039104172	        0.0056992147	        0.0020123180	        0.1000000000	        0.0010000000	        0.0666666667	        0.1000000000	        0.0010000000	        0.7623695937	        0.0001235051	        0.0001347365
        1.6329571982	        0.9958565506	        0.4522860496	        0.0530664299	        0.0037611064	        0.0054390782	        0.0020244943	        0.1000000000	        0.0010000000	        0.0666666667	        0.1000000000	        0.0010000000	        0.7683300305	        0.0001291850	        0.0001388470
        1.6632045292	        0.9796193178	        0.4372941251	        0.0541124365	        0.0035953613	        0.0051594610	        0.0020250125	        0.1000000000	        0.0010000000	        0.0666666667	        0.1000000000	        0.0010000000	        0.7742758214	        0.0001351750	        0.0001434216
        1.6915182473	        0.9630879392	        0.4226082408	        0.0548769858	        0.0034149096	        0.0048633580	        0.0020131613	        0.1000000000	        0.0010000000	        0.0666666667	        0.1000000000	        0.0010000000	        0.7801901439	        0.0001414851	        0.0001483635
        1.7179472609	        0.9462699526	        0.4082590941	        0.0555239949	        0.0032214687	        0.0045536273	        0.0019882909	        0.1000000000	        0.0010000000	        0.0666666667	        0.1000000000	        0.0010000000	        0.7860567806	        0.0001481280	        0.0001544846
        1.7425521094	        0.9291573109	        0.3942720954	        0.0560929638	        0.0030167356	        0.0042329764	        0.0019501517	        0.1000000000	        0.0010000000	        0.0666666667	        0.1000000000	        0.0010000000	        0.7918608967	        0.0001551466	        0.0001610404
        1.7654025727	        0.9117244556	        0.3806638929	        0.0565722855	        0.0028024011	        0.0039039812	        0.0018989441	        0.1000000000	        0.0010000000	        0.0666666667	        0.1000000000	        0.0010000000	        0.7975906836	        0.0001626272	        0.0001690868
        1.7865754452	        0.8939257382	        0.3674405755	        0.0571587187	        0.0025801846	        0.0035691418	        0.0018352347	        0.1000000000	        0.0010000000	        0.0666666667	        0.1000000000	        0.0010000000	        0.8032384107	        0.0001707073	        0.0001781637
        1.8061525101	        0.8756919934	        0.3545955876	        0.0577109349	        0.0023518986	        0.0032309783	        0.0017600901	        0.1000000000	        0.0010000000	        0.0666666667	        0.1000000000	        0.0010000000	        0.8088016654	        0.0001796088	        0.0001882209
        1.8242187368	        0.8569260779	        0.3421059029	        0.0583734982	        0.0021195435	        0.0028921656	        0.0016749117	        0.1000000000	        0.0010000000	        0.0666666667	        0.1000000000	        0.0010000000	        0.8142854315	        0.0001896535	        0.0001999941
        1.8408607086	        0.8374971901	        0.3299317135	        0.0590556980	        0.0018854176	        0.0025556929	        0.0015811744	        0.1000000000	        0.0010000000	        0.0666666667	        0.1000000000	        0.0010000000	        0.8197027184	        0.0002012721	        0.0002129919
        1.8561652810	        0.8172338724	        0.3180153997	        0.0597762602	        0.0016522323	        0.0022250250	        0.0014803212	        0.1000000000	        0.0010000000	        0.0666666667	        0.1000000000	        0.0010000000	        0.8250755193	        0.0002150285	        0.0002268303
        1.8702184608	        0.7959158770	        0.3062818095	        0.0603537202	        0.0014231972	        0.0019042186	        0.0013736947	        0.1000000000	        0.0010000000	        0.0666666667	        0.1000000000	        0.0010000000	        0.8304352024	        0.0002316522	        0.0002428435
        1.8831044915	        0.7732656769	        0.2946374943	        0.0609056714	        0.0012020309	        0.0015979332	        0.0012624880	        0.1000000000	        0.0010000000	        0.0666666667	        0.1000000000	        0.0010000000	        0.8358233932	        0.0002520710	        0.0002610108
        1.8949051275	        0.7489416456	        0.2829716489	        0.0611804278	        0.0009928420	        0.0013112660	        0.0011477172	        0.1000000000	        0.0010000000	        0.0666666667	        0.1000000000	        0.0010000000	        0.8412921209	        0.0002774380	        0.0002796563
        1.9056990763	        0.7225372060	        0.2711569747	        0.0610934096	        0.0007998435	        0.0010493692	        0.0010301716	        0.1000000000	        0.0010000000	        0.0666666667	        0.1000000000	        0.0010000000	        0.8469040415	        0.0003091120	        0.0002997762
        1.9155615890	        0.6935939158	        0.2590556730	        0.0604581212	        0.0006269047	        0.0008168595	        0.0009104415	        0.1000000000	        0.0010000000	        0.0666666667	        0.1000000000	        0.0010000000	        0.8527302592	        0.0003485473	        0.0003225445
        1.9245641781	        0.6616410037	        0.2465296139	        0.0592561256	        0.0004770163	        0.0006171282	        0.0007890827	        0.1000000000	        0.0010000000	        0.0666666667	        0.1000000000	        0.0010000000	        0.8588460156	        0.0003970092	        0.0003491082
        1.9327744427	        0.6262761607	        0.2334620048	        0.0573701265	        0.0003518030	        0.0004517312	        0.0006671047	        0.1000000000	        0.0010000000	        0.0666666667	        0.1000000000	        0.0010000000	        0.8653203796	        0.0004550988	        0.0003755576
        1.9402559838	        0.5872943596	        0.2197846929	        0.0545817045	        0.0002512462	        0.0003200662	        0.0005466008	        0.1000000000	        0.0010000000	        0.0666666667	        0.1000000000	        0.0010000000	        0.8722022043	        0.0005221339	        0.0004025718
        1.9470683933	        0.5448426445	        0.2055120085	        0.0509699273	        0.0001737158	        0.0002194625	        0.0004311463	        0.1000000000	        0.0010000000	        0.0666666667	        0.1000000000	        0.0010000000	        0.8795012832	        0.0005956575	        0.0004383096
        1.9532673011	        0.4995326685	        0.1907610717	        0.0469148704	        0.0001163188	        0.0001456794	        0.0003255816	        0.1000000000	        0.0010000000	        0.0666666667	        0.1000000000	        0.0010000000	        0.8871744359	        0.0006717710	        0.0004759297
        1.9589044686	        0.4524208012	        0.1757371315	        0.0422896598	        0.0000754588	        0.0000936660	        0.0002346406	        0.1000000000	        0.0010000000	        0.0666666667	        0.1000000000	        0.0010000000	        0.8951284613	        0.0007462844	        0.0005075089
        1.9640279170	        0.4048220728	        0.1606898673	        0.0372935180	        0.0000474262	        0.0000583410	        0.0001612916	        0.1000000000	        0.0010000000	        0.0666666667	        0.1000000000	        0.0010000000	        0.9032390873	        0.0008162142	        0.0005499926
        1.9686820816	        0.3580363025	        0.1458533390	        0.0325425734	        0.0000288538	        0.0000351771	        0.0001059232	        0.1000000000	        0.0010000000	        0.0666666667	        0.1000000000	        0.0010000000	        0.9113813269	        0.0008810479	        0.0006046488
        1.9729079831	        0.3131205985	        0.1313941088	        0.0281029582	        0.0000169585	        0.0000204933	        0.0000666078	        0.1000000000	        0.0010000000	        0.0666666667	        0.1000000000	        0.0010000000	        0.9194590025	        0.0009426456	        0.0006606294
        1.9767434111	        0.2707881280	        0.1173998659	        0.0240300000	        0.0000095954	        0.0000114960	        0.0000401419	        0.1000000000	        0.0010000000	        0.0666666667	        0.1000000000	        0.0010000000	        0.9274144456	        0.0010040314	        0.0007215776
        1.9802231129	        0.2314226363	        0.1038935550	        0.0203665097	        0.0000051985	        0.0000061761	        0.0000231407	        0.1000000000	        0.0010000000	        0.0666666667	        0.1000000000	        0.0010000000	        0.9352241583	        0.0010683490	        0.0007903189
        1.9833789852	        0.1951531697	        0.0908564749	        0.0171222747	        0.0000026748	        0.0000031521	        0.0000126854	        0.1000000000	        0.0010000000	        0.0666666667	        0.1000000000	        0.0010000000	        0.9428883269	        0.0011381992	        0.0008605335
        1.9862402627	        0.1619394159	        0.0782506539	        0.0141108785	        0.0000012914	        0.0000015097	        0.0000065384	        0.1000000000	        0.0010000000	        0.0666666667	        0.1000000000	        0.0010000000	        0.9504193750	        0.0012151774	        0.0009279904
        1.9888337046	        0.1316421800	        0.0660386290	        0.0112569895	        0.0000005742	        0.0000006661	        0.0000031101	        0.1000000000	        0.0010000000	        0.0666666667	        0.1000000000	        0.0010000000	        0.9578307790	        0.0012999083	        0.0010148755
        1.9911837738	        0.1040726359	        0.0541907055	        0.0088352181	        0.0000002283	        0.0000002629	        0.0000013249	        0.1000000000	        0.0010000000	        0.0666666667	        0.1000000000	        0.0010000000	        0.9651325250	        0.0013926029	        0.0011239163
        1.9933128092	        0.0790231753	        0.0426847024	        0.0067511209	        0.0000000772	        0.0000000883	        0.0000004805	        0.1000000000	        0.0010000000	        0.0666666667	        0.1000000000	        0.0010000000	        0.9723308967	        0.0014931762	        0.0012329747
        1.9952411902	        0.0562851268	        0.0315078615	        0.0048824967	        0.0000000202	        0.0000000229	        0.0000001349	        0.1000000000	        0.0010000000	        0.0666666667	        0.1000000000	        0.0010000000	        0.9794269019	        0.0016008246	        0.0013420635
        1.9969874916	        0.0356580828	        0.0206606980	        0.0031911076	        0.0000000033	        0.0000000037	        0.0000000237	        0.1000000000	        0.0010000000	        0.0666666667	        0.1000000000	        0.0010000000	        0.9864133412	        0.0017142460	        0.0014428220
        1.9985686299	        0.0169542467	        0.0101522350	        0.0015011668	        0.0000000002	        0.0000000002	        0.0000000013	        0.1000000000	        0.0010000000	        0.0666666667	        0.1000000000	        0.0010000000	        0.9932773433	        0.0018318553	        0.0015231327
        2.0000000000	        0.0000000000	        0.0000000000	       -0.0002908396	        0.0000000000	        0.0000000000	        0.0000000000	        0.0000000000	        0.0010000000	        0.0000000000	        0.1000000000	        0.0010000000	        1.0000000000	        0.0019521788	        0.0016102176
