        0.0000000000	        0.0000000000	        1.0000000000	       -0.0001577619	        0.0000000000	        0.0000000000	        0.0000000000	        0.0000000000	        0.0070156685	        0.0000000000	        0.1000000000	        0.0010000000
        0.0014313701	        0.0151224499	        0.9949236540	        0.0002519684	        0.0000000035	        0.0000000020	        0.0000000073	        0.0000416842	        0.0065616200	        0.0000000115	        0.1000000000	        0.0010000000
        0.0030125084	        0.0318028097	        0.9893158291	        0.0006967114	        0.0000000309	        0.0000000181	        0.0000000645	        0.0001330130	        0.0061225820	        0.0000000985	        0.1000000000	        0.0010000000
        0.0047588098	        0.0501930333	        0.9831223946	        0.0011786987	        0.0000001354	        0.0000000797	        0.0000002829	        0.0002853812	        0.0057064115	        0.0000004173	        0.1000000000	        0.0010000000
        0.0066871908	        0.0704536354	        0.9762849091	        0.0017009359	        0.0000004225	        0.0000002486	        0.0000008826	        0.0005119512	        0.0053221295	        0.0000012573	        0.1000000000	        0.0010000000
        0.0088162262	        0.0927485581	        0.9687413691	        0.0022740263	        0.0000010717	        0.0000006311	        0.0000022379	        0.0008276828	        0.0049800020	        0.0000030854	        0.1000000000	        0.0010000000
        0.0111662954	        0.1172361385	        0.9604277518	        0.0028997970	        0.0000023576	        0.0000013904	        0.0000049188	        0.0012490763	        0.0046914788	        0.0000065880	        0.1000000000	        0.0010000000
        0.0137597373	        0.1440555631	        0.9512805612	        0.0035647606	        0.0000046578	        0.0000027540	        0.0000097027	        0.0017933881	        0.0044688244	        0.0000127029	        0.1000000000	        0.0010000000
        0.0166210148	        0.1733098354	        0.9412403640	        0.0042786911	        0.0000084347	        0.0000050081	        0.0000175261	        0.0024770500	        0.0043242313	        0.0000226281	        0.1000000000	        0.0010000000
        0.0197768871	        0.2050490173	        0.9302558700	        0.0049940881	        0.0000141812	        0.0000084733	        0.0000293544	        0.0033131895	        0.0042682686	        0.0000377974	        0.1000000000	        0.0010000000
        0.0232565889	        0.2392597841	        0.9182876699	        0.0056877933	        0.0000223411	        0.0000134669	        0.0000459930	        0.0043085696	        0.0043077434	        0.0000598211	        0.1000000000	        0.0010000000
        0.0270920169	        0.2758662652	        0.9053107105	        0.0063042633	        0.0000332418	        0.0000202698	        0.0000679227	        0.0054607905	        0.0044434186	        0.0000904000	        0.1000000000	        0.0010000000
        0.0313179184	        0.3147416107	        0.8913152615	        0.0067159546	        0.0000470814	        0.0000291203	        0.0000951403	        0.0067567771	        0.0046683037	        0.0001312364	        0.1000000000	        0.0010000000
        0.0359720830	        0.3555914648	        0.8763410445	        0.0068455388	        0.0000665036	        0.0000419326	        0.0001319384	        0.0081692667	        0.0049672680	        0.0001838049	        0.1000000000	        0.0010000000
        0.0410955314	        0.3975796346	        0.8605953988	        0.0067132986	        0.0000993297	        0.0000645859	        0.0001922437	        0.0096391014	        0.0053072283	        0.0002485922	        0.1000000000	        0.0010000000
        0.0467326989	        0.4398294379	        0.8443572698	        0.0063480448	        0.0001408983	        0.0000949653	        0.0002629382	        0.0110742703	        0.0056239014	        0.0003252413	        0.1000000000	        0.0010000000
        0.0529316067	        0.4817980411	        0.8278699183	        0.0057271869	        0.0001920824	        0.0001347501	        0.0003419029	        0.0123987905	        0.0058684643	        0.0004132474	        0.1000000000	        0.0010000000
        0.0597440162	        0.5230316914	        0.8113889048	        0.0048471806	        0.0002538515	        0.0001858620	        0.0004259374	        0.0135521018	        0.0060090026	        0.0005116263	        0.1000000000	        0.0010000000
        0.0672255573	        0.5631760682	        0.7951566727	        0.0037242592	        0.0003272418	        0.0002503490	        0.0005113798	        0.0144946236	        0.0060318989	        0.0006190036	        0.1000000000	        0.0010000000
        0.0754358219	        0.6019753443	        0.7793776965	        0.0023497537	        0.0004133095	        0.0003302245	        0.0005946257	        0.0152083036	        0.0059396343	        0.0007337221	        0.1000000000	        0.0010000000
        0.0844384110	        0.6392634340	        0.7642013639	        0.0007486030	        0.0005130784	        0.0004273160	        0.0006726815	        0.0156935518	        0.0057463357	        0.0008539468	        0.1000000000	        0.0010000000
        0.0943009237	        0.6749505648	        0.7497167370	       -0.0010759267	        0.0006274850	        0.0005431568	        0.0007435297	        0.0159643671	        0.0054726863	        0.0009777538	        0.1000000000	        0.0010000000
        0.1050948725	        0.7090079063	        0.7359581485	       -0.0031113152	        0.0007573229	        0.0006789236	        0.0008061930	        0.0160431939	        0.0051414541	        0.0011031981	        0.1000000000	        0.0010000000
        0.1168955085	        0.7414523308	        0.7229171224	       -0.0053215699	        0.0009031883	        0.0008354063	        0.0008605576	        0.0159564812	        0.0047742712	        0.0012283598	        0.1000000000	        0.0010000000
        0.1297815392	        0.7723326266	        0.7105558311	       -0.0077151646	        0.0010654302	        0.0010129911	        0.0009070925	        0.0157313602	        0.0043897514	        0.0013513753	        0.1000000000	        0.0010000000
        0.1438347190	        0.8017178129	        0.6988189604	       -0.0102342483	        0.0012441067	        0.0012116505	        0.0009465838	        0.0153934660	        0.0040027142	        0.0014704597	        0.1000000000	        0.0010000000
        0.1591392914	        0.8296877089	        0.6876427370	       -0.0128529681	        0.0014389533	        0.0014309383	        0.0009799346	        0.0149657214	        0.0036241666	        0.0015839246	        0.1000000000	        0.0010000000
        0.1757812632	        0.8563255939	        0.6769611157	       -0.0155189709	        0.0016493662	        0.0016699925	        0.0010080402	        0.0144678307	        0.0032617174	        0.0016901970	        0.1000000000	        0.0010000000
        0.1938474899	        0.8817126326	        0.6667096855	       -0.0182017547	        0.0018744087	        0.0019275576	        0.0010317215	        0.0139162491	        0.0029201805	        0.0017878419	        0.1000000000	        0.0010000000
        0.2134245548	        0.9059236841	        0.6568279721	       -0.0208347059	        0.0021128455	        0.0022020337	        0.0010516976	        0.0133244367	        0.0026022070	        0.0018755905	        0.1000000000	        0.0010000000
        0.2345974273	        0.9290241272	        0.6472607261	       -0.0233870451	        0.0023632155	        0.0024915662	        0.0010685818	        0.0127032668	        0.0023088627	        0.0019523754	        0.1000000000	        0.0010000000
        0.2574478906	        0.9510673864	        0.6379586544	       -0.0258225563	        0.0026239507	        0.0027941868	        0.0010828886	        0.0120615022	        0.0020401145	        0.0020173726	        0.1000000000	        0.0010000000
        0.2820527391	        0.9720929162	        0.6288789168	       -0.0281271528	        0.0028935491	        0.0031080178	        0.0010950473	        0.0114062920	        0.0017952184	        0.0020700507	        0.1000000000	        0.0010000000
        0.3084817527	        0.9921244981	        0.6199856116	       -0.0303076405	        0.0031708096	        0.0034315472	        0.0011054156	        0.0107436643	        0.0015730169	        0.0021102235	        0.1000000000	        0.0010000000
        0.3367954708	        1.0111688145	        0.6112503884	       -0.0323177094	        0.0034551255	        0.0037639748	        0.0011142952	        0.0100790045	        0.0013721619	        0.0021381041	        0.1000000000	        0.0010000000
        0.3670428018	        1.0292144128	        0.6026532520	       -0.0341065656	        0.0037468287	        0.0041056177	        0.0011219445	        0.0094175086	        0.0011912741	        0.0021543528	        0.1000000000	        0.0010000000
        0.3992585207	        1.0462313536	        0.5941835299	       -0.0356544091	        0.0040475498	        0.0044583369	        0.0011285923	        0.0087645965	        0.0010290527	        0.0021601068	        0.1000000000	        0.0010000000
        0.4334607283	        1.0621720488	        0.5858408457	       -0.0369222126	        0.0043605328	        0.0048259106	        0.0011344489	        0.0081262527	        0.0008843401	        0.0021569788	        0.1000000000	        0.0010000000
        0.4696483595	        1.0769739790	        0.5776357771	       -0.0378779431	        0.0046907907	        0.0052142232	        0.0011397150	        0.0075092380	        0.0007561452	        0.0021470032	        0.1000000000	        0.0010000000
        0.5077988477	        1.0905650156	        0.5695896854	       -0.0384270025	        0.0050449348	        0.0056310695	        0.0011445854	        0.0069210987	        0.0006436259	        0.0021325114	        0.1000000000	        0.0010000000
        0.5478660655	        1.1028717680	        0.5617330883	       -0.0384470573	        0.0054304554	        0.0060853122	        0.0011492436	        0.0063698977	        0.0005460346	        0.0021159298	        0.1000000000	        0.0010000000
        0.5897786695	        1.1138305363	        0.5541020494	       -0.0378137483	        0.0058542314	        0.0065851257	        0.0011538452	        0.0058636411	        0.0004626354	        0.0020995135	        0.1000000000	        0.0010000000
        0.6334389769	        1.1233991395	        0.5467325225	       -0.0364400489	        0.0063201531	        0.0071351832	        0.0011584902	        0.0054094712	        0.0003926178	        0.0020850673	        0.1000000000	        0.0010000000
        0.6787224963	        1.1315666109	        0.5396533939	       -0.0342172603	        0.0068260236	        0.0077329781	        0.0011631947	        0.0050128260	        0.0003350344	        0.0020737284	        0.1000000000	        0.0010000000
        0.7254782147	        1.1383574371	        0.5328797544	       -0.0311321613	        0.0073603532	        0.0083649967	        0.0011678739	        0.0046768381	        0.0002887903	        0.0020658855	        0.1000000000	        0.0010000000
        0.7735297135	        1.1438283221	        0.5264081641	       -0.0271268473	        0.0079001361	        0.0090040381	        0.0011723495	        0.0044022058	        0.0002526923	        0.0020612638	        0.1000000000	        0.0010000000
        0.8226771500	        1.1480579846	        0.5202150485	       -0.0221927518	        0.0084109307	        0.0096092574	        0.0011763788	        0.0041875889	        0.0002255424	        0.0020591388	        0.1000000000	        0.0010000000
        0.8727000940	        1.1511328264	        0.5142582124	       -0.0163494954	        0.0088502481	        0.0101301542	        0.0011796982	        0.0040303917	        0.0002062465	        0.0020586005	        0.1000000000	        0.0010000000
        0.9233611572	        1.1531321442	        0.5084804852	       -0.0098359010	        0.0091742835	        0.0105145718	        0.0011820657	        0.0039276819	        0.0001939092	        0.0020587877	        0.1000000000	        0.0010000000
        0.9744103051	        1.1541157979	        0.5028142267	       -0.0029910976	        0.0093466539	        0.0107191336	        0.0011832986	        0.0038770131	        0.0001879019	        0.0020590527	        0.1000000000	        0.0010000000
        1.0255896949	        1.1541157979	        0.4971857733	        0.0038864265	        0.0093466539	        0.0107191336	        0.0011832986	        0.0038770131	        0.0001879019	        0.0020590527	        0.1000000000	        0.0010000000
        1.0766388428	        1.1531321442	        0.4915195148	        0.0105784746	        0.0091742835	        0.0105145718	        0.0011820657	        0.0039276819	        0.0001939092	        0.0020587877	        0.1000000000	        0.0010000000
        1.1272999060	        1.1511328264	        0.4857417876	        0.0168514317	        0.0088502481	        0.0101301542	        0.0011796982	        0.0040303917	        0.0002062465	        0.0020586005	        0.1000000000	        0.0010000000
        1.1773228500	        1.1480579846	        0.4797849515	        0.0224900799	        0.0084109307	        0.0096092574	        0.0011763788	        0.0041875889	        0.0002255424	        0.0020591388	        0.1000000000	        0.0010000000
        1.2264702865	        1.1438283221	        0.4735918359	        0.0273541816	        0.0079001361	        0.0090040381	        0.0011723495	        0.0044022058	        0.0002526923	        0.0020612638	        0.1000000000	        0.0010000000
        1.2745217853	        1.1383574371	        0.4671202456	        0.0313671010	        0.0073603532	        0.0083649967	        0.0011678739	        0.0046768381	        0.0002887903	        0.0020658855	        0.1000000000	        0.0010000000
        1.3212775037	        1.1315666109	        0.4603466061	        0.0344985340	        0.0068260236	        0.0077329781	        0.0011631947	        0.0050128260	        0.0003350344	        0.0020737284	        0.1000000000	        0.0010000000
        1.3665610231	        1.1233991395	        0.4532674775	        0.0367463817	        0.0063201531	        0.0071351832	        0.0011584902	        0.0054094712	        0.0003926178	        0.0020850673	        0.1000000000	        0.0010000000
        1.4102213305	        1.1138305363	        0.4458979506	        0.0381829569	        0.0058542314	        0.0065851257	        0.0011538452	        0.0058636411	        0.0004626354	        0.0020995135	        0.1000000000	        0.0010000000
        1.4521339345	        1.1028717680	        0.4382669117	        0.0389140914	        0.0054304554	        0.0060853122	        0.0011492436	        0.0063698977	        0.0005460346	        0.0021159298	        0.1000000000	        0.0010000000
        1.4922011523	        1.0905650156	        0.4304103146	        0.0390324989	        0.0050449348	        0.0056310695	        0.0011445854	        0.0069210987	        0.0006436259	        0.0021325114	        0.1000000000	        0.0010000000
        1.5303516405	        1.0769739790	        0.4223642229	        0.0386381733	        0.0046907907	        0.0052142232	        0.0011397150	        0.0075092380	        0.0007561452	        0.0021470032	        0.1000000000	        0.0010000000
        1.5665392717	        1.0621720488	        0.4141591543	        0.0378213468	        0.0043605328	        0.0048259106	        0.0011344489	        0.0081262527	        0.0008843401	        0.0021569788	        0.1000000000	        0.0010000000
        1.6007414793	        1.0462313536	        0.4058164701	        0.0366651352	        0.0040475498	        0.0044583369	        0.0011285923	        0.0087645965	        0.0010290527	        0.0021601068	        0.1000000000	        0.0010000000
        1.6329571982	        1.0292144128	        0.3973467480	        0.0352168169	        0.0037468287	        0.0041056177	        0.0011219445	        0.0094175086	        0.0011912741	        0.0021543528	        0.1000000000	        0.0010000000
        1.6632045292	        1.0111688145	        0.3887496116	        0.0335000367	        0.0034551255	        0.0037639748	        0.0011142952	        0.0100790045	        0.0013721619	        0.0021381041	        0.1000000000	        0.0010000000
        1.6915182473	        0.9921244981	        0.3800143884	        0.0315868091	        0.0031708096	        0.0034315472	        0.0011054156	        0.0107436643	        0.0015730169	        0.0021102235	        0.1000000000	        0.0010000000
        1.7179472609	        0.9720929162	        0.3711210832	        0.0294700491	        0.0028935491	        0.0031080178	        0.0010950473	        0.0114062920	        0.0017952184	        0.0020700507	        0.1000000000	        0.0010000000
        1.7425521094	        0.9510673864	        0.3620413456	        0.0271496609	        0.0026239507	        0.0027941868	        0.0010828886	        0.0120615022	        0.0020401145	        0.0020173726	        0.1000000000	        0.0010000000
        1.7654025727	        0.9290241272	        0.3527392739	        0.0246880319	        0.0023632155	        0.0024915662	        0.0010685818	        0.0127032668	        0.0023088627	        0.0019523754	        0.1000000000	        0.0010000000
        1.7865754452	        0.9059236841	        0.3431720279	        0.0221129771	        0.0021128455	        0.0022020337	        0.0010516976	        0.0133244367	        0.0026022070	        0.0018755905	        0.1000000000	        0.0010000000
        1.8061525101	        0.8817126326	        0.3332903145	        0.0194577433	        0.0018744087	        0.0019275576	        0.0010317215	        0.0139162491	        0.0029201805	        0.0017878419	        0.1000000000	        0.0010000000
        1.8242187368	        0.8563255939	        0.3230388843	        0.0167786504	        0.0016493662	        0.0016699925	        0.0010080402	        0.0144678307	        0.0032617174	        0.0016901970	        0.1000000000	        0.0010000000
        1.8408607086	        0.8296877089	        0.3123572630	        0.0141069030	        0.0014389533	        0.0014309383	        0.0009799346	        0.0149657214	        0.0036241666	        0.0015839246	        0.1000000000	        0.0010000000
        1.8561652810	        0.8017178129	        0.3011810396	        0.0114589932	        0.0012441067	        0.0012116505	        0.0009465838	        0.0153934660	        0.0040027142	        0.0014704597	        0.1000000000	        0.0010000000
        1.8702184608	        0.7723326266	        0.2894441689	        0.0088839010	        0.0010654302	        0.0010129911	        0.0009070925	        0.0157313602	        0.0043897514	        0.0013513753	        0.1000000000	        0.0010000000
        1.8831044915	        0.7414523308	        0.2770828776	        0.0063931899	        0.0009031883	        0.0008354063	        0.0008605576	        0.0159564812	        0.0047742712	        0.0012283598	        0.1000000000	        0.0010000000
        1.8949051275	        0.7090079063	        0.2640418515	        0.0040462732	        0.0007573229	        0.0006789236	        0.0008061930	        0.0160431939	        0.0051414541	        0.0011031981	        0.1000000000	        0.0010000000
        1.9056990763	        0.6749505648	        0.2502832630	        0.0019408693	        0.0006274850	        0.0005431568	        0.0007435297	        0.0159643671	        0.0054726863	        0.0009777538	        0.1000000000	        0.0010000000
        1.9155615890	        0.6392634340	        0.2357986361	       -0.0000192847	        0.0005130784	        0.0004273160	        0.0006726815	        0.0156935518	        0.0057463357	        0.0008539468	        0.1000000000	        0.0010000000
        1.9245641781	        0.6019753443	        0.2206223035	       -0.0018373733	        0.0004133095	        0.0003302245	        0.0005946257	        0.0152083036	        0.0059396343	        0.0007337221	        0.1000000000	        0.0010000000
        1.9327744427	        0.5631760682	        0.2048433273	       -0.0033053529	        0.0003272418	        0.0002503490	        0.0005113798	        0.0144946236	        0.0060318989	        0.0006190036	        0.1000000000	        0.0010000000
        1.9402559838	        0.5230316914	        0.1886110952	       -0.0046241488	        0.0002538515	        0.0001858620	        0.0004259374	        0.0135521018	        0.0060090026	        0.0005116263	        0.1000000000	        0.0010000000
        1.9470683933	        0.4817980411	        0.1721300817	       -0.0057156349	        0.0001920824	        0.0001347501	        0.0003419029	        0.0123987905	        0.0058684643	        0.0004132474	        0.1000000000	        0.0010000000
        1.9532673011	        0.4398294379	        0.1556427302	       -0.0064215187	        0.0001408983	        0.0000949653	        0.0002629382	        0.0110742703	        0.0056239014	        0.0003252413	        0.1000000000	        0.0010000000
        1.9589044686	        0.3975796346	        0.1394046012	       -0.0069623983	        0.0000993297	        0.0000645859	        0.0001922437	        0.0096391014	        0.0053072283	        0.0002485922	        0.1000000000	        0.0010000000
        1.9640279170	        0.3555914648	        0.1236589555	       -0.0071009323	        0.0000665036	        0.0000419326	        0.0001319384	        0.0081692667	        0.0049672680	        0.0001838049	        0.1000000000	        0.0010000000
        1.9686820816	        0.3147416107	        0.1086847385	       -0.0070638400	        0.0000470814	        0.0000291203	        0.0000951403	        0.0067567771	        0.0046683037	        0.0001312364	        0.1000000000	        0.0010000000
        1.9729079831	        0.2758662652	        0.0946892895	       -0.0067149769	        0.0000332418	        0.0000202698	        0.0000679227	        0.0054607905	        0.0044434186	        0.0000904000	        0.1000000000	        0.0010000000
        1.9767434111	        0.2392597841	        0.0817123301	       -0.0060556117	        0.0000223411	        0.0000134669	        0.0000459930	        0.0043085696	        0.0043077434	        0.0000598211	        0.1000000000	        0.0010000000
        1.9802231129	        0.2050490173	        0.0697441300	       -0.0052219125	        0.0000141812	        0.0000084733	        0.0000293544	        0.0033131895	        0.0042682686	        0.0000377974	        0.1000000000	        0.0010000000
        1.9833789852	        0.1733098354	        0.0587596360	       -0.0044016131	        0.0000084347	        0.0000050081	        0.0000175261	        0.0024770500	        0.0043242313	        0.0000226281	        0.1000000000	        0.0010000000
        1.9862402627	        0.1440555631	        0.0487194388	       -0.0036940758	        0.0000046578	        0.0000027540	        0.0000097027	        0.0017933881	        0.0044688244	        0.0000127029	        0.1000000000	        0.0010000000
        1.9888337046	        0.1172361385	        0.0395722482	       -0.0029960696	        0.0000023576	        0.0000013904	        0.0000049188	        0.0012490763	        0.0046914788	        0.0000065880	        0.1000000000	        0.0010000000
        1.9911837738	        0.0927485581	        0.0312586309	       -0.0022756924	        0.0000010717	        0.0000006311	        0.0000022379	        0.0008276828	        0.0049800020	        0.0000030854	        0.1000000000	        0.0010000000
        1.9933128092	        0.0704536354	        0.0237150909	       -0.0016622916	        0.0000004225	        0.0000002486	        0.0000008826	        0.0005119512	        0.0053221295	        0.0000012573	        0.1000000000	        0.0010000000
        1.9952411902	        0.0501930333	        0.0168776054	       -0.0011621933	        0.0000001354	        0.0000000797	        0.0000002829	        0.0002853812	        0.0057064115	        0.0000004173	        0.1000000000	        0.0010000000
        1.9969874916	        0.0318028097	        0.0106841709	       -0.0007362954	        0.0000000309	        0.0000000181	        0.0000000645	        0.0001330130	        0.0061225820	        0.0000000985	        0.1000000000	        0.0010000000
        1.9985686299	        0.0151224499	        0.0050763460	       -0.0003714873	        0.0000000035	        0.0000000020	        0.0000000073	        0.0000416842	        0.0065616200	        0.0000000115	        0.1000000000	        0.0010000000
        2.0000000000	        0.0000000000	        0.0000000000	       -0.0000577164	        0.0000000000	        0.0000000000	        0.0000000000	        0.0000000000	        0.0070156685	        0.0000000000	        0.1000000000	        0.0010000000
