        0.0000000000	        0.0000000000	        1.0000000000	       -0.0001394017	        0.0000000000	        0.0000000000	        0.0000000000	        0.0000000000	        0.0071369737	        0.0000000000	        0.1000000000	        0.0010000000
        0.0014313701	        0.0138956573	        0.9949725285	        0.0002943708	        0.0000000014	        0.0000000013	        0.0000000028	        0.0000329004	        0.0067359387	        0.0000000066	        0.1000000000	        0.0010000000
        0.0030125084	        0.0292210822	        0.9894186225	        0.0007696166	        0.0000000120	        0.0000000118	        0.0000000249	        0.0001052092	        0.0063396301	        0.0000000573	        0.1000000000	        0.0010000000
        0.0047588098	        0.0461165049	        0.9832843982	        0.0012899610	        0.0000000533	        0.0000000519	        0.0000001104	        0.0002262843	        0.0059540259	        0.0000002457	        0.1000000000	        0.0010000000
        0.0066871908	        0.0647322676	        0.9765111833	        0.0018597006	        0.0000001685	        0.0000001636	        0.0000003486	        0.0004070031	        0.0055860980	        0.0000007506	        0.1000000000	        0.0010000000
        0.0088162262	        0.0852265811	        0.9690357099	        0.0024886561	        0.0000004340	        0.0000004204	        0.0000008979	        0.0006598676	        0.0052438953	        0.0000018704	        0.1000000000	        0.0010000000
        0.0111662954	        0.1077609736	        0.9607907888	        0.0031793961	        0.0000009729	        0.0000009401	        0.0000020119	        0.0009989841	        0.0049365752	        0.0000040616	        0.1000000000	        0.0010000000
        0.0137597373	        0.1324925380	        0.9517066893	        0.0039209295	        0.0000019668	        0.0000018963	        0.0000040640	        0.0014397807	        0.0046743055	        0.0000079755	        0.1000000000	        0.0010000000
        0.0166210148	        0.1595624514	        0.9417134189	        0.0047216177	        0.0000036619	        0.0000035248	        0.0000075555	        0.0019982623	        0.0044679139	        0.0000144878	        0.1000000000	        0.0010000000
        0.0197768871	        0.1890813823	        0.9307439365	        0.0055572792	        0.0000063599	        0.0000061179	        0.0000130919	        0.0026895860	        0.0043281321	        0.0000247095	        0.1000000000	        0.0010000000
        0.0232565889	        0.2211143496	        0.9187380111	        0.0064118971	        0.0000103902	        0.0000100025	        0.0000213150	        0.0035258483	        0.0042643166	        0.0000399706	        0.1000000000	        0.0010000000
        0.0270920169	        0.2556694323	        0.9056460731	        0.0072500497	        0.0000160662	        0.0000155056	        0.0000327978	        0.0045132896	        0.0042826766	        0.0000617706	        0.1000000000	        0.0010000000
        0.0313179184	        0.2926945517	        0.8914322913	        0.0079841106	        0.0000236430	        0.0000229204	        0.0000479430	        0.0056495394	        0.0043842972	        0.0000917017	        0.1000000000	        0.0010000000
        0.0359720830	        0.3320831927	        0.8760765138	        0.0085332818	        0.0000333028	        0.0000324953	        0.0000669350	        0.0069217724	        0.0045634835	        0.0001313575	        0.1000000000	        0.0010000000
        0.0410955314	        0.3736852582	        0.8595754625	        0.0087657892	        0.0000451754	        0.0000444542	        0.0000894045	        0.0083064273	        0.0048070131	        0.0001822438	        0.1000000000	        0.0010000000
        0.0467326989	        0.4168463374	        0.8420823676	        0.0086114028	        0.0000661262	        0.0000662884	        0.0001281916	        0.0097578095	        0.0050955146	        0.0002450743	        0.1000000000	        0.0010000000
        0.0529316067	        0.4606239388	        0.8238867871	        0.0081171778	        0.0000944426	        0.0000970684	        0.0001775478	        0.0111878313	        0.0053742879	        0.0003194801	        0.1000000000	        0.0010000000
        0.0597440162	        0.5043540976	        0.8052622993	        0.0073014891	        0.0001296427	        0.0001372011	        0.0002338855	        0.0125126502	        0.0055927106	        0.0004047878	        0.1000000000	        0.0010000000
        0.0672255573	        0.5475161413	        0.7864892268	        0.0061435406	        0.0001724763	        0.0001885657	        0.0002953162	        0.0136643774	        0.0057160471	        0.0004999086	        0.1000000000	        0.0010000000
        0.0754358219	        0.5896801015	        0.7678506573	        0.0046729480	        0.0002237304	        0.0002531907	        0.0003593291	        0.0145958821	        0.0057272236	        0.0006033084	        0.1000000000	        0.0010000000
        0.0844384110	        0.6305167876	        0.7496026260	        0.0029145906	        0.0002841904	        0.0003330790	        0.0004231830	        0.0152833910	        0.0056258551	        0.0007131322	        0.1000000000	        0.0010000000
        0.0943009237	        0.6697965971	        0.7319485152	        0.0008881743	        0.0003545968	        0.0004300198	        0.0004843383	        0.0157243970	        0.0054243718	        0.0008273332	        0.1000000000	        0.0010000000
        0.1050948725	        0.7073797778	        0.7150250737	       -0.0013577805	        0.0004356024	        0.0005454403	        0.0005408434	        0.0159327162	        0.0051428959	        0.0009437847	        0.1000000000	        0.0010000000
        0.1168955085	        0.7432014887	        0.6989022724	       -0.0038088786	        0.0005277319	        0.0006803206	        0.0005915236	        0.0159326510	        0.0048043960	        0.0010603668	        0.1000000000	        0.0010000000
        0.1297815392	        0.7772548297	        0.6835936320	       -0.0064834901	        0.0006313452	        0.0008351627	        0.0006359458	        0.0157536813	        0.0044310381	        0.0011750278	        0.1000000000	        0.0010000000
        0.1438347190	        0.8095742438	        0.6690712942	       -0.0093297678	        0.0007466090	        0.0010099955	        0.0006742403	        0.0154263949	        0.0040419810	        0.0012858282	        0.1000000000	        0.0010000000
        0.1591392914	        0.8402207444	        0.6552810261	       -0.0123551460	        0.0008734802	        0.0012044023	        0.0007068868	        0.0149797985	        0.0036524269	        0.0013909727	        0.1000000000	        0.0010000000
        0.1757812632	        0.8692695806	        0.6421545765	       -0.0154939227	        0.0010117052	        0.0014175684	        0.0007345326	        0.0144398299	        0.0032735540	        0.0014888409	        0.1000000000	        0.0010000000
        0.1938474899	        0.8968003775	        0.6296187125	       -0.0187325747	        0.0011608425	        0.0016483558	        0.0007578665	        0.0138287692	        0.0029129570	        0.0015780174	        0.1000000000	        0.0010000000
        0.2134245548	        0.9228894529	        0.6176013350	       -0.0219901892	        0.0013203165	        0.0018954170	        0.0007775463	        0.0131652547	        0.0025753119	        0.0016573295	        0.1000000000	        0.0010000000
        0.2345974273	        0.9476038846	        0.6060354509	       -0.0252273153	        0.0014895092	        0.0021573626	        0.0007941633	        0.0124646633	        0.0022630763	        0.0017258918	        0.1000000000	        0.0010000000
        0.2574478906	        0.9709969112	        0.5948617794	       -0.0283654113	        0.0016679012	        0.0024329987	        0.0008082319	        0.0117396897	        0.0019771282	        0.0017831586	        0.1000000000	        0.0010000000
        0.2820527391	        0.9931043524	        0.5840306154	       -0.0313631992	        0.0018552671	        0.0027216473	        0.0008201920	        0.0110010143	        0.0017172993	        0.0018289838	        0.1000000000	        0.0010000000
        0.3084817527	        1.0139419156	        0.5735033763	       -0.0341828750	        0.0020519291	        0.0030235510	        0.0008304186	        0.0102579941	        0.0014827941	        0.0018636810	        0.1000000000	        0.0010000000
        0.3367954708	        1.0335035029	        0.5632540528	       -0.0367406123	        0.0022590602	        0.0033403518	        0.0008392342	        0.0095193255	        0.0012725031	        0.0018880750	        0.1000000000	        0.0010000000
        0.3670428018	        1.0517609438	        0.5532705503	       -0.0389783305	        0.0024790083	        0.0036755926	        0.0008469212	        0.0087936299	        0.0010852192	        0.0019035291	        0.1000000000	        0.0010000000
        0.3992585207	        1.0686659040	        0.5435556381	       -0.0408409922	        0.0027155766	        0.0040351419	        0.0008537336	        0.0080898911	        0.0009197684	        0.0019119230	        0.1000000000	        0.0010000000
        0.4334607283	        1.0841549342	        0.5341269143	       -0.0422655439	        0.0029741422	        0.0044273564	        0.0008599038	        0.0074176480	        0.0007750599	        0.0019155563	        0.1000000000	        0.0010000000
        0.4696483595	        1.0981584521	        0.5250149641	       -0.0431685672	        0.0032614357	        0.0048627023	        0.0008656424	        0.0067868379	        0.0006500640	        0.0019169542	        0.1000000000	        0.0010000000
        0.5077988477	        1.1106135841	        0.5162589307	       -0.0434603380	        0.0035847525	        0.0053524888	        0.0008711267	        0.0062072241	        0.0005437332	        0.0019185803	        0.1000000000	        0.0010000000
        0.5478660655	        1.1214791109	        0.5078992956	       -0.0430226989	        0.0039503958	        0.0059064096	        0.0008764790	        0.0056874672	        0.0004549001	        0.0019224974	        0.1000000000	        0.0010000000
        0.5897786695	        1.1307488131	        0.4999688019	       -0.0417849650	        0.0043613125	        0.0065288476	        0.0008817423	        0.0052340747	        0.0003821966	        0.0019300717	        0.1000000000	        0.0010000000
        0.6334389769	        1.1384586121	        0.4924836665	       -0.0396673873	        0.0048142282	        0.0072144357	        0.0008868680	        0.0048505987	        0.0003240389	        0.0019418214	        0.1000000000	        0.0010000000
        0.6787224963	        1.1446842973	        0.4854376413	       -0.0366052158	        0.0052970352	        0.0079440524	        0.0008917258	        0.0045374187	        0.0002786951	        0.0019574724	        0.1000000000	        0.0010000000
        0.7254782147	        1.1495300642	        0.4788005460	       -0.0326034442	        0.0057875321	        0.0086829558	        0.0008961345	        0.0042922159	        0.0002444159	        0.0019761931	        0.1000000000	        0.0010000000
        0.7735297135	        1.1531115224	        0.4725211163	       -0.0277925493	        0.0062545745	        0.0093826859	        0.0008999014	        0.0041109551	        0.0002195815	        0.0019969097	        0.1000000000	        0.0010000000
        0.8226771500	        1.1555381578	        0.4665325542	       -0.0222782902	        0.0066621054	        0.0099874351	        0.0009028574	        0.0039890339	        0.0002028233	        0.0020185928	        0.1000000000	        0.0010000000
        0.8727000940	        1.1568991339	        0.4607588169	       -0.0162258318	        0.0069754953	        0.0104439688	        0.0009048831	        0.0039222838	        0.0001930991	        0.0020404525	        0.1000000000	        0.0010000000
        0.9233611572	        1.1572541706	        0.4551202878	       -0.0098784619	        0.0071685567	        0.0107125213	        0.0009059246	        0.0039076530	        0.0001897233	        0.0020620347	        0.1000000000	        0.0010000000
        0.9744103051	        1.1566295322	        0.4495383773	       -0.0034656340	        0.0072290630	        0.0107752691	        0.0009060010	        0.0039435330	        0.0001923650	        0.0020832459	        0.1000000000	        0.0010000000
        1.0255896949	        1.1550184826	        0.4439392637	        0.0027925976	        0.0071609581	        0.0106395714	        0.0009052020	        0.0040297583	        0.0002010267	        0.0021043341	        0.1000000000	        0.0010000000
        1.0766388428	        1.1523856333	        0.4382572297	        0.0086458117	        0.0069826079	        0.0103350178	        0.0009036769	        0.0041673217	        0.0002160090	        0.0021258373	        0.1000000000	        0.0010000000
        1.1272999060	        1.1486748433	        0.4324378991	        0.0139110662	        0.0067218629	        0.0099055625	        0.0009016151	        0.0043578460	        0.0002378619	        0.0021484949	        0.1000000000	        0.0010000000
        1.1773228500	        1.1438202063	        0.4264412861	        0.0184625766	        0.0064097124	        0.0093995845	        0.0008992197	        0.0046028715	        0.0002673190	        0.0021731082	        0.1000000000	        0.0010000000
        1.2264702865	        1.1377589784	        0.4202441052	        0.0222394302	        0.0060744936	        0.0088609479	        0.0008966779	        0.0049030733	        0.0003052158	        0.0022003473	        0.1000000000	        0.0010000000
        1.2745217853	        1.1304443094	        0.4138405249	        0.0252491830	        0.0057380436	        0.0083231805	        0.0008941333	        0.0052575803	        0.0003524017	        0.0022305282	        0.1000000000	        0.0010000000
        1.3212775037	        1.1218550144	        0.4072407111	        0.0275424266	        0.0054142400	        0.0078073935	        0.0008916672	        0.0056635870	        0.0004096629	        0.0022634149	        0.1000000000	        0.0010000000
        1.3665610231	        1.1120000430	        0.4004671234	        0.0291418066	        0.0051095548	        0.0073232929	        0.0008892939	        0.0061163799	        0.0004776786	        0.0022981099	        0.1000000000	        0.0010000000
        1.4102213305	        1.1009168404	        0.3935493000	        0.0300851030	        0.0048248132	        0.0068719914	        0.0008869707	        0.0066097615	        0.0005570206	        0.0023330748	        0.1000000000	        0.0010000000
        1.4521339345	        1.0886647073	        0.3865183444	        0.0304835320	        0.0045573283	        0.0064493329	        0.0008846162	        0.0071367190	        0.0006481962	        0.0023662754	        0.1000000000	        0.0010000000
        1.4922011523	        1.0753155237	        0.3794022547	        0.0304686271	        0.0043028219	        0.0060488346	        0.0008821295	        0.0076901264	        0.0007517147	        0.0023954037	        0.1000000000	        0.0010000000
        1.5303516405	        1.0609443214	        0.3722227444	        0.0300963224	        0.0040568438	        0.0056638278	        0.0008794046	        0.0082633050	        0.0008681591	        0.0024181176	        0.1000000000	        0.0010000000
        1.5665392717	        1.0456214356	        0.3649936261	        0.0294229305	        0.0038156452	        0.0052887499	        0.0008763360	        0.0088503544	        0.0009982446	        0.0024322472	        0.1000000000	        0.0010000000
        1.6007414793	        1.0294069561	        0.3577204389	        0.0285092956	        0.0035765925	        0.0049197358	        0.0008728199	        0.0094462545	        0.0011428540	        0.0024359423	        0.1000000000	        0.0010000000
        1.6329571982	        1.0123474161	        0.3504008585	        0.0273693177	        0.0033382584	        0.0045547242	        0.0008687509	        0.0100467854	        0.0013030493	        0.0024277589	        0.1000000000	        0.0010000000
        1.6632045292	        0.9944742530	        0.3430254758	        0.0260179392	        0.0031003131	        0.0041932721	        0.0008640163	        0.0106483265	        0.0014800587	        0.0024066922	        0.1000000000	        0.0010000000
        1.6915182473	        0.9758034787	        0.3355786435	        0.0245311870	        0.0028633152	        0.0038362273	        0.0008584901	        0.0112475872	        0.0016752420	        0.0023721732	        0.1000000000	        0.0010000000
        1.7179472609	        0.9563360758	        0.3280392208	        0.0229067281	        0.0026284675	        0.0034853564	        0.0008520265	        0.0118413042	        0.0018900316	        0.0023240406	        0.1000000000	        0.0010000000
        1.7425521094	        0.9360587705	        0.3203811346	        0.0211450316	        0.0023973779	        0.0031429889	        0.0008444525	        0.0124259210	        0.0021258469	        0.0022624984	        0.1000000000	        0.0010000000
        1.7654025727	        0.9149449731	        0.3125737419	        0.0192537985	        0.0021718494	        0.0028117081	        0.0008355602	        0.0129972566	        0.0023839734	        0.0021880698	        0.1000000000	        0.0010000000
        1.7865754452	        0.8929557871	        0.3045820182	        0.0172559381	        0.0019537059	        0.0024941018	        0.0008250975	        0.0135501630	        0.0026653981	        0.0021015485	        0.1000000000	        0.0010000000
        1.8061525101	        0.8700410761	        0.2963666191	        0.0151766064	        0.0017446598	        0.0021925744	        0.0008127591	        0.0140781674	        0.0029705854	        0.0020039539	        0.1000000000	        0.0010000000
        1.8242187368	        0.8461406429	        0.2878838933	        0.0130624498	        0.0015462172	        0.0019092169	        0.0007981757	        0.0145731015	        0.0032991839	        0.0018964893	        0.1000000000	        0.0010000000
        1.8408607086	        0.8211856350	        0.2790859525	        0.0109311082	        0.0013596162	        0.0016457259	        0.0007809047	        0.0150247263	        0.0036496472	        0.0017805068	        0.1000000000	        0.0010000000
        1.8561652810	        0.7951003366	        0.2699209574	        0.0088168944	        0.0011857949	        0.0014033620	        0.0007604226	        0.0154203749	        0.0040187674	        0.0016574767	        0.1000000000	        0.0010000000
        1.8702184608	        0.7678045573	        0.2603338494	        0.0067414810	        0.0010253811	        0.0011829395	        0.0007361255	        0.0157446600	        0.0044011288	        0.0015289638	        0.1000000000	        0.0010000000
        1.8831044915	        0.7392168724	        0.2502678586	        0.0047253377	        0.0008787005	        0.0009848372	        0.0007073419	        0.0159793207	        0.0047885206	        0.0013966079	        0.1000000000	        0.0010000000
        1.8949051275	        0.7092590041	        0.2396672345	        0.0028204577	        0.0007457975	        0.0008090217	        0.0006733714	        0.0161033233	        0.0051693925	        0.0012621098	        0.1000000000	        0.0010000000
        1.9056990763	        0.6778616452	        0.2284817409	        0.0011042087	        0.0006264653	        0.0006550771	        0.0006335612	        0.0160933771	        0.0055285017	        0.0011272185	        0.1000000000	        0.0010000000
        1.9155615890	        0.6449720061	        0.2166734379	       -0.0004851710	        0.0005202831	        0.0005222355	        0.0005874356	        0.0159250603	        0.0058469779	        0.0009937196	        0.1000000000	        0.0010000000
        1.9245641781	        0.6105632839	        0.2042259656	       -0.0019418678	        0.0004266568	        0.0004094044	        0.0005348813	        0.0155747622	        0.0061031039	        0.0008634182	        0.1000000000	        0.0010000000
        1.9327744427	        0.5746460910	        0.1911557353	       -0.0031201494	        0.0003448620	        0.0003151934	        0.0004763646	        0.0150225936	        0.0062741302	        0.0007381143	        0.1000000000	        0.0010000000
        1.9402559838	        0.5372816256	        0.1775230246	       -0.0041813991	        0.0002740891	        0.0002379458	        0.0004131125	        0.0142562589	        0.0063393463	        0.0006195627	        0.1000000000	        0.0010000000
        1.9470683933	        0.4985959903	        0.1634393831	       -0.0050805871	        0.0002134868	        0.0001757882	        0.0003471539	        0.0132755889	        0.0062843633	        0.0005094149	        0.1000000000	        0.0010000000
        1.9532673011	        0.4587945644	        0.1490671703	       -0.0056955554	        0.0001622047	        0.0001267123	        0.0002811422	        0.0120970092	        0.0061060994	        0.0004091417	        0.1000000000	        0.0010000000
        1.9589044686	        0.4181746979	        0.1346088977	       -0.0061894312	        0.0001194330	        0.0000886938	        0.0002179874	        0.0107567447	        0.0058173998	        0.0003199427	        0.1000000000	        0.0010000000
        1.9640279170	        0.3771341780	        0.1202881345	       -0.0063634778	        0.0000844366	        0.0000598297	        0.0001604424	        0.0093111918	        0.0054497974	        0.0002426521	        0.1000000000	        0.0010000000
        1.9686820816	        0.3361716237	        0.1063273153	       -0.0064604967	        0.0000565778	        0.0000384487	        0.0001106176	        0.0078329181	        0.0050529672	        0.0001776598	        0.1000000000	        0.0010000000
        1.9729079831	        0.2960521833	        0.0929694788	       -0.0063478359	        0.0000382013	        0.0000251510	        0.0000761964	        0.0064090231	        0.0046930437	        0.0001251138	        0.1000000000	        0.0010000000
        1.9767434111	        0.2576665650	        0.0804302551	       -0.0058901624	        0.0000267152	        0.0000171869	        0.0000540018	        0.0051088843	        0.0044193325	        0.0000845708	        0.1000000000	        0.0010000000
        1.9802231129	        0.2214771191	        0.0687894664	       -0.0051767884	        0.0000176590	        0.0000111386	        0.0000359848	        0.0039630544	        0.0042479373	        0.0000546052	        0.1000000000	        0.0010000000
        1.9833789852	        0.1876270681	        0.0580445116	       -0.0044224521	        0.0000109170	        0.0000067748	        0.0000223765	        0.0029834271	        0.0041862157	        0.0000333963	        0.1000000000	        0.0010000000
        1.9862402627	        0.1562123699	        0.0481784954	       -0.0037388078	        0.0000062409	        0.0000038230	        0.0000128435	        0.0021711247	        0.0042329360	        0.0000191370	        0.1000000000	        0.0010000000
        1.9888337046	        0.1272638630	        0.0391602001	       -0.0030520793	        0.0000032535	        0.0000019729	        0.0000067131	        0.0015177919	        0.0043800971	        0.0000101189	        0.1000000000	        0.0010000000
        1.9911837738	        0.1007422112	        0.0309459153	       -0.0023270323	        0.0000015154	        0.0000009118	        0.0000031317	        0.0010085181	        0.0046155745	        0.0000048252	        0.1000000000	        0.0010000000
        1.9933128092	        0.0765479039	        0.0234830112	       -0.0017064175	        0.0000006093	        0.0000003643	        0.0000012601	        0.0006251880	        0.0049256456	        0.0000019992	        0.1000000000	        0.0010000000
        1.9952411902	        0.0545402663	        0.0167141707	       -0.0011980822	        0.0000001984	        0.0000001180	        0.0000004104	        0.0003491858	        0.0052967788	        0.0000006734	        0.1000000000	        0.0010000000
        1.9969874916	        0.0345573506	        0.0105811464	       -0.0007591091	        0.0000000457	        0.0000000271	        0.0000000946	        0.0001630424	        0.0057165727	        0.0000001609	        0.1000000000	        0.0010000000
        1.9985686299	        0.0164316068	        0.0050274599	       -0.0003770129	        0.0000000052	        0.0000000031	        0.0000000107	        0.0000511666	        0.0061740576	        0.0000000190	        0.1000000000	        0.0010000000
        2.0000000000	        0.0000000000	        0.0000000000	       -0.0000428169	        0.0000000000	        0.0000000000	        0.0000000000	        0.0000000000	        0.0066596465	        0.0000000000	        0.1000000000	        0.0010000000
