        0.0000000000	        0.0000000000	        1.0000000000	       -0.0001179005	        0.0000000000	        0.0000000000	        0.0000000000	        0.0000000000	        0.0070156685	        0.0000000000	        0.1000000000	        0.0010000000
        0.0014313701	        0.0151224499	        0.9946723286	        0.0002811600	        0.0000000035	        0.0000000020	        0.0000000076	        0.0000416842	        0.0065616201	        0.0000000115	        0.1000000000	        0.0010000000
        0.0030125084	        0.0318028097	        0.9888692812	        0.0007299909	        0.0000000309	        0.0000000181	        0.0000000662	        0.0001330130	        0.0061225820	        0.0000000985	        0.1000000000	        0.0010000000
        0.0047588098	        0.0501930334	        0.9825578654	        0.0012292267	        0.0000001354	        0.0000000797	        0.0000002858	        0.0002853812	        0.0057064115	        0.0000004173	        0.1000000000	        0.0010000000
        0.0066871908	        0.0704536354	        0.9757053244	        0.0017771592	        0.0000004225	        0.0000002486	        0.0000008762	        0.0005119512	        0.0053221295	        0.0000012573	        0.1000000000	        0.0010000000
        0.0088162262	        0.0927485581	        0.9682804801	        0.0023809643	        0.0000010717	        0.0000006311	        0.0000021804	        0.0008276828	        0.0049800020	        0.0000030854	        0.1000000000	        0.0010000000
        0.0111662954	        0.1172361386	        0.9602557433	        0.0030475052	        0.0000023576	        0.0000013904	        0.0000046962	        0.0012490763	        0.0046914788	        0.0000065880	        0.1000000000	        0.0010000000
        0.0137597373	        0.1440555631	        0.9516098415	        0.0037607444	        0.0000046578	        0.0000027540	        0.0000090642	        0.0017933881	        0.0044688244	        0.0000127029	        0.1000000000	        0.0010000000
        0.0166210148	        0.1733098355	        0.9423310960	        0.0045359362	        0.0000084347	        0.0000050081	        0.0000159961	        0.0024770500	        0.0043242313	        0.0000226281	        0.1000000000	        0.0010000000
        0.0197768871	        0.2050490173	        0.9324205757	        0.0053365741	        0.0000141812	        0.0000084733	        0.0000261368	        0.0033131895	        0.0042682686	        0.0000377974	        0.1000000000	        0.0010000000
        0.0232565889	        0.2392597842	        0.9218943028	        0.0061504364	        0.0000223411	        0.0000134669	        0.0000398934	        0.0043085696	        0.0043077434	        0.0000598211	        0.1000000000	        0.0010000000
        0.0270920169	        0.2758662653	        0.9107836128	        0.0069380820	        0.0000332418	        0.0000202698	        0.0000573163	        0.0054607905	        0.0044434186	        0.0000904000	        0.1000000000	        0.0010000000
        0.0313179184	        0.3147416108	        0.8991337195	        0.0076013286	        0.0000470814	        0.0000291203	        0.0000780124	        0.0067567771	        0.0046683037	        0.0001312364	        0.1000000000	        0.0010000000
        0.0359720830	        0.3555914649	        0.8870292863	        0.0080893882	        0.0000665036	        0.0000419326	        0.0001050182	        0.0081692667	        0.0049672680	        0.0001838049	        0.1000000000	        0.0010000000
        0.0410955314	        0.3975796347	        0.8746818222	        0.0084279901	        0.0000993297	        0.0000645859	        0.0001484183	        0.0096391014	        0.0053072284	        0.0002485922	        0.1000000000	        0.0010000000
        0.0467326989	        0.4398294380	        0.8623367969	        0.0086457266	        0.0001408983	        0.0000949653	        0.0001967797	        0.0110742704	        0.0056239014	        0.0003252413	        0.1000000000	        0.0010000000
        0.0529316067	        0.4817980412	        0.8501904774	        0.0087170346	        0.0001920824	        0.0001347501	        0.0002479571	        0.0123987905	        0.0058684643	        0.0004132474	        0.1000000000	        0.0010000000
        0.0597440162	        0.5230316915	        0.8384272614	        0.0086458340	        0.0002538515	        0.0001858620	        0.0002993151	        0.0135521018	        0.0060090026	        0.0005116263	        0.1000000000	        0.0010000000
        0.0672255573	        0.5631760683	        0.8272021937	        0.0084334897	        0.0003272418	        0.0002503490	        0.0003482571	        0.0144946236	        0.0060318989	        0.0006190036	        0.1000000000	        0.0010000000
        0.0754358219	        0.6019753444	        0.8166271633	        0.0080873244	        0.0004133095	        0.0003302245	        0.0003925834	        0.0152083036	        0.0059396343	        0.0007337221	        0.1000000000	        0.0010000000
        0.0844384110	        0.6392634341	        0.8067649028	        0.0076124382	        0.0005130784	        0.0004273160	        0.0004307952	        0.0156935518	        0.0057463357	        0.0008539468	        0.1000000000	        0.0010000000
        0.0943009237	        0.6749505649	        0.7976318460	        0.0070187240	        0.0006274850	        0.0005431568	        0.0004622160	        0.0159643671	        0.0054726863	        0.0009777538	        0.1000000000	        0.0010000000
        0.1050948725	        0.7090079064	        0.7892074778	        0.0063229941	        0.0007573229	        0.0006789236	        0.0004869027	        0.0160431939	        0.0051414541	        0.0011031981	        0.1000000000	        0.0010000000
        0.1168955085	        0.7414523309	        0.7814461370	        0.0055481125	        0.0009031883	        0.0008354063	        0.0005054267	        0.0159564812	        0.0047742712	        0.0012283598	        0.1000000000	        0.0010000000
        0.1297815392	        0.7723326267	        0.7742880707	        0.0046818461	        0.0010654302	        0.0010129911	        0.0005186312	        0.0157313602	        0.0043897514	        0.0013513753	        0.1000000000	        0.0010000000
        0.1438347190	        0.8017178130	        0.7676679854	        0.0037731783	        0.0012441067	        0.0012116505	        0.0005274422	        0.0153934660	        0.0040027142	        0.0014704597	        0.1000000000	        0.0010000000
        0.1591392914	        0.8296877090	        0.7615207564	        0.0028154149	        0.0014389533	        0.0014309383	        0.0005327464	        0.0149657214	        0.0036241666	        0.0015839246	        0.1000000000	        0.0010000000
        0.1757812632	        0.8563255940	        0.7557848576	        0.0018567820	        0.0016493662	        0.0016699925	        0.0005353301	        0.0144678307	        0.0032617174	        0.0016901970	        0.1000000000	        0.0010000000
        0.1938474899	        0.8817126327	        0.7504040445	        0.0009085255	        0.0018744087	        0.0019275576	        0.0005358618	        0.0139162491	        0.0029201805	        0.0017878419	        0.1000000000	        0.0010000000
        0.2134245548	        0.9059236842	        0.7453279822	        0.0000118139	        0.0021128455	        0.0022020337	        0.0005348946	        0.0133244367	        0.0026022070	        0.0018755905	        0.1000000000	        0.0010000000
        0.2345974273	        0.9290241273	        0.7405122809	       -0.0008341374	        0.0023632155	        0.0024915662	        0.0005328753	        0.0127032668	        0.0023088627	        0.0019523754	        0.1000000000	        0.0010000000
        0.2574478906	        0.9510673865	        0.7359183202	       -0.0016011309	        0.0026239507	        0.0027941868	        0.0005301593	        0.0120615023	        0.0020401145	        0.0020173726	        0.1000000000	        0.0010000000
        0.2820527391	        0.9720929163	        0.7315129364	       -0.0022893271	        0.0028935491	        0.0031080178	        0.0005270280	        0.0114062920	        0.0017952184	        0.0020700507	        0.1000000000	        0.0010000000
        0.3084817527	        0.9921244982	        0.7272681945	       -0.0028907468	        0.0031708096	        0.0034315472	        0.0005236942	        0.0107436643	        0.0015730169	        0.0021102235	        0.1000000000	        0.0010000000
        0.3367954708	        1.0111688146	        0.7231613640	       -0.0033847721	        0.0034551255	        0.0037639748	        0.0005203157	        0.0100790045	        0.0013721619	        0.0021381041	        0.1000000000	        0.0010000000
        0.3670428018	        1.0292144129	        0.7191749188	       -0.0037609825	        0.0037468287	        0.0041056177	        0.0005170200	        0.0094175086	        0.0011912741	        0.0021543528	        0.1000000000	        0.0010000000
        0.3992585207	        1.0462313536	        0.7152965302	       -0.0039868779	        0.0040475498	        0.0044583369	        0.0005139192	        0.0087645965	        0.0010290527	        0.0021601068	        0.1000000000	        0.0010000000
        0.4334607283	        1.0621720489	        0.7115191711	       -0.0040299644	        0.0043605328	        0.0048259106	        0.0005111187	        0.0081262527	        0.0008843401	        0.0021569788	        0.1000000000	        0.0010000000
        0.4696483595	        1.0769739790	        0.7078410456	       -0.0038673490	        0.0046907907	        0.0052142232	        0.0005087388	        0.0075092380	        0.0007561452	        0.0021470032	        0.1000000000	        0.0010000000
        0.5077988477	        1.0905650156	        0.7042650815	       -0.0034606085	        0.0050449348	        0.0056310695	        0.0005069124	        0.0069210987	        0.0006436259	        0.0021325114	        0.1000000000	        0.0010000000
        0.5478660655	        1.1028717680	        0.7007980844	       -0.0027951941	        0.0054304554	        0.0060853123	        0.0005057840	        0.0063698977	        0.0005460346	        0.0021159298	        0.1000000000	        0.0010000000
        0.5897786695	        1.1138305363	        0.6974489477	       -0.0018295585	        0.0058542314	        0.0065851257	        0.0005055142	        0.0058636411	        0.0004626354	        0.0020995135	        0.1000000000	        0.0010000000
        0.6334389769	        1.1233991395	        0.6942261459	       -0.0005223469	        0.0063201531	        0.0071351832	        0.0005062831	        0.0054094712	        0.0003926178	        0.0020850673	        0.1000000000	        0.0010000000
        0.6787224963	        1.1315666108	        0.6911345996	        0.0011549283	        0.0068260236	        0.0077329781	        0.0005082969	        0.0050128260	        0.0003350344	        0.0020737284	        0.1000000000	        0.0010000000
        0.7254782147	        1.1383574370	        0.6881727149	        0.0032250772	        0.0073603532	        0.0083649968	        0.0005117709	        0.0046768382	        0.0002887903	        0.0020658855	        0.1000000000	        0.0010000000
        0.7735297135	        1.1438283220	        0.6853304426	        0.0056993912	        0.0079001362	        0.0090040381	        0.0005169296	        0.0044022058	        0.0002526923	        0.0020612638	        0.1000000000	        0.0010000000
        0.8226771500	        1.1480579845	        0.6825884059	        0.0085532290	        0.0084109307	        0.0096092575	        0.0005239990	        0.0041875889	        0.0002255424	        0.0020591388	        0.1000000000	        0.0010000000
        0.8727000940	        1.1511328263	        0.6799184424	        0.0117569430	        0.0088502481	        0.0101301542	        0.0005332137	        0.0040303917	        0.0002062465	        0.0020586005	        0.1000000000	        0.0010000000
        0.9233611572	        1.1531321441	        0.6772844815	        0.0153173713	        0.0091742835	        0.0105145718	        0.0005448533	        0.0039276819	        0.0001939092	        0.0020587877	        0.1000000000	        0.0010000000
        0.9744103051	        1.1541157978	        0.6746435298	        0.0191208269	        0.0093466539	        0.0107191336	        0.0005591757	        0.0038770131	        0.0001879019	        0.0020590527	        0.1000000000	        0.0010000000
        1.0255896949	        1.1541157978	        0.6719470898	        0.0230434678	        0.0093466539	        0.0107191336	        0.0005763191	        0.0038770131	        0.0001879019	        0.0020590527	        0.1000000000	        0.0010000000
        1.0766388428	        1.1531321441	        0.6691425023	        0.0269250666	        0.0091742835	        0.0105145718	        0.0005962729	        0.0039276819	        0.0001939092	        0.0020587877	        0.1000000000	        0.0010000000
        1.1272999060	        1.1511328263	        0.6661743665	        0.0307126852	        0.0088502481	        0.0101301542	        0.0006189437	        0.0040303917	        0.0002062465	        0.0020586005	        0.1000000000	        0.0010000000
        1.1773228500	        1.1480579845	        0.6629858135	        0.0343071919	        0.0084109307	        0.0096092575	        0.0006442080	        0.0041875889	        0.0002255424	        0.0020591388	        0.1000000000	        0.0010000000
        1.2264702865	        1.1438283220	        0.6595208164	        0.0375889190	        0.0079001362	        0.0090040381	        0.0006718752	        0.0044022058	        0.0002526923	        0.0020612638	        0.1000000000	        0.0010000000
        1.2745217853	        1.1383574370	        0.6557276526	        0.0404417418	        0.0073603532	        0.0083649968	        0.0007016839	        0.0046768382	        0.0002887903	        0.0020658855	        0.1000000000	        0.0010000000
        1.3212775037	        1.1315666108	        0.6515627961	        0.0427855632	        0.0068260236	        0.0077329781	        0.0007333144	        0.0050128260	        0.0003350344	        0.0020737284	        0.1000000000	        0.0010000000
        1.3665610231	        1.1233991395	        0.6469944330	        0.0446289960	        0.0063201531	        0.0071351832	        0.0007664522	        0.0054094712	        0.0003926178	        0.0020850673	        0.1000000000	        0.0010000000
        1.4102213305	        1.1138305363	        0.6420036269	        0.0459900449	        0.0058542314	        0.0065851257	        0.0008008220	        0.0058636411	        0.0004626354	        0.0020995135	        0.1000000000	        0.0010000000
        1.4521339345	        1.1028717680	        0.6365833460	        0.0469265650	        0.0054304554	        0.0060853123	        0.0008361696	        0.0063698977	        0.0005460346	        0.0021159298	        0.1000000000	        0.0010000000
        1.4922011523	        1.0905650156	        0.6307350939	        0.0474295901	        0.0050449348	        0.0056310695	        0.0008722146	        0.0069210987	        0.0006436259	        0.0021325114	        0.1000000000	        0.0010000000
        1.5303516405	        1.0769739790	        0.6244649339	        0.0474617419	        0.0046907907	        0.0052142232	        0.0009085928	        0.0075092380	        0.0007561452	        0.0021470032	        0.1000000000	        0.0010000000
        1.5665392717	        1.0621720489	        0.6177794983	        0.0470810542	        0.0043605328	        0.0048259106	        0.0009449140	        0.0081262527	        0.0008843401	        0.0021569788	        0.1000000000	        0.0010000000
        1.6007414793	        1.0462313536	        0.6106818504	        0.0463703022	        0.0040475498	        0.0044583369	        0.0009808199	        0.0087645965	        0.0010290527	        0.0021601068	        0.1000000000	        0.0010000000
        1.6329571982	        1.0292144129	        0.6031684271	        0.0453443061	        0.0037468287	        0.0041056177	        0.0010159588	        0.0094175086	        0.0011912741	        0.0021543528	        0.1000000000	        0.0010000000
        1.6632045292	        1.0111688146	        0.5952272306	        0.0439949067	        0.0034551255	        0.0037639748	        0.0010499411	        0.0100790045	        0.0013721619	        0.0021381041	        0.1000000000	        0.0010000000
        1.6915182473	        0.9921244982	        0.5868370663	        0.0423854793	        0.0031708096	        0.0034315472	        0.0010823372	        0.0107436643	        0.0015730169	        0.0021102235	        0.1000000000	        0.0010000000
        1.7179472609	        0.9720929163	        0.5779667445	        0.0404703787	        0.0028935491	        0.0031080178	        0.0011126655	        0.0114062920	        0.0017952184	        0.0020700507	        0.1000000000	        0.0010000000
        1.7425521094	        0.9510673865	        0.5685748548	        0.0382714562	        0.0026239507	        0.0027941868	        0.0011403642	        0.0120615023	        0.0020401145	        0.0020173726	        0.1000000000	        0.0010000000
        1.7654025727	        0.9290241273	        0.5586092988	        0.0358534304	        0.0023632155	        0.0024915662	        0.0011647966	        0.0127032668	        0.0023088627	        0.0019523754	        0.1000000000	        0.0010000000
        1.7865754452	        0.9059236842	        0.5480065488	        0.0332295731	        0.0021128455	        0.0022020337	        0.0011852235	        0.0133244367	        0.0026022070	        0.0018755905	        0.1000000000	        0.0010000000
        1.8061525101	        0.8817126327	        0.5366910553	        0.0304232894	        0.0018744087	        0.0019275576	        0.0012007583	        0.0139162491	        0.0029201805	        0.0017878419	        0.1000000000	        0.0010000000
        1.8242187368	        0.8563255940	        0.5245747993	        0.0274968128	        0.0016493662	        0.0016699925	        0.0012103362	        0.0144678307	        0.0032617174	        0.0016901970	        0.1000000000	        0.0010000000
        1.8408607086	        0.8296877090	        0.5115571074	        0.0244888228	        0.0014389533	        0.0014309383	        0.0012126854	        0.0149657214	        0.0036241666	        0.0015839246	        0.1000000000	        0.0010000000
        1.8561652810	        0.8017178130	        0.4975253541	        0.0214402597	        0.0012441067	        0.0012116505	        0.0012063038	        0.0153934660	        0.0040027142	        0.0014704597	        0.1000000000	        0.0010000000
        1.8702184608	        0.7723326267	        0.4823572094	        0.0184068329	        0.0010654302	        0.0010129911	        0.0011894677	        0.0157313602	        0.0043897514	        0.0013513753	        0.1000000000	        0.0010000000
        1.8831044915	        0.7414523309	        0.4659255073	        0.0153937038	        0.0009031883	        0.0008354063	        0.0011602950	        0.0159564812	        0.0047742712	        0.0012283598	        0.1000000000	        0.0010000000
        1.8949051275	        0.7090079064	        0.4481071109	        0.0124770834	        0.0007573229	        0.0006789236	        0.0011169144	        0.0160431939	        0.0051414541	        0.0011031981	        0.1000000000	        0.0010000000
        1.9056990763	        0.6749505649	        0.4287968364	        0.0097816780	        0.0006274850	        0.0005431568	        0.0010577747	        0.0159643671	        0.0054726863	        0.0009777538	        0.1000000000	        0.0010000000
        1.9155615890	        0.6392634341	        0.4079271969	        0.0071736655	        0.0005130784	        0.0004273160	        0.0009820728	        0.0156935518	        0.0057463357	        0.0008539468	        0.1000000000	        0.0010000000
        1.9245641781	        0.6019753444	        0.3854936970	        0.0046591910	        0.0004133095	        0.0003302245	        0.0008902894	        0.0152083036	        0.0059396343	        0.0007337221	        0.1000000000	        0.0010000000
        1.9327744427	        0.5631760683	        0.3615800918	        0.0025061680	        0.0003272418	        0.0002503490	        0.0007846641	        0.0144946236	        0.0060318989	        0.0006190036	        0.1000000000	        0.0010000000
        1.9402559838	        0.5230316915	        0.3363755173	        0.0004636678	        0.0002538515	        0.0001858620	        0.0006692894	        0.0135521018	        0.0060090026	        0.0005116263	        0.1000000000	        0.0010000000
        1.9470683933	        0.4817980412	        0.3101766958	       -0.0013938944	        0.0001920824	        0.0001347501	        0.0005497173	        0.0123987905	        0.0058684643	        0.0004132474	        0.1000000000	        0.0010000000
        1.9532673011	        0.4398294380	        0.2833684307	       -0.0027976038	        0.0001408983	        0.0000949653	        0.0004321817	        0.0110742704	        0.0056239014	        0.0003252413	        0.1000000000	        0.0010000000
        1.9589044686	        0.3975796347	        0.2563870559	       -0.0040714895	        0.0000993297	        0.0000645859	        0.0003227115	        0.0096391014	        0.0053072284	        0.0002485922	        0.1000000000	        0.0010000000
        1.9640279170	        0.3555914649	        0.2296785974	       -0.0048124349	        0.0000665036	        0.0000419326	        0.0002259571	        0.0081692667	        0.0049672680	        0.0001838049	        0.1000000000	        0.0010000000
        1.9686820816	        0.3147416108	        0.2037763762	       -0.0053579973	        0.0000470814	        0.0000291203	        0.0001660465	        0.0067567771	        0.0046683037	        0.0001312364	        0.1000000000	        0.0010000000
        1.9729079831	        0.2758662653	        0.1791184360	       -0.0054421439	        0.0000332418	        0.0000202698	        0.0001206670	        0.0054607905	        0.0044434186	        0.0000904000	        0.1000000000	        0.0010000000
        1.9767434111	        0.2392597842	        0.1558589362	       -0.0050255235	        0.0000223411	        0.0000134669	        0.0000830740	        0.0043085696	        0.0043077434	        0.0000598211	        0.1000000000	        0.0010000000
        1.9802231129	        0.2050490173	        0.1340617073	       -0.0042976696	        0.0000141812	        0.0000084733	        0.0000538441	        0.0033131895	        0.0042682686	        0.0000377974	        0.1000000000	        0.0010000000
        1.9833789852	        0.1733098355	        0.1137572791	       -0.0035690469	        0.0000084347	        0.0000050081	        0.0000326095	        0.0024770500	        0.0043242313	        0.0000226281	        0.1000000000	        0.0010000000
        1.9862402627	        0.1440555631	        0.0949426362	       -0.0030065621	        0.0000046578	        0.0000027540	        0.0000182920	        0.0017933881	        0.0044688244	        0.0000127029	        0.1000000000	        0.0010000000
        1.9888337046	        0.1172361386	        0.0775843501	       -0.0024153945	        0.0000023576	        0.0000013904	        0.0000093859	        0.0012490763	        0.0046914788	        0.0000065880	        0.1000000000	        0.0010000000
        1.9911837738	        0.0927485581	        0.0616247867	       -0.0017289918	        0.0000010717	        0.0000006311	        0.0000043178	        0.0008276828	        0.0049800020	        0.0000030854	        0.1000000000	        0.0010000000
        1.9933128092	        0.0704536354	        0.0469898143	       -0.0011858132	        0.0000004225	        0.0000002486	        0.0000017201	        0.0005119512	        0.0053221295	        0.0000012573	        0.1000000000	        0.0010000000
        1.9952411902	        0.0501930334	        0.0335961238	       -0.0007997175	        0.0000001354	        0.0000000797	        0.0000005565	        0.0002853812	        0.0057064115	        0.0000004173	        0.1000000000	        0.0010000000
        1.9969874916	        0.0318028097	        0.0213569525	       -0.0005048804	        0.0000000309	        0.0000000181	        0.0000001279	        0.0001330130	        0.0061225820	        0.0000000985	        0.1000000000	        0.0010000000
        1.9985686299	        0.0151224499	        0.0101860280	       -0.0002828670	        0.0000000035	        0.0000000020	        0.0000000145	        0.0000416842	        0.0065616201	        0.0000000115	        0.1000000000	        0.0010000000
        2.0000000000	        0.0000000000	        0.0000000000	       -0.0001194652	        0.0000000000	        0.0000000000	        0.0000000000	        0.0000000000	        0.0070156685	        0.0000000000	        0.1000000000	        0.0010000000
