        0.0000000000	        0.0000000000	        1.0000000000	       -0.0001143995	        0.0000000000	        0.0000000000	        0.0000000000	        0.0000000000	        0.0066666583	        0.0000000000	        0.1000000000	        0.0010000000
        0.0014313701	        0.0134485098	        0.9953644254	        0.0002760618	        0.0000000013	        0.0000000012	        0.0000000024	        0.0000307323	        0.0062986193	        0.0000000060	        0.1000000000	        0.0010000000
        0.0030125084	        0.0282814404	        0.9903060174	        0.0007120199	        0.0000000112	        0.0000000110	        0.0000000210	        0.0000983211	        0.0059343862	        0.0000000516	        0.1000000000	        0.0010000000
        0.0047588098	        0.0446348046	        0.9847937709	        0.0011950086	        0.0000000497	        0.0000000484	        0.0000000917	        0.0002115725	        0.0055793740	        0.0000002217	        0.1000000000	        0.0010000000
        0.0066871908	        0.0626546252	        0.9787962432	        0.0017248766	        0.0000001571	        0.0000001527	        0.0000002854	        0.0003807463	        0.0052399099	        0.0000006781	        0.1000000000	        0.0010000000
        0.0088162262	        0.0824949654	        0.9722823145	        0.0023060723	        0.0000004050	        0.0000003929	        0.0000007235	        0.0006176730	        0.0049233155	        0.0000016925	        0.1000000000	        0.0010000000
        0.0111662954	        0.1043138510	        0.9652223487	        0.0029463272	        0.0000009090	        0.0000008799	        0.0000015936	        0.0009357669	        0.0046379479	        0.0000036816	        0.1000000000	        0.0010000000
        0.0137597373	        0.1282662326	        0.9575898672	        0.0036442628	        0.0000018403	        0.0000017783	        0.0000031604	        0.0013498145	        0.0043931368	        0.0000072432	        0.1000000000	        0.0010000000
        0.0166210148	        0.1544934280	        0.9493638012	        0.0044114836	        0.0000034326	        0.0000033133	        0.0000057614	        0.0018753607	        0.0041989109	        0.0000131859	        0.1000000000	        0.0010000000
        0.0197768871	        0.1831094702	        0.9405311970	        0.0052291031	        0.0000059748	        0.0000057674	        0.0000097769	        0.0025274848	        0.0040653789	        0.0000225430	        0.1000000000	        0.0010000000
        0.0232565889	        0.2141865522	        0.9310900388	        0.0060965285	        0.0000097865	        0.0000094613	        0.0000155690	        0.0033188473	        0.0040016499	        0.0000365631	        0.1000000000	        0.0010000000
        0.0270920169	        0.2477435817	        0.9210515212	        0.0070016418	        0.0000151759	        0.0000147219	        0.0000233988	        0.0042571447	        0.0040142966	        0.0000566705	        0.1000000000	        0.0010000000
        0.0313179184	        0.2837420188	        0.9104411280	        0.0078904271	        0.0000223979	        0.0000218489	        0.0000333560	        0.0053425008	        0.0041055797	        0.0000843993	        0.1000000000	        0.0010000000
        0.0359720830	        0.3220903743	        0.8992982994	        0.0087241098	        0.0000316343	        0.0000311002	        0.0000453378	        0.0065655845	        0.0042718814	        0.0001213128	        0.1000000000	        0.0010000000
        0.0410955314	        0.3626543237	        0.8876749521	        0.0094323311	        0.0000430090	        0.0000427078	        0.0000589048	        0.0079071064	        0.0045028712	        0.0001689227	        0.1000000000	        0.0010000000
        0.0467326989	        0.4049095658	        0.8757074788	        0.0099579994	        0.0000618259	        0.0000625407	        0.0000803645	        0.0093290497	        0.0047822213	        0.0002281613	        0.1000000000	        0.0010000000
        0.0529316067	        0.4479739271	        0.8636202305	        0.0103323121	        0.0000886178	        0.0000920359	        0.0001082666	        0.0107555415	        0.0050656846	        0.0002989445	        0.1000000000	        0.0010000000
        0.0597440162	        0.4911456145	        0.8516224500	        0.0105710116	        0.0001219283	        0.0001306013	        0.0001384487	        0.0121037671	        0.0053039265	        0.0003807459	        0.1000000000	        0.0010000000
        0.0672255573	        0.5339150175	        0.8398963196	        0.0106564627	        0.0001624286	        0.0001800799	        0.0001695402	        0.0133057583	        0.0054614301	        0.0004727285	        0.1000000000	        0.0010000000
        0.0754358219	        0.5758546590	        0.8286071192	        0.0105797089	        0.0002108246	        0.0002424958	        0.0001999813	        0.0143110906	        0.0055180020	        0.0005736048	        0.1000000000	        0.0010000000
        0.0844384110	        0.6166300449	        0.8178877966	        0.0103372980	        0.0002678247	        0.0003198986	        0.0002283008	        0.0150904122	        0.0054687578	        0.0006817368	        0.1000000000	        0.0010000000
        0.0943009237	        0.6559999818	        0.8078282874	        0.0099388932	        0.0003341006	        0.0004141826	        0.0002533272	        0.0156345834	        0.0053213607	        0.0007952491	        0.1000000000	        0.0010000000
        0.1050948725	        0.6938088229	        0.7984725366	        0.0094075416	        0.0004102481	        0.0005269315	        0.0002743409	        0.0159508808	        0.0050917977	        0.0009121336	        0.1000000000	        0.0010000000
        0.1168955085	        0.7299736076	        0.7898232157	        0.0087400868	        0.0004967490	        0.0006593173	        0.0002911066	        0.0160579704	        0.0048000390	        0.0010303367	        0.1000000000	        0.0010000000
        0.1297815392	        0.7644689389	        0.7818514514	        0.0079516903	        0.0005939351	        0.0008120510	        0.0003037907	        0.0159810007	        0.0044664982	        0.0011478248	        0.1000000000	        0.0010000000
        0.1438347190	        0.7973118120	        0.7745079257	        0.0070882082	        0.0007019583	        0.0009853710	        0.0003128241	        0.0157475923	        0.0041096690	        0.0012626340	        0.1000000000	        0.0010000000
        0.1591392914	        0.8285477932	        0.7677326225	        0.0061551937	        0.0008207701	        0.0011790542	        0.0003187660	        0.0153849896	        0.0037448906	        0.0013729077	        0.1000000000	        0.0010000000
        0.1757812632	        0.8582392187	        0.7614621486	        0.0051977966	        0.0009501144	        0.0013924476	        0.0003222012	        0.0149183114	        0.0033839816	        0.0014769289	        0.1000000000	        0.0010000000
        0.1938474899	        0.8864555475	        0.7556345686	        0.0042299448	        0.0010895397	        0.0016245245	        0.0003236784	        0.0143696830	        0.0030354313	        0.0015731535	        0.1000000000	        0.0010000000
        0.2134245548	        0.9132656828	        0.7501922153	        0.0032973195	        0.0012384368	        0.0018739751	        0.0003236821	        0.0137580014	        0.0027048823	        0.0016602464	        0.1000000000	        0.0010000000
        0.2345974273	        0.9387319215	        0.7450831048	        0.0024186469	        0.0013961091	        0.0021393453	        0.0003226254	        0.0130991131	        0.0023957159	        0.0017371258	        0.1000000000	        0.0010000000
        0.2574478906	        0.9629051695	        0.7402615182	        0.0016238177	        0.0015618839	        0.0024192404	        0.0003208544	        0.0124062402	        0.0021096279	        0.0018030144	        0.1000000000	        0.0010000000
        0.2820527391	        0.9858211238	        0.7356881152	        0.0009191694	        0.0017352699	        0.0027126047	        0.0003186560	        0.0116905403	        0.0018471348	        0.0018574979	        0.1000000000	        0.0010000000
        0.3084817527	        1.0074972538	        0.7313299473	        0.0003257285	        0.0019161667	        0.0030190865	        0.0003162646	        0.0109617287	        0.0016079917	        0.0019005877	        0.1000000000	        0.0010000000
        0.3367954708	        1.0279306146	        0.7271604928	       -0.0001529848	        0.0021051201	        0.0033394817	        0.0003138715	        0.0102287105	        0.0013915180	        0.0019327799	        0.1000000000	        0.0010000000
        0.3670428018	        1.0470967873	        0.7231596624	       -0.0004903604	        0.0023036069	        0.0036762253	        0.0003116388	        0.0095001780	        0.0011968375	        0.0019550980	        0.1000000000	        0.0010000000
        0.3992585207	        1.0649505490	        0.7193137492	       -0.0006591235	        0.0025143046	        0.0040338552	        0.0003097066	        0.0087851124	        0.0010230398	        0.0019691004	        0.1000000000	        0.0010000000
        0.4334607283	        1.0814291525	        0.7156152863	       -0.0006511541	        0.0027412637	        0.0044193059	        0.0003081991	        0.0080931054	        0.0008692653	        0.0019768257	        0.1000000000	        0.0010000000
        0.4696483595	        1.0964591412	        0.7120624847	       -0.0004291939	        0.0029898471	        0.0048418000	        0.0003072348	        0.0074343915	        0.0007347191	        0.0019806527	        0.1000000000	        0.0010000000
        0.5077988477	        1.1099671584	        0.7086578792	        0.0000330880	        0.0032662543	        0.0053120203	        0.0003069316	        0.0068194911	        0.0006186197	        0.0019830619	        0.1000000000	        0.0010000000
        0.5478660655	        1.1218939651	        0.7054061930	        0.0007712986	        0.0035764338	        0.0058402253	        0.0003073978	        0.0062584420	        0.0005201043	        0.0019863192	        0.1000000000	        0.0010000000
        0.5897786695	        1.1322090080	        0.7023115247	        0.0017994569	        0.0039242721	        0.0064331152	        0.0003087305	        0.0057597512	        0.0004381289	        0.0019921501	        0.1000000000	        0.0010000000
        0.6334389769	        1.1409212879	        0.6993740749	        0.0031864062	        0.0043091812	        0.0070896558	        0.0003110372	        0.0053293735	        0.0003714091	        0.0020015031	        0.1000000000	        0.0010000000
        0.6787224963	        1.1480823402	        0.6965870559	        0.0049748318	        0.0047235731	        0.0077967050	        0.0003144635	        0.0049701006	        0.0003184387	        0.0020144930	        0.1000000000	        0.0010000000
        0.7254782147	        1.1537795390	        0.6939347223	        0.0071801541	        0.0051510915	        0.0085259468	        0.0003191878	        0.0046816210	        0.0002775874	        0.0020305443	        0.1000000000	        0.0010000000
        0.7735297135	        1.1581215620	        0.6913922968	        0.0097563234	        0.0055666256	        0.0092339130	        0.0003253916	        0.0044612387	        0.0002472462	        0.0020486717	        0.1000000000	        0.0010000000
        0.8226771500	        1.1612204674	        0.6889271780	        0.0126571534	        0.0059388383	        0.0098663699	        0.0003332427	        0.0043049789	        0.0002259739	        0.0020677883	        0.1000000000	        0.0010000000
        0.8727000940	        1.1631750309	        0.6865005888	        0.0158624596	        0.0062351589	        0.0103669923	        0.0003429052	        0.0042087328	        0.0002126085	        0.0020869516	        0.1000000000	        0.0010000000
        0.9233611572	        1.1640583114	        0.6840687947	        0.0192521313	        0.0064281632	        0.0106884515	        0.0003545147	        0.0041691721	        0.0002063327	        0.0021055113	        0.1000000000	        0.0010000000
        0.9744103051	        1.1639103956	        0.6815844761	        0.0227210144	        0.0065014783	        0.0108026727	        0.0003681271	        0.0041843189	        0.0002066997	        0.0021231725	        0.1000000000	        0.0010000000
        1.0255896949	        1.1627360464	        0.6789978626	        0.0262033809	        0.0064532750	        0.0107068691	        0.0003837423	        0.0042537540	        0.0002136307	        0.0021400024	        0.1000000000	        0.0010000000
        1.0766388428	        1.1605067087	        0.6762574705	        0.0295969700	        0.0062961860	        0.0104233256	        0.0004013279	        0.0043784929	        0.0002273947	        0.0021564011	        0.1000000000	        0.0010000000
        1.1272999060	        1.1571665458	        0.6733114373	        0.0327970333	        0.0060537830	        0.0099931878	        0.0004207928	        0.0045605593	        0.0002485711	        0.0021730382	        0.1000000000	        0.0010000000
        1.1773228500	        1.1526422870	        0.6701098502	        0.0356741716	        0.0057549429	        0.0094666162	        0.0004419712	        0.0048022949	        0.0002779913	        0.0021907415	        0.1000000000	        0.0010000000
        1.2264702865	        1.1468562085	        0.6666078573	        0.0381909494	        0.0054279820	        0.0088926016	        0.0004646692	        0.0051054911	        0.0003166566	        0.0022103235	        0.1000000000	        0.0010000000
        1.2745217853	        1.1397405320	        0.6627684403	        0.0403112808	        0.0050961787	        0.0083112574	        0.0004887123	        0.0054705012	        0.0003656365	        0.0022323542	        0.1000000000	        0.0010000000
        1.3212775037	        1.1312504147	        0.6585645512	        0.0420457646	        0.0047755027	        0.0077499792	        0.0005139481	        0.0058955608	        0.0004259629	        0.0022569233	        0.1000000000	        0.0010000000
        1.3665610231	        1.1213724021	        0.6539797643	        0.0433731217	        0.0044744839	        0.0072233162	        0.0005402287	        0.0063765253	        0.0004985486	        0.0022834634	        0.1000000000	        0.0010000000
        1.4102213305	        1.1101262976	        0.6490073324	        0.0443199957	        0.0041955628	        0.0067353787	        0.0005673968	        0.0069071075	        0.0005841515	        0.0023106993	        0.1000000000	        0.0010000000
        1.4521339345	        1.0975605151	        0.6436474955	        0.0448845297	        0.0039370877	        0.0062833239	        0.0005952790	        0.0074795202	        0.0006833931	        0.0023367451	        0.1000000000	        0.0010000000
        1.4922011523	        1.0837429670	        0.6379041087	        0.0450949247	        0.0036952800	        0.0058607490	        0.0006236770	        0.0080852966	        0.0007968207	        0.0023593170	        0.1000000000	        0.0010000000
        1.5303516405	        1.0687503983	        0.6317811539	        0.0449404179	        0.0034657785	        0.0054603315	        0.0006523744	        0.0087160442	        0.0009249873	        0.0023759967	        0.1000000000	        0.0010000000
        1.5665392717	        1.0526586575	        0.6252798192	        0.0444853212	        0.0032446452	        0.0050755303	        0.0006811558	        0.0093639684	        0.0010685231	        0.0023844782	        0.1000000000	        0.0010000000
        1.6007414793	        1.0355352967	        0.6183960037	        0.0437487863	        0.0030288885	        0.0047014507	        0.0007098111	        0.0100221126	        0.0012281820	        0.0023827580	        0.1000000000	        0.0010000000
        1.6329571982	        1.0174348229	        0.6111188666	        0.0427226442	        0.0028166290	        0.0043351010	        0.0007380999	        0.0106843494	        0.0014048545	        0.0023692541	        0.1000000000	        0.0010000000
        1.6632045292	        0.9983962462	        0.6034302673	        0.0413636956	        0.0026070388	        0.0039752690	        0.0007657338	        0.0113451931	        0.0015995456	        0.0023428603	        0.1000000000	        0.0010000000
        1.6915182473	        0.9784423123	        0.5953044821	        0.0397459602	        0.0024001631	        0.0036222016	        0.0007923991	        0.0119995015	        0.0018133191	        0.0023029526	        0.1000000000	        0.0010000000
        1.7179472609	        0.9575798300	        0.5867075178	        0.0378389670	        0.0021966952	        0.0032772122	        0.0008177538	        0.0126421162	        0.0020472062	        0.0022493615	        0.1000000000	        0.0010000000
        1.7425521094	        0.9358006454	        0.5775968459	        0.0356548320	        0.0019977506	        0.0029422936	        0.0008414008	        0.0132674789	        0.0023020766	        0.0021823277	        0.1000000000	        0.0010000000
        1.7654025727	        0.9130829782	        0.5679209754	        0.0332378742	        0.0018046658	        0.0026197771	        0.0008628848	        0.0138692380	        0.0025784644	        0.0021024483	        0.1000000000	        0.0010000000
        1.7865754452	        0.8893929833	        0.5576188453	        0.0305979076	        0.0016188329	        0.0023120548	        0.0008816755	        0.0144398546	        0.0028763413	        0.0020106228	        0.1000000000	        0.0010000000
        1.8061525101	        0.8646865126	        0.5466193001	        0.0277630334	        0.0014415713	        0.0020213695	        0.0008971443	        0.0149702175	        0.0031948273	        0.0019080007	        0.1000000000	        0.0010000000
        1.8242187368	        0.8389111369	        0.5348406722	        0.0248214136	        0.0012740375	        0.0017496665	        0.0009085516	        0.0154492827	        0.0035318334	        0.0017959347	        0.1000000000	        0.0010000000
        1.8408607086	        0.8120085467	        0.5221904689	        0.0218191186	        0.0011171662	        0.0014985004	        0.0009150229	        0.0158637637	        0.0038836381	        0.0016759399	        0.1000000000	        0.0010000000
        1.8561652810	        0.7839174969	        0.5085660164	        0.0187941189	        0.0009716392	        0.0012689837	        0.0009155210	        0.0161979252	        0.0042444187	        0.0015496586	        0.1000000000	        0.0010000000
        1.8702184608	        0.7545774829	        0.4938563859	        0.0157981699	        0.0008378751	        0.0010617700	        0.0009088473	        0.0164335559	        0.0046057806	        0.0014188318	        0.1000000000	        0.0010000000
        1.8831044915	        0.7239333415	        0.4779463109	        0.0128407877	        0.0007160368	        0.0008770582	        0.0008936730	        0.0165502260	        0.0049563732	        0.0012852748	        0.1000000000	        0.0010000000
        1.8949051275	        0.6919409445	        0.4607230909	        0.0100126009	        0.0006060513	        0.0007146131	        0.0008686331	        0.0165259689	        0.0052817268	        0.0011508553	        0.1000000000	        0.0010000000
        1.9056990763	        0.6585740914	        0.4420870890	        0.0074459651	        0.0005076382	        0.0005737924	        0.0008324980	        0.0163385339	        0.0055645013	        0.0010174714	        0.1000000000	        0.0010000000
        1.9155615890	        0.6238325993	        0.4219663850	        0.0050269187	        0.0004203451	        0.0004535794	        0.0007844023	        0.0159673442	        0.0057853671	        0.0008870255	        0.1000000000	        0.0010000000
        1.9245641781	        0.5877514348	        0.4003362789	        0.0027733774	        0.0003435867	        0.0003526195	        0.0007241599	        0.0153962229	        0.0059247309	        0.0007613903	        0.1000000000	        0.0010000000
        1.9327744427	        0.5504105441	        0.3772395603	        0.0009473922	        0.0002766858	        0.0002692658	        0.0006526071	        0.0146167693	        0.0059653872	        0.0006423620	        0.1000000000	        0.0010000000
        1.9402559838	        0.5119448317	        0.3528023932	       -0.0007298779	        0.0002189150	        0.0002016423	        0.0005717666	        0.0136320312	        0.0058959487	        0.0005315985	        0.1000000000	        0.0010000000
        1.9470683933	        0.4725535019	        0.3272425971	       -0.0022042161	        0.0001695364	        0.0001477328	        0.0004847856	        0.0124598549	        0.0057145866	        0.0004305435	        0.1000000000	        0.0010000000
        1.9532673011	        0.4325077172	        0.3008624464	       -0.0032492081	        0.0001278389	        0.0001054973	        0.0003956350	        0.0111349788	        0.0054322414	        0.0003403449	        0.1000000000	        0.0010000000
        1.9589044686	        0.3921552089	        0.2740268366	       -0.0042114686	        0.0000931699	        0.0000729987	        0.0003086265	        0.0097088424	        0.0050742970	        0.0002617763	        0.1000000000	        0.0010000000
        1.9640279170	        0.3519199017	        0.2471342707	       -0.0047179291	        0.0000649598	        0.0000485089	        0.0002279213	        0.0082462073	        0.0046798472	        0.0001951796	        0.1000000000	        0.0010000000
        1.9686820816	        0.3123168001	        0.2205951722	       -0.0052227661	        0.0000431211	        0.0000308605	        0.0001584359	        0.0068191498	        0.0042985808	        0.0001404712	        0.1000000000	        0.0010000000
        1.9729079831	        0.2741855109	        0.1949172080	       -0.0054007492	        0.0000312934	        0.0000217233	        0.0001197398	        0.0055051113	        0.0039859676	        0.0000974295	        0.1000000000	        0.0010000000
        1.9767434111	        0.2381694155	        0.1704618947	       -0.0050254243	        0.0000216597	        0.0000146278	        0.0000855914	        0.0043386869	        0.0037559050	        0.0000649868	        0.1000000000	        0.0010000000
        1.9802231129	        0.2043911108	        0.1473223048	       -0.0043036573	        0.0000141680	        0.0000093386	        0.0000576236	        0.0033313499	        0.0036154519	        0.0000414165	        0.1000000000	        0.0010000000
        1.9833789852	        0.1729411620	        0.1255649270	       -0.0035715908	        0.0000086756	        0.0000055995	        0.0000362045	        0.0024854266	        0.0035648158	        0.0000250159	        0.1000000000	        0.0010000000
        1.9862402627	        0.1438620517	        0.1052257974	       -0.0030092759	        0.0000049213	        0.0000031198	        0.0000210135	        0.0017946203	        0.0035984021	        0.0000141676	        0.1000000000	        0.0010000000
        1.9888337046	        0.1171382447	        0.0863090201	       -0.0024151550	        0.0000025512	        0.0000015928	        0.0000111187	        0.0012460182	        0.0037066927	        0.0000074100	        0.1000000000	        0.0010000000
        1.9911837738	        0.0926978388	        0.0687891116	       -0.0017081750	        0.0000011839	        0.0000007296	        0.0000052555	        0.0008228755	        0.0038783006	        0.0000034980	        0.1000000000	        0.0010000000
        1.9933128092	        0.0704245588	        0.0526170151	       -0.0011549934	        0.0000004750	        0.0000002894	        0.0000021436	        0.0005072359	        0.0041016373	        0.0000014357	        0.1000000000	        0.0010000000
        1.9952411902	        0.0501743010	        0.0377277117	       -0.0007699835	        0.0000001545	        0.0000000932	        0.0000007076	        0.0002817915	        0.0043659444	        0.0000004794	        0.1000000000	        0.0010000000
        1.9969874916	        0.0317906068	        0.0240470787	       -0.0004835643	        0.0000000356	        0.0000000213	        0.0000001652	        0.0001308821	        0.0046617427	        0.0000001136	        0.1000000000	        0.0010000000
        1.9985686299	        0.0151161704	        0.0114971997	       -0.0002799631	        0.0000000040	        0.0000000024	        0.0000000190	        0.0000408469	        0.0049808948	        0.0000000133	        0.1000000000	        0.0010000000
        2.0000000000	        0.0000000000	        0.0000000000	       -0.0001460726	        0.0000000000	        0.0000000000	        0.0000000000	        0.0000000000	        0.0053164776	        0.0000000000	        0.1000000000	        0.0010000000
