        0.0000000000	        0.0000000000	        1.0000000000	        0.0000163011	        0.0000000000	        0.0000000000	        0.0000000000	        0.0000000000	        0.0000000038	        0.0000000000	        0.1000000000	        0.0010000000
        0.0014313701	        0.0042764715	        0.9983401943	        0.0033144450	        0.0000000003	        0.0000000044	        0.0000000028	        0.0000000000	        0.0000000038	        0.0000000000	        0.1000000000	        0.0010000000
        0.0030125084	        0.0089936722	        0.9967616683	        0.0070329969	        0.0000000003	        0.0000000106	        0.0000000058	        0.0000000000	        0.0000000038	        0.0000000000	        0.1000000000	        0.0010000000
        0.0047588098	        0.0141953698	        0.9953127123	        0.0111909728	        0.0000000003	        0.0000000200	        0.0000000089	        0.0000000001	        0.0000000038	        0.0000000000	        0.1000000000	        0.0010000000
        0.0066871908	        0.0199293084	        0.9940504310	        0.0157905538	        0.0000000003	        0.0000000359	        0.0000000121	        0.0000000001	        0.0000000038	        0.0000000000	        0.1000000000	        0.0010000000
        0.0088162262	        0.0262474897	        0.9930414028	        0.0208520187	        0.0000000003	        0.0000000679	        0.0000000154	        0.0000000001	        0.0000000038	        0.0000000000	        0.1000000000	        0.0010000000
        0.0111662954	        0.0332064515	        0.9923621329	        0.0264480831	        0.0000000003	        0.0000001649	        0.0000000188	        0.0000000001	        0.0000000038	        0.0000000000	        0.1000000000	        0.0010000000
        0.0137597373	        0.0408675413	        0.9921057731	        0.0326073054	        0.0000000003	        0.0000129483	        0.0000000222	        0.0000000001	        0.0000000037	        0.0000000000	        0.1000000000	        0.0010000000
        0.0166210148	        0.0492971758	        0.9923465954	        0.0393863029	        0.0000000003	        0.0000002318	       -0.0000000257	        0.0000000001	        0.0000000037	        0.0000000000	        0.1000000000	        0.0010000000
        0.0197768871	        0.0585670771	        0.9932107069	        0.0468396462	        0.0000000003	        0.0000001302	       -0.0000000290	        0.0000000001	        0.0000000037	        0.0000000000	        0.1000000000	        0.0010000000
        0.0232565889	        0.0687544761	        0.9948020801	        0.0550242507	        0.0000000003	        0.0000000975	       -0.0000000323	        0.0000000001	        0.0000000037	        0.0000000000	        0.1000000000	        0.0010000000
        0.0270920169	        0.0799422652	        0.9972366546	        0.0639847066	        0.0000000003	        0.0000000815	       -0.0000000355	        0.0000000001	        0.0000000037	        0.0000000000	        0.1000000000	        0.0010000000
        0.0313179184	        0.0922190859	        1.0006321476	        0.0737694259	        0.0000000003	        0.0000000722	       -0.0000000384	        0.0000000001	        0.0000000037	        0.0000000000	        0.1000000000	        0.0010000000
        0.0359720830	        0.1056793286	        1.0051049541	        0.0844348793	        0.0000000003	        0.0000000662	       -0.0000000411	        0.0000000001	        0.0000000037	        0.0000000000	        0.1000000000	        0.0010000000
        0.0410955314	        0.1204230201	        1.0107660643	        0.0960223552	        0.0000000003	        0.0000000621	       -0.0000000436	        0.0000000001	        0.0000000037	        0.0000000000	        0.1000000000	        0.0010000000
        0.0467326989	        0.1365555699	        1.0177169436	        0.1085832784	        0.0000000003	        0.0000000593	       -0.0000000456	        0.0000000001	        0.0000000037	        0.0000000000	        0.1000000000	        0.0010000000
        0.0529316067	        0.1541873410	        1.0260459735	        0.1221670346	        0.0000000003	        0.0000000573	       -0.0000000474	        0.0000000001	        0.0000000037	        0.0000000000	        0.1000000000	        0.0010000000
        0.0597440162	        0.1734330067	        1.0358251790	        0.1368364547	        0.0000000003	        0.0000000559	       -0.0000000488	        0.0000000000	        0.0000000037	        0.0000000000	        0.1000000000	        0.0010000000
        0.0672255573	        0.1944106497	        1.0471073395	        0.1526488696	        0.0000000003	        0.0000000549	       -0.0000000497	        0.0000000000	        0.0000000037	        0.0000000000	        0.1000000000	        0.0010000000
        0.0754358219	        0.2172405556	        1.0599237641	        0.1696727413	        0.0000000003	        0.0000000544	       -0.0000000504	        0.0000000000	        0.0000000037	        0.0000000000	        0.1000000000	        0.0010000000
        0.0844384110	        0.2420436495	        1.0742824998	        0.1879417751	        0.0000000003	        0.0000000541	       -0.0000000506	        0.0000000000	        0.0000000037	        0.0000000000	        0.1000000000	        0.0010000000
        0.0943009237	        0.2689395193	        1.0901668951	        0.2075234645	        0.0000000003	        0.0000000541	       -0.0000000505	        0.0000000000	        0.0000000038	        0.0000000000	        0.1000000000	        0.0010000000
        0.1050948725	        0.2980439733	        1.1075339359	        0.2284228644	        0.0000000003	        0.0000000544	       -0.0000000501	        0.0000000000	        0.0000000038	        0.0000000000	        0.1000000000	        0.0010000000
        0.1168955085	        0.3294660760	        1.1263126831	        0.2506387554	        0.0000000003	        0.0000000549	       -0.0000000494	        0.0000000000	        0.0000000038	        0.0000000000	        0.1000000000	        0.0010000000
        0.1297815392	        0.3633046166	        1.1464035012	        0.2741229755	        0.0000000003	        0.0000000557	       -0.0000000485	        0.0000000000	        0.0000000038	        0.0000000000	        0.1000000000	        0.0010000000
        0.1438347190	        0.3996439733	        1.1676783275	        0.2988096156	        0.0000000003	        0.0000000567	       -0.0000000474	        0.0000000000	        0.0000000038	        0.0000000000	        0.1000000000	        0.0010000000
        0.1591392914	        0.4385493531	        1.1899815384	        0.3245811143	        0.0000000003	        0.0000000580	       -0.0000000461	        0.0000000000	        0.0000000038	        0.0000000000	        0.1000000000	        0.0010000000
        0.1757812632	        0.4800614121	        1.2131337982	        0.3513103426	        0.0000000003	        0.0000000596	       -0.0000000446	        0.0000000000	        0.0000000038	        0.0000000000	        0.1000000000	        0.0010000000
        0.1938474899	        0.5241902956	        1.2369385706	        0.3788351036	        0.0000000003	        0.0000000616	       -0.0000000431	        0.0000000000	        0.0000000038	        0.0000000000	        0.1000000000	        0.0010000000
        0.2134245548	        0.5709091776	        1.2611866555	        0.4069842551	        0.0000000003	        0.0000000639	       -0.0000000415	        0.0000000000	        0.0000000038	        0.0000000000	        0.1000000000	        0.0010000000
        0.2345974273	        0.6201474356	        1.2856695687	        0.4355935214	        0.0000000003	        0.0000000666	       -0.0000000399	        0.0000000000	        0.0000000038	        0.0000000000	        0.1000000000	        0.0010000000
        0.2574478906	        0.6717836563	        1.3101878576	        0.4645052141	        0.0000000003	        0.0000000698	       -0.0000000384	        0.0000000000	        0.0000000038	        0.0000000000	        0.1000000000	        0.0010000000
        0.2820527391	        0.7256387399	        1.3345607389	        0.4935726726	        0.0000000003	        0.0000000734	       -0.0000000369	        0.0000000000	        0.0000000038	        0.0000000000	        0.1000000000	        0.0010000000
        0.3084817527	        0.7814694460	        1.3586361956	        0.5226824039	        0.0000000003	        0.0000000775	       -0.0000000355	        0.0000000000	        0.0000000038	        0.0000000000	        0.1000000000	        0.0010000000
        0.3367954708	        0.8389627967	        1.3822936210	        0.5517526658	        0.0000000003	        0.0000000822	       -0.0000000342	        0.0000000000	        0.0000000038	        0.0000000000	        0.1000000000	        0.0010000000
        0.3670428018	        0.8977318212	        1.4054425333	        0.5807202529	        0.0000000003	        0.0000000873	       -0.0000000330	        0.0000000000	        0.0000000038	        0.0000000000	        0.1000000000	        0.0010000000
        0.3992585207	        0.9573131727	        1.4280211521	        0.6095567482	        0.0000000003	        0.0000000929	       -0.0000000319	        0.0000000000	        0.0000000037	        0.0000000000	        0.1000000000	        0.0010000000
        0.4334607283	        1.0171671724	        1.4499858546	        0.6382359739	        0.0000000003	        0.0000000990	       -0.0000000309	        0.0000000000	        0.0000000037	        0.0000000000	        0.1000000000	        0.0010000000
        0.4696483595	        1.0766808145	        1.4712979881	        0.6667343854	        0.0000000003	        0.0000001056	       -0.0000000301	        0.0000000000	        0.0000000037	        0.0000000000	        0.1000000000	        0.0010000000
        0.5077988477	        1.1351741982	        1.4919179549	        0.6950344356	        0.0000000003	        0.0000001128	       -0.0000000293	        0.0000000000	        0.0000000037	        0.0000000000	        0.1000000000	        0.0010000000
        0.5478660655	        1.1919107251	        1.5117815551	        0.7230847493	        0.0000000003	        0.0000001208	       -0.0000000285	        0.0000000000	        0.0000000037	        0.0000000000	        0.1000000000	        0.0010000000
        0.5897786695	        1.2461112099	        1.5307860246	        0.7507949803	        0.0000000003	        0.0000001300	       -0.0000000278	        0.0000000000	        0.0000000037	        0.0000000000	        0.1000000000	        0.0010000000
        0.6334389769	        1.2969718078	        1.5487705765	        0.7780057594	        0.0000000003	        0.0000001411	       -0.0000000270	        0.0000000000	        0.0000000036	        0.0000000000	        0.1000000000	        0.0010000000
        0.6787224963	        1.3436853640	        1.5654675180	        0.8044874758	        0.0000000003	        0.0000001558	       -0.0000000262	        0.0000000000	        0.0000000036	        0.0000000000	        0.1000000000	        0.0010000000
        0.7254782147	        1.3854654786	        1.5804604316	        0.8297916639	        0.0000000002	        0.0000001780	       -0.0000000253	        0.0000000000	        0.0000000036	        0.0000000000	        0.1000000000	        0.0010000000
        0.7735297135	        1.4215722678	        1.5931734005	        0.8533448969	        0.0000000002	        0.0000002168	       -0.0000000242	        0.0000000000	        0.0000000036	        0.0000000000	        0.1000000000	        0.0010000000
        0.8226771500	        1.4513385353	        1.6028739158	        0.8743850402	        0.0000000002	        0.0000003031	       -0.0000000229	        0.0000000000	        0.0000000037	        0.0000000000	        0.1000000000	        0.0010000000
        0.8727000940	        1.4741948826	        1.6087035325	        0.8920078145	        0.0000000002	        0.0000006508	       -0.0000000214	        0.0000000000	        0.0000000037	        0.0000000000	        0.1000000000	        0.0010000000
        0.9233611572	        1.4896922155	        1.6097403918	        0.9052753498	        0.0000000002	        0.0000011392	        0.0000000196	        0.0000000000	        0.0000000037	        0.0000000000	        0.1000000000	        0.0010000000
        0.9744103051	        1.4975201659	        1.6050675379	        0.9132125481	        0.0000000002	        0.0000002343	        0.0000000176	        0.0000000000	        0.0000000037	        0.0000000000	        0.1000000000	        0.0010000000
        1.0255896949	        1.4975201596	        1.5938183168	        0.9149018452	        0.0000000002	        0.0000001088	        0.0000000154	        0.0000000000	        0.0000000038	        0.0000000000	        0.1000000000	        0.0010000000
        1.0766388428	        1.4896921965	        1.5752587824	        0.9095722527	        0.0000000002	        0.0000000599	        0.0000000129	        0.0000000000	        0.0000000038	        0.0000000000	        0.1000000000	        0.0010000000
        1.1272999060	        1.4741948510	        1.5488348900	        0.8965857950	        0.0000000002	        0.0000000345	        0.0000000103	        0.0000000000	        0.0000000038	        0.0000000000	        0.1000000000	        0.0010000000
        1.1773228500	        1.4513384911	        1.5142971674	        0.8756414823	        0.0000000002	        0.0000000194	        0.0000000075	        0.0000000000	        0.0000000039	        0.0000000000	        0.1000000000	        0.0010000000
        1.2264702865	        1.4215722112	        1.4716847990	        0.8467247994	        0.0000000002	        0.0000000096	        0.0000000046	        0.0000000000	        0.0000000039	        0.0000000000	        0.1000000000	        0.0010000000
        1.2745217853	        1.3854654098	        1.4213065682	        0.8100645116	        0.0000000002	        0.0000000029	        0.0000000017	        0.0000000000	        0.0000000039	        0.0000000000	        0.1000000000	        0.0010000000
        1.3212775037	        1.3436852834	        1.3637548100	        0.7661904520	        0.0000000002	        0.0000000019	        0.0000000013	        0.0000000000	        0.0000000039	        0.0000000000	        0.1000000000	        0.0010000000
        1.3665610231	        1.2969717162	        1.2998974055	        0.7159010953	        0.0000000003	        0.0000000053	        0.0000000043	        0.0000000000	        0.0000000039	        0.0000000000	        0.1000000000	        0.0010000000
        1.4102213305	        1.2461111081	        1.2308305809	        0.6602307133	        0.0000000003	        0.0000000078	        0.0000000071	        0.0000000000	        0.0000000039	        0.0000000000	        0.1000000000	        0.0010000000
        1.4521339345	        1.1919106144	        1.1578540501	        0.6003881643	        0.0000000003	        0.0000000096	        0.0000000098	        0.0000000000	        0.0000000039	        0.0000000000	        0.1000000000	        0.0010000000
        1.4922011523	        1.1351740801	        1.0824383819	        0.5378229643	        0.0000000003	        0.0000000109	        0.0000000123	        0.0000000000	        0.0000000038	        0.0000000000	        0.1000000000	        0.0010000000
        1.5303516405	        1.0766806905	        1.0060822921	        0.4739914090	        0.0000000003	        0.0000000118	        0.0000000145	        0.0000000000	        0.0000000038	        0.0000000000	        0.1000000000	        0.0010000000
        1.5665392717	        1.0171670442	        0.9302064718	        0.4102966216	        0.0000000003	        0.0000000124	        0.0000000163	        0.0000000000	        0.0000000038	        0.0000000000	        0.1000000000	        0.0010000000
        1.6007414793	        0.9573130422	        0.8561000821	        0.3479968173	        0.0000000003	        0.0000000127	        0.0000000177	        0.0000000000	        0.0000000037	        0.0000000000	        0.1000000000	        0.0010000000
        1.6329571982	        0.8977316901	        0.7848921107	        0.2881706055	        0.0000000003	        0.0000000128	        0.0000000186	        0.0000000000	        0.0000000037	        0.0000000000	        0.1000000000	        0.0010000000
        1.6632045292	        0.8389626667	        0.7175351811	        0.2317239207	        0.0000000003	        0.0000000127	        0.0000000191	        0.0000000000	        0.0000000036	        0.0000000000	        0.1000000000	        0.0010000000
        1.6915182473	        0.7814693185	        0.6547868921	        0.1795045706	        0.0000000003	        0.0000000124	        0.0000000190	        0.0000000000	        0.0000000036	        0.0000000000	        0.1000000000	        0.0010000000
        1.7179472609	        0.7256386163	        0.5971830243	        0.1320270713	        0.0000000003	        0.0000000119	        0.0000000184	        0.0000000000	        0.0000000035	        0.0000000000	        0.1000000000	        0.0010000000
        1.7425521094	        0.6717835377	        0.5450222055	        0.0896142127	        0.0000000003	        0.0000000113	        0.0000000173	        0.0000000000	        0.0000000035	        0.0000000000	        0.1000000000	        0.0010000000
        1.7654025727	        0.6201473227	        0.4983793636	        0.0524141651	        0.0000000003	        0.0000000105	        0.0000000157	        0.0000000000	        0.0000000035	        0.0000000000	        0.1000000000	        0.0010000000
        1.7865754452	        0.5709090709	        0.4571343539	        0.0203463527	        0.0000000003	        0.0000000095	        0.0000000139	        0.0000000000	        0.0000000035	        0.0000000000	        0.1000000000	        0.0010000000
        1.8061525101	        0.5241901955	        0.4210079260	       -0.0068183245	        0.0000000003	        0.0000000084	        0.0000000118	        0.0000000000	        0.0000000034	        0.0000000000	        0.1000000000	        0.0010000000
        1.8242187368	        0.4800613188	        0.3895973045	       -0.0293837710	        0.0000000003	        0.0000000072	        0.0000000096	        0.0000000000	        0.0000000034	        0.0000000000	        0.1000000000	        0.0010000000
        1.8408607086	        0.4385492664	        0.3624152284	       -0.0477663499	        0.0000000003	        0.0000000058	        0.0000000075	        0.0000000000	        0.0000000034	        0.0000000000	        0.1000000000	        0.0010000000
        1.8561652810	        0.3996438931	        0.3389189546	       -0.0623953901	        0.0000000003	        0.0000000045	        0.0000000055	        0.0000000000	        0.0000000034	        0.0000000000	        0.1000000000	        0.0010000000
        1.8702184608	        0.3633045425	        0.3185474324	       -0.0737527002	        0.0000000003	        0.0000000033	        0.0000000038	        0.0000000000	        0.0000000034	        0.0000000000	        0.1000000000	        0.0010000000
        1.8831044915	        0.3294660077	        0.3007401353	       -0.0822773723	        0.0000000003	        0.0000000023	        0.0000000026	        0.0000000000	        0.0000000034	        0.0000000000	        0.1000000000	        0.0010000000
        1.8949051275	        0.2980439106	        0.2849619856	       -0.0883426836	        0.0000000003	        0.0000000017	        0.0000000019	        0.0000000000	        0.0000000034	        0.0000000000	        0.1000000000	        0.0010000000
        1.9056990763	        0.2689394617	        0.2707170402	       -0.0922343871	        0.0000000003	        0.0000000017	        0.0000000019	        0.0000000000	        0.0000000034	        0.0000000000	        0.1000000000	        0.0010000000
        1.9155615890	        0.2420435966	        0.2575575401	       -0.0943333333	        0.0000000003	        0.0000000023	        0.0000000027	        0.0000000000	        0.0000000034	        0.0000000000	        0.1000000000	        0.0010000000
        1.9245641781	        0.2172405071	        0.2450949236	       -0.0948668796	        0.0000000003	        0.0000000035	        0.0000000043	        0.0000000000	        0.0000000034	        0.0000000000	        0.1000000000	        0.0010000000
        1.9327744427	        0.1944106052	        0.2330032023	       -0.0938534878	        0.0000000003	        0.0000000051	        0.0000000068	        0.0000000000	        0.0000000034	        0.0000000000	        0.1000000000	        0.0010000000
        1.9402559838	        0.1734329661	        0.2210153369	       -0.0916099228	        0.0000000003	        0.0000000070	        0.0000000103	        0.0000000000	        0.0000000034	        0.0000000000	        0.1000000000	        0.0010000000
        1.9470683933	        0.1541873040	        0.2089289826	       -0.0882250668	        0.0000000003	        0.0000000090	        0.0000000148	        0.0000000000	        0.0000000034	        0.0000000000	        0.1000000000	        0.0010000000
        1.9532673011	        0.1365555362	        0.1966030625	       -0.0836865195	        0.0000000003	        0.0000000109	        0.0000000203	        0.0000000000	        0.0000000034	        0.0000000000	        0.1000000000	        0.0010000000
        1.9589044686	        0.1204229895	        0.1839505455	       -0.0783540272	        0.0000000003	        0.0000000126	        0.0000000268	        0.0000000000	        0.0000000034	        0.0000000000	        0.1000000000	        0.0010000000
        1.9640279170	        0.1056793010	        0.1709384231	       -0.0721370671	        0.0000000004	        0.0000000141	        0.0000000343	        0.0000000000	        0.0000000034	        0.0000000000	        0.1000000000	        0.0010000000
        1.9686820816	        0.0922190612	        0.1575756220	       -0.0655718422	        0.0000000004	        0.0000000155	        0.0000000427	        0.0000000000	        0.0000000033	        0.0000000000	        0.1000000000	        0.0010000000
        1.9729079831	        0.0799422432	        0.1439110124	       -0.0587318997	        0.0000000004	        0.0000000166	        0.0000000519	        0.0000000001	        0.0000000033	        0.0000000000	        0.1000000000	        0.0010000000
        1.9767434111	        0.0687544567	        0.1300214528	       -0.0516483698	        0.0000000004	        0.0000000176	        0.0000000619	        0.0000000001	        0.0000000033	        0.0000000000	        0.1000000000	        0.0010000000
        1.9802231129	        0.0585670602	        0.1160008695	       -0.0445324217	        0.0000000004	        0.0000000184	        0.0000000724	        0.0000000001	        0.0000000033	        0.0000000000	        0.1000000000	        0.0010000000
        1.9833789852	        0.0492971612	        0.1019530179	       -0.0377375300	        0.0000000004	        0.0000000191	        0.0000000834	        0.0000000001	        0.0000000032	        0.0000000000	        0.1000000000	        0.0010000000
        1.9862402627	        0.0408675291	        0.0879856759	       -0.0314735434	        0.0000000004	        0.0000000197	        0.0000000948	        0.0000000001	        0.0000000032	        0.0000000000	        0.1000000000	        0.0010000000
        1.9888337046	        0.0332064414	        0.0742044814	       -0.0256080491	        0.0000000004	        0.0000000202	        0.0000001063	        0.0000000001	        0.0000000032	        0.0000000000	        0.1000000000	        0.0010000000
        1.9911837738	        0.0262474817	        0.0607066942	       -0.0200308750	        0.0000000004	        0.0000000206	        0.0000001180	        0.0000000001	        0.0000000031	        0.0000000000	        0.1000000000	        0.0010000000
        1.9933128092	        0.0199293025	        0.0475775125	       -0.0150434370	        0.0000000004	        0.0000000210	        0.0000001296	        0.0000000001	        0.0000000031	        0.0000000000	        0.1000000000	        0.0010000000
        1.9952411902	        0.0141953658	        0.0348897715	       -0.0106179447	        0.0000000004	        0.0000000213	        0.0000001411	        0.0000000001	        0.0000000031	        0.0000000000	        0.1000000000	        0.0010000000
        1.9969874916	        0.0089936699	        0.0227027534	       -0.0067008164	        0.0000000004	        0.0000000216	        0.0000001524	        0.0000000000	        0.0000000031	        0.0000000000	        0.1000000000	        0.0010000000
        1.9985686299	        0.0042764709	        0.0110620814	       -0.0032980105	        0.0000000004	        0.0000000218	        0.0000001634	        0.0000000000	        0.0000000030	        0.0000000000	        0.1000000000	        0.0010000000
        2.0000000000	        0.0000000000	        0.0000000000	       -0.0003885280	        0.0000000000	        0.0000000000	        0.0000000000	        0.0000000000	        0.0000000030	        0.0000000000	        0.1000000000	        0.0010000000
