        0.0000000000	        0.0000000000	        1.0000000000	        1.0667014828	        0.0000000000	        0.0000000000	        0.0000000000	        0.0000000000	        0.0000000000	        0.0000000000	        0.0010000000	        0.0000000000	        0.0000000000	        0.0010000000
        0.0006386460	        0.0072238993	        0.9973745259	        1.0542578773	        0.0000000000	        0.0000000000	        0.0000000000	        0.0000000000	        0.0000000000	        0.1000000000	        0.0010000000	        0.0666666667	        0.1000000000	        0.0010000000
        0.0013591019	        0.0153688860	        0.9944294792	        1.0403457631	        0.0000000000	        0.0000000000	        0.0000000001	        0.0000000001	        0.0000000004	        0.1000000000	        0.0010000000	        0.0666666667	        0.1000000000	        0.0010000000
        0.0021717769	        0.0245507994	        0.9911285562	        1.0248120191	        0.0000000000	        0.0000000000	        0.0000000006	        0.0000000007	        0.0000000029	        0.1000000000	        0.0010000000	        0.0666666667	        0.1000000000	        0.0010000000
        0.0030883849	        0.0348995893	        0.9874319870	        1.0074932996	        0.0000000000	        0.0000000000	        0.0000000026	        0.0000000029	        0.0000000117	        0.1000000000	        0.0010000000	        0.0666666667	        0.1000000000	        0.0010000000
        0.0041221033	        0.0465608776	        0.9832963780	        0.9882171521	        0.0000000000	        0.0000000000	        0.0000000083	        0.0000000092	        0.0000000367	        0.1000000000	        0.0010000000	        0.0666666667	        0.1000000000	        0.0010000000
        0.0052877492	        0.0596976092	        0.9786746042	        0.9668038732	        0.0000000000	        0.0000000000	        0.0000000223	        0.0000000248	        0.0000000981	        0.1000000000	        0.0010000000	        0.0666666667	        0.1000000000	        0.0010000000
        0.0066019743	        0.0744917308	        0.9735157878	        0.9430693300	        0.0000000000	        0.0000000000	        0.0000000541	        0.0000000602	        0.0000002353	        0.1000000000	        0.0010000000	        0.0666666667	        0.1000000000	        0.0010000000
        0.0080834821	        0.0911457630	        0.9677654171	        0.9168290254	        0.0000000000	        0.0000000000	        0.0000001213	        0.0000001347	        0.0000005208	        0.1000000000	        0.0010000000	        0.0666666667	        0.1000000000	        0.0010000000
        0.0097532660	        0.1098840054	        0.9613657035	        0.8879037476	        0.0000000000	        0.0000000000	        0.0000002559	        0.0000002844	        0.0000010843	        0.1000000000	        0.0010000000	        0.0666666667	        0.1000000000	        0.0010000000
        0.0116348733	        0.1309528663	        0.9542563503	        0.8561272098	        0.0000000000	        0.0000000000	        0.0000005156	        0.0000005729	        0.0000021510	        0.1000000000	        0.0010000000	        0.0666666667	        0.1000000000	        0.0010000000
        0.0137546927	        0.1546193790	        0.9463760303	        0.8213579167	        0.0000000000	        0.0000000000	        0.0000010004	        0.0000011116	        0.0000041011	        0.1000000000	        0.0010000000	        0.0666666667	        0.1000000000	        0.0010000000
        0.0161422702	        0.1811662134	        0.9376650926	        0.7835087697	        0.0000000000	        0.0000000000	        0.0000018820	        0.0000020911	        0.0000075585	        0.1000000000	        0.0010000000	        0.0666666667	        0.1000000000	        0.0010000000
        0.0188306506	        0.2108802556	        0.9280703525	        0.7425709946	        0.0000000000	        0.0000000000	        0.0000034482	        0.0000038313	        0.0000135147	        0.1000000000	        0.0010000000	        0.0666666667	        0.1000000000	        0.0010000000
        0.0218567475	        0.2440300019	        0.9175532848	        0.6986360949	        0.0000000000	        0.0000000000	        0.0000061731	        0.0000068589	        0.0000234813	        0.1000000000	        0.0010000000	        0.0666666667	        0.1000000000	        0.0010000000
        0.0252617393	        0.2808247947	        0.9061033797	        0.6519325112	        0.0000000000	        0.0000000000	        0.0000108210	        0.0000120234	        0.0000396328	        0.1000000000	        0.0010000000	        0.0666666667	        0.1000000000	        0.0010000000
        0.0290914903	        0.3213476030	        0.8937583688	        0.6028672653	        0.0000000000	        0.0000000000	        0.0000185944	        0.0000206604	        0.0000648320	        0.1000000000	        0.0010000000	        0.0666666667	        0.1000000000	        0.0010000000
        0.0333969940	        0.3654562649	        0.8806312618	        0.5520528745	        0.0000000000	        0.0000000000	        0.0000313293	        0.0000348103	        0.0001023289	        0.1000000000	        0.0010000000	        0.0666666667	        0.1000000000	        0.0010000000
        0.0382348325	        0.4126628302	        0.8669387982	        0.5002705308	        0.0000000000	        0.0000000000	        0.0000517277	        0.0000574752	        0.0001548663	        0.1000000000	        0.0010000000	        0.0666666667	        0.1000000000	        0.0010000000
        0.0436676462	        0.4620333585	        0.8530162142	        0.4484814357	        0.0000000000	        0.0000000000	        0.0000835777	        0.0000928641	        0.0002231204	        0.1000000000	        0.0010000000	        0.0666666667	        0.1000000000	        0.0010000000
        0.0497646022	        0.5121910088	        0.8392948467	        0.3977371138	        0.0000000000	        0.0000000000	        0.0001318545	        0.0001465050	        0.0003040599	        0.1000000000	        0.0010000000	        0.0666666667	        0.1000000000	        0.0010000000
        0.0566018496	        0.5615049574	        0.8262274525	        0.3490698221	        0.0000000000	        0.0000000000	        0.0002025298	        0.0002250332	        0.0003905715	        0.1000000000	        0.0010000000	        0.0666666667	        0.1000000000	        0.0010000000
        0.0642629411	        0.6084475061	        0.8141818225	        0.3034006428	        0.0000000000	        0.0000000000	        0.0003019345	        0.0003354827	        0.0004734057	        0.1000000000	        0.0010000000	        0.0666666667	        0.1000000000	        0.0010000000
        0.0728392004	        0.6519490537	        0.8033594658	        0.2614162304	        0.0000000000	        0.0000000000	        0.0004357010	        0.0004841122	        0.0005445988	        0.1000000000	        0.0010000000	        0.0666666667	        0.1000000000	        0.0010000000
        0.0824300053	        0.6915538803	        0.7937837039	        0.2235572962	        0.0000000000	        0.0000000000	        0.0006075741	        0.0006750824	        0.0005999721	        0.1000000000	        0.0010000000	        0.0666666667	        0.1000000000	        0.0010000000
        0.0931429507	        0.7273375822	        0.7853478259	        0.1899913575	        0.0000000000	        0.0000000000	        0.0008185022	        0.0009094469	        0.0006392749	        0.1000000000	        0.0010000000	        0.0666666667	        0.1000000000	        0.0010000000
        0.1050938490	        0.7597036129	        0.7778807630	        0.1606321273	        0.0000000000	        0.0000000000	        0.0010663385	        0.0011848206	        0.0006647213	        0.1000000000	        0.0010000000	        0.0666666667	        0.1000000000	        0.0010000000
        0.1184065179	        0.7891885940	        0.7711980597	        0.1352533888	        0.0000000000	        0.0000000000	        0.0013462428	        0.0014958253	        0.0006793899	        0.1000000000	        0.0010000000	        0.0666666667	        0.1000000000	        0.0010000000
        0.1332122955	        0.8163334547	        0.7651300493	        0.1135336194	        0.0000000000	        0.0000000000	        0.0016515954	        0.0018351060	        0.0006862265	        0.1000000000	        0.0010000000	        0.0666666667	        0.1000000000	        0.0010000000
        0.1496492201	        0.8416185281	        0.7595326282	        0.0950650792	        0.0000000000	        0.0000000000	        0.0019750684	        0.0021945205	        0.0006876454	        0.1000000000	        0.0010000000	        0.0666666667	        0.1000000000	        0.0010000000
        0.1678608015	        0.8654406505	        0.7542882865	        0.0794440228	        0.0000000000	        0.0000000000	        0.0023095129	        0.0025661254	        0.0006854733	        0.1000000000	        0.0010000000	        0.0666666667	        0.1000000000	        0.0010000000
        0.1879943127	        0.8881122013	        0.7493029658	        0.0662439034	        0.0000000000	        0.0000000000	        0.0026484827	        0.0029427586	        0.0006810340	        0.1000000000	        0.0010000000	        0.0666666667	        0.1000000000	        0.0010000000
        0.2101985296	        0.9098693418	        0.7445016635	        0.0550695480	        0.0000000000	        0.0000000000	        0.0029863939	        0.0033182155	        0.0006752697	        0.1000000000	        0.0010000000	        0.0666666667	        0.1000000000	        0.0010000000
        0.2346208557	        0.9308827613	        0.7398241687	        0.0456326161	        0.0000000000	        0.0000000000	        0.0033184263	        0.0036871404	        0.0006688403	        0.1000000000	        0.0010000000	        0.0666666667	        0.1000000000	        0.0010000000
        0.2614037844	        0.9512679021	        0.7352215226	        0.0376596908	        0.0000000000	        0.0000000000	        0.0036403029	        0.0040447810	        0.0006622014	        0.1000000000	        0.0010000000	        0.0666666667	        0.1000000000	        0.0010000000
        0.2906806794	        0.9710935592	        0.7306531474	        0.0309505988	        0.0000000000	        0.0000000000	        0.0039480538	        0.0043867265	        0.0006556627	        0.1000000000	        0.0010000000	        0.0666666667	        0.1000000000	        0.0010000000
        0.3225708876	        0.9903886450	        0.7260846902	        0.0253771708	        0.0000000000	        0.0000000000	        0.0042378309	        0.0047087010	        0.0006494165	        0.1000000000	        0.0010000000	        0.0666666667	        0.1000000000	        0.0010000000
        0.3571742551	        1.0091472921	        0.7214865220	        0.0207244288	        0.0000000000	        0.0000000000	        0.0045058010	        0.0050064455	        0.0006435770	        0.1000000000	        0.0010000000	        0.0666666667	        0.1000000000	        0.0010000000
        0.3945651751	        1.0273325949	        0.7168324107	        0.0167931235	        0.0000000000	        0.0000000000	        0.0047481266	        0.0052756963	        0.0006382242	        0.1000000000	        0.0010000000	        0.0666666667	        0.1000000000	        0.0010000000
        0.4347863703	        1.0448793115	        0.7120984507	        0.0134181224	        0.0000000000	        0.0000000000	        0.0049610285	        0.0055122539	        0.0006334235	        0.1000000000	        0.0010000000	        0.0666666667	        0.1000000000	        0.0010000000
        0.4778426900	        1.0616958270	        0.7072622249	        0.0103773547	        0.0000000000	        0.0000000000	        0.0051409207	        0.0057121341	        0.0006292570	        0.1000000000	        0.0010000000	        0.0666666667	        0.1000000000	        0.0010000000
        0.5236952751	        1.0776656411	        0.7023018278	        0.0075692619	        0.0000000000	        0.0000000000	        0.0052846112	        0.0058717902	        0.0006258309	        0.1000000000	        0.0010000000	        0.0666666667	        0.1000000000	        0.0010000000
        0.5722565058	        1.0926486176	        0.6971953263	        0.0048296517	        0.0000000000	        0.0000000000	        0.0053895597	        0.0059883997	        0.0006232816	        0.1000000000	        0.0010000000	        0.0666666667	        0.1000000000	        0.0010000000
        0.6233861842	        1.1064822186	        0.6919200430	        0.0020048062	        0.0000000000	        0.0000000000	        0.0054541894	        0.0060602105	        0.0006218030	        0.1000000000	        0.0010000000	        0.0666666667	        0.1000000000	        0.0010000000
        0.6768894010	        1.1189829748	        0.6864519432	       -0.0011575929	        0.0000000000	        0.0000000000	        0.0054782546	        0.0060869495	        0.0006216860	        0.1000000000	        0.0010000000	        0.0666666667	        0.1000000000	        0.0010000000
        0.7325164896	        1.1299485393	        0.6807646857	       -0.0047779835	        0.0000000000	        0.0000000000	        0.0054632762	        0.0060703069	        0.0006233190	        0.1000000000	        0.0010000000	        0.0666666667	        0.1000000000	        0.0010000000
        0.7899653716	        1.1391609004	        0.6748297362	       -0.0090215728	        0.0000000000	        0.0000000000	        0.0054130782	        0.0060145313	        0.0006271662	        0.1000000000	        0.0010000000	        0.0666666667	        0.1000000000	        0.0010000000
        0.8488864424	        1.1463917809	        0.6686172818	       -0.0139343587	        0.0000000000	        0.0000000000	        0.0053345120	        0.0059272355	        0.0006337298	        0.1000000000	        0.0010000000	        0.0666666667	        0.1000000000	        0.0010000000
        0.9088899606	        1.1514120447	        0.6621000149	       -0.0197567038	        0.0000000000	        0.0000000000	        0.0052386966	        0.0058207740	        0.0006435055	        0.1000000000	        0.0010000000	        0.0666666667	        0.1000000000	        0.0010000000
        0.9695556872	        1.1540080798	        0.6552609774	       -0.0264223552	        0.0000000000	        0.0000000000	        0.0051450769	        0.0057167521	        0.0006552300	        0.1000000000	        0.0010000000	        0.0666666667	        0.1000000000	        0.0010000000
        1.0304443128	        1.1540080798	        0.6481509614	       -0.0335839295	        0.0000000000	        0.0000000000	        0.0051450769	        0.0057167521	        0.0006749008	        0.1000000000	        0.0010000000	        0.0666666667	        0.1000000000	        0.0010000000
        1.0911100394	        1.1514120447	        0.6408931562	       -0.0409112047	        0.0000000000	        0.0000000000	        0.0052386966	        0.0058207740	        0.0007029080	        0.1000000000	        0.0010000000	        0.0666666667	        0.1000000000	        0.0010000000
        1.1511135576	        1.1463917809	        0.6335617255	       -0.0483876830	        0.0000000000	        0.0000000000	        0.0053345120	        0.0059272355	        0.0007332673	        0.1000000000	        0.0010000000	        0.0666666667	        0.1000000000	        0.0010000000
        1.2100346284	        1.1391609004	        0.6261640269	       -0.0558755866	        0.0000000000	        0.0000000000	        0.0054130782	        0.0060145313	        0.0007675324	        0.1000000000	        0.0010000000	        0.0666666667	        0.1000000000	        0.0010000000
        1.2674835104	        1.1299485393	        0.6186956082	       -0.0631702482	        0.0000000000	        0.0000000000	        0.0054632762	        0.0060703069	        0.0008052673	        0.1000000000	        0.0010000000	        0.0666666667	        0.1000000000	        0.0010000000
        1.3231105990	        1.1189829748	        0.6111492715	       -0.0701377139	        0.0000000000	        0.0000000000	        0.0054782546	        0.0060869495	        0.0008457958	        0.1000000000	        0.0010000000	        0.0666666667	        0.1000000000	        0.0010000000
        1.3766138158	        1.1064822186	        0.6035188870	       -0.0770249057	        0.0000000000	        0.0000000000	        0.0054541894	        0.0060602105	        0.0008884260	        0.1000000000	        0.0010000000	        0.0666666667	        0.1000000000	        0.0010000000
        1.4277434942	        1.0926486176	        0.5957992310	       -0.0841138125	        0.0000000000	        0.0000000000	        0.0053895597	        0.0059883997	        0.0009325919	        0.1000000000	        0.0010000000	        0.0666666667	        0.1000000000	        0.0010000000
        1.4763047249	        1.0776656411	        0.5879850298	       -0.0916488965	        0.0000000000	        0.0000000000	        0.0052846112	        0.0058717902	        0.0009778447	        0.1000000000	        0.0010000000	        0.0666666667	        0.1000000000	        0.0010000000
        1.5221573100	        1.0616958270	        0.5800699601	       -0.0994801236	        0.0000000000	        0.0000000000	        0.0051409207	        0.0057121341	        0.0010237315	        0.1000000000	        0.0010000000	        0.0666666667	        0.1000000000	        0.0010000000
        1.5652136297	        1.0448793115	        0.5720470087	       -0.1077887058	        0.0000000000	        0.0000000000	        0.0049610285	        0.0055122539	        0.0010697740	        0.1000000000	        0.0010000000	        0.0666666667	        0.1000000000	        0.0010000000
        1.6054348249	        1.0273325949	        0.5639071000	       -0.1168572826	        0.0000000000	        0.0000000000	        0.0047481266	        0.0052756963	        0.0011155695	        0.1000000000	        0.0010000000	        0.0666666667	        0.1000000000	        0.0010000000
        1.6428257449	        1.0091472921	        0.5556373441	       -0.1268308014	        0.0000000000	        0.0000000000	        0.0045058010	        0.0050064455	        0.0011607573	        0.1000000000	        0.0010000000	        0.0666666667	        0.1000000000	        0.0010000000
        1.6774291124	        0.9903886450	        0.5472196616	       -0.1377438108	        0.0000000000	        0.0000000000	        0.0042378309	        0.0047087010	        0.0012049413	        0.1000000000	        0.0010000000	        0.0666666667	        0.1000000000	        0.0010000000
        1.7093193206	        0.9710935592	        0.5386293900	       -0.1497133681	        0.0000000000	        0.0000000000	        0.0039480538	        0.0043867265	        0.0012476613	        0.1000000000	        0.0010000000	        0.0666666667	        0.1000000000	        0.0010000000
        1.7385962156	        0.9512679021	        0.5298331733	       -0.1628801243	        0.0000000000	        0.0000000000	        0.0036403029	        0.0040447810	        0.0012883817	        0.1000000000	        0.0010000000	        0.0666666667	        0.1000000000	        0.0010000000
        1.7653791443	        0.9308827613	        0.5207862134	       -0.1775102083	        0.0000000000	        0.0000000000	        0.0033184263	        0.0036871404	        0.0013264640	        0.1000000000	        0.0010000000	        0.0666666667	        0.1000000000	        0.0010000000
        1.7898014704	        0.9098693418	        0.5114285201	       -0.1938957873	        0.0000000000	        0.0000000000	        0.0029863939	        0.0033182155	        0.0013611127	        0.1000000000	        0.0010000000	        0.0666666667	        0.1000000000	        0.0010000000
        1.8120056873	        0.8881122013	        0.5016802016	       -0.2123228245	        0.0000000000	        0.0000000000	        0.0026484827	        0.0029427586	        0.0013912713	        0.1000000000	        0.0010000000	        0.0666666667	        0.1000000000	        0.0010000000
        1.8321391985	        0.8654406505	        0.4914356154	       -0.2331789598	        0.0000000000	        0.0000000000	        0.0023095129	        0.0025661254	        0.0014154932	        0.1000000000	        0.0010000000	        0.0666666667	        0.1000000000	        0.0010000000
        1.8503507799	        0.8416185281	        0.4805560848	       -0.2568559708	        0.0000000000	        0.0000000000	        0.0019750684	        0.0021945205	        0.0014317716	        0.1000000000	        0.0010000000	        0.0666666667	        0.1000000000	        0.0010000000
        1.8667877045	        0.8163334547	        0.4688615862	       -0.2837321862	        0.0000000000	        0.0000000000	        0.0016515954	        0.0018351060	        0.0014373208	        0.1000000000	        0.0010000000	        0.0666666667	        0.1000000000	        0.0010000000
        1.8815934821	        0.7891885940	        0.4561225093	       -0.3140825056	        0.0000000000	        0.0000000000	        0.0013462428	        0.0014958253	        0.0014283465	        0.1000000000	        0.0010000000	        0.0666666667	        0.1000000000	        0.0010000000
        1.8949061510	        0.7597036129	        0.4420545374	       -0.3481544248	        0.0000000000	        0.0000000000	        0.0010663385	        0.0011848206	        0.0013999116	        0.1000000000	        0.0010000000	        0.0666666667	        0.1000000000	        0.0010000000
        1.9068570493	        0.7273375822	        0.4263229178	       -0.3862210895	        0.0000000000	        0.0000000000	        0.0008185022	        0.0009094469	        0.0013461299	        0.1000000000	        0.0010000000	        0.0666666667	        0.1000000000	        0.0010000000
        1.9175699947	        0.6915538803	        0.4085674945	       -0.4276788102	        0.0000000000	        0.0000000000	        0.0006075741	        0.0006750824	        0.0012610548	        0.1000000000	        0.0010000000	        0.0666666667	        0.1000000000	        0.0010000000
        1.9271607996	        0.6519490537	        0.3884650489	       -0.4722074971	        0.0000000000	        0.0000000000	        0.0004357010	        0.0004841122	        0.0011408347	        0.1000000000	        0.0010000000	        0.0666666667	        0.1000000000	        0.0010000000
        1.9357370589	        0.6084475061	        0.3658371738	       -0.5192677786	        0.0000000000	        0.0000000000	        0.0003019345	        0.0003354827	        0.0009870683	        0.1000000000	        0.0010000000	        0.0666666667	        0.1000000000	        0.0010000000
        1.9433981504	        0.5615049574	        0.3407844545	       -0.5671530899	        0.0000000000	        0.0000000000	        0.0002025298	        0.0002250332	        0.0008096399	        0.1000000000	        0.0010000000	        0.0666666667	        0.1000000000	        0.0010000000
        1.9502353978	        0.5121910088	        0.3137788328	       -0.6154717717	        0.0000000000	        0.0000000000	        0.0001318545	        0.0001465050	        0.0006260759	        0.1000000000	        0.0010000000	        0.0666666667	        0.1000000000	        0.0010000000
        1.9563323538	        0.4620333585	        0.2856249307	       -0.6624731939	        0.0000000000	        0.0000000000	        0.0000835777	        0.0000928641	        0.0004560093	        0.1000000000	        0.0010000000	        0.0666666667	        0.1000000000	        0.0010000000
        1.9617651675	        0.4126628302	        0.2572806503	       -0.7074693036	        0.0000000000	        0.0000000000	        0.0000517277	        0.0000574752	        0.0003140039	        0.1000000000	        0.0010000000	        0.0666666667	        0.1000000000	        0.0010000000
        1.9666030060	        0.3654562649	        0.2296331911	       -0.7495394426	        0.0000000000	        0.0000000000	        0.0000313293	        0.0000348103	        0.0002057710	        0.1000000000	        0.0010000000	        0.0666666667	        0.1000000000	        0.0010000000
        1.9709085097	        0.3213476030	        0.2033497761	       -0.7878003374	        0.0000000000	        0.0000000000	        0.0000185944	        0.0000206604	        0.0001292782	        0.1000000000	        0.0010000000	        0.0666666667	        0.1000000000	        0.0010000000
        1.9747382607	        0.2808247947	        0.1788405562	       -0.8225068712	        0.0000000000	        0.0000000000	        0.0000108210	        0.0000120234	        0.0000783709	        0.1000000000	        0.0010000000	        0.0666666667	        0.1000000000	        0.0010000000
        1.9781432525	        0.2440300019	        0.1562971482	       -0.8537066495	        0.0000000000	        0.0000000000	        0.0000061731	        0.0000068589	        0.0000460535	        0.1000000000	        0.0010000000	        0.0666666667	        0.1000000000	        0.0010000000
        1.9811693494	        0.2108802556	        0.1357570669	       -0.8813734313	        0.0000000000	        0.0000000000	        0.0000034482	        0.0000038313	        0.0000262975	        0.1000000000	        0.0010000000	        0.0666666667	        0.1000000000	        0.0010000000
        1.9838577298	        0.1811662134	        0.1171626796	       -0.9055092863	        0.0000000000	        0.0000000000	        0.0000018820	        0.0000020911	        0.0000145975	        0.1000000000	        0.0010000000	        0.0666666667	        0.1000000000	        0.0010000000
        1.9862453073	        0.1546193790	        0.1004042247	       -0.9264908932	        0.0000000000	        0.0000000000	        0.0000010004	        0.0000011116	        0.0000078643	        0.1000000000	        0.0010000000	        0.0666666667	        0.1000000000	        0.0010000000
        1.9883651267	        0.1309528663	        0.0853474960	       -0.9448511856	        0.0000000000	        0.0000000000	        0.0000005156	        0.0000005729	        0.0000040975	        0.1000000000	        0.0010000000	        0.0666666667	        0.1000000000	        0.0010000000
        1.9902467340	        0.1098840054	        0.0718503403	       -0.9609598363	        0.0000000000	        0.0000000000	        0.0000002559	        0.0000002844	        0.0000020528	        0.1000000000	        0.0010000000	        0.0666666667	        0.1000000000	        0.0010000000
        1.9919165179	        0.0911457630	        0.0597719473	       -0.9750438222	        0.0000000000	        0.0000000000	        0.0000001213	        0.0000001347	        0.0000009803	        0.1000000000	        0.0010000000	        0.0666666667	        0.1000000000	        0.0010000000
        1.9933980257	        0.0744917308	        0.0489777692	       -0.9873215140	        0.0000000000	        0.0000000000	        0.0000000541	        0.0000000602	        0.0000004406	        0.1000000000	        0.0010000000	        0.0666666667	        0.1000000000	        0.0010000000
        1.9947122508	        0.0596976092	        0.0393418970	       -0.9980048334	        0.0000000000	        0.0000000000	        0.0000000223	        0.0000000248	        0.0000001829	        0.1000000000	        0.0010000000	        0.0666666667	        0.1000000000	        0.0010000000
        1.9958778967	        0.0465608776	        0.0307480085	       -1.0072913469	        0.0000000000	        0.0000000000	        0.0000000083	        0.0000000092	        0.0000000681	        0.1000000000	        0.0010000000	        0.0666666667	        0.1000000000	        0.0010000000
        1.9969116151	        0.0348995893	        0.0230895326	       -1.0153604942	        0.0000000000	        0.0000000000	        0.0000000026	        0.0000000029	        0.0000000216	        0.1000000000	        0.0010000000	        0.0666666667	        0.1000000000	        0.0010000000
        1.9978282231	        0.0245507994	        0.0162693923	       -1.0223723852	        0.0000000000	        0.0000000000	        0.0000000006	        0.0000000007	        0.0000000053	        0.1000000000	        0.0010000000	        0.0666666667	        0.1000000000	        0.0010000000
        1.9986408981	        0.0153688860	        0.0101995309	       -1.0284681259	        0.0000000000	        0.0000000000	        0.0000000001	        0.0000000001	        0.0000000008	        0.1000000000	        0.0010000000	        0.0666666667	        0.1000000000	        0.0010000000
        1.9993613540	        0.0072238993	        0.0048003322	       -1.0337709976	        0.0000000000	        0.0000000000	        0.0000000000	        0.0000000000	        0.0000000000	        0.1000000000	        0.0010000000	        0.0666666667	        0.1000000000	        0.0010000000
        2.0000000000	        0.0000000000	        0.0000000000	       -1.0383880573	        0.0000000000	        0.0000000000	        0.0000000000	        0.0000000000	        0.0000000000	        0.0000000000	        0.0010000000	        0.0000000000	        0.0000000000	        0.0010000000
