        0.0000000000	        0.0000000000	        1.0000000000	        0.8038435036	        0.0000000000	        0.0000000000	        0.0000000000	        0.0000000000	        0.0000000000	        0.0000000000	        0.0010000000	        0.0000000000	        0.0000000000	        0.0010000000
        0.0006386460	        0.0053327877	        0.9981066802	        0.7970838414	        0.0000000000	        0.0000000000	        0.0000000000	        0.0000000000	        0.0000000000	        0.1000000000	        0.0010000000	        0.0666666667	        0.1000000000	        0.0010000000
        0.0013591019	        0.0113453118	        0.9959835057	        0.7894935328	        0.0000000000	        0.0000000000	        0.0000000000	        0.0000000000	        0.0000000001	        0.1000000000	        0.0010000000	        0.0666666667	        0.1000000000	        0.0010000000
        0.0021717769	        0.0181230008	        0.9936045858	        0.7809765553	        0.0000000000	        0.0000000000	        0.0000000001	        0.0000000001	        0.0000000004	        0.1000000000	        0.0010000000	        0.0666666667	        0.1000000000	        0.0010000000
        0.0030883849	        0.0257616859	        0.9909416408	        0.7714275030	        0.0000000000	        0.0000000000	        0.0000000005	        0.0000000005	        0.0000000016	        0.1000000000	        0.0010000000	        0.0666666667	        0.1000000000	        0.0010000000
        0.0041221033	        0.0343687712	        0.9879639213	        0.7607311834	        0.0000000000	        0.0000000000	        0.0000000015	        0.0000000017	        0.0000000049	        0.1000000000	        0.0010000000	        0.0666666667	        0.1000000000	        0.0010000000
        0.0052877492	        0.0440645036	        0.9846381673	        0.7487623781	        0.0000000000	        0.0000000000	        0.0000000042	        0.0000000046	        0.0000000132	        0.1000000000	        0.0010000000	        0.0666666667	        0.1000000000	        0.0010000000
        0.0066019743	        0.0549833346	        0.9809286230	        0.7353858432	        0.0000000000	        0.0000000000	        0.0000000102	        0.0000000113	        0.0000000318	        0.1000000000	        0.0010000000	        0.0666666667	        0.1000000000	        0.0010000000
        0.0080834821	        0.0672753553	        0.9767971261	        0.7204566521	        0.0000000000	        0.0000000000	        0.0000000229	        0.0000000255	        0.0000000707	        0.1000000000	        0.0010000000	        0.0666666667	        0.1000000000	        0.0010000000
        0.0097532660	        0.0811077614	        0.9722032987	        0.7038210138	        0.0000000000	        0.0000000000	        0.0000000487	        0.0000000541	        0.0000001480	        0.1000000000	        0.0010000000	        0.0666666667	        0.1000000000	        0.0010000000
        0.0116348733	        0.0966662664	        0.9671048778	        0.6853177362	        0.0000000000	        0.0000000000	        0.0000000988	        0.0000001098	        0.0000002956	        0.1000000000	        0.0010000000	        0.0666666667	        0.1000000000	        0.0010000000
        0.0137546927	        0.1141563047	        0.9614582405	        0.6647816563	        0.0000000000	        0.0000000000	        0.0000001934	        0.0000002149	        0.0000005679	        0.1000000000	        0.0010000000	        0.0666666667	        0.1000000000	        0.0010000000
        0.0161422702	        0.1338037352	        0.9552192103	        0.6420574316	        0.0000000000	        0.0000000000	        0.0000003671	        0.0000004079	        0.0000010562	        0.1000000000	        0.0010000000	        0.0666666667	        0.1000000000	        0.0010000000
        0.0188306506	        0.1558545174	        0.9483442858	        0.6170090931	        0.0000000000	        0.0000000000	        0.0000006796	        0.0000007551	        0.0000019106	        0.1000000000	        0.0010000000	        0.0666666667	        0.1000000000	        0.0010000000
        0.0218567475	        0.1805724240	        0.9407925245	        0.5895296387	        0.0000000000	        0.0000000000	        0.0000012314	        0.0000013683	        0.0000033725	        0.1000000000	        0.0010000000	        0.0666666667	        0.1000000000	        0.0010000000
        0.0252617393	        0.2082331670	        0.9325284546	        0.5595607921	        0.0000000000	        0.0000000000	        0.0000021899	        0.0000024332	        0.0000058200	        0.1000000000	        0.0010000000	        0.0666666667	        0.1000000000	        0.0010000000
        0.0290914903	        0.2391122344	        0.9235266026	        0.5271346817	        0.0000000000	        0.0000000000	        0.0000038292	        0.0000042546	        0.0000098276	        0.1000000000	        0.0010000000	        0.0666666667	        0.1000000000	        0.0010000000
        0.0333969940	        0.2734622139	        0.9137784836	        0.4924045337	        0.0000000000	        0.0000000000	        0.0000065907	        0.0000073230	        0.0000162325	        0.1000000000	        0.0010000000	        0.0666666667	        0.1000000000	        0.0010000000
        0.0382348325	        0.3114737022	        0.9033030665	        0.4556465581	        0.0000000000	        0.0000000000	        0.0000111712	        0.0000124124	        0.0000261809	        0.1000000000	        0.0010000000	        0.0666666667	        0.1000000000	        0.0010000000
        0.0436676462	        0.3532133138	        0.8921613875	        0.4173219995	        0.0000000000	        0.0000000000	        0.0000186422	        0.0000207135	        0.0000410985	        0.1000000000	        0.0010000000	        0.0666666667	        0.1000000000	        0.0010000000
        0.0497646022	        0.3985359737	        0.8804744234	        0.3780805699	        0.0000000000	        0.0000000000	        0.0000305988	        0.0000339987	        0.0000624837	        0.1000000000	        0.0010000000	        0.0666666667	        0.1000000000	        0.0010000000
        0.0566018496	        0.4469820645	        0.8684394218	        0.3386944472	        0.0000000000	        0.0000000000	        0.0000493155	        0.0000547950	        0.0000914205	        0.1000000000	        0.0010000000	        0.0666666667	        0.1000000000	        0.0010000000
        0.0642629411	        0.4976968616	        0.8563338277	        0.3000107910	        0.0000000000	        0.0000000000	        0.0000778543	        0.0000865048	        0.0001278282	        0.1000000000	        0.0010000000	        0.0666666667	        0.1000000000	        0.0010000000
        0.0728392004	        0.5494391889	        0.8444924141	        0.2628931877	        0.0000000000	        0.0000000000	        0.0001200353	        0.0001333726	        0.0001697795	        0.1000000000	        0.0010000000	        0.0666666667	        0.1000000000	        0.0010000000
        0.0824300053	        0.6007399740	        0.8332515747	        0.2280823043	        0.0000000000	        0.0000000000	        0.0001801642	        0.0002001825	        0.0002134979	        0.1000000000	        0.0010000000	        0.0666666667	        0.1000000000	        0.0010000000
        0.0931429507	        0.6501916059	        0.8228778460	        0.1961380644	        0.0000000000	        0.0000000000	        0.0002624800	        0.0002916444	        0.0002544016	        0.1000000000	        0.0010000000	        0.0666666667	        0.1000000000	        0.0010000000
        0.1050938490	        0.6967390804	        0.8135167485	        0.1674169675	        0.0000000000	        0.0000000000	        0.0003704200	        0.0004115778	        0.0002886946	        0.1000000000	        0.0010000000	        0.0666666667	        0.1000000000	        0.0010000000
        0.1184065179	        0.7398264364	        0.8051869852	        0.1420175942	        0.0000000000	        0.0000000000	        0.0005059141	        0.0005621268	        0.0003144493	        0.1000000000	        0.0010000000	        0.0666666667	        0.1000000000	        0.0010000000
        0.1332122955	        0.7793602743	        0.7978126621	        0.1198910915	        0.0000000000	        0.0000000000	        0.0006689227	        0.0007432475	        0.0003316323	        0.1000000000	        0.0010000000	        0.0666666667	        0.1000000000	        0.0010000000
        0.1496492201	        0.8155652090	        0.7912676716	        0.1008042557	        0.0000000000	        0.0000000000	        0.0008573419	        0.0009526021	        0.0003414237	        0.1000000000	        0.0010000000	        0.0666666667	        0.1000000000	        0.0010000000
        0.1678608015	        0.8488268187	        0.7854116501	        0.0844722629	        0.0000000000	        0.0000000000	        0.0010672711	        0.0011858567	        0.0003454628	        0.1000000000	        0.0010000000	        0.0666666667	        0.1000000000	        0.0010000000
        0.1879943127	        0.8795742467	        0.7801114337	        0.0705583557	        0.0000000000	        0.0000000000	        0.0012935329	        0.0014372588	        0.0003453522	        0.1000000000	        0.0010000000	        0.0666666667	        0.1000000000	        0.0010000000
        0.2101985296	        0.9082108442	        0.7752504282	        0.0587202151	        0.0000000000	        0.0000000000	        0.0015302780	        0.0017003089	        0.0003424420	        0.1000000000	        0.0010000000	        0.0666666667	        0.1000000000	        0.0010000000
        0.2346208557	        0.9350811998	        0.7707306378	        0.0486404164	        0.0000000000	        0.0000000000	        0.0017715225	        0.0019683583	        0.0003377864	        0.1000000000	        0.0010000000	        0.0666666667	        0.1000000000	        0.0010000000
        0.2614037844	        0.9604601414	        0.7664711283	        0.0400200609	        0.0000000000	        0.0000000000	        0.0020115291	        0.0022350323	        0.0003321795	        0.1000000000	        0.0010000000	        0.0666666667	        0.1000000000	        0.0010000000
        0.2906806794	        0.9845529772	        0.7624051127	        0.0326175912	        0.0000000000	        0.0000000000	        0.0022450149	        0.0024944610	        0.0003262105	        0.1000000000	        0.0010000000	        0.0666666667	        0.1000000000	        0.0010000000
        0.3225708876	        1.0075004917	        0.7584768933	        0.0262498655	        0.0000000000	        0.0000000000	        0.0024672203	        0.0027413559	        0.0003203114	        0.1000000000	        0.0010000000	        0.0666666667	        0.1000000000	        0.0010000000
        0.3571742551	        1.0293852689	        0.7546391673	        0.0207347307	        0.0000000000	        0.0000000000	        0.0026738993	        0.0029709992	        0.0003148007	        0.1000000000	        0.0010000000	        0.0666666667	        0.1000000000	        0.0010000000
        0.3945651751	        1.0502377425	        0.7508506468	        0.0159152972	        0.0000000000	        0.0000000000	        0.0028612866	        0.0031792073	        0.0003099201	        0.1000000000	        0.0010000000	        0.0666666667	        0.1000000000	        0.0010000000
        0.4347863703	        1.0700413535	        0.7470740830	        0.0116679216	        0.0000000000	        0.0000000000	        0.0030260842	        0.0033623158	        0.0003058577	        0.1000000000	        0.0010000000	        0.0666666667	        0.1000000000	        0.0010000000
        0.4778426900	        1.0887366910	        0.7432747107	        0.0078354403	        0.0000000000	        0.0000000000	        0.0031654961	        0.0035172179	        0.0003027738	        0.1000000000	        0.0010000000	        0.0666666667	        0.1000000000	        0.0010000000
        0.5236952751	        1.1062247188	        0.7394187216	        0.0042751162	        0.0000000000	        0.0000000000	        0.0032773254	        0.0036414727	        0.0003008271	        0.1000000000	        0.0010000000	        0.0666666667	        0.1000000000	        0.0010000000
        0.5722565058	        1.1223693106	        0.7354719337	        0.0008794147	        0.0000000000	        0.0000000000	        0.0033601431	        0.0037334923	        0.0003001821	        0.1000000000	        0.0010000000	        0.0666666667	        0.1000000000	        0.0010000000
        0.6233861842	        1.1369994181	        0.7313988401	       -0.0025600567	        0.0000000000	        0.0000000000	        0.0034135365	        0.0037928183	        0.0003010411	        0.1000000000	        0.0010000000	        0.0666666667	        0.1000000000	        0.0010000000
        0.6768894010	        1.1499113630	        0.7271611928	       -0.0063507726	        0.0000000000	        0.0000000000	        0.0034384513	        0.0038205014	        0.0003037156	        0.1000000000	        0.0010000000	        0.0666666667	        0.1000000000	        0.0010000000
        0.7325164896	        1.1608721010	        0.7227160590	       -0.0106367626	        0.0000000000	        0.0000000000	        0.0034376556	        0.0038196173	        0.0003086225	        0.1000000000	        0.0010000000	        0.0666666667	        0.1000000000	        0.0010000000
        0.7899653716	        1.1696250204	        0.7180159204	       -0.0154451187	        0.0000000000	        0.0000000000	        0.0034163868	        0.0037959854	        0.0003162062	        0.1000000000	        0.0010000000	        0.0666666667	        0.1000000000	        0.0010000000
        0.8488864424	        1.1759010713	        0.7130121097	       -0.0208281493	        0.0000000000	        0.0000000000	        0.0033834207	        0.0037593564	        0.0003268741	        0.1000000000	        0.0010000000	        0.0666666667	        0.1000000000	        0.0010000000
        0.9088899606	        1.1794396965	        0.7076636879	       -0.0268019357	        0.0000000000	        0.0000000000	        0.0033542231	        0.0037269146	        0.0003397859	        0.1000000000	        0.0010000000	        0.0666666667	        0.1000000000	        0.0010000000
        0.9695556872	        1.1800178253	        0.7019974595	       -0.0330928119	        0.0000000000	        0.0000000000	        0.0034084278	        0.0037871420	        0.0003594195	        0.1000000000	        0.0010000000	        0.0666666667	        0.1000000000	        0.0010000000
        1.0304443128	        1.1776384231	        0.6961134656	       -0.0396071925	        0.0000000000	        0.0000000000	        0.0035400800	        0.0039334222	        0.0003857447	        0.1000000000	        0.0010000000	        0.0666666667	        0.1000000000	        0.0010000000
        1.0911100394	        1.1725246232	        0.6900622578	       -0.0461941708	        0.0000000000	        0.0000000000	        0.0036728396	        0.0040809328	        0.0004148082	        0.1000000000	        0.0010000000	        0.0666666667	        0.1000000000	        0.0010000000
        1.1511135576	        1.1649379436	        0.6838333449	       -0.0526274940	        0.0000000000	        0.0000000000	        0.0037899566	        0.0042110628	        0.0004474751	        0.1000000000	        0.0010000000	        0.0666666667	        0.1000000000	        0.0010000000
        1.2100346284	        1.1551438623	        0.6774106957	       -0.0588066109	        0.0000000000	        0.0000000000	        0.0038822079	        0.0043135643	        0.0004833114	        0.1000000000	        0.0010000000	        0.0666666667	        0.1000000000	        0.0010000000
        1.2674835104	        1.1433971490	        0.6707808549	       -0.0648679866	        0.0000000000	        0.0000000000	        0.0039438292	        0.0043820325	        0.0005217639	        0.1000000000	        0.0010000000	        0.0666666667	        0.1000000000	        0.0010000000
        1.3231105990	        1.1299351221	        0.6639338791	       -0.0710379108	        0.0000000000	        0.0000000000	        0.0039714268	        0.0044126964	        0.0005623292	        0.1000000000	        0.0010000000	        0.0666666667	        0.1000000000	        0.0010000000
        1.3766138158	        1.1149744764	        0.6568621539	       -0.0774750291	        0.0000000000	        0.0000000000	        0.0039633897	        0.0044037663	        0.0006045685	        0.1000000000	        0.0010000000	        0.0666666667	        0.1000000000	        0.0010000000
        1.4277434942	        1.0987094964	        0.6495592305	       -0.0844466536	        0.0000000000	        0.0000000000	        0.0039194878	        0.0043549865	        0.0006481131	        0.1000000000	        0.0010000000	        0.0666666667	        0.1000000000	        0.0010000000
        1.4763047249	        1.0813106930	        0.6420177599	       -0.0920171816	        0.0000000000	        0.0000000000	        0.0038405676	        0.0042672974	        0.0006926306	        0.1000000000	        0.0010000000	        0.0666666667	        0.1000000000	        0.0010000000
        1.5221573100	        1.0629234720	        0.6342286713	       -0.1002758435	        0.0000000000	        0.0000000000	        0.0037283039	        0.0041425599	        0.0007377648	        0.1000000000	        0.0010000000	        0.0666666667	        0.1000000000	        0.0010000000
        1.5652136297	        1.0436666663	        0.6261799220	       -0.1094104701	        0.0000000000	        0.0000000000	        0.0035849969	        0.0039833299	        0.0007831568	        0.1000000000	        0.0010000000	        0.0666666667	        0.1000000000	        0.0010000000
        1.6054348249	        1.0236308351	        0.6178545560	       -0.1196021761	        0.0000000000	        0.0000000000	        0.0034134113	        0.0037926792	        0.0008284475	        0.1000000000	        0.0010000000	        0.0666666667	        0.1000000000	        0.0010000000
        1.6428257449	        1.0028762290	        0.6092286714	       -0.1308503508	        0.0000000000	        0.0000000000	        0.0032166569	        0.0035740632	        0.0008732136	        0.1000000000	        0.0010000000	        0.0666666667	        0.1000000000	        0.0010000000
        1.6774291124	        0.9814302789	        0.6002698128	       -0.1432761750	        0.0000000000	        0.0000000000	        0.0029981160	        0.0033312400	        0.0009169308	        0.1000000000	        0.0010000000	        0.0666666667	        0.1000000000	        0.0010000000
        1.7093193206	        0.9592844476	        0.5909342813	       -0.1570927040	        0.0000000000	        0.0000000000	        0.0027614237	        0.0030682486	        0.0009589813	        0.1000000000	        0.0010000000	        0.0666666667	        0.1000000000	        0.0010000000
        1.7385962156	        0.9363903017	        0.5811635692	       -0.1725614588	        0.0000000000	        0.0000000000	        0.0025105004	        0.0027894449	        0.0009986226	        0.1000000000	        0.0010000000	        0.0666666667	        0.1000000000	        0.0010000000
        1.7653791443	        0.9126547239	        0.5708800412	       -0.1899514605	        0.0000000000	        0.0000000000	        0.0022496275	        0.0024995861	        0.0010349183	        0.1000000000	        0.0010000000	        0.0666666667	        0.1000000000	        0.0010000000
        1.7898014704	        0.8879343850	        0.5599819177	       -0.2096120733	        0.0000000000	        0.0000000000	        0.0019835396	        0.0022039329	        0.0010666500	        0.1000000000	        0.0010000000	        0.0666666667	        0.1000000000	        0.0010000000
        1.8120056873	        0.8620300086	        0.5483374349	       -0.2319951760	        0.0000000000	        0.0000000000	        0.0017174913	        0.0019083236	        0.0010922144	        0.1000000000	        0.0010000000	        0.0666666667	        0.1000000000	        0.0010000000
        1.8321391985	        0.8346817953	        0.5357786188	       -0.2577641874	        0.0000000000	        0.0000000000	        0.0014572325	        0.0016191472	        0.0011095087	        0.1000000000	        0.0010000000	        0.0666666667	        0.1000000000	        0.0010000000
        1.8503507799	        0.8055688610	        0.5220956697	       -0.2875196854	        0.0000000000	        0.0000000000	        0.0012088264	        0.0013431405	        0.0011157973	        0.1000000000	        0.0010000000	        0.0666666667	        0.1000000000	        0.0010000000
        1.8667877045	        0.7743179494	        0.5070351721	       -0.3218538194	        0.0000000000	        0.0000000000	        0.0009782612	        0.0010869569	        0.0011076273	        0.1000000000	        0.0010000000	        0.0666666667	        0.1000000000	        0.0010000000
        1.8815934821	        0.7405299077	        0.4903067483	       -0.3613546264	        0.0000000000	        0.0000000000	        0.0007708718	        0.0008565243	        0.0010809567	        0.1000000000	        0.0010000000	        0.0666666667	        0.1000000000	        0.0010000000
        1.8949061510	        0.7038351128	        0.4716056794	       -0.4066646752	        0.0000000000	        0.0000000000	        0.0005906805	        0.0006563117	        0.0010316976	        0.1000000000	        0.0010000000	        0.0666666667	        0.1000000000	        0.0010000000
        1.9068570493	        0.6639870746	        0.4506602744	       -0.4586623093	        0.0000000000	        0.0000000000	        0.0004398363	        0.0004887070	        0.0009568933	        0.1000000000	        0.0010000000	        0.0666666667	        0.1000000000	        0.0010000000
        1.9175699947	        0.6209895124	        0.4273078843	       -0.5171133285	        0.0000000000	        0.0000000000	        0.0003183480	        0.0003537200	        0.0008564481	        0.1000000000	        0.0010000000	        0.0666666667	        0.1000000000	        0.0010000000
        1.9271607996	        0.5752216284	        0.4015897945	       -0.5823213582	        0.0000000000	        0.0000000000	        0.0002242190	        0.0002491322	        0.0007348423	        0.1000000000	        0.0010000000	        0.0666666667	        0.1000000000	        0.0010000000
        1.9357370589	        0.5274929753	        0.3738238959	       -0.6543335500	        0.0000000000	        0.0000000000	        0.0001539525	        0.0001710584	        0.0006015008	        0.1000000000	        0.0010000000	        0.0666666667	        0.1000000000	        0.0010000000
        1.9433981504	        0.4789635950	        0.3446053192	       -0.7313652460	        0.0000000000	        0.0000000000	        0.0001032674	        0.0001147415	        0.0004687411	        0.1000000000	        0.0010000000	        0.0666666667	        0.1000000000	        0.0010000000
        1.9502353978	        0.4309343482	        0.3147143758	       -0.8135762326	        0.0000000000	        0.0000000000	        0.0000678041	        0.0000753379	        0.0003481129	        0.1000000000	        0.0010000000	        0.0666666667	        0.1000000000	        0.0010000000
        1.9563323538	        0.3845993443	        0.2849632596	       -0.8985424258	        0.0000000000	        0.0000000000	        0.0000436443	        0.0000484937	        0.0002472196	        0.1000000000	        0.0010000000	        0.0666666667	        0.1000000000	        0.0010000000
        1.9617651675	        0.3408695068	        0.2560591932	       -0.9853778015	        0.0000000000	        0.0000000000	        0.0000275682	        0.0000306314	        0.0001686742	        0.1000000000	        0.0010000000	        0.0666666667	        0.1000000000	        0.0010000000
        1.9666030060	        0.3003134040	        0.2285278392	       -1.0722594675	        0.0000000000	        0.0000000000	        0.0000170968	        0.0000189964	        0.0001110953	        0.1000000000	        0.0010000000	        0.0666666667	        0.1000000000	        0.0010000000
        1.9709085097	        0.2631912350	        0.2027028356	       -1.1570042360	        0.0000000000	        0.0000000000	        0.0000104101	        0.0000115668	        0.0000709230	        0.1000000000	        0.0010000000	        0.0666666667	        0.1000000000	        0.0010000000
        1.9747382607	        0.2295317977	        0.1787554979	       -1.2392744926	        0.0000000000	        0.0000000000	        0.0000062207	        0.0000069119	        0.0000440128	        0.1000000000	        0.0010000000	        0.0666666667	        0.1000000000	        0.0010000000
        1.9781432525	        0.1992129728	        0.1567370058	       -1.3185138330	        0.0000000000	        0.0000000000	        0.0000036445	        0.0000040495	        0.0000265924	        0.1000000000	        0.0010000000	        0.0666666667	        0.1000000000	        0.0010000000
        1.9811693494	        0.1720267408	        0.1366183836	       -1.3936303938	        0.0000000000	        0.0000000000	        0.0000020900	        0.0000023222	        0.0000156467	        0.1000000000	        0.0010000000	        0.0666666667	        0.1000000000	        0.0010000000
        1.9838577298	        0.1477246360	        0.1183217713	       -1.4632993610	        0.0000000000	        0.0000000000	        0.0000011704	        0.0000013004	        0.0000089556	        0.1000000000	        0.0010000000	        0.0666666667	        0.1000000000	        0.0010000000
        1.9862453073	        0.1260465147	        0.1017422424	       -1.5274912435	        0.0000000000	        0.0000000000	        0.0000006378	        0.0000007087	        0.0000049737	        0.1000000000	        0.0010000000	        0.0666666667	        0.1000000000	        0.0010000000
        1.9883651267	        0.1067373105	        0.0867617614	       -1.5868342983	        0.0000000000	        0.0000000000	        0.0000003367	        0.0000003741	        0.0000026695	        0.1000000000	        0.0010000000	        0.0666666667	        0.1000000000	        0.0010000000
        1.9902467340	        0.0895559529	        0.0732578672	       -1.6415742487	        0.0000000000	        0.0000000000	        0.0000001711	        0.0000001901	        0.0000013763	        0.1000000000	        0.0010000000	        0.0666666667	        0.1000000000	        0.0010000000
        1.9919165179	        0.0742795013	        0.0611090310	       -1.6916320518	        0.0000000000	        0.0000000000	        0.0000000829	        0.0000000921	        0.0000006757	        0.1000000000	        0.0010000000	        0.0666666667	        0.1000000000	        0.0010000000
        1.9933980257	        0.0607045094	        0.0501978474	       -1.7370782578	        0.0000000000	        0.0000000000	        0.0000000378	        0.0000000420	        0.0000003119	        0.1000000000	        0.0010000000	        0.0666666667	        0.1000000000	        0.0010000000
        1.9947122508	        0.0486468646	        0.0404128243	       -1.7781129937	        0.0000000000	        0.0000000000	        0.0000000159	        0.0000000177	        0.0000001328	        0.1000000000	        0.0010000000	        0.0666666667	        0.1000000000	        0.0010000000
        1.9958778967	        0.0379408424	        0.0316493168	       -1.8150103597	        0.0000000000	        0.0000000000	        0.0000000060	        0.0000000067	        0.0000000507	        0.1000000000	        0.0010000000	        0.0666666667	        0.1000000000	        0.0010000000
        1.9969116151	        0.0284377962	        0.0238099400	       -1.8480812449	        0.0000000000	        0.0000000000	        0.0000000019	        0.0000000022	        0.0000000165	        0.1000000000	        0.0010000000	        0.0666666667	        0.1000000000	        0.0010000000
        1.9978282231	        0.0200047191	        0.0168046583	       -1.8776489049	        0.0000000000	        0.0000000000	        0.0000000005	        0.0000000005	        0.0000000041	        0.1000000000	        0.0010000000	        0.0666666667	        0.1000000000	        0.0010000000
        1.9986408981	        0.0125228016	        0.0105506707	       -1.9040333294	        0.0000000000	        0.0000000000	        0.0000000001	        0.0000000001	        0.0000000007	        0.1000000000	        0.0010000000	        0.0666666667	        0.1000000000	        0.0010000000
        1.9993613540	        0.0058860505	        0.0049721667	       -1.9275416219	        0.0000000000	        0.0000000000	        0.0000000000	        0.0000000000	        0.0000000000	        0.1000000000	        0.0010000000	        0.0666666667	        0.1000000000	        0.0010000000
        2.0000000000	        0.0000000000	        0.0000000000	       -1.9484624480	        0.0000000000	        0.0000000000	        0.0000000000	        0.0000000000	        0.0000000000	        0.0000000000	        0.0010000000	        0.0000000000	        0.0000000000	        0.0010000000
