        0.0000000000	        0.0000000000	        1.0000000000	        4.4686621900	        0.0000000000	        0.0000000000	        0.0000000000	        0.0000000000	        0.0000000000	        0.0000000000	        0.0010000000	        0.0000000000	        0.0000000000	        0.0010000000
        0.0006386460	        0.0072238993	        0.9969599510	        4.3487270552	        0.0000000000	        0.0000000000	        0.0000000000	        0.0000000000	        0.0000000000	        0.1000000000	        0.0010000000	        0.0666666667	        0.1000000000	        0.0010000000
        0.0013591019	        0.0153688860	        0.9936008585	        4.2170209417	        0.0000000000	        0.0000000000	        0.0000000001	        0.0000000001	        0.0000000005	        0.1000000000	        0.0010000000	        0.0666666667	        0.1000000000	        0.0010000000
        0.0021717769	        0.0245507994	        0.9898987160	        4.0729242080	        0.0000000000	        0.0000000000	        0.0000000006	        0.0000000007	        0.0000000032	        0.1000000000	        0.0010000000	        0.0666666667	        0.1000000000	        0.0010000000
        0.0030883849	        0.0348995893	        0.9858299867	        3.9159344298	        0.0000000000	        0.0000000000	        0.0000000026	        0.0000000029	        0.0000000127	        0.1000000000	        0.0010000000	        0.0666666667	        0.1000000000	        0.0010000000
        0.0041221033	        0.0465608776	        0.9813722320	        3.7457144936	        0.0000000000	        0.0000000000	        0.0000000083	        0.0000000092	        0.0000000390	        0.1000000000	        0.0010000000	        0.0666666667	        0.1000000000	        0.0010000000
        0.0052877492	        0.0596976092	        0.9765048471	        3.5621469667	        0.0000000000	        0.0000000000	        0.0000000223	        0.0000000248	        0.0000001020	        0.1000000000	        0.0010000000	        0.0666666667	        0.1000000000	        0.0010000000
        0.0066019743	        0.0744917308	        0.9712099010	        3.3653918133	        0.0000000000	        0.0000000000	        0.0000000541	        0.0000000602	        0.0000002379	        0.1000000000	        0.0010000000	        0.0666666667	        0.1000000000	        0.0010000000
        0.0080834821	        0.0911457630	        0.9654730711	        3.1559415638	        0.0000000000	        0.0000000000	        0.0000001213	        0.0000001347	        0.0000005111	        0.1000000000	        0.0010000000	        0.0666666667	        0.1000000000	        0.0010000000
        0.0097532660	        0.1098840054	        0.9592846691	        2.9346633921	        0.0000000000	        0.0000000000	        0.0000002559	        0.0000002844	        0.0000010300	        0.1000000000	        0.0010000000	        0.0666666667	        0.1000000000	        0.0010000000
        0.0116348733	        0.1309528663	        0.9526407674	        2.7028103644	        0.0000000000	        0.0000000000	        0.0000005156	        0.0000005729	        0.0000019717	        0.1000000000	        0.0010000000	        0.0666666667	        0.1000000000	        0.0010000000
        0.0137546927	        0.1546193790	        0.9455444748	        2.4620136453	        0.0000000000	        0.0000000000	        0.0000010004	        0.0000011116	        0.0000036172	        0.1000000000	        0.0010000000	        0.0666666667	        0.1000000000	        0.0010000000
        0.0161422702	        0.1811662134	        0.9380074715	        2.2145088401	        0.0000000000	        0.0000000000	        0.0000018820	        0.0000020911	        0.0000063969	        0.1000000000	        0.0010000000	        0.0666666667	        0.1000000000	        0.0010000000
        0.0188306506	        0.2108802556	        0.9300520735	        1.9630023494	        0.0000000000	        0.0000000000	        0.0000034482	        0.0000038313	        0.0000109487	        0.1000000000	        0.0010000000	        0.0666666667	        0.1000000000	        0.0010000000
        0.0218567475	        0.2440300019	        0.9217142110	        1.7107491188	        0.0000000000	        0.0000000000	        0.0000061731	        0.0000068589	        0.0000181764	        0.1000000000	        0.0010000000	        0.0666666667	        0.1000000000	        0.0010000000
        0.0252617393	        0.2808247947	        0.9130478456	        1.4614894745	        0.0000000000	        0.0000000000	        0.0000108210	        0.0000120234	        0.0000292863	        0.1000000000	        0.0010000000	        0.0666666667	        0.1000000000	        0.0010000000
        0.0290914903	        0.3213476030	        0.9041311600	        1.2194754208	        0.0000000000	        0.0000000000	        0.0000185944	        0.0000206604	        0.0000457474	        0.1000000000	        0.0010000000	        0.0666666667	        0.1000000000	        0.0010000000
        0.0333969940	        0.3654562649	        0.8950739804	        0.9891663642	        0.0000000000	        0.0000000000	        0.0000313293	        0.0000348103	        0.0000690891	        0.1000000000	        0.0010000000	        0.0666666667	        0.1000000000	        0.0010000000
        0.0382348325	        0.4126628302	        0.8860234778	        0.7747921527	        0.0000000000	        0.0000000000	        0.0000517277	        0.0000574752	        0.0001004537	        0.1000000000	        0.0010000000	        0.0666666667	        0.1000000000	        0.0010000000
        0.0436676462	        0.4620333585	        0.8771615412	        0.5801227160	        0.0000000000	        0.0000000000	        0.0000835777	        0.0000928641	        0.0001399384	        0.1000000000	        0.0010000000	        0.0666666667	        0.1000000000	        0.0010000000
        0.0497646022	        0.5121910088	        0.8686855280	        0.4080974995	        0.0000000000	        0.0000000000	        0.0001318545	        0.0001465050	        0.0001860465	        0.1000000000	        0.0010000000	        0.0666666667	        0.1000000000	        0.0010000000
        0.0566018496	        0.5615049574	        0.8607701801	        0.2603696581	        0.0000000000	        0.0000000000	        0.0002025298	        0.0002250332	        0.0002357990	        0.1000000000	        0.0010000000	        0.0666666667	        0.1000000000	        0.0010000000
        0.0642629411	        0.6084475061	        0.8535240914	        0.1371776880	        0.0000000000	        0.0000000000	        0.0003019345	        0.0003354827	        0.0002857809	        0.1000000000	        0.0010000000	        0.0666666667	        0.1000000000	        0.0010000000
        0.0728392004	        0.6519490537	        0.8469654565	        0.0375672660	        0.0000000000	        0.0000000000	        0.0004357010	        0.0004841122	        0.0003335556	        0.1000000000	        0.0010000000	        0.0666666667	        0.1000000000	        0.0010000000
        0.0824300053	        0.6915538803	        0.8410306633	       -0.0403730466	        0.0000000000	        0.0000000000	        0.0006075741	        0.0006750824	        0.0003784216	        0.1000000000	        0.0010000000	        0.0666666667	        0.1000000000	        0.0010000000
        0.0931429507	        0.7273375822	        0.8356049378	       -0.0990722265	        0.0000000000	        0.0000000000	        0.0008185022	        0.0009094469	        0.0004211269	        0.1000000000	        0.0010000000	        0.0666666667	        0.1000000000	        0.0010000000
        0.1050938490	        0.7597036129	        0.8305544868	       -0.1410818521	        0.0000000000	        0.0000000000	        0.0010663385	        0.0011848206	        0.0004630488	        0.1000000000	        0.0010000000	        0.0666666667	        0.1000000000	        0.0010000000
        0.1184065179	        0.7891885940	        0.8257481259	       -0.1688582978	        0.0000000000	        0.0000000000	        0.0013462428	        0.0014958253	        0.0005054883	        0.1000000000	        0.0010000000	        0.0666666667	        0.1000000000	        0.0010000000
        0.1332122955	        0.8163334547	        0.8210675390	       -0.1845946293	        0.0000000000	        0.0000000000	        0.0016515954	        0.0018351060	        0.0005493059	        0.1000000000	        0.0010000000	        0.0666666667	        0.1000000000	        0.0010000000
        0.1496492201	        0.8416185281	        0.8164102609	       -0.1903373094	        0.0000000000	        0.0000000000	        0.0019750684	        0.0021945205	        0.0005948301	        0.1000000000	        0.0010000000	        0.0666666667	        0.1000000000	        0.0010000000
        0.1678608015	        0.8654406505	        0.8116891492	       -0.1878776199	        0.0000000000	        0.0000000000	        0.0023095129	        0.0025661254	        0.0006418977	        0.1000000000	        0.0010000000	        0.0666666667	        0.1000000000	        0.0010000000
        0.1879943127	        0.8881122013	        0.8068308986	       -0.1789715711	        0.0000000000	        0.0000000000	        0.0026484827	        0.0029427586	        0.0006899481	        0.1000000000	        0.0010000000	        0.0666666667	        0.1000000000	        0.0010000000
        0.2101985296	        0.9098693418	        0.8017744284	       -0.1652329919	        0.0000000000	        0.0000000000	        0.0029863939	        0.0033182155	        0.0007381371	        0.1000000000	        0.0010000000	        0.0666666667	        0.1000000000	        0.0010000000
        0.2346208557	        0.9308827613	        0.7964696285	       -0.1480444184	        0.0000000000	        0.0000000000	        0.0033184263	        0.0036871404	        0.0007854290	        0.1000000000	        0.0010000000	        0.0666666667	        0.1000000000	        0.0010000000
        0.2614037844	        0.9512679021	        0.7908766219	       -0.1288053000	        0.0000000000	        0.0000000000	        0.0036403029	        0.0040447810	        0.0008307036	        0.1000000000	        0.0010000000	        0.0666666667	        0.1000000000	        0.0010000000
        0.2906806794	        0.9710935592	        0.7849649707	       -0.1089100704	        0.0000000000	        0.0000000000	        0.0039480538	        0.0043867265	        0.0008729005	        0.1000000000	        0.0010000000	        0.0666666667	        0.1000000000	        0.0010000000
        0.3225708876	        0.9903886450	        0.7787125240	       -0.0893231232	        0.0000000000	        0.0000000000	        0.0042378309	        0.0047087010	        0.0009111032	        0.1000000000	        0.0010000000	        0.0666666667	        0.1000000000	        0.0010000000
        0.3571742551	        1.0091472921	        0.7721045919	       -0.0707072702	        0.0000000000	        0.0000000000	        0.0045058010	        0.0050064455	        0.0009445572	        0.1000000000	        0.0010000000	        0.0666666667	        0.1000000000	        0.0010000000
        0.3945651751	        1.0273325949	        0.7651332505	       -0.0536177817	        0.0000000000	        0.0000000000	        0.0047481266	        0.0052756963	        0.0009727118	        0.1000000000	        0.0010000000	        0.0666666667	        0.1000000000	        0.0010000000
        0.4347863703	        1.0448793115	        0.7577963171	       -0.0384073413	        0.0000000000	        0.0000000000	        0.0049610285	        0.0055122539	        0.0009952560	        0.1000000000	        0.0010000000	        0.0666666667	        0.1000000000	        0.0010000000
        0.4778426900	        1.0616958270	        0.7500962583	       -0.0258093658	        0.0000000000	        0.0000000000	        0.0051409207	        0.0057121341	        0.0010122542	        0.1000000000	        0.0010000000	        0.0666666667	        0.1000000000	        0.0010000000
        0.5236952751	        1.0776656411	        0.7420369799	       -0.0162966045	        0.0000000000	        0.0000000000	        0.0052846112	        0.0058717902	        0.0010242647	        0.1000000000	        0.0010000000	        0.0666666667	        0.1000000000	        0.0010000000
        0.5722565058	        1.0926486176	        0.7336202910	       -0.0096130371	        0.0000000000	        0.0000000000	        0.0053895597	        0.0059883997	        0.0010321635	        0.1000000000	        0.0010000000	        0.0666666667	        0.1000000000	        0.0010000000
        0.6233861842	        1.1064822186	        0.7248445932	       -0.0059828290	        0.0000000000	        0.0000000000	        0.0054541894	        0.0060602105	        0.0010371041	        0.1000000000	        0.0010000000	        0.0666666667	        0.1000000000	        0.0010000000
        0.6768894010	        1.1189829748	        0.7157014200	       -0.0049877000	        0.0000000000	        0.0000000000	        0.0054782546	        0.0060869495	        0.0010404413	        0.1000000000	        0.0010000000	        0.0666666667	        0.1000000000	        0.0010000000
        0.7325164896	        1.1299485393	        0.7061752085	       -0.0071212524	        0.0000000000	        0.0000000000	        0.0054632762	        0.0060703069	        0.0010437889	        0.1000000000	        0.0010000000	        0.0666666667	        0.1000000000	        0.0010000000
        0.7899653716	        1.1391609004	        0.6962392670	       -0.0122642218	        0.0000000000	        0.0000000000	        0.0054130782	        0.0060145313	        0.0010490490	        0.1000000000	        0.0010000000	        0.0666666667	        0.1000000000	        0.0010000000
        0.8488864424	        1.1463917809	        0.6858564755	       -0.0203889258	        0.0000000000	        0.0000000000	        0.0053345120	        0.0059272355	        0.0010581907	        0.1000000000	        0.0010000000	        0.0666666667	        0.1000000000	        0.0010000000
        0.9088899606	        1.1514120447	        0.6749834053	       -0.0314492950	        0.0000000000	        0.0000000000	        0.0052386966	        0.0058207740	        0.0010730888	        0.1000000000	        0.0010000000	        0.0666666667	        0.1000000000	        0.0010000000
        0.9695556872	        1.1540080798	        0.6635839377	       -0.0429647002	        0.0000000000	        0.0000000000	        0.0051450769	        0.0057167521	        0.0010917955	        0.1000000000	        0.0010000000	        0.0666666667	        0.1000000000	        0.0010000000
        1.0304443128	        1.1540080798	        0.6517404014	       -0.0538604675	        0.0000000000	        0.0000000000	        0.0051450769	        0.0057167521	        0.0011235361	        0.1000000000	        0.0010000000	        0.0666666667	        0.1000000000	        0.0010000000
        1.0911100394	        1.1514120447	        0.6396652131	       -0.0649541788	        0.0000000000	        0.0000000000	        0.0052386966	        0.0058207740	        0.0011684589	        0.1000000000	        0.0010000000	        0.0666666667	        0.1000000000	        0.0010000000
        1.1511135576	        1.1463917809	        0.6274884044	       -0.0752526836	        0.0000000000	        0.0000000000	        0.0053345120	        0.0059272355	        0.0012162610	        0.1000000000	        0.0010000000	        0.0666666667	        0.1000000000	        0.0010000000
        1.2100346284	        1.1391609004	        0.6152341960	       -0.0840250620	        0.0000000000	        0.0000000000	        0.0054130782	        0.0060145313	        0.0012687565	        0.1000000000	        0.0010000000	        0.0666666667	        0.1000000000	        0.0010000000
        1.2674835104	        1.1299485393	        0.6029142197	       -0.0890781936	        0.0000000000	        0.0000000000	        0.0054632762	        0.0060703069	        0.0013238076	        0.1000000000	        0.0010000000	        0.0666666667	        0.1000000000	        0.0010000000
        1.3231105990	        1.1189829748	        0.5905509034	       -0.0896306985	        0.0000000000	        0.0000000000	        0.0054782546	        0.0060869495	        0.0013783170	        0.1000000000	        0.0010000000	        0.0666666667	        0.1000000000	        0.0010000000
        1.3766138158	        1.1064822186	        0.5781820882	       -0.0854432548	        0.0000000000	        0.0000000000	        0.0054541894	        0.0060602105	        0.0014291215	        0.1000000000	        0.0010000000	        0.0666666667	        0.1000000000	        0.0010000000
        1.4277434942	        1.0926486176	        0.5658588371	       -0.0767994759	        0.0000000000	        0.0000000000	        0.0053895597	        0.0059883997	        0.0014734442	        0.1000000000	        0.0010000000	        0.0666666667	        0.1000000000	        0.0010000000
        1.4763047249	        1.0776656411	        0.5536394425	       -0.0634732955	        0.0000000000	        0.0000000000	        0.0052846112	        0.0058717902	        0.0015089831	        0.1000000000	        0.0010000000	        0.0666666667	        0.1000000000	        0.0010000000
        1.5221573100	        1.0616958270	        0.5415858574	       -0.0457093925	        0.0000000000	        0.0000000000	        0.0051409207	        0.0057121341	        0.0015339288	        0.1000000000	        0.0010000000	        0.0666666667	        0.1000000000	        0.0010000000
        1.5652136297	        1.0448793115	        0.5297583853	       -0.0245977511	        0.0000000000	        0.0000000000	        0.0049610285	        0.0055122539	        0.0015472770	        0.1000000000	        0.0010000000	        0.0666666667	        0.1000000000	        0.0010000000
        1.6054348249	        1.0273325949	        0.5182085629	       -0.0011035408	        0.0000000000	        0.0000000000	        0.0047481266	        0.0052756963	        0.0015488964	        0.1000000000	        0.0010000000	        0.0666666667	        0.1000000000	        0.0010000000
        1.6428257449	        1.0091472921	        0.5069746213	        0.0244170768	        0.0000000000	        0.0000000000	        0.0045058010	        0.0050064455	        0.0015392150	        0.1000000000	        0.0010000000	        0.0666666667	        0.1000000000	        0.0010000000
        1.6774291124	        0.9903886450	        0.4960802886	        0.0516279861	        0.0000000000	        0.0000000000	        0.0042378309	        0.0047087010	        0.0015189600	        0.1000000000	        0.0010000000	        0.0666666667	        0.1000000000	        0.0010000000
        1.7093193206	        0.9710935592	        0.4855342391	        0.0788613916	        0.0000000000	        0.0000000000	        0.0039480538	        0.0043867265	        0.0014892708	        0.1000000000	        0.0010000000	        0.0666666667	        0.1000000000	        0.0010000000
        1.7385962156	        0.9512679021	        0.4753269079	        0.1045047214	        0.0000000000	        0.0000000000	        0.0036403029	        0.0040447810	        0.0014517359	        0.1000000000	        0.0010000000	        0.0666666667	        0.1000000000	        0.0010000000
        1.7653791443	        0.9308827613	        0.4654287225	        0.1263846891	        0.0000000000	        0.0000000000	        0.0033184263	        0.0036871404	        0.0014082186	        0.1000000000	        0.0010000000	        0.0666666667	        0.1000000000	        0.0010000000
        1.7898014704	        0.9098693418	        0.4557879126	        0.1418675061	        0.0000000000	        0.0000000000	        0.0029863939	        0.0033182155	        0.0013607404	        0.1000000000	        0.0010000000	        0.0666666667	        0.1000000000	        0.0010000000
        1.8120056873	        0.8881122013	        0.4463279373	        0.1484651244	        0.0000000000	        0.0000000000	        0.0026484827	        0.0029427586	        0.0013112390	        0.1000000000	        0.0010000000	        0.0666666667	        0.1000000000	        0.0010000000
        1.8321391985	        0.8654406505	        0.4369450912	        0.1436965393	        0.0000000000	        0.0000000000	        0.0023095129	        0.0025661254	        0.0012612742	        0.1000000000	        0.0010000000	        0.0666666667	        0.1000000000	        0.0010000000
        1.8503507799	        0.8416185281	        0.4275053074	        0.1246992919	        0.0000000000	        0.0000000000	        0.0019750684	        0.0021945205	        0.0012118027	        0.1000000000	        0.0010000000	        0.0666666667	        0.1000000000	        0.0010000000
        1.8667877045	        0.8163334547	        0.4178392026	        0.0887065713	        0.0000000000	        0.0000000000	        0.0016515954	        0.0018351060	        0.0011629291	        0.1000000000	        0.0010000000	        0.0666666667	        0.1000000000	        0.0010000000
        1.8815934821	        0.7891885940	        0.4077362226	        0.0328421693	        0.0000000000	        0.0000000000	        0.0013462428	        0.0014958253	        0.0011136224	        0.1000000000	        0.0010000000	        0.0666666667	        0.1000000000	        0.0010000000
        1.8949061510	        0.7597036129	        0.3969388610	       -0.0459042735	        0.0000000000	        0.0000000000	        0.0010663385	        0.0011848206	        0.0010614850	        0.1000000000	        0.0010000000	        0.0666666667	        0.1000000000	        0.0010000000
        1.9068570493	        0.7273375822	        0.3851406389	       -0.1510318482	        0.0000000000	        0.0000000000	        0.0008185022	        0.0009094469	        0.0010026993	        0.1000000000	        0.0010000000	        0.0666666667	        0.1000000000	        0.0010000000
        1.9175699947	        0.6915538803	        0.3719951817	       -0.2835951311	        0.0000000000	        0.0000000000	        0.0006075741	        0.0006750824	        0.0009322990	        0.1000000000	        0.0010000000	        0.0666666667	        0.1000000000	        0.0010000000
        1.9271607996	        0.6519490537	        0.3571522809	       -0.4451619265	        0.0000000000	        0.0000000000	        0.0004357010	        0.0004841122	        0.0008454298	        0.1000000000	        0.0010000000	        0.0666666667	        0.1000000000	        0.0010000000
        1.9357370589	        0.6084475061	        0.3403293433	       -0.6361220738	        0.0000000000	        0.0000000000	        0.0003019345	        0.0003354827	        0.0007398207	        0.1000000000	        0.0010000000	        0.0666666667	        0.1000000000	        0.0010000000
        1.9433981504	        0.5615049574	        0.3214150444	       -0.8509627513	        0.0000000000	        0.0000000000	        0.0002025298	        0.0002250332	        0.0006183887	        0.1000000000	        0.0010000000	        0.0666666667	        0.1000000000	        0.0010000000
        1.9502353978	        0.5121910088	        0.3005681004	       -1.0886083351	        0.0000000000	        0.0000000000	        0.0001318545	        0.0001465050	        0.0004901515	        0.1000000000	        0.0010000000	        0.0666666667	        0.1000000000	        0.0010000000
        1.9563323538	        0.4620333585	        0.2782309487	       -1.3396649876	        0.0000000000	        0.0000000000	        0.0000835777	        0.0000928641	        0.0003674670	        0.1000000000	        0.0010000000	        0.0666666667	        0.1000000000	        0.0010000000
        1.9617651675	        0.4126628302	        0.2550400442	       -1.5992965726	        0.0000000000	        0.0000000000	        0.0000517277	        0.0000574752	        0.0002611151	        0.1000000000	        0.0010000000	        0.0666666667	        0.1000000000	        0.0010000000
        1.9666030060	        0.3654562649	        0.2316700976	       -1.8593835019	        0.0000000000	        0.0000000000	        0.0000313293	        0.0000348103	        0.0001767846	        0.1000000000	        0.0010000000	        0.0666666667	        0.1000000000	        0.0010000000
        1.9709085097	        0.3213476030	        0.2087062659	       -2.1112707491	        0.0000000000	        0.0000000000	        0.0000185944	        0.0000206604	        0.0001147494	        0.1000000000	        0.0010000000	        0.0666666667	        0.1000000000	        0.0010000000
        1.9747382607	        0.2808247947	        0.1865857397	       -2.3529765431	        0.0000000000	        0.0000000000	        0.0000108210	        0.0000120234	        0.0000718057	        0.1000000000	        0.0010000000	        0.0666666667	        0.1000000000	        0.0010000000
        1.9781432525	        0.2440300019	        0.1655952406	       -2.5817200659	        0.0000000000	        0.0000000000	        0.0000061731	        0.0000068589	        0.0000434912	        0.1000000000	        0.0010000000	        0.0666666667	        0.1000000000	        0.0010000000
        1.9811693494	        0.2108802556	        0.1458992987	       -2.7941506816	        0.0000000000	        0.0000000000	        0.0000034482	        0.0000038313	        0.0000255491	        0.1000000000	        0.0010000000	        0.0666666667	        0.1000000000	        0.0010000000
        1.9838577298	        0.1811662134	        0.1275744970	       -2.9871200434	        0.0000000000	        0.0000000000	        0.0000018820	        0.0000020911	        0.0000145596	        0.1000000000	        0.0010000000	        0.0666666667	        0.1000000000	        0.0010000000
        1.9862453073	        0.1546193790	        0.1106381498	       -3.1610979871	        0.0000000000	        0.0000000000	        0.0000010004	        0.0000011116	        0.0000080351	        0.1000000000	        0.0010000000	        0.0666666667	        0.1000000000	        0.0010000000
        1.9883651267	        0.1309528663	        0.0950684839	       -3.3183690732	        0.0000000000	        0.0000000000	        0.0000005156	        0.0000005729	        0.0000042792	        0.1000000000	        0.0010000000	        0.0666666667	        0.1000000000	        0.0010000000
        1.9902467340	        0.1098840054	        0.0808183841	       -3.4603130765	        0.0000000000	        0.0000000000	        0.0000002559	        0.0000002844	        0.0000021866	        0.1000000000	        0.0010000000	        0.0666666667	        0.1000000000	        0.0010000000
        1.9919165179	        0.0911457630	        0.0678248828	       -3.5874621071	        0.0000000000	        0.0000000000	        0.0000001213	        0.0000001347	        0.0000010630	        0.1000000000	        0.0010000000	        0.0666666667	        0.1000000000	        0.0010000000
        1.9933980257	        0.0744917308	        0.0560156503	       -3.7006658642	        0.0000000000	        0.0000000000	        0.0000000541	        0.0000000602	        0.0000004855	        0.1000000000	        0.0010000000	        0.0666666667	        0.1000000000	        0.0010000000
        1.9947122508	        0.0596976092	        0.0453133858	       -3.8010175319	        0.0000000000	        0.0000000000	        0.0000000223	        0.0000000248	        0.0000002045	        0.1000000000	        0.0010000000	        0.0666666667	        0.1000000000	        0.0010000000
        1.9958778967	        0.0465608776	        0.0356388620	       -3.8897053238	        0.0000000000	        0.0000000000	        0.0000000083	        0.0000000092	        0.0000000770	        0.1000000000	        0.0010000000	        0.0666666667	        0.1000000000	        0.0010000000
        1.9969116151	        0.0348995893	        0.0269130820	       -3.9679208728	        0.0000000000	        0.0000000000	        0.0000000026	        0.0000000029	        0.0000000247	        0.1000000000	        0.0010000000	        0.0666666667	        0.1000000000	        0.0010000000
        1.9978282231	        0.0245507994	        0.0190588189	       -4.0368053403	        0.0000000000	        0.0000000000	        0.0000000006	        0.0000000007	        0.0000000061	        0.1000000000	        0.0010000000	        0.0666666667	        0.1000000000	        0.0010000000
        1.9986408981	        0.0153688860	        0.0120017066	       -4.0974201785	        0.0000000000	        0.0000000000	        0.0000000001	        0.0000000001	        0.0000000010	        0.1000000000	        0.0010000000	        0.0666666667	        0.1000000000	        0.0010000000
        1.9993613540	        0.0072238993	        0.0056709880	       -4.1507336960	        0.0000000000	        0.0000000000	        0.0000000000	        0.0000000000	        0.0000000000	        0.1000000000	        0.0010000000	        0.0666666667	        0.1000000000	        0.0010000000
        2.0000000000	        0.0000000000	        0.0000000000	       -4.1976174834	        0.0000000000	        0.0000000000	        0.0000000000	        0.0000000000	        0.0000000000	        0.0000000000	        0.0010000000	        0.0000000000	        0.0000000000	        0.0010000000
