        0.0000000000	        0.0000000000	        1.0000000000	        4.7745935446	      167.3295365511	        0.0005560177	        0.0000000000	        0.0000000000	        0.0000000000	        0.0000000000	        0.0010000000	        0.0000000000	        0.1000000000	        0.0010000000
        0.0006386460	        0.0063808958	        0.9978040994	        4.5364747073	      167.2902311397	        0.0005254654	        0.0000000000	        0.0000000000	        0.0000000000	        0.1000000000	        0.0010000000	        0.0666666667	        0.1000000000	        0.0010000000
        0.0013591019	        0.0135749515	        0.9954004912	        4.2842708030	      167.2399744199	        0.0004930729	        0.0000000000	        0.0000000000	        0.0000000001	        0.1000000000	        0.0010000000	        0.0666666667	        0.1000000000	        0.0010000000
        0.0021717769	        0.0216843154	        0.9927776872	        4.0195830311	      167.1762530749	        0.0004590629	        0.0000000002	        0.0000000002	        0.0000000008	        0.1000000000	        0.0010000000	        0.0666666667	        0.1000000000	        0.0010000000
        0.0030883849	        0.0308235560	        0.9899250940	        3.7446646036	      167.0961490712	        0.0004237624	        0.0000000009	        0.0000000010	        0.0000000031	        0.1000000000	        0.0010000000	        0.0666666667	        0.1000000000	        0.0010000000
        0.0041221033	        0.0411210454	        0.9868332712	        3.4624160453	      166.9963603968	        0.0003876166	        0.0000000029	        0.0000000032	        0.0000000095	        0.1000000000	        0.0010000000	        0.0666666667	        0.1000000000	        0.0010000000
        0.0052877492	        0.0527204471	        0.9834941738	        3.1762658330	      166.8732848894	        0.0003511931	        0.0000000079	        0.0000000088	        0.0000000246	        0.1000000000	        0.0010000000	        0.0666666667	        0.1000000000	        0.0010000000
        0.0066019743	        0.0657822791	        0.9799013687	        2.8898526865	      166.7232088039	        0.0003151734	        0.0000000193	        0.0000000214	        0.0000000572	        0.1000000000	        0.0010000000	        0.0666666667	        0.1000000000	        0.0010000000
        0.0080834821	        0.0804854995	        0.9760502106	        2.6063806819	      166.5426632949	        0.0002803155	        0.0000000434	        0.0000000483	        0.0000001223	        0.1000000000	        0.0010000000	        0.0666666667	        0.1000000000	        0.0010000000
        0.0097532660	        0.0970289950	        0.9719379343	        2.3274518236	      166.3290434785	        0.0002473737	        0.0000000922	        0.0000001025	        0.0000002454	        0.1000000000	        0.0010000000	        0.0666666667	        0.1000000000	        0.0010000000
        0.0116348733	        0.1156327511	        0.9675635010	        2.0516608881	      166.0814542451	        0.0002169458	        0.0000001868	        0.0000002076	        0.0000004686	        0.1000000000	        0.0010000000	        0.0666666667	        0.1000000000	        0.0010000000
        0.0137546927	        0.1365382792	        0.9629267838	        1.7806862862	      165.7994962076	        0.0001893057	        0.0000003647	        0.0000004052	        0.0000008593	        0.1000000000	        0.0010000000	        0.0666666667	        0.1000000000	        0.0010000000
        0.0161422702	        0.1600075283	        0.9580275252	        1.5208806337	      165.4835394970	        0.0001648919	        0.0000006905	        0.0000007672	        0.0000015242	        0.1000000000	        0.0010000000	        0.0666666667	        0.1000000000	        0.0010000000
        0.0188306506	        0.1863188969	        0.9528648874	        1.2778315743	      165.1312573155	        0.0001440462	        0.0000012737	        0.0000014152	        0.0000026285	        0.1000000000	        0.0010000000	        0.0666666667	        0.1000000000	        0.0010000000
        0.0218567475	        0.2157579637	        0.9474375933	        1.0541727585	      164.7346141314	        0.0001269163	        0.0000022973	        0.0000025525	        0.0000044236	        0.1000000000	        0.0010000000	        0.0666666667	        0.1000000000	        0.0010000000
        0.0252617393	        0.2485990444	        0.9417445793	        0.8491846820	      164.2970199090	        0.0001134126	        0.0000040611	        0.0000045123	        0.0000072834	        0.1000000000	        0.0010000000	        0.0666666667	        0.1000000000	        0.0010000000
        0.0290914903	        0.2850717552	        0.9357859457	        0.6603295009	      163.8265914676	        0.0001033159	        0.0000070467	        0.0000078297	        0.0000117485	        0.1000000000	        0.0010000000	        0.0666666667	        0.1000000000	        0.0010000000
        0.0333969940	        0.3253052358	        0.9295643498	        0.4900426871	      163.3109768077	        0.0000962738	        0.0000120096	        0.0000133440	        0.0000185678	        0.1000000000	        0.0010000000	        0.0666666667	        0.1000000000	        0.0010000000
        0.0382348325	        0.3692441062	        0.9230908541	        0.3399234324	      162.7625566956	        0.0000919130	        0.0000201011	        0.0000223346	        0.0000287019	        0.1000000000	        0.0010000000	        0.0666666667	        0.1000000000	        0.0010000000
        0.0436676462	        0.4165399291	        0.9163938795	        0.2120114012	      162.1733323009	        0.0000898424	        0.0000330124	        0.0000366804	        0.0000432317	        0.1000000000	        0.0010000000	        0.0666666667	        0.1000000000	        0.0010000000
        0.0497646022	        0.4664463605	        0.9095303248	        0.1047648534	      161.5425814450	        0.0000897363	        0.0000531106	        0.0000590117	        0.0000631126	        0.1000000000	        0.0010000000	        0.0666666667	        0.1000000000	        0.0010000000
        0.0566018496	        0.5177822438	        0.9025892920	        0.0158389054	      160.8894470978	        0.0000913865	        0.0000835039	        0.0000927822	        0.0000888028	        0.1000000000	        0.0010000000	        0.0666666667	        0.1000000000	        0.0010000000
        0.0642629411	        0.5690429311	        0.8956816808	       -0.0567145245	      160.1888771801	        0.0000947162	        0.0001279382	        0.0001421536	        0.0001199494	        0.1000000000	        0.0010000000	        0.0666666667	        0.1000000000	        0.0010000000
        0.0728392004	        0.6186816926	        0.8889149988	       -0.1136037960	      159.4611298958	        0.0000997780	        0.0001904382	        0.0002115980	        0.0001553954	        0.1000000000	        0.0010000000	        0.0666666667	        0.1000000000	        0.0010000000
        0.0824300053	        0.6654535564	        0.8823653000	       -0.1568916031	      158.6955331453	        0.0001067324	        0.0002747024	        0.0003052249	        0.0001936223	        0.1000000000	        0.0010000000	        0.0666666667	        0.1000000000	        0.0010000000
        0.0931429507	        0.7086400157	        0.8760587462	       -0.1910132015	      157.9100304474	        0.0001158085	        0.0003833994	        0.0004259993	        0.0002334353	        0.1000000000	        0.0010000000	        0.0666666667	        0.1000000000	        0.0010000000
        0.1050938490	        0.7480601081	        0.8699680691	       -0.2126982143	      157.0949148166	        0.0001272611	        0.0005175875	        0.0005750972	        0.0002741908	        0.1000000000	        0.0010000000	        0.0666666667	        0.1000000000	        0.0010000000
        0.1184065179	        0.7839255543	        0.8640340560	       -0.2208223834	      156.2448375954	        0.0001413325	        0.0006764367	        0.0007515963	        0.0003154405	        0.1000000000	        0.0010000000	        0.0666666667	        0.1000000000	        0.0010000000
        0.1332122955	        0.8166574392	        0.8581857955	       -0.2242050345	      155.3702473359	        0.0001581659	        0.0008573262	        0.0009525847	        0.0003570708	        0.1000000000	        0.0010000000	        0.0666666667	        0.1000000000	        0.0010000000
        0.1496492201	        0.8467413635	        0.8523405381	       -0.2187248348	      154.4640434171	        0.0001778417	        0.0010562775	        0.0011736417	        0.0003990671	        0.1000000000	        0.0010000000	        0.0666666667	        0.1000000000	        0.0010000000
        0.1678608015	        0.8746403411	        0.8464209740	       -0.2087018056	      153.5184834077	        0.0002002827	        0.0012685319	        0.0014094798	        0.0004411707	        0.1000000000	        0.0010000000	        0.0666666667	        0.1000000000	        0.0010000000
        0.1879943127	        0.9007536093	        0.8403539254	       -0.1972167357	      152.5340906048	        0.0002252761	        0.0014891211	        0.0016545790	        0.0004833115	        0.1000000000	        0.0010000000	        0.0666666667	        0.1000000000	        0.0010000000
        0.2101985296	        0.9254033114	        0.8340683750	       -0.1860361492	      151.5255920856	        0.0002524696	        0.0017132908	        0.0019036564	        0.0005255982	        0.1000000000	        0.0010000000	        0.0666666667	        0.1000000000	        0.0010000000
        0.2346208557	        0.9488352989	        0.8274937823	       -0.1698667452	      150.4666124682	        0.0002813209	        0.0019367297	        0.0021519219	        0.0005676463	        0.1000000000	        0.0010000000	        0.0666666667	        0.1000000000	        0.0010000000
        0.2614037844	        0.9712258618	        0.8205733677	       -0.1509454765	      149.3806962075	        0.0003111714	        0.0021556087	        0.0023951208	        0.0006085073	        0.1000000000	        0.0010000000	        0.0666666667	        0.1000000000	        0.0010000000
        0.2906806794	        0.9926899722	        0.8132619437	       -0.1279082567	      148.2406965033	        0.0003413783	        0.0023665334	        0.0026294815	        0.0006469514	        0.1000000000	        0.0010000000	        0.0666666667	        0.1000000000	        0.0010000000
        0.3225708876	        1.0132890388	        0.8055330420	       -0.1077883747	      147.0665736969	        0.0003713208	        0.0025664406	        0.0028516006	        0.0006821774	        0.1000000000	        0.0010000000	        0.0666666667	        0.1000000000	        0.0010000000
        0.3571742551	        1.0330373544	        0.7973619877	       -0.0860467318	      145.8336712308	        0.0004005475	        0.0027525464	        0.0030583848	        0.0007135290	        0.1000000000	        0.0010000000	        0.0666666667	        0.1000000000	        0.0010000000
        0.3945651751	        1.0519072343	        0.7887412421	       -0.0607201007	      144.5429491372	        0.0004289244	        0.0029222808	        0.0032469786	        0.0007393159	        0.1000000000	        0.0010000000	        0.0666666667	        0.1000000000	        0.0010000000
        0.4347863703	        1.0698331316	        0.7796921111	       -0.0451396687	      143.1911575027	        0.0004566190	        0.0030732821	        0.0034147579	        0.0007595825	        0.1000000000	        0.0010000000	        0.0666666667	        0.1000000000	        0.0010000000
        0.4778426900	        1.0867146138	        0.7702157223	       -0.0313832365	      141.7511208739	        0.0004841410	        0.0032035707	        0.0035595230	        0.0007753765	        0.1000000000	        0.0010000000	        0.0666666667	        0.1000000000	        0.0010000000
        0.5236952751	        1.1024187299	        0.7603204195	       -0.0113316809	      140.2309259981	        0.0005122370	        0.0033116539	        0.0036796154	        0.0007850942	        0.1000000000	        0.0010000000	        0.0666666667	        0.1000000000	        0.0010000000
        0.5722565058	        1.1167825240	        0.7500632381	       -0.0111083544	      138.6134881607	        0.0005417220	        0.0033966664	        0.0037740737	        0.0007908871	        0.1000000000	        0.0010000000	        0.0666666667	        0.1000000000	        0.0010000000
        0.6233861842	        1.1296154094	        0.7394177114	       -0.0253739992	      136.8671192272	        0.0005735471	        0.0034589357	        0.0038432619	        0.0007995620	        0.1000000000	        0.0010000000	        0.0666666667	        0.1000000000	        0.0010000000
        0.6768894010	        1.1407023721	        0.7282797133	       -0.0463650095	      135.0444288008	        0.0006090248	        0.0035003803	        0.0038893115	        0.0008160582	        0.1000000000	        0.0010000000	        0.0666666667	        0.1000000000	        0.0010000000
        0.7325164896	        1.1498099870	        0.7165005653	       -0.0641067815	      133.1436132428	        0.0006503728	        0.0035249768	        0.0039166408	        0.0008417016	        0.1000000000	        0.0010000000	        0.0666666667	        0.1000000000	        0.0010000000
        0.7899653716	        1.1566972788	        0.7039558107	       -0.0689904152	      131.2255774327	        0.0006998273	        0.0035394018	        0.0039326686	        0.0008730650	        0.1000000000	        0.0010000000	        0.0666666667	        0.1000000000	        0.0010000000
        0.8488864424	        1.1611340497	        0.6906385819	       -0.0746021410	      129.2558538806	        0.0007588264	        0.0035545291	        0.0039494768	        0.0009067256	        0.1000000000	        0.0010000000	        0.0666666667	        0.1000000000	        0.0010000000
        0.9088899606	        1.1629274756	        0.6766218070	       -0.0785949796	      127.2574420535	        0.0008285134	        0.0035987834	        0.0039986482	        0.0009422878	        0.1000000000	        0.0010000000	        0.0666666667	        0.1000000000	        0.0010000000
        0.9695556872	        1.1619923506	        0.6621687339	       -0.0828791837	      125.2207076209	        0.0009095187	        0.0037259330	        0.0041399255	        0.0009884218	        0.1000000000	        0.0010000000	        0.0666666667	        0.1000000000	        0.0010000000
        1.0304443128	        1.1584528167	        0.6475648494	       -0.0898428725	      123.1492139293	        0.0010008097	        0.0038835491	        0.0043150545	        0.0010373518	        0.1000000000	        0.0010000000	        0.0666666667	        0.1000000000	        0.0010000000
        1.0911100394	        1.1525303880	        0.6329110386	       -0.1017574895	      121.0510292851	        0.0010999786	        0.0040313635	        0.0044792928	        0.0010888428	        0.1000000000	        0.0010000000	        0.0666666667	        0.1000000000	        0.0010000000
        1.1511135576	        1.1444596599	        0.6181971103	       -0.1161537380	      118.9638867915	        0.0012043590	        0.0041592881	        0.0046214313	        0.0011459377	        0.1000000000	        0.0010000000	        0.0666666667	        0.1000000000	        0.0010000000
        1.2100346284	        1.1344771643	        0.6033886515	       -0.1160166591	      116.9087602816	        0.0013104343	        0.0042608282	        0.0047342535	        0.0012052524	        0.1000000000	        0.0010000000	        0.0666666667	        0.1000000000	        0.0010000000
        1.2674835104	        1.1228126109	        0.5885399804	       -0.1320050483	      114.8760841230	        0.0014127108	        0.0043315439	        0.0048128265	        0.0012663267	        0.1000000000	        0.0010000000	        0.0666666667	        0.1000000000	        0.0010000000
        1.3231105990	        1.1096840880	        0.5736079850	       -0.1345268699	      112.9257677546	        0.0015071143	        0.0043689715	        0.0048544128	        0.0013294487	        0.1000000000	        0.0010000000	        0.0666666667	        0.1000000000	        0.0010000000
        1.3766138158	        1.0952952805	        0.5586278721	       -0.1152581596	      111.0648107937	        0.0015933208	        0.0043718689	        0.0048576322	        0.0013860584	        0.1000000000	        0.0010000000	        0.0666666667	        0.1000000000	        0.0010000000
        1.4277434942	        1.0798327699	        0.5437312675	       -0.0984337439	      109.2689895518	        0.0016712029	        0.0043399125	        0.0048221250	        0.0014317201	        0.1000000000	        0.0010000000	        0.0666666667	        0.1000000000	        0.0010000000
        1.4763047249	        1.0634640340	        0.5290124376	       -0.0888047092	      107.5200028231	        0.0017386984	        0.0042738234	        0.0047486927	        0.0014688770	        0.1000000000	        0.0010000000	        0.0666666667	        0.1000000000	        0.0010000000
        1.5221573100	        1.0463364200	        0.5145152780	       -0.0700645868	      105.8339743217	        0.0017946748	        0.0041752115	        0.0046391239	        0.0014977560	        0.1000000000	        0.0010000000	        0.0666666667	        0.1000000000	        0.0010000000
        1.5652136297	        1.0285761915	        0.5003012049	       -0.0510230003	      104.1900889293	        0.0018374245	        0.0040462199	        0.0044957999	        0.0015171062	        0.1000000000	        0.0010000000	        0.0666666667	        0.1000000000	        0.0010000000
        1.6054348249	        1.0102875275	        0.4864115189	       -0.0342005039	      102.6009172568	        0.0018665819	        0.0038894463	        0.0043216070	        0.0015280514	        0.1000000000	        0.0010000000	        0.0666666667	        0.1000000000	        0.0010000000
        1.6428257449	        0.9915517378	        0.4728617440	       -0.0210377970	      101.0486248430	        0.0018815504	        0.0037077966	        0.0041197740	        0.0015322909	        0.1000000000	        0.0010000000	        0.0666666667	        0.1000000000	        0.0010000000
        1.6774291124	        0.9724263743	        0.4596416910	       -0.0102616443	       99.5422664004	        0.0018819999	        0.0035043452	        0.0038937169	        0.0015313319	        0.1000000000	        0.0010000000	        0.0666666667	        0.1000000000	        0.0010000000
        1.7093193206	        0.9529439770	        0.4467225454	        0.0207644928	       98.1097261448	        0.0018676985	        0.0032822106	        0.0036469007	        0.0015233998	        0.1000000000	        0.0010000000	        0.0666666667	        0.1000000000	        0.0010000000
        1.7385962156	        0.9331099139	        0.4341061142	        0.0597649811	       96.7315177033	        0.0018378701	        0.0030443826	        0.0033826474	        0.0015057170	        0.1000000000	        0.0010000000	        0.0666666667	        0.1000000000	        0.0010000000
        1.7653791443	        0.9128991811	        0.4217875517	        0.1056238617	       95.3962480302	        0.0017929712	        0.0027938076	        0.0031042307	        0.0014778844	        0.1000000000	        0.0010000000	        0.0666666667	        0.1000000000	        0.0010000000
        1.7898014704	        0.8922522250	        0.4097499824	        0.1479634368	       94.0743571321	        0.0017340245	        0.0025334562	        0.0028149514	        0.0014408579	        0.1000000000	        0.0010000000	        0.0666666667	        0.1000000000	        0.0010000000
        1.8120056873	        0.8710693634	        0.3979462036	        0.1875802746	       92.7598657379	        0.0016627300	        0.0022664807	        0.0025183118	        0.0013963422	        0.1000000000	        0.0010000000	        0.0666666667	        0.1000000000	        0.0010000000
        1.8321391985	        0.8492035390	        0.3863022381	        0.2255582916	       91.4544886458	        0.0015806312	        0.0019963804	        0.0022182004	        0.0013453657	        0.1000000000	        0.0010000000	        0.0666666667	        0.1000000000	        0.0010000000
        1.8503507799	        0.8264512199	        0.3747194646	        0.2612464256	       90.1396283375	        0.0014901015	        0.0017271973	        0.0019191081	        0.0012884086	        0.1000000000	        0.0010000000	        0.0666666667	        0.1000000000	        0.0010000000
        1.8667877045	        0.8025420069	        0.3630733112	        0.2914458338	       88.8296285661	        0.0013944286	        0.0014636755	        0.0016263061	        0.0012256482	        0.1000000000	        0.0010000000	        0.0666666667	        0.1000000000	        0.0010000000
        1.8815934821	        0.7771288247	        0.3512091743	        0.3108501577	       87.4954900439	        0.0012966893	        0.0012112775	        0.0013458638	        0.0011570655	        0.1000000000	        0.0010000000	        0.0666666667	        0.1000000000	        0.0010000000
        1.8949061510	        0.7497831586	        0.3389379882	        0.3166278994	       86.1410337921	        0.0011998669	        0.0009759334	        0.0010843705	        0.0010821880	        0.1000000000	        0.0010000000	        0.0666666667	        0.1000000000	        0.0010000000
        1.9068570493	        0.7200043049	        0.3260389364	        0.3008722167	       84.7799445553	        0.0011064073	        0.0007634500	        0.0008482778	        0.0010000782	        0.1000000000	        0.0010000000	        0.0666666667	        0.1000000000	        0.0010000000
        1.9175699947	        0.6872580806	        0.3122655316	        0.2697090472	       83.4051133571	        0.0010200924	        0.0005786554	        0.0006429504	        0.0009091266	        0.1000000000	        0.0010000000	        0.0666666667	        0.1000000000	        0.0010000000
        1.9271607996	        0.6510654267	        0.2973822594	        0.2198228141	       82.0110686163	        0.0009426994	        0.0004244969	        0.0004716632	        0.0008076983	        0.1000000000	        0.0010000000	        0.0666666667	        0.1000000000	        0.0010000000
        1.9357370589	        0.6111544012	        0.2812144560	        0.1431500836	       80.6073205912	        0.0008756742	        0.0003014599	        0.0003349555	        0.0006959150	        0.1000000000	        0.0010000000	        0.0666666667	        0.1000000000	        0.0010000000
        1.9433981504	        0.5676540847	        0.2637129817	        0.0396838184	       79.2301855198	        0.0008211335	        0.0002075531	        0.0002306146	        0.0005768657	        0.1000000000	        0.0010000000	        0.0666666667	        0.1000000000	        0.0010000000
        1.9502353978	        0.5212442807	        0.2450207648	       -0.0959901107	       77.8564619260	        0.0007790255	        0.0001388766	        0.0001543074	        0.0004570234	        0.1000000000	        0.0010000000	        0.0666666667	        0.1000000000	        0.0010000000
        1.9563323538	        0.4731375458	        0.2254835611	       -0.2620568356	       76.4995298666	        0.0007501571	        0.0000905560	        0.0001006178	        0.0003448350	        0.1000000000	        0.0010000000	        0.0666666667	        0.1000000000	        0.0010000000
        1.9617651675	        0.4248451945	        0.2055891176	       -0.4493198561	       75.2146332260	        0.0007345755	        0.0000576793	        0.0000640881	        0.0002477866	        0.1000000000	        0.0010000000	        0.0666666667	        0.1000000000	        0.0010000000
        1.9666030060	        0.3778352288	        0.1858584901	       -0.6587440612	       73.9860407496	        0.0007320003	        0.0000359447	        0.0000399385	        0.0001700767	        0.1000000000	        0.0010000000	        0.0666666667	        0.1000000000	        0.0010000000
        1.9709085097	        0.3332609937	        0.1667370349	       -0.8847017266	       72.7999461937	        0.0007420480	        0.0000219345	        0.0000243716	        0.0001120391	        0.1000000000	        0.0010000000	        0.0666666667	        0.1000000000	        0.0010000000
        1.9747382607	        0.2918555507	        0.1485421016	       -1.1187548227	       71.6873735594	        0.0007638883	        0.0000131090	        0.0000145656	        0.0000711749	        0.1000000000	        0.0010000000	        0.0666666667	        0.1000000000	        0.0010000000
        1.9781432525	        0.2539661656	        0.1314630210	       -1.3581026342	       70.6553216064	        0.0007971335	        0.0000076693	        0.0000085214	        0.0000437661	        0.1000000000	        0.0010000000	        0.0666666667	        0.1000000000	        0.0010000000
        1.9811693494	        0.2196536981	        0.1155862550	       -1.5995187744	       69.7011389338	        0.0008404784	        0.0000043870	        0.0000048744	        0.0000261057	        0.1000000000	        0.0010000000	        0.0666666667	        0.1000000000	        0.0010000000
        1.9838577298	        0.1887970283	        0.1009276928	       -1.8385313120	       68.8302818658	        0.0008918658	        0.0000024486	        0.0000027207	        0.0000151098	        0.1000000000	        0.0010000000	        0.0666666667	        0.1000000000	        0.0010000000
        1.9862453073	        0.1611752109	        0.0874602744	       -2.0704117165	       68.0555437404	        0.0009500427	        0.0000013294	        0.0000014772	        0.0000084729	        0.1000000000	        0.0010000000	        0.0666666667	        0.1000000000	        0.0010000000
        1.9883651267	        0.1365227544	        0.0751332830	       -2.2950522224	       67.3666338870	        0.0010141149	        0.0000006990	        0.0000007767	        0.0000045869	        0.1000000000	        0.0010000000	        0.0666666667	        0.1000000000	        0.0010000000
        1.9902467340	        0.1145630753	        0.0638837512	       -2.5140526873	       66.7446021243	        0.0010825894	        0.0000003537	        0.0000003930	        0.0000023837	        0.1000000000	        0.0010000000	        0.0666666667	        0.1000000000	        0.0010000000
        1.9919165179	        0.0950270084	        0.0536431480	       -2.7294850738	       66.1845338014	        0.0011537782	        0.0000001707	        0.0000001897	        0.0000011790	        0.1000000000	        0.0010000000	        0.0666666667	        0.1000000000	        0.0010000000
        1.9933980257	        0.0776620534	        0.0443412772	       -2.9438502977	       65.6903349219	        0.0012260452	        0.0000000776	        0.0000000862	        0.0000005481	        0.1000000000	        0.0010000000	        0.0666666667	        0.1000000000	        0.0010000000
        1.9947122508	        0.0622362520	        0.0359085250	       -3.1570883284	       65.2609925282	        0.0012979458	        0.0000000326	        0.0000000362	        0.0000002350	        0.1000000000	        0.0010000000	        0.0666666667	        0.1000000000	        0.0010000000
        1.9958778967	        0.0485391238	        0.0282773101	       -3.3677251585	       64.8921388840	        0.0013682874	        0.0000000123	        0.0000000136	        0.0000000902	        0.1000000000	        0.0010000000	        0.0666666667	        0.1000000000	        0.0010000000
        1.9969116151	        0.0363810830	        0.0213829351	       -3.5737743318	       64.5777970250	        0.0014361405	        0.0000000039	        0.0000000044	        0.0000000295	        0.1000000000	        0.0010000000	        0.0666666667	        0.1000000000	        0.0010000000
        1.9978282231	        0.0255921347	        0.0151640372	       -3.7732479577	       64.3114519519	        0.0015008231	        0.0000000010	        0.0000000011	        0.0000000075	        0.1000000000	        0.0010000000	        0.0666666667	        0.1000000000	        0.0010000000
        1.9986408981	        0.0160202826	        0.0095627939	       -3.9644212514	       64.0866799145	        0.0015618704	        0.0000000002	        0.0000000002	        0.0000000012	        0.1000000000	        0.0010000000	        0.0666666667	        0.1000000000	        0.0010000000
        1.9993613540	        0.0075298749	        0.0045249893	       -4.1459459283	       63.8974928499	        0.0016190013	        0.0000000000	        0.0000000000	        0.0000000001	        0.1000000000	        0.0010000000	        0.0666666667	        0.1000000000	        0.0010000000
        2.0000000000	        0.0000000000	        0.0000000000	       -4.3168746614	       63.7385031576	        0.0016720830	        0.0000000000	        0.0000000000	        0.0000000000	        0.0000000000	        0.0010000000	        0.0000000000	        0.1000000000	        0.0010000000
