        0.0000000000	        0.0000000000	        1.0000000000	        8.9658905180	        0.0000000000	        0.0000000000	        0.0000000000	        0.0000000000	        0.0000000000	        0.0000000000	        0.0010000000	        0.0000000000	        0.0000000000	        0.0010000000
        0.0006386460	        0.0072238993	        0.9980279943	        8.1351373265	        0.0000000000	        0.0000000000	        0.0000000000	        0.0000000000	        0.0000000000	        0.1000000000	        0.0010000000	        0.0666666667	        0.1000000000	        0.0010000000
        0.0013591019	        0.0153688860	        0.9959356628	        7.2718392166	        0.0000000000	        0.0000000000	        0.0000000001	        0.0000000001	        0.0000000003	        0.1000000000	        0.0010000000	        0.0666666667	        0.1000000000	        0.0010000000
        0.0021717769	        0.0245507994	        0.9937260029	        6.3873772480	        0.0000000000	        0.0000000000	        0.0000000006	        0.0000000007	        0.0000000019	        0.1000000000	        0.0010000000	        0.0666666667	        0.1000000000	        0.0010000000
        0.0030883849	        0.0348995893	        0.9914019477	        5.4967696681	        0.0000000000	        0.0000000000	        0.0000000026	        0.0000000029	        0.0000000071	        0.1000000000	        0.0010000000	        0.0666666667	        0.1000000000	        0.0010000000
        0.0041221033	        0.0465608776	        0.9889651012	        4.6188337075	        0.0000000000	        0.0000000000	        0.0000000083	        0.0000000092	        0.0000000209	        0.1000000000	        0.0010000000	        0.0666666667	        0.1000000000	        0.0010000000
        0.0052877492	        0.0596976092	        0.9864140691	        3.7759003107	        0.0000000000	        0.0000000000	        0.0000000223	        0.0000000248	        0.0000000524	        0.1000000000	        0.0010000000	        0.0666666667	        0.1000000000	        0.0010000000
        0.0066019743	        0.0744917308	        0.9837425180	        2.9927348983	        0.0000000000	        0.0000000000	        0.0000000541	        0.0000000602	        0.0000001181	        0.1000000000	        0.0010000000	        0.0666666667	        0.1000000000	        0.0010000000
        0.0080834821	        0.0911457630	        0.9809372755	        2.2941270942	        0.0000000000	        0.0000000000	        0.0000001213	        0.0000001347	        0.0000002471	        0.1000000000	        0.0010000000	        0.0666666667	        0.1000000000	        0.0010000000
        0.0097532660	        0.1098840054	        0.9779769677	        1.7003314742	        0.0000000000	        0.0000000000	        0.0000002559	        0.0000002844	        0.0000004900	        0.1000000000	        0.0010000000	        0.0666666667	        0.1000000000	        0.0010000000
        0.0116348733	        0.1309528663	        0.9748317142	        1.2191300392	        0.0000000000	        0.0000000000	        0.0000005156	        0.0000005729	        0.0000009346	        0.1000000000	        0.0010000000	        0.0666666667	        0.1000000000	        0.0010000000
        0.0137546927	        0.1546193790	        0.9714637876	        0.8376201536	        0.0000000000	        0.0000000000	        0.0000010004	        0.0000011116	        0.0000017313	        0.1000000000	        0.0010000000	        0.0666666667	        0.1000000000	        0.0010000000
        0.0161422702	        0.1811662134	        0.9678276736	        0.5474203080	        0.0000000000	        0.0000000000	        0.0000018820	        0.0000020911	        0.0000031346	        0.1000000000	        0.0010000000	        0.0666666667	        0.1000000000	        0.0010000000
        0.0188306506	        0.2108802556	        0.9638723082	        0.3340043775	        0.0000000000	        0.0000000000	        0.0000034482	        0.0000038313	        0.0000055660	        0.1000000000	        0.0010000000	        0.0666666667	        0.1000000000	        0.0010000000
        0.0218567475	        0.2440300019	        0.9595446319	        0.1797468592	        0.0000000000	        0.0000000000	        0.0000061731	        0.0000068589	        0.0000097033	        0.1000000000	        0.0010000000	        0.0666666667	        0.1000000000	        0.0010000000
        0.0252617393	        0.2808247947	        0.9547948231	        0.0711301477	        0.0000000000	        0.0000000000	        0.0000108210	        0.0000120234	        0.0000165875	        0.1000000000	        0.0010000000	        0.0666666667	        0.1000000000	        0.0010000000
        0.0290914903	        0.3213476030	        0.9495857414	       -0.0058615880	        0.0000000000	        0.0000000000	        0.0000185944	        0.0000206604	        0.0000277150	        0.1000000000	        0.0010000000	        0.0666666667	        0.1000000000	        0.0010000000
        0.0333969940	        0.3654562649	        0.9439057732	       -0.0639515348	        0.0000000000	        0.0000000000	        0.0000313293	        0.0000348103	        0.0000450303	        0.1000000000	        0.0010000000	        0.0666666667	        0.1000000000	        0.0010000000
        0.0382348325	        0.4126628302	        0.9377836654	       -0.1110068430	        0.0000000000	        0.0000000000	        0.0000517277	        0.0000574752	        0.0000706828	        0.1000000000	        0.0010000000	        0.0666666667	        0.1000000000	        0.0010000000
        0.0436676462	        0.4620333585	        0.9313019412	       -0.1524915950	        0.0000000000	        0.0000000000	        0.0000835777	        0.0000928641	        0.0001064265	        0.1000000000	        0.0010000000	        0.0666666667	        0.1000000000	        0.0010000000
        0.0497646022	        0.5121910088	        0.9245977469	       -0.1915964167	        0.0000000000	        0.0000000000	        0.0001318545	        0.0001465050	        0.0001527884	        0.1000000000	        0.0010000000	        0.0666666667	        0.1000000000	        0.0010000000
        0.0566018496	        0.5615049574	        0.9178407356	       -0.2295924409	        0.0000000000	        0.0000000000	        0.0002025298	        0.0002250332	        0.0002085229	        0.1000000000	        0.0010000000	        0.0666666667	        0.1000000000	        0.0010000000
        0.0642629411	        0.6084475061	        0.9111901086	       -0.2665570271	        0.0000000000	        0.0000000000	        0.0003019345	        0.0003354827	        0.0002709724	        0.1000000000	        0.0010000000	        0.0666666667	        0.1000000000	        0.0010000000
        0.0728392004	        0.6519490537	        0.9047513413	       -0.3016580355	        0.0000000000	        0.0000000000	        0.0004357010	        0.0004841122	        0.0003373034	        0.1000000000	        0.0010000000	        0.0666666667	        0.1000000000	        0.0010000000
        0.0824300053	        0.6915538803	        0.8985563058	       -0.3334394045	        0.0000000000	        0.0000000000	        0.0006075741	        0.0006750824	        0.0004057205	        0.1000000000	        0.0010000000	        0.0666666667	        0.1000000000	        0.0010000000
        0.0931429507	        0.7273375822	        0.8925712887	       -0.3600976793	        0.0000000000	        0.0000000000	        0.0008185022	        0.0009094469	        0.0004758304	        0.1000000000	        0.0010000000	        0.0666666667	        0.1000000000	        0.0010000000
        0.1050938490	        0.7597036129	        0.8867192968	       -0.3798063394	        0.0000000000	        0.0000000000	        0.0010663385	        0.0011848206	        0.0005481940	        0.1000000000	        0.0010000000	        0.0666666667	        0.1000000000	        0.0010000000
        0.1184065179	        0.7891885940	        0.8809020110	       -0.3910372150	        0.0000000000	        0.0000000000	        0.0013462428	        0.0014958253	        0.0006236296	        0.1000000000	        0.0010000000	        0.0666666667	        0.1000000000	        0.0010000000
        0.1332122955	        0.8163334547	        0.8750150856	       -0.3930809837	        0.0000000000	        0.0000000000	        0.0016515954	        0.0018351060	        0.0007026935	        0.1000000000	        0.0010000000	        0.0666666667	        0.1000000000	        0.0010000000
        0.1496492201	        0.8416185281	        0.8689566505	       -0.3858191256	        0.0000000000	        0.0000000000	        0.0019750684	        0.0021945205	        0.0007854222	        0.1000000000	        0.0010000000	        0.0666666667	        0.1000000000	        0.0010000000
        0.1678608015	        0.8654406505	        0.8626317250	       -0.3698145220	        0.0000000000	        0.0000000000	        0.0023095129	        0.0025661254	        0.0008712564	        0.1000000000	        0.0010000000	        0.0666666667	        0.1000000000	        0.0010000000
        0.1879943127	        0.8881122013	        0.8559544523	       -0.3463955764	        0.0000000000	        0.0000000000	        0.0026484827	        0.0029427586	        0.0009591111	        0.1000000000	        0.0010000000	        0.0666666667	        0.1000000000	        0.0010000000
        0.2101985296	        0.9098693418	        0.8488490673	       -0.3170270267	        0.0000000000	        0.0000000000	        0.0029863939	        0.0033182155	        0.0010474891	        0.1000000000	        0.0010000000	        0.0666666667	        0.1000000000	        0.0010000000
        0.2346208557	        0.9308827613	        0.8412507913	       -0.2837070330	        0.0000000000	        0.0000000000	        0.0033184263	        0.0036871404	        0.0011346453	        0.1000000000	        0.0010000000	        0.0666666667	        0.1000000000	        0.0010000000
        0.2614037844	        0.9512679021	        0.8331058946	       -0.2495858380	        0.0000000000	        0.0000000000	        0.0036403029	        0.0040447810	        0.0012189654	        0.1000000000	        0.0010000000	        0.0666666667	        0.1000000000	        0.0010000000
        0.2906806794	        0.9710935592	        0.8243689814	       -0.2169907939	        0.0000000000	        0.0000000000	        0.0039480538	        0.0043867265	        0.0012992681	        0.1000000000	        0.0010000000	        0.0666666667	        0.1000000000	        0.0010000000
        0.3225708876	        0.9903886450	        0.8150002520	       -0.1852726465	        0.0000000000	        0.0000000000	        0.0042378309	        0.0047087010	        0.0013744529	        0.1000000000	        0.0010000000	        0.0666666667	        0.1000000000	        0.0010000000
        0.3571742551	        1.0091472921	        0.8049683411	       -0.1545348762	        0.0000000000	        0.0000000000	        0.0045058010	        0.0050064455	        0.0014432354	        0.1000000000	        0.0010000000	        0.0666666667	        0.1000000000	        0.0010000000
        0.3945651751	        1.0273325949	        0.7942518123	       -0.1265293159	        0.0000000000	        0.0000000000	        0.0047481266	        0.0052756963	        0.0015046417	        0.1000000000	        0.0010000000	        0.0666666667	        0.1000000000	        0.0010000000
        0.4347863703	        1.0448793115	        0.7828355495	       -0.1019035860	        0.0000000000	        0.0000000000	        0.0049610285	        0.0055122539	        0.0015582582	        0.1000000000	        0.0010000000	        0.0666666667	        0.1000000000	        0.0010000000
        0.4778426900	        1.0616958270	        0.7707086060	       -0.0807022229	        0.0000000000	        0.0000000000	        0.0051409207	        0.0057121341	        0.0016040317	        0.1000000000	        0.0010000000	        0.0666666667	        0.1000000000	        0.0010000000
        0.5236952751	        1.0776656411	        0.7578630918	       -0.0626298061	        0.0000000000	        0.0000000000	        0.0052846112	        0.0058717902	        0.0016421194	        0.1000000000	        0.0010000000	        0.0666666667	        0.1000000000	        0.0010000000
        0.5722565058	        1.0926486176	        0.7442940430	       -0.0484024780	        0.0000000000	        0.0000000000	        0.0053895597	        0.0059883997	        0.0016730974	        0.1000000000	        0.0010000000	        0.0666666667	        0.1000000000	        0.0010000000
        0.6233861842	        1.1064822186	        0.7299948919	       -0.0371395038	        0.0000000000	        0.0000000000	        0.0054541894	        0.0060602105	        0.0016978088	        0.1000000000	        0.0010000000	        0.0666666667	        0.1000000000	        0.0010000000
        0.6768894010	        1.1189829748	        0.7149596538	       -0.0297313342	        0.0000000000	        0.0000000000	        0.0054782546	        0.0060869495	        0.0017174444	        0.1000000000	        0.0010000000	        0.0666666667	        0.1000000000	        0.0010000000
        0.7325164896	        1.1299485393	        0.6991775549	       -0.0251477482	        0.0000000000	        0.0000000000	        0.0054632762	        0.0060703069	        0.0017334358	        0.1000000000	        0.0010000000	        0.0666666667	        0.1000000000	        0.0010000000
        0.7899653716	        1.1391609004	        0.6826385653	       -0.0237638667	        0.0000000000	        0.0000000000	        0.0054130782	        0.0060145313	        0.0017472873	        0.1000000000	        0.0010000000	        0.0666666667	        0.1000000000	        0.0010000000
        0.8488864424	        1.1463917809	        0.6653348430	       -0.0290116554	        0.0000000000	        0.0000000000	        0.0053345120	        0.0059272355	        0.0017619227	        0.1000000000	        0.0010000000	        0.0666666667	        0.1000000000	        0.0010000000
        0.9088899606	        1.1514120447	        0.6472468487	       -0.0394900550	        0.0000000000	        0.0000000000	        0.0052386966	        0.0058207740	        0.0017808826	        0.1000000000	        0.0010000000	        0.0666666667	        0.1000000000	        0.0010000000
        0.9695556872	        1.1540080798	        0.6283716624	       -0.0515869976	        0.0000000000	        0.0000000000	        0.0051450769	        0.0057167521	        0.0018013009	        0.1000000000	        0.0010000000	        0.0666666667	        0.1000000000	        0.0010000000
        1.0304443128	        1.1540080798	        0.6088993318	       -0.0671075017	        0.0000000000	        0.0000000000	        0.0051450769	        0.0057167521	        0.0018402108	        0.1000000000	        0.0010000000	        0.0666666667	        0.1000000000	        0.0010000000
        1.0911100394	        1.1514120447	        0.5891958022	       -0.0828072833	        0.0000000000	        0.0000000000	        0.0052386966	        0.0058207740	        0.0018991252	        0.1000000000	        0.0010000000	        0.0666666667	        0.1000000000	        0.0010000000
        1.1511135576	        1.1463917809	        0.5694819614	       -0.0935529029	        0.0000000000	        0.0000000000	        0.0053345120	        0.0059272355	        0.0019600938	        0.1000000000	        0.0010000000	        0.0666666667	        0.1000000000	        0.0010000000
        1.2100346284	        1.1391609004	        0.5498234251	       -0.0992565397	        0.0000000000	        0.0000000000	        0.0054130782	        0.0060145313	        0.0020243245	        0.1000000000	        0.0010000000	        0.0666666667	        0.1000000000	        0.0010000000
        1.2674835104	        1.1299485393	        0.5302733947	       -0.1024238926	        0.0000000000	        0.0000000000	        0.0054632762	        0.0060703069	        0.0020889340	        0.1000000000	        0.0010000000	        0.0666666667	        0.1000000000	        0.0010000000
        1.3231105990	        1.1189829748	        0.5108738319	       -0.1006882015	        0.0000000000	        0.0000000000	        0.0054782546	        0.0060869495	        0.0021511039	        0.1000000000	        0.0010000000	        0.0666666667	        0.1000000000	        0.0010000000
        1.3766138158	        1.1064822186	        0.4916745941	       -0.0905933420	        0.0000000000	        0.0000000000	        0.0054541894	        0.0060602105	        0.0022065795	        0.1000000000	        0.0010000000	        0.0666666667	        0.1000000000	        0.0010000000
        1.4277434942	        1.0926486176	        0.4727490062	       -0.0734472100	        0.0000000000	        0.0000000000	        0.0053895597	        0.0059883997	        0.0022510179	        0.1000000000	        0.0010000000	        0.0666666667	        0.1000000000	        0.0010000000
        1.4763047249	        1.0776656411	        0.4541801752	       -0.0557175295	        0.0000000000	        0.0000000000	        0.0052846112	        0.0058717902	        0.0022828178	        0.1000000000	        0.0010000000	        0.0666666667	        0.1000000000	        0.0010000000
        1.5221573100	        1.0616958270	        0.4360283914	       -0.0348283758	        0.0000000000	        0.0000000000	        0.0051409207	        0.0057121341	        0.0023019191	        0.1000000000	        0.0010000000	        0.0666666667	        0.1000000000	        0.0010000000
        1.5652136297	        1.0448793115	        0.4183426169	       -0.0078306217	        0.0000000000	        0.0000000000	        0.0049610285	        0.0055122539	        0.0023072424	        0.1000000000	        0.0010000000	        0.0666666667	        0.1000000000	        0.0010000000
        1.6054348249	        1.0273325949	        0.4011690313	        0.0206204018	        0.0000000000	        0.0000000000	        0.0047481266	        0.0052756963	        0.0022984797	        0.1000000000	        0.0010000000	        0.0666666667	        0.1000000000	        0.0010000000
        1.6428257449	        1.0091472921	        0.3845327266	        0.0532234047	        0.0000000000	        0.0000000000	        0.0045058010	        0.0050064455	        0.0022761564	        0.1000000000	        0.0010000000	        0.0666666667	        0.1000000000	        0.0010000000
        1.6774291124	        0.9903886450	        0.3684462392	        0.0926105991	        0.0000000000	        0.0000000000	        0.0042378309	        0.0047087010	        0.0022399997	        0.1000000000	        0.0010000000	        0.0666666667	        0.1000000000	        0.0010000000
        1.7093193206	        0.9710935592	        0.3529147447	        0.1426406584	        0.0000000000	        0.0000000000	        0.0039480538	        0.0043867265	        0.0021890128	        0.1000000000	        0.0010000000	        0.0666666667	        0.1000000000	        0.0010000000
        1.7385962156	        0.9512679021	        0.3379417700	        0.2015444517	        0.0000000000	        0.0000000000	        0.0036403029	        0.0040447810	        0.0021224060	        0.1000000000	        0.0010000000	        0.0666666667	        0.1000000000	        0.0010000000
        1.7653791443	        0.9308827613	        0.3235209220	        0.2669330821	        0.0000000000	        0.0000000000	        0.0033184263	        0.0036871404	        0.0020405405	        0.1000000000	        0.0010000000	        0.0666666667	        0.1000000000	        0.0010000000
        1.7898014704	        0.9098693418	        0.3096293253	        0.3406434390	        0.0000000000	        0.0000000000	        0.0029863939	        0.0033182155	        0.0019441435	        0.1000000000	        0.0010000000	        0.0666666667	        0.1000000000	        0.0010000000
        1.8120056873	        0.8881122013	        0.2962308760	        0.4208222886	        0.0000000000	        0.0000000000	        0.0026484827	        0.0029427586	        0.0018340561	        0.1000000000	        0.0010000000	        0.0666666667	        0.1000000000	        0.0010000000
        1.8321391985	        0.8654406505	        0.2832734955	        0.5029602123	        0.0000000000	        0.0000000000	        0.0023095129	        0.0025661254	        0.0017118124	        0.1000000000	        0.0010000000	        0.0666666667	        0.1000000000	        0.0010000000
        1.8503507799	        0.8416185281	        0.2706846383	        0.5821484279	        0.0000000000	        0.0000000000	        0.0019750684	        0.0021945205	        0.0015795689	        0.1000000000	        0.0010000000	        0.0666666667	        0.1000000000	        0.0010000000
        1.8667877045	        0.8163334547	        0.2583692190	        0.6523173516	        0.0000000000	        0.0000000000	        0.0016515954	        0.0018351060	        0.0014398052	        0.1000000000	        0.0010000000	        0.0666666667	        0.1000000000	        0.0010000000
        1.8815934821	        0.7891885940	        0.2462088301	        0.7077634943	        0.0000000000	        0.0000000000	        0.0013462428	        0.0014958253	        0.0012950004	        0.1000000000	        0.0010000000	        0.0666666667	        0.1000000000	        0.0010000000
        1.8949061510	        0.7597036129	        0.2340647961	        0.7444860334	        0.0000000000	        0.0000000000	        0.0010663385	        0.0011848206	        0.0011472321	        0.1000000000	        0.0010000000	        0.0666666667	        0.1000000000	        0.0010000000
        1.9068570493	        0.7273375822	        0.2217879684	        0.7596851275	        0.0000000000	        0.0000000000	        0.0008185022	        0.0009094469	        0.0009980291	        0.1000000000	        0.0010000000	        0.0666666667	        0.1000000000	        0.0010000000
        1.9175699947	        0.6915538803	        0.2092372932	        0.7510324164	        0.0000000000	        0.0000000000	        0.0006075741	        0.0006750824	        0.0008487024	        0.1000000000	        0.0010000000	        0.0666666667	        0.1000000000	        0.0010000000
        1.9271607996	        0.6519490537	        0.1963092467	        0.7173175190	        0.0000000000	        0.0000000000	        0.0004357010	        0.0004841122	        0.0007010956	        0.1000000000	        0.0010000000	        0.0666666667	        0.1000000000	        0.0010000000
        1.9357370589	        0.6084475061	        0.1829775371	        0.6574527964	        0.0000000000	        0.0000000000	        0.0003019345	        0.0003354827	        0.0005585371	        0.1000000000	        0.0010000000	        0.0666666667	        0.1000000000	        0.0010000000
        1.9433981504	        0.5615049574	        0.1693289626	        0.5720005878	        0.0000000000	        0.0000000000	        0.0002025298	        0.0002250332	        0.0004262360	        0.1000000000	        0.0010000000	        0.0666666667	        0.1000000000	        0.0010000000
        1.9502353978	        0.5121910088	        0.1555713542	        0.4587800799	        0.0000000000	        0.0000000000	        0.0001318545	        0.0001465050	        0.0003103175	        0.1000000000	        0.0010000000	        0.0666666667	        0.1000000000	        0.0010000000
        1.9563323538	        0.4620333585	        0.1419888829	        0.3182884630	        0.0000000000	        0.0000000000	        0.0000835777	        0.0000928641	        0.0002155512	        0.1000000000	        0.0010000000	        0.0666666667	        0.1000000000	        0.0010000000
        1.9617651675	        0.4126628302	        0.1288652007	        0.1471167813	        0.0000000000	        0.0000000000	        0.0000517277	        0.0000574752	        0.0001434326	        0.1000000000	        0.0010000000	        0.0666666667	        0.1000000000	        0.0010000000
        1.9666030060	        0.3654562649	        0.1164126445	       -0.0562195078	        0.0000000000	        0.0000000000	        0.0000313293	        0.0000348103	        0.0000920262	        0.1000000000	        0.0010000000	        0.0666666667	        0.1000000000	        0.0010000000
        1.9709085097	        0.3213476030	        0.1047459052	       -0.2924432131	        0.0000000000	        0.0000000000	        0.0000185944	        0.0000206604	        0.0000573119	        0.1000000000	        0.0010000000	        0.0666666667	        0.1000000000	        0.0010000000
        1.9747382607	        0.2808247947	        0.0938951356	       -0.5656533158	        0.0000000000	        0.0000000000	        0.0000108210	        0.0000120234	        0.0000348307	        0.1000000000	        0.0010000000	        0.0666666667	        0.1000000000	        0.0010000000
        1.9781432525	        0.2440300019	        0.0838340773	       -0.8810008285	        0.0000000000	        0.0000000000	        0.0000061731	        0.0000068589	        0.0000207243	        0.1000000000	        0.0010000000	        0.0666666667	        0.1000000000	        0.0010000000
        1.9811693494	        0.2108802556	        0.0745073836	       -1.2363955613	        0.0000000000	        0.0000000000	        0.0000034482	        0.0000038313	        0.0000120836	        0.1000000000	        0.0010000000	        0.0666666667	        0.1000000000	        0.0010000000
        1.9838577298	        0.1811662134	        0.0658519806	       -1.6240665246	        0.0000000000	        0.0000000000	        0.0000018820	        0.0000020911	        0.0000068947	        0.1000000000	        0.0010000000	        0.0666666667	        0.1000000000	        0.0010000000
        1.9862453073	        0.1546193790	        0.0578095653	       -2.0428744366	        0.0000000000	        0.0000000000	        0.0000010004	        0.0000011116	        0.0000038368	        0.1000000000	        0.0010000000	        0.0666666667	        0.1000000000	        0.0010000000
        1.9883651267	        0.1309528663	        0.0503301428	       -2.4937128802	        0.0000000000	        0.0000000000	        0.0000005156	        0.0000005729	        0.0000020718	        0.1000000000	        0.0010000000	        0.0666666667	        0.1000000000	        0.0010000000
        1.9902467340	        0.1098840054	        0.0433719859	       -2.9689389496	        0.0000000000	        0.0000000000	        0.0000002559	        0.0000002844	        0.0000010778	        0.1000000000	        0.0010000000	        0.0666666667	        0.1000000000	        0.0010000000
        1.9919165179	        0.0911457630	        0.0369011881	       -3.4558473168	        0.0000000000	        0.0000000000	        0.0000001213	        0.0000001347	        0.0000005350	        0.1000000000	        0.0010000000	        0.0666666667	        0.1000000000	        0.0010000000
        1.9933980257	        0.0744917308	        0.0308904572	       -3.9431174353	        0.0000000000	        0.0000000000	        0.0000000541	        0.0000000602	        0.0000002499	        0.1000000000	        0.0010000000	        0.0666666667	        0.1000000000	        0.0010000000
        1.9947122508	        0.0596976092	        0.0253172027	       -4.4216157143	        0.0000000000	        0.0000000000	        0.0000000223	        0.0000000248	        0.0000001077	        0.1000000000	        0.0010000000	        0.0666666667	        0.1000000000	        0.0010000000
        1.9958778967	        0.0465608776	        0.0201616367	       -4.8843256690	        0.0000000000	        0.0000000000	        0.0000000083	        0.0000000092	        0.0000000415	        0.1000000000	        0.0010000000	        0.0666666667	        0.1000000000	        0.0010000000
        1.9969116151	        0.0348995893	        0.0154052560	       -5.3261377019	        0.0000000000	        0.0000000000	        0.0000000026	        0.0000000029	        0.0000000136	        0.1000000000	        0.0010000000	        0.0666666667	        0.1000000000	        0.0010000000
        1.9978282231	        0.0245507994	        0.0110298036	       -5.7435784283	        0.0000000000	        0.0000000000	        0.0000000006	        0.0000000007	        0.0000000035	        0.1000000000	        0.0010000000	        0.0666666667	        0.1000000000	        0.0010000000
        1.9986408981	        0.0153688860	        0.0070166739	       -6.1345273899	        0.0000000000	        0.0000000000	        0.0000000001	        0.0000000001	        0.0000000005	        0.1000000000	        0.0010000000	        0.0666666667	        0.1000000000	        0.0010000000
        1.9993613540	        0.0072238993	        0.0033466686	       -6.4979481369	        0.0000000000	        0.0000000000	        0.0000000000	        0.0000000000	        0.0000000000	        0.1000000000	        0.0010000000	        0.0666666667	        0.1000000000	        0.0010000000
        2.0000000000	        0.0000000000	        0.0000000000	       -6.8336473605	        0.0000000000	        0.0000000000	        0.0000000000	        0.0000000000	        0.0000000000	        0.0000000000	        0.0010000000	        0.0000000000	        0.0000000000	        0.0010000000
