        0.0000000000	        0.0000000000	        1.0000000000	        6.6239370761	       29.5369293278	        0.0009795084	        0.0000000000	        0.0000000000	        0.0000000000	        0.0000000000	        0.0010000000	        0.0000000000	        0.1000000000	        0.0010000000
        0.0006386460	        0.0072238993	        0.9925261248	        6.2656339929	       29.5239662053	        0.0009332118	        0.0000000000	        0.0000000000	        0.0000000001	        0.1000000000	        0.0010000000	        0.0666666667	        0.1000000000	        0.0010000000
        0.0013591019	        0.0153688860	        0.9841957583	        5.8818157482	       29.5095894113	        0.0008837362	        0.0000000001	        0.0000000001	        0.0000000013	        0.1000000000	        0.0010000000	        0.0666666667	        0.1000000000	        0.0010000000
        0.0021717769	        0.0245507994	        0.9749198096	        5.4738825170	       29.4936656051	        0.0008312968	        0.0000000006	        0.0000000007	        0.0000000081	        0.1000000000	        0.0010000000	        0.0666666667	        0.1000000000	        0.0010000000
        0.0030883849	        0.0348995893	        0.9646008836	        5.0442780731	       29.4760483187	        0.0007762473	        0.0000000026	        0.0000000029	        0.0000000325	        0.1000000000	        0.0010000000	        0.0666666667	        0.1000000000	        0.0010000000
        0.0041221033	        0.0465608776	        0.9531325638	        4.5966794770	       29.4565733684	        0.0007191028	        0.0000000083	        0.0000000092	        0.0000001013	        0.1000000000	        0.0010000000	        0.0666666667	        0.1000000000	        0.0010000000
        0.0052877492	        0.0596976092	        0.9403989379	        4.1361491131	       29.4350511760	        0.0006605549	        0.0000000223	        0.0000000248	        0.0000002695	        0.1000000000	        0.0010000000	        0.0666666667	        0.1000000000	        0.0010000000
        0.0066019743	        0.0744917308	        0.9262749220	        3.6691947851	       29.4112542011	        0.0006014722	        0.0000000541	        0.0000000602	        0.0000006421	        0.1000000000	        0.0010000000	        0.0666666667	        0.1000000000	        0.0010000000
        0.0080834821	        0.0911457630	        0.9106285489	        3.2036496992	       29.3848967767	        0.0005428727	        0.0000001213	        0.0000001347	        0.0000014121	        0.1000000000	        0.0010000000	        0.0666666667	        0.1000000000	        0.0010000000
        0.0097532660	        0.1098840054	        0.8933274963	        2.7482332440	       29.3556033102	        0.0004858465	        0.0000002559	        0.0000002844	        0.0000029195	        0.1000000000	        0.0010000000	        0.0666666667	        0.1000000000	        0.0010000000
        0.0116348733	        0.1309528663	        0.8742539632	        2.3115778320	       29.3228588842	        0.0004313992	        0.0000005156	        0.0000005729	        0.0000057390	        0.1000000000	        0.0010000000	        0.0666666667	        0.1000000000	        0.0010000000
        0.0137546927	        0.1546193790	        0.8533345777	        1.9009040580	       29.2859792450	        0.0003802709	        0.0000010004	        0.0000011116	        0.0000107921	        0.1000000000	        0.0010000000	        0.0666666667	        0.1000000000	        0.0010000000
        0.0161422702	        0.1811662134	        0.8305943591	        1.5236060186	       29.2444249290	        0.0003334339	        0.0000018820	        0.0000020911	        0.0000194447	        0.1000000000	        0.0010000000	        0.0666666667	        0.1000000000	        0.0010000000
        0.0188306506	        0.2108802556	        0.8062425101	        1.1844648442	       29.1978093476	        0.0002917742	        0.0000034482	        0.0000038313	        0.0000334731	        0.1000000000	        0.0010000000	        0.0666666667	        0.1000000000	        0.0010000000
        0.0218567475	        0.2440300019	        0.7807816730	        0.8870678524	       29.1455224610	        0.0002559843	        0.0000061731	        0.0000068589	        0.0000546773	        0.1000000000	        0.0010000000	        0.0666666667	        0.1000000000	        0.0010000000
        0.0252617393	        0.2808247947	        0.7550913491	        0.6338981835	       29.0866111150	        0.0002264603	        0.0000108210	        0.0000120234	        0.0000839462	        0.1000000000	        0.0010000000	        0.0666666667	        0.1000000000	        0.0010000000
        0.0290914903	        0.3213476030	        0.7303817291	        0.4250178024	       29.0210373715	        0.0002034041	        0.0000185944	        0.0000206604	        0.0001200387	        0.1000000000	        0.0010000000	        0.0666666667	        0.1000000000	        0.0010000000
        0.0333969940	        0.3654562649	        0.7079288651	        0.2573377372	       28.9492821963	        0.0001867530	        0.0000313293	        0.0000348103	        0.0001591365	        0.1000000000	        0.0010000000	        0.0666666667	        0.1000000000	        0.0010000000
        0.0382348325	        0.4126628302	        0.6886733698	        0.1266521388	       28.8694380001	        0.0001763039	        0.0000517277	        0.0000574752	        0.0001961565	        0.1000000000	        0.0010000000	        0.0666666667	        0.1000000000	        0.0010000000
        0.0436676462	        0.4620333585	        0.6729511407	        0.0272391470	       28.7807443334	        0.0001717049	        0.0000835777	        0.0000928641	        0.0002271312	        0.1000000000	        0.0010000000	        0.0666666667	        0.1000000000	        0.0010000000
        0.0497646022	        0.5121910088	        0.6605324935	       -0.0472217448	       28.6829802630	        0.0001725844	        0.0001318545	        0.0001465050	        0.0002506547	        0.1000000000	        0.0010000000	        0.0666666667	        0.1000000000	        0.0010000000
        0.0566018496	        0.5615049574	        0.6508675682	       -0.1027080840	       28.5754684550	        0.0001786283	        0.0002025298	        0.0002250332	        0.0002675175	        0.1000000000	        0.0010000000	        0.0666666667	        0.1000000000	        0.0010000000
        0.0642629411	        0.6084475061	        0.6433316162	       -0.1442358658	       28.4578194945	        0.0001896230	        0.0003019345	        0.0003354827	        0.0002794671	        0.1000000000	        0.0010000000	        0.0666666667	        0.1000000000	        0.0010000000
        0.0728392004	        0.6519490537	        0.6373678358	       -0.1754663230	       28.3286794217	        0.0002054883	        0.0004357010	        0.0004841122	        0.0002882306	        0.1000000000	        0.0010000000	        0.0666666667	        0.1000000000	        0.0010000000
        0.0824300053	        0.6915538803	        0.6325358473	       -0.1987080490	       28.1874204207	        0.0002261887	        0.0006075741	        0.0006750824	        0.0002951154	        0.1000000000	        0.0010000000	        0.0666666667	        0.1000000000	        0.0010000000
        0.0931429507	        0.7273375822	        0.6285082355	       -0.2151579436	       28.0319621227	        0.0002517534	        0.0008185022	        0.0009094469	        0.0003009824	        0.1000000000	        0.0010000000	        0.0666666667	        0.1000000000	        0.0010000000
        0.1050938490	        0.7597036129	        0.6250484493	       -0.2254127865	       27.8625938039	        0.0002820950	        0.0010663385	        0.0011848206	        0.0003063531	        0.1000000000	        0.0010000000	        0.0666666667	        0.1000000000	        0.0010000000
        0.1184065179	        0.7891885940	        0.6219869681	       -0.2299181915	       27.6763207873	        0.0003170439	        0.0013462428	        0.0014958253	        0.0003115274	        0.1000000000	        0.0010000000	        0.0666666667	        0.1000000000	        0.0010000000
        0.1332122955	        0.8163334547	        0.6192017386	       -0.2291364875	       27.4736214889	        0.0003561975	        0.0016515954	        0.0018351060	        0.0003166691	        0.1000000000	        0.0010000000	        0.0666666667	        0.1000000000	        0.0010000000
        0.1496492201	        0.8416185281	        0.6166037869	       -0.2236074550	       27.2526669261	        0.0003990630	        0.0019750684	        0.0021945205	        0.0003218586	        0.1000000000	        0.0010000000	        0.0666666667	        0.1000000000	        0.0010000000
        0.1678608015	        0.8654406505	        0.6141271551	       -0.2138920038	       27.0118187436	        0.0004449317	        0.0023095129	        0.0025661254	        0.0003271193	        0.1000000000	        0.0010000000	        0.0666666667	        0.1000000000	        0.0010000000
        0.1879943127	        0.8881122013	        0.6117220209	       -0.2004404307	       26.7484445056	        0.0004929263	        0.0026484827	        0.0029427586	        0.0003324304	        0.1000000000	        0.0010000000	        0.0666666667	        0.1000000000	        0.0010000000
        0.2101985296	        0.9098693418	        0.6093500497	       -0.1841309046	       26.4626470103	        0.0005420410	        0.0029863939	        0.0033182155	        0.0003377376	        0.1000000000	        0.0010000000	        0.0666666667	        0.1000000000	        0.0010000000
        0.2346208557	        0.9308827613	        0.6069811796	       -0.1659788918	       26.1506909126	        0.0005911781	        0.0033184263	        0.0036871404	        0.0003429680	        0.1000000000	        0.0010000000	        0.0666666667	        0.1000000000	        0.0010000000
        0.2614037844	        0.9512679021	        0.6045913773	       -0.1467952037	       25.8129167436	        0.0006392656	        0.0036403029	        0.0040447810	        0.0003480387	        0.1000000000	        0.0010000000	        0.0666666667	        0.1000000000	        0.0010000000
        0.2906806794	        0.9710935592	        0.6021610890	       -0.1275286294	       25.4475316187	        0.0006853809	        0.0039480538	        0.0043867265	        0.0003528668	        0.1000000000	        0.0010000000	        0.0666666667	        0.1000000000	        0.0010000000
        0.3225708876	        0.9903886450	        0.5996740861	       -0.1089445343	       25.0515752829	        0.0007287608	        0.0042378309	        0.0047087010	        0.0003573796	        0.1000000000	        0.0010000000	        0.0666666667	        0.1000000000	        0.0010000000
        0.3571742551	        1.0091472921	        0.5971166147	       -0.0913493759	       24.6246254760	        0.0007685989	        0.0045058010	        0.0050064455	        0.0003615144	        0.1000000000	        0.0010000000	        0.0666666667	        0.1000000000	        0.0010000000
        0.3945651751	        1.0273325949	        0.5944768331	       -0.0747564068	       24.1657253641	        0.0008042561	        0.0047481266	        0.0052756963	        0.0003652116	        0.1000000000	        0.0010000000	        0.0666666667	        0.1000000000	        0.0010000000
        0.4347863703	        1.0448793115	        0.5917444712	       -0.0598027166	       23.6750300459	        0.0008352789	        0.0049610285	        0.0055122539	        0.0003684278	        0.1000000000	        0.0010000000	        0.0666666667	        0.1000000000	        0.0010000000
        0.4778426900	        1.0616958270	        0.5889103797	       -0.0471227398	       23.1511493256	        0.0008616518	        0.0051409207	        0.0057121341	        0.0003711581	        0.1000000000	        0.0010000000	        0.0666666667	        0.1000000000	        0.0010000000
        0.5236952751	        1.0776656411	        0.5859660760	       -0.0367405302	       22.5937809111	        0.0008836430	        0.0052846112	        0.0058717902	        0.0003734293	        0.1000000000	        0.0010000000	        0.0666666667	        0.1000000000	        0.0010000000
        0.5722565058	        1.0926486176	        0.5829035261	       -0.0289819518	       22.0063554442	        0.0009018978	        0.0053895597	        0.0059883997	        0.0003752988	        0.1000000000	        0.0010000000	        0.0666666667	        0.1000000000	        0.0010000000
        0.6233861842	        1.1064822186	        0.5797148553	       -0.0249700725	       21.3869271601	        0.0009176938	        0.0054541894	        0.0060602105	        0.0003768897	        0.1000000000	        0.0010000000	        0.0666666667	        0.1000000000	        0.0010000000
        0.6768894010	        1.1189829748	        0.5763917030	       -0.0248607292	       20.7407060349	        0.0009328439	        0.0054782546	        0.0060869495	        0.0003783903	        0.1000000000	        0.0010000000	        0.0666666667	        0.1000000000	        0.0010000000
        0.7325164896	        1.1299485393	        0.5729251261	       -0.0274202186	       20.0698714231	        0.0009494521	        0.0054632762	        0.0060703069	        0.0003799801	        0.1000000000	        0.0010000000	        0.0666666667	        0.1000000000	        0.0010000000
        0.7899653716	        1.1391609004	        0.5693067153	       -0.0332876977	       19.3768185055	        0.0009690716	        0.0054130782	        0.0060145313	        0.0003818368	        0.1000000000	        0.0010000000	        0.0666666667	        0.1000000000	        0.0010000000
        0.8488864424	        1.1463917809	        0.5655294372	       -0.0436090823	       18.6683339096	        0.0009945591	        0.0053345120	        0.0059272355	        0.0003841983	        0.1000000000	        0.0010000000	        0.0666666667	        0.1000000000	        0.0010000000
        0.9088899606	        1.1514120447	        0.5615893294	       -0.0554597684	       17.9493579148	        0.0010286934	        0.0052386966	        0.0058207740	        0.0003871891	        0.1000000000	        0.0010000000	        0.0666666667	        0.1000000000	        0.0010000000
        0.9695556872	        1.1540080798	        0.5574931173	       -0.0666675368	       17.2253495431	        0.0010711845	        0.0051450769	        0.0057167521	        0.0003896180	        0.1000000000	        0.0010000000	        0.0666666667	        0.1000000000	        0.0010000000
        1.0304443128	        1.1540080798	        0.5532948340	       -0.0794055580	       16.5022217098	        0.0011218386	        0.0051450769	        0.0057167521	        0.0003946638	        0.1000000000	        0.0010000000	        0.0666666667	        0.1000000000	        0.0010000000
        1.0911100394	        1.1514120447	        0.5490912037	       -0.0943152230	       15.7865095672	        0.0011820051	        0.0052386966	        0.0058207740	        0.0004024874	        0.1000000000	        0.0010000000	        0.0666666667	        0.1000000000	        0.0010000000
        1.1511135576	        1.1463917809	        0.5449409898	       -0.1082115118	       15.0844337948	        0.0012516648	        0.0053345120	        0.0059272355	        0.0004098401	        0.1000000000	        0.0010000000	        0.0666666667	        0.1000000000	        0.0010000000
        1.2100346284	        1.1391609004	        0.5408587521	       -0.1173277848	       14.3997450179	        0.0013283523	        0.0054130782	        0.0060145313	        0.0004176740	        0.1000000000	        0.0010000000	        0.0666666667	        0.1000000000	        0.0010000000
        1.2674835104	        1.1299485393	        0.5368511801	       -0.1224168146	       13.7411369233	        0.0014072761	        0.0054632762	        0.0060703069	        0.0004256957	        0.1000000000	        0.0010000000	        0.0666666667	        0.1000000000	        0.0010000000
        1.3231105990	        1.1189829748	        0.5329213660	       -0.1257988107	       13.1090759853	        0.0014866973	        0.0054782546	        0.0060869495	        0.0004336701	        0.1000000000	        0.0010000000	        0.0666666667	        0.1000000000	        0.0010000000
        1.3766138158	        1.1064822186	        0.5290695256	       -0.1245901940	       12.5071999583	        0.0015637587	        0.0054541894	        0.0060602105	        0.0004413592	        0.1000000000	        0.0010000000	        0.0666666667	        0.1000000000	        0.0010000000
        1.4277434942	        1.0926486176	        0.5252956527	       -0.1163166753	       11.9376580633	        0.0016347604	        0.0053895597	        0.0059883997	        0.0004483923	        0.1000000000	        0.0010000000	        0.0666666667	        0.1000000000	        0.0010000000
        1.4763047249	        1.0776656411	        0.5216008124	       -0.1010732242	       11.4033298367	        0.0016952300	        0.0052846112	        0.0058717902	        0.0004543846	        0.1000000000	        0.0010000000	        0.0666666667	        0.1000000000	        0.0010000000
        1.5221573100	        1.0616958270	        0.5179865796	       -0.0810490753	       10.9023892734	        0.0017427970	        0.0051409207	        0.0057121341	        0.0004590821	        0.1000000000	        0.0010000000	        0.0666666667	        0.1000000000	        0.0010000000
        1.5652136297	        1.0448793115	        0.5144535660	       -0.0542764016	       10.4351340980	        0.0017760092	        0.0049610285	        0.0055122539	        0.0004623070	        0.1000000000	        0.0010000000	        0.0666666667	        0.1000000000	        0.0010000000
        1.6054348249	        1.0273325949	        0.5110017362	       -0.0198363927	       10.0007997563	        0.0017937258	        0.0047481266	        0.0052756963	        0.0004638768	        0.1000000000	        0.0010000000	        0.0666666667	        0.1000000000	        0.0010000000
        1.6428257449	        1.0091472921	        0.5076300892	        0.0228327478	        9.5976435449	        0.0017935116	        0.0045058010	        0.0050064455	        0.0004636497	        0.1000000000	        0.0010000000	        0.0666666667	        0.1000000000	        0.0010000000
        1.6774291124	        0.9903886450	        0.5043361524	        0.0731396425	        9.2248589202	        0.0017747778	        0.0042378309	        0.0047087010	        0.0004615561	        0.1000000000	        0.0010000000	        0.0666666667	        0.1000000000	        0.0010000000
        1.7093193206	        0.9710935592	        0.5011151445	        0.1299398063	        8.8799193997	        0.0017378564	        0.0039480538	        0.0043867265	        0.0004576214	        0.1000000000	        0.0010000000	        0.0666666667	        0.1000000000	        0.0010000000
        1.7385962156	        0.9512679021	        0.4979590783	        0.1924689051	        8.5606449166	        0.0016837189	        0.0036403029	        0.0040447810	        0.0004519473	        0.1000000000	        0.0010000000	        0.0666666667	        0.1000000000	        0.0010000000
        1.7653791443	        0.9308827613	        0.4948559941	        0.2584598830	        8.2656407921	        0.0016145526	        0.0033184263	        0.0036871404	        0.0004447063	        0.1000000000	        0.0010000000	        0.0666666667	        0.1000000000	        0.0010000000
        1.7898014704	        0.9098693418	        0.4917887903	        0.3243257147	        7.9924480798	        0.0015327084	        0.0029863939	        0.0033182155	        0.0004361542	        0.1000000000	        0.0010000000	        0.0666666667	        0.1000000000	        0.0010000000
        1.8120056873	        0.8881122013	        0.4887336736	        0.3862596834	        7.7395446139	        0.0014420626	        0.0026484827	        0.0029427586	        0.0004266122	        0.1000000000	        0.0010000000	        0.0666666667	        0.1000000000	        0.0010000000
        1.8321391985	        0.8654406505	        0.4856582694	        0.4415644332	        7.5045732862	        0.0013460254	        0.0023095129	        0.0025661254	        0.0004164164	        0.1000000000	        0.0010000000	        0.0666666667	        0.1000000000	        0.0010000000
        1.8503507799	        0.8416185281	        0.4825192825	        0.4867457364	        7.2864218774	        0.0012484738	        0.0019750684	        0.0021945205	        0.0004058836	        0.1000000000	        0.0010000000	        0.0666666667	        0.1000000000	        0.0010000000
        1.8667877045	        0.8163334547	        0.4792589055	        0.5177998892	        7.0841005877	        0.0011532781	        0.0016515954	        0.0018351060	        0.0003953005	        0.1000000000	        0.0010000000	        0.0666666667	        0.1000000000	        0.0010000000
        1.8815934821	        0.7891885940	        0.4757994151	        0.5311341903	        6.8966338119	        0.0010639715	        0.0013462428	        0.0014958253	        0.0003848985	        0.1000000000	        0.0010000000	        0.0666666667	        0.1000000000	        0.0010000000
        1.8949061510	        0.7597036129	        0.4720351735	        0.5233766502	        6.7229009056	        0.0009833368	        0.0010663385	        0.0011848206	        0.0003748192	        0.1000000000	        0.0010000000	        0.0666666667	        0.1000000000	        0.0010000000
        1.9068570493	        0.7273375822	        0.4678207267	        0.4907181184	        6.5611416266	        0.0009132197	        0.0008185022	        0.0009094469	        0.0003650766	        0.1000000000	        0.0010000000	        0.0666666667	        0.1000000000	        0.0010000000
        1.9175699947	        0.6915538803	        0.4629533338	        0.4298239031	        6.4124138982	        0.0008563347	        0.0006075741	        0.0006750824	        0.0003554881	        0.1000000000	        0.0010000000	        0.0666666667	        0.1000000000	        0.0010000000
        1.9271607996	        0.6519490537	        0.4571486919	        0.3369672322	        6.2755204632	        0.0008137565	        0.0004357010	        0.0004841122	        0.0003455620	        0.1000000000	        0.0010000000	        0.0666666667	        0.1000000000	        0.0010000000
        1.9357370589	        0.6084475061	        0.4500102000	        0.2079559605	        6.1491998581	        0.0007863767	        0.0003019345	        0.0003354827	        0.0003343458	        0.1000000000	        0.0010000000	        0.0666666667	        0.1000000000	        0.0010000000
        1.9433981504	        0.5615049574	        0.4409980311	        0.0421028974	        6.0347917471	        0.0007749632	        0.0002025298	        0.0002250332	        0.0003202541	        0.1000000000	        0.0010000000	        0.0666666667	        0.1000000000	        0.0010000000
        1.9502353978	        0.5121910088	        0.4294184539	       -0.1649052038	        5.9298646690	        0.0007794083	        0.0001318545	        0.0001465050	        0.0003010704	        0.1000000000	        0.0010000000	        0.0666666667	        0.1000000000	        0.0010000000
        1.9563323538	        0.4620333585	        0.4144726575	       -0.4095579608	        5.8351459751	        0.0007990133	        0.0000835777	        0.0000928641	        0.0002743805	        0.1000000000	        0.0010000000	        0.0666666667	        0.1000000000	        0.0010000000
        1.9617651675	        0.4126628302	        0.3954235379	       -0.6914572398	        5.7494181041	        0.0008331185	        0.0000517277	        0.0000574752	        0.0002387641	        0.1000000000	        0.0010000000	        0.0666666667	        0.1000000000	        0.0010000000
        1.9666030060	        0.3654562649	        0.3718973290	       -1.0040551122	        5.6722823912	        0.0008799577	        0.0000313293	        0.0000348103	        0.0001954131	        0.1000000000	        0.0010000000	        0.0666666667	        0.1000000000	        0.0010000000
        1.9709085097	        0.3213476030	        0.3442073745	       -1.3380890143	        5.6039284410	        0.0009373284	        0.0000185944	        0.0000206604	        0.0001487822	        0.1000000000	        0.0010000000	        0.0666666667	        0.1000000000	        0.0010000000
        1.9747382607	        0.2808247947	        0.3134417066	       -1.6896503064	        5.5427897514	        0.0010036208	        0.0000108210	        0.0000120234	        0.0001050108	        0.1000000000	        0.0010000000	        0.0666666667	        0.1000000000	        0.0010000000
        1.9781432525	        0.2440300019	        0.2811605362	       -2.0533832650	        5.4881359666	        0.0010772762	        0.0000061731	        0.0000068589	        0.0000689893	        0.1000000000	        0.0010000000	        0.0666666667	        0.1000000000	        0.0010000000
        1.9811693494	        0.2108802556	        0.2489015915	       -2.4203217185	        5.4396761941	        0.0011558170	        0.0000034482	        0.0000038313	        0.0000425570	        0.1000000000	        0.0010000000	        0.0666666667	        0.1000000000	        0.0010000000
        1.9838577298	        0.1811662134	        0.2178296551	       -2.7797407930	        5.3972573443	        0.0012362119	        0.0000018820	        0.0000020911	        0.0000248774	        0.1000000000	        0.0010000000	        0.0666666667	        0.1000000000	        0.0010000000
        1.9862453073	        0.1546193790	        0.1886522866	       -3.1276254209	        5.3602166366	        0.0013169098	        0.0000010004	        0.0000011116	        0.0000138735	        0.1000000000	        0.0010000000	        0.0666666667	        0.1000000000	        0.0010000000
        1.9883651267	        0.1309528663	        0.1617039870	       -3.4636093460	        5.3276830453	        0.0013972092	        0.0000005156	        0.0000005729	        0.0000074016	        0.1000000000	        0.0010000000	        0.0666666667	        0.1000000000	        0.0010000000
        1.9902467340	        0.1098840054	        0.1370732752	       -3.7852049709	        5.2990163122	        0.0014760123	        0.0000002559	        0.0000002844	        0.0000037720	        0.1000000000	        0.0010000000	        0.0666666667	        0.1000000000	        0.0010000000
        1.9919165179	        0.0911457630	        0.1147082650	       -4.0882366252	        5.2737705624	        0.0015519552	        0.0000001213	        0.0000001347	        0.0000018253	        0.1000000000	        0.0010000000	        0.0666666667	        0.1000000000	        0.0010000000
        1.9933980257	        0.0744917308	        0.0944863709	       -4.3702317329	        5.2515509584	        0.0016240833	        0.0000000541	        0.0000000602	        0.0000008294	        0.1000000000	        0.0010000000	        0.0666666667	        0.1000000000	        0.0010000000
        1.9947122508	        0.0596976092	        0.0762547496	       -4.6301925034	        5.2320004129	        0.0016918146	        0.0000000223	        0.0000000248	        0.0000003475	        0.1000000000	        0.0010000000	        0.0666666667	        0.1000000000	        0.0010000000
        1.9958778967	        0.0465608776	        0.0598519736	       -4.8681104691	        5.2147993026	        0.0017548444	        0.0000000083	        0.0000000092	        0.0000001304	        0.1000000000	        0.0010000000	        0.0666666667	        0.1000000000	        0.0010000000
        1.9969116151	        0.0348995893	        0.0451189474	       -5.0846224285	        5.1996636284	        0.0018130706	        0.0000000026	        0.0000000029	        0.0000000417	        0.1000000000	        0.0010000000	        0.0666666667	        0.1000000000	        0.0010000000
        1.9978282231	        0.0245507994	        0.0319040446	       -5.2807679972	        5.1863423512	        0.0018665362	        0.0000000006	        0.0000000007	        0.0000000103	        0.1000000000	        0.0010000000	        0.0666666667	        0.1000000000	        0.0010000000
        1.9986408981	        0.0153688860	        0.0200652826	       -5.4578200779	        5.1746143686	        0.0019153851	        0.0000000001	        0.0000000001	        0.0000000016	        0.1000000000	        0.0010000000	        0.0666666667	        0.1000000000	        0.0010000000
        1.9993613540	        0.0072238993	        0.0094710286	       -5.6171675717	        5.1642854235	        0.0019598290	        0.0000000000	        0.0000000000	        0.0000000001	        0.1000000000	        0.0010000000	        0.0666666667	        0.1000000000	        0.0010000000
        2.0000000000	        0.0000000000	        0.0000000000	       -5.7602354310	        5.1551851158	        0.0020001217	        0.0000000000	        0.0000000000	        0.0000000000	        0.0000000000	        0.0010000000	        0.0000000000	        0.1000000000	        0.0010000000
