        0.0000000000	        0.0000000000	        1.0000000000	       16.9064917315	       29.1735283260	        0.6580313224	        0.0000000000	        0.0000000000	        0.0000000000	        0.0000000000	        0.0010000000	        0.0000000000	        0.0000000000	        0.0010000000
        0.0006386460	        0.0072238993	        0.9974449593	       15.3569744838	       29.2025225418	        0.6584908559	        0.0000000000	        0.0000000000	        0.0000000000	        0.1000000000	        0.0010000000	        0.0666666667	        0.1000000000	        0.0010000000
        0.0013591019	        0.0153688860	        0.9948125372	       13.7853326805	       29.2302864168	        0.6586013599	        0.0000000001	        0.0000000001	        0.0000000004	        0.1000000000	        0.0010000000	        0.0666666667	        0.1000000000	        0.0010000000
        0.0021717769	        0.0245507994	        0.9921286744	       12.2117351709	       29.2561479138	        0.6582766061	        0.0000000006	        0.0000000007	        0.0000000022	        0.1000000000	        0.0010000000	        0.0666666667	        0.1000000000	        0.0010000000
        0.0030883849	        0.0348995893	        0.9894233940	       10.6576367692	       29.2794352029	        0.6574304193	        0.0000000026	        0.0000000029	        0.0000000080	        0.1000000000	        0.0010000000	        0.0666666667	        0.1000000000	        0.0010000000
        0.0041221033	        0.0465608776	        0.9867297816	        9.1463954612	       29.2994353111	        0.6559786991	        0.0000000083	        0.0000000092	        0.0000000224	        0.1000000000	        0.0010000000	        0.0666666667	        0.1000000000	        0.0010000000
        0.0052877492	        0.0596976092	        0.9840824205	        7.7019153291	       29.3154245205	        0.6538464816	        0.0000000223	        0.0000000248	        0.0000000523	        0.1000000000	        0.0010000000	        0.0666666667	        0.1000000000	        0.0010000000
        0.0066019743	        0.0744917308	        0.9815152612	        6.3476002060	       29.3266804963	        0.6509751077	        0.0000000541	        0.0000000602	        0.0000001083	        0.1000000000	        0.0010000000	        0.0666666667	        0.1000000000	        0.0010000000
        0.0080834821	        0.0911457630	        0.9790589876	        5.1048912033	       29.3324993909	        0.6473302706	        0.0000001213	        0.0000001347	        0.0000002048	        0.1000000000	        0.0010000000	        0.0666666667	        0.1000000000	        0.0010000000
        0.0097532660	        0.1098840054	        0.9767380373	        3.9917693085	       29.3322082937	        0.6429095896	        0.0000002559	        0.0000002844	        0.0000003605	        0.1000000000	        0.0010000000	        0.0666666667	        0.1000000000	        0.0010000000
        0.0116348733	        0.1309528663	        0.9745675420	        3.0212625447	       29.3251736412	        0.6377486047	        0.0000005156	        0.0000005729	        0.0000006009	        0.1000000000	        0.0010000000	        0.0666666667	        0.1000000000	        0.0010000000
        0.0137546927	        0.1546193790	        0.9725505521	        2.2001799060	       29.3108029769	        0.6319236610	        0.0000010004	        0.0000011116	        0.0000009619	        0.1000000000	        0.0010000000	        0.0666666667	        0.1000000000	        0.0010000000
        0.0161422702	        0.1811662134	        0.9706759735	        1.5282655669	       29.2885389391	        0.6255501894	        0.0000018820	        0.0000020911	        0.0000015001	        0.1000000000	        0.0010000000	        0.0666666667	        0.1000000000	        0.0010000000
        0.0188306506	        0.2108802556	        0.9689176363	        0.9979719465	       29.2578450149	        0.6187751577	        0.0000034482	        0.0000038313	        0.0000023124	        0.1000000000	        0.0010000000	        0.0666666667	        0.1000000000	        0.0010000000
        0.0218567475	        0.2440300019	        0.9672348283	        0.5949870414	       29.2181843564	        0.6117631393	        0.0000061731	        0.0000068589	        0.0000035736	        0.1000000000	        0.0010000000	        0.0666666667	        0.1000000000	        0.0010000000
        0.0252617393	        0.2808247947	        0.9655744529	        0.2995552858	       29.1689951072	        0.6046764987	        0.0000108210	        0.0000120234	        0.0000055965	        0.1000000000	        0.0010000000	        0.0666666667	        0.1000000000	        0.0010000000
        0.0290914903	        0.3213476030	        0.9638747566	        0.0885096992	       29.1096680141	        0.5976515399	        0.0000185944	        0.0000206604	        0.0000089186	        0.1000000000	        0.0010000000	        0.0666666667	        0.1000000000	        0.0010000000
        0.0333969940	        0.3654562649	        0.9620703698	       -0.0621798213	       29.0395338712	        0.5907739614	        0.0000313293	        0.0000348103	        0.0000144092	        0.1000000000	        0.0010000000	        0.0666666667	        0.1000000000	        0.0010000000
        0.0382348325	        0.4126628302	        0.9600982310	       -0.1746249468	       28.9578686271	        0.5840583970	        0.0000517277	        0.0000574752	        0.0000233666	        0.1000000000	        0.0010000000	        0.0666666667	        0.1000000000	        0.0010000000
        0.0436676462	        0.4620333585	        0.9579037394	       -0.2663754589	       28.8639214355	        0.5774378431	        0.0000835777	        0.0000928641	        0.0000375490	        0.1000000000	        0.0010000000	        0.0666666667	        0.1000000000	        0.0010000000
        0.0497646022	        0.5121910088	        0.9554460205	       -0.3484379191	       28.7569637426	        0.5707685919	        0.0001318545	        0.0001465050	        0.0000590577	        0.1000000000	        0.0010000000	        0.0666666667	        0.1000000000	        0.0010000000
        0.0566018496	        0.5615049574	        0.9527005433	       -0.4246534598	       28.6363452870	        0.5638535262	        0.0002025298	        0.0002250332	        0.0000900286	        0.1000000000	        0.0010000000	        0.0666666667	        0.1000000000	        0.0010000000
        0.0642629411	        0.6084475061	        0.9496573488	       -0.4929733350	       28.5015315444	        0.5564805296	        0.0003019345	        0.0003354827	        0.0001321930	        0.1000000000	        0.0010000000	        0.0666666667	        0.1000000000	        0.0010000000
        0.0728392004	        0.6519490537	        0.9463149258	       -0.5483364688	       28.3520993958	        0.5484656549	        0.0004357010	        0.0004841122	        0.0001864879	        0.1000000000	        0.0010000000	        0.0666666667	        0.1000000000	        0.0010000000
        0.0824300053	        0.6915538803	        0.9426723860	       -0.5858545396	       28.1876884403	        0.5396878729	        0.0006075741	        0.0006750824	        0.0002528789	        0.1000000000	        0.0010000000	        0.0666666667	        0.1000000000	        0.0010000000
        0.0931429507	        0.7273375822	        0.9387233011	       -0.6029308486	       28.0079288754	        0.5301064987	        0.0008185022	        0.0009094469	        0.0003304151	        0.1000000000	        0.0010000000	        0.0666666667	        0.1000000000	        0.0010000000
        0.1050938490	        0.7597036129	        0.9344528057	       -0.5998506423	       27.8123742746	        0.5197602886	        0.0010663385	        0.0011848206	        0.0004174307	        0.1000000000	        0.0010000000	        0.0666666667	        0.1000000000	        0.0010000000
        0.1184065179	        0.7891885940	        0.9298375510	       -0.5792583734	       27.6004588566	        0.5087531052	        0.0013462428	        0.0014958253	        0.0005118050	        0.1000000000	        0.0010000000	        0.0666666667	        0.1000000000	        0.0010000000
        0.1332122955	        0.8163334547	        0.9248473057	       -0.5451769299	       27.3714857811	        0.4972329162	        0.0016515954	        0.0018351060	        0.0006112224	        0.1000000000	        0.0010000000	        0.0666666667	        0.1000000000	        0.0010000000
        0.1496492201	        0.8416185281	        0.9194471445	       -0.5020443947	       27.1246432731	        0.4853700301	        0.0019750684	        0.0021945205	        0.0007133946	        0.1000000000	        0.0010000000	        0.0666666667	        0.1000000000	        0.0010000000
        0.1678608015	        0.8654406505	        0.9135995681	       -0.4539960255	       26.8590404074	        0.4733385986	        0.0023095129	        0.0025661254	        0.0008162232	        0.1000000000	        0.0010000000	        0.0666666667	        0.1000000000	        0.0010000000
        0.1879943127	        0.8881122013	        0.9072662343	       -0.4044452501	       26.5737532420	        0.4613034504	        0.0026484827	        0.0029427586	        0.0009178943	        0.1000000000	        0.0010000000	        0.0666666667	        0.1000000000	        0.0010000000
        0.2101985296	        0.9098693418	        0.9004092058	       -0.3559252746	       26.2678733181	        0.4494126430	        0.0029863939	        0.0033182155	        0.0010169147	        0.1000000000	        0.0010000000	        0.0666666667	        0.1000000000	        0.0010000000
        0.2346208557	        0.9308827613	        0.8929917479	       -0.3101162913	       25.9405530217	        0.4377949278	        0.0033184263	        0.0036871404	        0.0011121048	        0.1000000000	        0.0010000000	        0.0666666667	        0.1000000000	        0.0010000000
        0.2614037844	        0.9512679021	        0.8849787818	       -0.2679794133	       25.5910448770	        0.4265606774	        0.0036403029	        0.0040447810	        0.0012025622	        0.1000000000	        0.0010000000	        0.0666666667	        0.1000000000	        0.0010000000
        0.2906806794	        0.9710935592	        0.8763371118	       -0.2299319912	       25.2187338800	        0.4158047027	        0.0039480538	        0.0043867265	        0.0012876144	        0.1000000000	        0.0010000000	        0.0666666667	        0.1000000000	        0.0010000000
        0.3225708876	        0.9903886450	        0.8670355369	       -0.1960195136	       24.8231632669	        0.4056096309	        0.0042378309	        0.0047087010	        0.0013667695	        0.1000000000	        0.0010000000	        0.0666666667	        0.1000000000	        0.0010000000
        0.3571742551	        1.0091472921	        0.8570449244	       -0.1660597153	       24.4040547419	        0.3960489431	        0.0045058010	        0.0050064455	        0.0014396739	        0.1000000000	        0.0010000000	        0.0666666667	        0.1000000000	        0.0010000000
        0.3945651751	        1.0273325949	        0.8463382987	       -0.1397510164	       23.9613243490	        0.3871891967	        0.0047481266	        0.0052756963	        0.0015060804	        0.1000000000	        0.0010000000	        0.0666666667	        0.1000000000	        0.0010000000
        0.4347863703	        1.0448793115	        0.8348909703	       -0.1167474098	       23.4950951278	        0.3790912858	        0.0049610285	        0.0055122539	        0.0015658281	        0.1000000000	        0.0010000000	        0.0666666667	        0.1000000000	        0.0010000000
        0.4778426900	        1.0616958270	        0.8226807210	       -0.0967089722	       23.0057074496	        0.3718107471	        0.0051409207	        0.0057121341	        0.0016188348	        0.1000000000	        0.0010000000	        0.0666666667	        0.1000000000	        0.0010000000
        0.5236952751	        1.0776656411	        0.8096880492	       -0.0793339766	       22.4937280977	        0.3653971806	        0.0052846112	        0.0058717902	        0.0016651004	        0.1000000000	        0.0010000000	        0.0666666667	        0.1000000000	        0.0010000000
        0.5722565058	        1.0926486176	        0.7958964934	       -0.0643922075	       21.9599582999	        0.3598926584	        0.0053895597	        0.0059883997	        0.0017047257	        0.1000000000	        0.0010000000	        0.0666666667	        0.1000000000	        0.0010000000
        0.6233861842	        1.1064822186	        0.7812930283	       -0.0517418639	       21.4054434828	        0.3553290856	        0.0054541894	        0.0060602105	        0.0017379462	        0.1000000000	        0.0010000000	        0.0666666667	        0.1000000000	        0.0010000000
        0.6768894010	        1.1189829748	        0.7658686179	       -0.0414150738	       20.8314812174	        0.3517233541	        0.0054782546	        0.0060869495	        0.0017652007	        0.1000000000	        0.0010000000	        0.0666666667	        0.1000000000	        0.0010000000
        0.7325164896	        1.1299485393	        0.7496187649	       -0.0336030830	       20.2396424872	        0.3490705814	        0.0054632762	        0.0060703069	        0.0017872276	        0.1000000000	        0.0010000000	        0.0666666667	        0.1000000000	        0.0010000000
        0.7899653716	        1.1391609004	        0.7325445458	       -0.0290670949	       19.6317756084	        0.3473292173	        0.0054130782	        0.0060145313	        0.0018052917	        0.1000000000	        0.0010000000	        0.0666666667	        0.1000000000	        0.0010000000
        0.8488864424	        1.1463917809	        0.7146525815	       -0.0289626351	       19.0100811521	        0.3464004799	        0.0053345120	        0.0059272355	        0.0018214760	        0.1000000000	        0.0010000000	        0.0666666667	        0.1000000000	        0.0010000000
        0.9088899606	        1.1514120447	        0.6959565830	       -0.0368854111	       18.3770912084	        0.3460718912	        0.0052386966	        0.0058207740	        0.0018394345	        0.1000000000	        0.0010000000	        0.0666666667	        0.1000000000	        0.0010000000
        0.9695556872	        1.1540080798	        0.6764741235	       -0.0600227213	       17.7359455309	        0.3459036054	        0.0051450769	        0.0057167521	        0.0018615000	        0.1000000000	        0.0010000000	        0.0666666667	        0.1000000000	        0.0010000000
        1.0304443128	        1.1540080798	        0.6563275007	       -0.0934574738	       17.0919977108	        0.3453983647	        0.0051450769	        0.0057167521	        0.0019118071	        0.1000000000	        0.0010000000	        0.0666666667	        0.1000000000	        0.0010000000
        1.0911100394	        1.1514120447	        0.6357740642	       -0.1187184783	       16.4524374688	        0.3445050484	        0.0052386966	        0.0058207740	        0.0019914928	        0.1000000000	        0.0010000000	        0.0666666667	        0.1000000000	        0.0010000000
        1.1511135576	        1.1463917809	        0.6149929914	       -0.1299184707	       15.8229294284	        0.3436472415	        0.0053345120	        0.0059272355	        0.0020761550	        0.1000000000	        0.0010000000	        0.0666666667	        0.1000000000	        0.0010000000
        1.2100346284	        1.1391609004	        0.5940703689	       -0.1334420864	       15.2069320167	        0.3432426873	        0.0054130782	        0.0060145313	        0.0021631336	        0.1000000000	        0.0010000000	        0.0666666667	        0.1000000000	        0.0010000000
        1.2674835104	        1.1299485393	        0.5730958697	       -0.1323640004	       14.6071720572	        0.3435170935	        0.0054632762	        0.0060703069	        0.0022479245	        0.1000000000	        0.0010000000	        0.0666666667	        0.1000000000	        0.0010000000
        1.3231105990	        1.1189829748	        0.5521562892	       -0.1273863012	       14.0259211382	        0.3446041007	        0.0054782546	        0.0060869495	        0.0023273152	        0.1000000000	        0.0010000000	        0.0666666667	        0.1000000000	        0.0010000000
        1.3766138158	        1.1064822186	        0.5313351828	       -0.1189056697	       13.4649591131	        0.3465959639	        0.0054541894	        0.0060602105	        0.0023987500	        0.1000000000	        0.0010000000	        0.0666666667	        0.1000000000	        0.0010000000
        1.4277434942	        1.0926486176	        0.5107111816	       -0.1067228626	       12.9256539729	        0.3495604823	        0.0053895597	        0.0059883997	        0.0024601251	        0.1000000000	        0.0010000000	        0.0666666667	        0.1000000000	        0.0010000000
        1.4763047249	        1.0776656411	        0.4903577380	       -0.0903995545	       12.4089800691	        0.3535548016	        0.0052846112	        0.0058717902	        0.0025095981	        0.1000000000	        0.0010000000	        0.0666666667	        0.1000000000	        0.0010000000
        1.5221573100	        1.0616958270	        0.4703426567	       -0.0692096667	       11.9155583088	        0.3586318765	        0.0051409207	        0.0057121341	        0.0025455110	        0.1000000000	        0.0010000000	        0.0666666667	        0.1000000000	        0.0010000000
        1.5652136297	        1.0448793115	        0.4507278060	       -0.0421961889	       11.4456872260	        0.3648450004	        0.0049610285	        0.0055122539	        0.0025663328	        0.1000000000	        0.0010000000	        0.0666666667	        0.1000000000	        0.0010000000
        1.6054348249	        1.0273325949	        0.4315687868	       -0.0081811172	       10.9993763966	        0.3722495072	        0.0047481266	        0.0052756963	        0.0025706386	        0.1000000000	        0.0010000000	        0.0666666667	        0.1000000000	        0.0010000000
        1.6428257449	        1.0091472921	        0.4129145462	        0.0341900754	       10.5763779654	        0.3809021862	        0.0045058010	        0.0050064455	        0.0025571146	        0.1000000000	        0.0010000000	        0.0666666667	        0.1000000000	        0.0010000000
        1.6774291124	        0.9903886450	        0.3948068448	        0.0863730708	       10.1762176331	        0.3908580188	        0.0042378309	        0.0047087010	        0.0025245916	        0.1000000000	        0.0010000000	        0.0666666667	        0.1000000000	        0.0010000000
        1.7093193206	        0.9710935592	        0.3772795004	        0.1497923013	        9.7982250085	        0.4021640497	        0.0039480538	        0.0043867265	        0.0024721097	        0.1000000000	        0.0010000000	        0.0666666667	        0.1000000000	        0.0010000000
        1.7385962156	        0.9512679021	        0.3603573464	        0.2256377715	        9.4415642644	        0.4148502835	        0.0036403029	        0.0040447810	        0.0023990116	        0.1000000000	        0.0010000000	        0.0666666667	        0.1000000000	        0.0010000000
        1.7653791443	        0.9308827613	        0.3440548851	        0.3145813069	        9.1052661665	        0.4289178858	        0.0033184263	        0.0036871404	        0.0023050609	        0.1000000000	        0.0010000000	        0.0666666667	        0.1000000000	        0.0010000000
        1.7898014704	        0.9098693418	        0.3283746880	        0.4164167421	        8.7882626143	        0.4443255038	        0.0029863939	        0.0033182155	        0.0021905732	        0.1000000000	        0.0010000000	        0.0666666667	        0.1000000000	        0.0010000000
        1.8120056873	        0.8881122013	        0.3133056922	        0.5296470934	        8.4894244406	        0.4609751601	        0.0026484827	        0.0029427586	        0.0020565445	        0.1000000000	        0.0010000000	        0.0666666667	        0.1000000000	        0.0010000000
        1.8321391985	        0.8654406505	        0.2988216472	        0.6510638441	        8.2076024757	        0.4786997651	        0.0023095129	        0.0025661254	        0.0019047552	        0.1000000000	        0.0010000000	        0.0666666667	        0.1000000000	        0.0010000000
        1.8503507799	        0.8416185281	        0.2848800711	        0.7753845276	        7.9416709461	        0.4972546537	        0.0019750684	        0.0021945205	        0.0017378293	        0.1000000000	        0.0010000000	        0.0666666667	        0.1000000000	        0.0010000000
        1.8667877045	        0.8163334547	        0.2714221590	        0.8950311743	        7.6905713734	        0.5163155309	        0.0016515954	        0.0018351060	        0.0015592278	        0.1000000000	        0.0010000000	        0.0666666667	        0.1000000000	        0.0010000000
        1.8815934821	        0.7891885940	        0.2583741509	        1.0001424955	        7.4533544525	        0.5354847414	        0.0013462428	        0.0014958253	        0.0013731665	        0.1000000000	        0.0010000000	        0.0666666667	        0.1000000000	        0.0010000000
        1.8949061510	        0.7597036129	        0.2456507234	        1.0789189879	        7.2292169415	        0.5543069426	        0.0010663385	        0.0011848206	        0.0011844506	        0.1000000000	        0.0010000000	        0.0666666667	        0.1000000000	        0.0010000000
        1.9068570493	        0.7273375822	        0.2331610275	        1.1184033186	        7.0175302246	        0.5722942212	        0.0008185022	        0.0009094469	        0.0009982414	        0.1000000000	        0.0010000000	        0.0666666667	        0.1000000000	        0.0010000000
        1.9175699947	        0.6915538803	        0.2208179398	        1.1057829222	        6.8178565607	        0.5889595759	        0.0006075741	        0.0006750824	        0.0008197814	        0.1000000000	        0.0010000000	        0.0666666667	        0.1000000000	        0.0010000000
        1.9271607996	        0.6519490537	        0.2085505386	        1.0302095671	        6.6299478079	        0.6038563594	        0.0004357010	        0.0004841122	        0.0006541113	        0.1000000000	        0.0010000000	        0.0666666667	        0.1000000000	        0.0010000000
        1.9357370589	        0.6084475061	        0.1963179954	        0.8848577416	        6.4537199619	        0.6166192546	        0.0003019345	        0.0003354827	        0.0005057582	        0.1000000000	        0.0010000000	        0.0666666667	        0.1000000000	        0.0010000000
        1.9433981504	        0.5615049574	        0.1841197539	        0.6684690352	        6.2891977067	        0.6269994540	        0.0002025298	        0.0002250332	        0.0003782914	        0.1000000000	        0.0010000000	        0.0666666667	        0.1000000000	        0.0010000000
        1.9502353978	        0.5121910088	        0.1719945603	        0.3853421969	        6.1364316510	        0.6348844722	        0.0001318545	        0.0001465050	        0.0002737084	        0.1000000000	        0.0010000000	        0.0666666667	        0.1000000000	        0.0010000000
        1.9563323538	        0.4620333585	        0.1600050710	        0.0433792390	        5.9954082866	        0.6402952888	        0.0000835777	        0.0000928641	        0.0001919258	        0.1000000000	        0.0010000000	        0.0666666667	        0.1000000000	        0.0010000000
        1.9617651675	        0.4126628302	        0.1482155272	       -0.3487409895	        5.8659846016	        0.6433620365	        0.0000517277	        0.0000574752	        0.0001308311	        0.1000000000	        0.0010000000	        0.0666666667	        0.1000000000	        0.0010000000
        1.9666030060	        0.3654562649	        0.1366758699	       -0.7835185480	        5.7478676199	        0.6442888415	        0.0000313293	        0.0000348103	        0.0000869799	        0.1000000000	        0.0010000000	        0.0666666667	        0.1000000000	        0.0010000000
        1.9709085097	        0.3213476030	        0.1254188047	       -1.2549509677	        5.6406322635	        0.6433206217	        0.0000185944	        0.0000206604	        0.0000565292	        0.1000000000	        0.0010000000	        0.0666666667	        0.1000000000	        0.0010000000
        1.9747382607	        0.2808247947	        0.1144659018	       -1.7577839079	        5.5437554318	        0.6407190028	        0.0000108210	        0.0000120234	        0.0000359492	        0.1000000000	        0.0010000000	        0.0666666667	        0.1000000000	        0.0010000000
        1.9781432525	        0.2440300019	        0.1038354987	       -2.2866288137	        5.4566484245	        0.6367475144	        0.0000061731	        0.0000068589	        0.0000223599	        0.1000000000	        0.0010000000	        0.0666666667	        0.1000000000	        0.0010000000
        1.9811693494	        0.2108802556	        0.0935479709	       -2.8354714576	        5.3786812218	        0.6316628783	        0.0000034482	        0.0000038313	        0.0000135794	        0.1000000000	        0.0010000000	        0.0666666667	        0.1000000000	        0.0010000000
        1.9838577298	        0.1811662134	        0.0836274507	       -3.3976355444	        5.3091995808	        0.6257093222	        0.0000018820	        0.0000020911	        0.0000080298	        0.1000000000	        0.0010000000	        0.0666666667	        0.1000000000	        0.0010000000
        1.9862453073	        0.1546193790	        0.0741009033	       -3.9660504939	        5.2475379716	        0.6191142349	        0.0000010004	        0.0000011116	        0.0000046055	        0.1000000000	        0.0010000000	        0.0666666667	        0.1000000000	        0.0010000000
        1.9883651267	        0.1309528663	        0.0649958610	       -4.5336448818	        5.1930306614	        0.6120846367	        0.0000005156	        0.0000005729	        0.0000025490	        0.1000000000	        0.0010000000	        0.0666666667	        0.1000000000	        0.0010000000
        1.9902467340	        0.1098840054	        0.0563378583	       -5.0937345653	        5.1450219580	        0.6048045075	        0.0000002559	        0.0000002844	        0.0000013522	        0.1000000000	        0.0010000000	        0.0666666667	        0.1000000000	        0.0010000000
        1.9919165179	        0.0911457630	        0.0481482121	       -5.6403325573	        5.1028756838	        0.5974331425	        0.0000001213	        0.0000001347	        0.0000006813	        0.1000000000	        0.0010000000	        0.0666666667	        0.1000000000	        0.0010000000
        1.9933980257	        0.0744917308	        0.0404424515	       -6.1683531010	        5.0659835181	        0.5901046145	        0.0000000541	        0.0000000602	        0.0000003218	        0.1000000000	        0.0010000000	        0.0666666667	        0.1000000000	        0.0010000000
        1.9947122508	        0.0596976092	        0.0332294658	       -6.6737112564	        5.0337717954	        0.5829282874	        0.0000000223	        0.0000000248	        0.0000001398	        0.1000000000	        0.0010000000	        0.0666666667	        0.1000000000	        0.0010000000
        1.9958778967	        0.0465608776	        0.0265113022	       -7.1533349127	        5.0057065017	        0.5759902079	        0.0000000083	        0.0000000092	        0.0000000542	        0.1000000000	        0.0010000000	        0.0666666667	        0.1000000000	        0.0010000000
        1.9969116151	        0.0348995893	        0.0202834769	       -7.6051113075	        4.9812963860	        0.5693551497	        0.0000000026	        0.0000000029	        0.0000000178	        0.1000000000	        0.0010000000	        0.0666666667	        0.1000000000	        0.0010000000
        1.9978282231	        0.0245507994	        0.0145356470	       -8.0277919766	        4.9600943936	        0.5630690558	        0.0000000006	        0.0000000007	        0.0000000045	        0.1000000000	        0.0010000000	        0.0666666667	        0.1000000000	        0.0010000000
        1.9986408981	        0.0153688860	        0.0092524967	       -8.4208718846	        4.9416974034	        0.5571616922	        0.0000000001	        0.0000000001	        0.0000000007	        0.1000000000	        0.0010000000	        0.0666666667	        0.1000000000	        0.0010000000
        1.9993613540	        0.0072238993	        0.0044147188	       -8.7844674716	        4.9257454029	        0.5516492343	        0.0000000000	        0.0000000000	        0.0000000000	        0.1000000000	        0.0010000000	        0.0666666667	        0.1000000000	        0.0010000000
        2.0000000000	        0.0000000000	        0.0000000000	       -9.1191774614	        4.9119174504	        0.5465370021	        0.0000000000	        0.0000000000	        0.0000000000	        0.0000000000	        0.0010000000	        0.0000000000	        0.0000000000	        0.0010000000
