        0.0000000000	        0.0000000000	        1.0000000000	       -0.0001179005	        0.0000000000	        0.0000000000	        0.0000000000	        0.0000000000	        0.0070156685	        0.0000000000	        0.0000000000	        0.0003961742	        1.0000000000	        0.0013410357	        0.0013885439	                 NaN	       30.8700201888	                 NaN
        0.0014313701	        0.0151224499	        0.9944686106	        0.0000774419	        0.0000000035	        0.0000000180	        0.0000000690	        0.0000416842	        0.0065616201	        0.0000000115	        0.0000023539	        0.0002906571	        1.0000000000	        0.0013254160	        0.0013733647	        1.0156437487	       30.5881489312	       20.4317114439
        0.0030125084	        0.0318028097	        0.9884396025	        0.0003003121	        0.0000000309	        0.0000001245	        0.0000004718	        0.0001330130	        0.0061225820	        0.0000000985	        0.0000089616	        0.0002432390	        1.0000000000	        0.0013067314	        0.0013558805	        0.9857522640	       30.2826384976	       20.4251158579
        0.0047588098	        0.0501930334	        0.9818795823	        0.0005509436	        0.0000001354	        0.0000004314	        0.0000016089	        0.0002853812	        0.0057064115	        0.0000004173	        0.0000203187	        0.0002200319	        1.0000000000	        0.0012859826	        0.0013357009	        0.9534669720	       29.9524331375	       20.4177634172
        0.0066871908	        0.0704536354	        0.9747574526	        0.0008292874	        0.0000004225	        0.0000010936	        0.0000040043	        0.0005119512	        0.0053221295	        0.0000012573	        0.0000372300	        0.0002114373	        1.0000000000	        0.0012626335	        0.0013133729	        0.9187119798	       29.5967003155	       20.4095805180
        0.0088162262	        0.0927485581	        0.9670465312	        0.0011470154	        0.0000010717	        0.0000023106	        0.0000082825	        0.0008276828	        0.0049800020	        0.0000030854	        0.0000607551	        0.0002134132	        1.0000000000	        0.0012360608	        0.0012892437	        0.8813880183	       29.2143653659	       20.4004851831
        0.0111662954	        0.1172361386	        0.9587272438	        0.0015190057	        0.0000023576	        0.0000043376	        0.0000151646	        0.0012490763	        0.0046914788	        0.0000065880	        0.0000921569	        0.0002237928	        1.0000000000	        0.0012055570	        0.0012610683	        0.8414274697	       28.8046634802	       20.3903887831
        0.0137597373	        0.1440555631	        0.9497906777	        0.0019415807	        0.0000046578	        0.0000075121	        0.0000254953	        0.0017933881	        0.0044688244	        0.0000127029	        0.0001327976	        0.0002411125	        1.0000000000	        0.0011703150	        0.0012291455	        0.7989117720	       28.3683136635	       20.3791959432
        0.0166210148	        0.1733098355	        0.9402433315	        0.0024481718	        0.0000084347	        0.0000122918	        0.0000402605	        0.0024770500	        0.0043242313	        0.0000226281	        0.0001839374	        0.0002641757	        1.0000000000	        0.0011294459	        0.0011918410	        0.7538308451	       27.9051137239	       20.3668052726
        0.0197768871	        0.2050490173	        0.9301126736	        0.0030286720	        0.0000141812	        0.0000192714	        0.0000604770	        0.0033131895	        0.0042682686	        0.0000377974	        0.0002463946	        0.0002920272	        1.0000000000	        0.0010821304	        0.0011476887	        0.7064789516	       27.4178998250	       20.3531103089
        0.0232565889	        0.2392597842	        0.9194516525	        0.0037077861	        0.0000223411	        0.0000291329	        0.0000868448	        0.0043085696	        0.0043077434	        0.0000598211	        0.0003200905	        0.0003239407	        1.0000000000	        0.0010279278	        0.0010971012	        0.6571058178	       26.9090581534	       20.3379999749
        0.0270920169	        0.2758662653	        0.9083394133	        0.0044938825	        0.0000332418	        0.0000425689	        0.0001193836	        0.0054607905	        0.0044434186	        0.0000904000	        0.0004036308	        0.0003584484	        1.0000000000	        0.0009670617	        0.0010372124	        0.6061457930	       26.3828180499	       20.3213601200
        0.0313179184	        0.3147416108	        0.8968776927	        0.0053453018	        0.0000470814	        0.0000602684	        0.0001573719	        0.0067567771	        0.0046683037	        0.0001312364	        0.0004940869	        0.0003930064	        1.0000000000	        0.0009004091	        0.0009685580	        0.5543322977	       25.8463978110	       20.3030748338
        0.0359720830	        0.3555914649	        0.8851861712	        0.0062462730	        0.0000665036	        0.0000830632	        0.0001997229	        0.0081692667	        0.0049672680	        0.0001838049	        0.0005870741	        0.0004247371	        1.0000000000	        0.0008291273	        0.0008927997	        0.5023283906	       25.3063106835	       20.2830267775
        0.0410955314	        0.3975796347	        0.8734019397	        0.0071481076	        0.0000993297	        0.0001122817	        0.0002455756	        0.0096391014	        0.0053072284	        0.0002485922	        0.0006771102	        0.0004507676	        1.0000000000	        0.0007541857	        0.0008102667	        0.4509715559	       24.7708138883	       20.2610983295
        0.0467326989	        0.4398294380	        0.8616848926	        0.0079938223	        0.0001408983	        0.0001501888	        0.0002945622	        0.0110742704	        0.0056239014	        0.0003252413	        0.0007581357	        0.0004684871	        1.0000000000	        0.0006763035	        0.0007229574	        0.4011769874	       24.2489419444	       20.2371720703
        0.0529316067	        0.4817980412	        0.8502206798	        0.0087472370	        0.0001920824	        0.0002001427	        0.0003462742	        0.0123987905	        0.0058684643	        0.0004132474	        0.0008242079	        0.0004758787	        1.0000000000	        0.0005965990	        0.0006345289	        0.3538229500	       23.7493594393	       20.2111299392
        0.0597440162	        0.5230316915	        0.8392044843	        0.0094230569	        0.0002538515	        0.0002659610	        0.0003989863	        0.0135521018	        0.0060090026	        0.0005116263	        0.0008705280	        0.0004719434	        1.0000000000	        0.0005172993	        0.0005484663	        0.3095685010	       23.2785363523	       20.1828513422
        0.0672255573	        0.5631760683	        0.8288061523	        0.0100374484	        0.0003272418	        0.0003512422	        0.0004497413	        0.0144946236	        0.0060318989	        0.0006190036	        0.0008946731	        0.0004570913	        1.0000000000	        0.0004415278	        0.0004673956	        0.2689290601	       22.8415028956	       20.1522122949
        0.0754358219	        0.6019753444	        0.8191385040	        0.0105986651	        0.0004133095	        0.0004589264	        0.0004954707	        0.0152083036	        0.0059396343	        0.0007337221	        0.0008972556	        0.0004331373	        1.0000000000	        0.0003722862	        0.0003934749	        0.2322032774	       22.4411159516	       20.1190831780
        0.0844384110	        0.6392634341	        0.8102462506	        0.0110937861	        0.0005130784	        0.0005911765	        0.0005341005	        0.0156935518	        0.0057463357	        0.0008539468	        0.0008815013	        0.0004027907	        1.0000000000	        0.0003115357	        0.0003280786	        0.1994993289	       22.0783209377	       20.0833276488
        0.0943009237	        0.6749505649	        0.8021157150	        0.0115025930	        0.0006274850	        0.0007494439	        0.0005649175	        0.0159643671	        0.0054726863	        0.0009777538	        0.0008520686	        0.0003689367	        1.0000000000	        0.0002599249	        0.0002718909	        0.1707336132	       21.7521371207	       20.0448009889
        0.1050948725	        0.7090079064	        0.7946942262	        0.0118097425	        0.0007573229	        0.0009345596	        0.0005882930	        0.0160431939	        0.0051414541	        0.0011031981	        0.0008138259	        0.0003340752	        1.0000000000	        0.0002170644	        0.0002248302	        0.1456699151	       21.4600485577	       20.0033494064
        0.1168955085	        0.7414523309	        0.7879088876	        0.0120108631	        0.0009031883	        0.0011467684	        0.0006051990	        0.0159564812	        0.0047742712	        0.0012283598	        0.0007710453	        0.0003000641	        1.0000000000	        0.0001819804	        0.0001856744	        0.1239738877	       21.1985497436	       19.9588108664
        0.1297815392	        0.7723326267	        0.7816801399	        0.0120739153	        0.0010654302	        0.0013856924	        0.0006168008	        0.0157313602	        0.0043897514	        0.0013513753	        0.0007270676	        0.0002681085	        1.0000000000	        0.0001534900	        0.0001538019	        0.1054087185	       20.9651034940	       19.9110163086
        0.1438347190	        0.8017178130	        0.7759300133	        0.0120352062	        0.0012441067	        0.0016502473	        0.0006242215	        0.0153934660	        0.0040027142	        0.0014704597	        0.0006842900	        0.0002388748	        1.0000000000	        0.0001304343	        0.0001281627	        0.0895077106	       20.7548657366	       19.8597886302
        0.1591392914	        0.8296877090	        0.7705860487	        0.0118807072	        0.0014389533	        0.0019385382	        0.0006284362	        0.0149657214	        0.0036241666	        0.0015839246	        0.0006443094	        0.0002126391	        1.0000000000	        0.0001117864	        0.0001076772	        0.0760268314	       20.5652157786	       19.8049474641
        0.1757812632	        0.8563255940	        0.7655829297	        0.0116548541	        0.0016493662	        0.0022477616	        0.0006302425	        0.0144678307	        0.0032617174	        0.0016901970	        0.0006081088	        0.0001894195	        1.0000000000	        0.0000966851	        0.0000915765	        0.0645473706	       20.3917814672	       19.7463077615
        0.1938474899	        0.8817126327	        0.7608624594	        0.0113669404	        0.0018744087	        0.0025741338	        0.0006302755	        0.0139162491	        0.0029201805	        0.0017878419	        0.0005762322	        0.0001690792	        1.0000000000	        0.0000844309	        0.0000789487	        0.0548159060	       20.2318447897	       19.6836857299
        0.2134245548	        0.9059236842	        0.7563730108	        0.0110568425	        0.0021128455	        0.0029128615	        0.0006290321	        0.0133244367	        0.0026022070	        0.0018755905	        0.0005489258	        0.0001513980	        1.0000000000	        0.0000744655	        0.0000690053	        0.0465008214	       20.0819078488	       19.6168996349
        0.2345974273	        0.9290241273	        0.7520685406	        0.0107221223	        0.0023632155	        0.0032581738	        0.0006268944	        0.0127032668	        0.0023088627	        0.0019523754	        0.0005262442	        0.0001361196	        1.0000000000	        0.0000663471	        0.0000611073	        0.0394487258	       19.9402636825	       19.5457764244
        0.2574478906	        0.9510673865	        0.7479077369	        0.0103882858	        0.0026239507	        0.0036034294	        0.0006241505	        0.0120615023	        0.0020401145	        0.0020173726	        0.0005081254	        0.0001229808	        1.0000000000	        0.0000597276	        0.0000548470	        0.0334272052	       19.8044247734	       19.4701527215
        0.2820527391	        0.9720929163	        0.7438530558	        0.0100507924	        0.0028935491	        0.0039413176	        0.0006210152	        0.0114062920	        0.0017952184	        0.0020700507	        0.0004944424	        0.0001117286	        1.0000000000	        0.0000543329	        0.0000497551	        0.0283267141	       19.6731481187	       19.3898809773
        0.3084817527	        0.9921244982	        0.7398700141	        0.0097110728	        0.0031708096	        0.0042641655	        0.0006176374	        0.0107436643	        0.0015730169	        0.0021102235	        0.0004850360	        0.0001021293	        1.0000000000	        0.0000499461	        0.0000457221	        0.0240282191	       19.5451144887	       19.3048322982
        0.3367954708	        1.0111688146	        0.7359265838	        0.0093804477	        0.0034551255	        0.0045643608	        0.0006141224	        0.0100790045	        0.0013721619	        0.0021381041	        0.0004797357	        0.0000939730	        1.0000000000	        0.0000463956	        0.0000425420	        0.0203871790	       19.4187714022	       19.2148996123
        0.3670428018	        1.0292144129	        0.7319926833	        0.0090567820	        0.0037468287	        0.0048348844	        0.0006105442	        0.0094175086	        0.0011912741	        0.0021543528	        0.0004783694	        0.0000870746	        1.0000000000	        0.0000435445	        0.0000400997	        0.0173127462	       19.2931310735	       19.1200036114
        0.3992585207	        1.0462313536	        0.7280399481	        0.0087565400	        0.0040475498	        0.0050699263	        0.0006069631	        0.0087645965	        0.0010290527	        0.0021601068	        0.0004807665	        0.0000812736	        1.0000000000	        0.0000412822	        0.0000383522	        0.0146545909	       19.1666415235	       19.0200956141
        0.4334607283	        1.0621720489	        0.7240415993	        0.0084924639	        0.0043605328	        0.0052655332	        0.0006034487	        0.0081262527	        0.0008843401	        0.0021569788	        0.0004867543	        0.0000764331	        1.0000000000	        0.0000395185	        0.0000371067	        0.0122799958	       19.0379639166	       18.9151639584
        0.4696483595	        1.0769739790	        0.7199725902	        0.0082641957	        0.0046907907	        0.0054201905	        0.0006000851	        0.0075092380	        0.0007561452	        0.0021470032	        0.0004961494	        0.0000724381	        1.0000000000	        0.0000381769	        0.0000362846	        0.0101054018	       18.9062945779	       18.8052405603
        0.5077988477	        1.0905650156	        0.7158101556	        0.0080844656	        0.0050449348	        0.0055352068	        0.0005969856	        0.0069210987	        0.0006436259	        0.0021325114	        0.0005087455	        0.0000691942	        1.0000000000	        0.0000371905	        0.0000357671	        0.0080076817	       18.7704809381	       18.6904041210
        0.5478660655	        1.1028717680	        0.7115345183	        0.0079412398	        0.0054304554	        0.0056147348	        0.0005942936	        0.0063698977	        0.0005460346	        0.0021159298	        0.0005243017	        0.0000666272	        1.0000000000	        0.0000364984	        0.0000355188	        0.0059550503	       18.6303370112	       18.5707865077
        0.5897786695	        1.1138305363	        0.7071299969	        0.0078514906	        0.0058542314	        0.0056652801	        0.0005921917	        0.0058636411	        0.0004626354	        0.0020995135	        0.0005425361	        0.0000646822	        1.0000000000	        0.0000360448	        0.0000356258	        0.0038275719	       18.4848476056	       18.4465718870
        0.6334389769	        1.1233991395	        0.7025857128	        0.0078372200	        0.0063201531	        0.0056946466	        0.0005909230	        0.0054094712	        0.0003926178	        0.0020850673	        0.0005631303	        0.0000633244	        1.0000000000	        0.0000357821	        0.0000360322	        0.0015018372	       18.3330191861	       18.3180008137
        0.6787224963	        1.1315666108	        0.6978956897	        0.0079160183	        0.0068260236	        0.0057104598	        0.0005907793	        0.0050128260	        0.0003350344	        0.0020737284	        0.0005857478	        0.0000625395	        1.0000000000	        0.0000356744	        0.0000366974	       -0.0011174664	       18.1741994173	       18.1853740815
        0.7254782147	        1.1383574370	        0.6930580780	        0.0081104402	        0.0073603532	        0.0057186350	        0.0005920816	        0.0046768382	        0.0002887903	        0.0020658855	        0.0006100646	        0.0000623337	        1.0000000000	        0.0000357019	        0.0000376145	       -0.0041318191	       18.0077349319	       18.0490531229
        0.7735297135	        1.1438283220	        0.6880732702	        0.0084422188	        0.0079001362	        0.0057222868	        0.0005951656	        0.0044022058	        0.0002526923	        0.0020612638	        0.0006358080	        0.0000627330	        1.0000000000	        0.0000358649	        0.0000386856	       -0.0076358263	       17.8331022773	       17.9094605406
        0.8226771500	        1.1480579845	        0.6829412698	        0.0089060928	        0.0084109307	        0.0057214903	        0.0006003502	        0.0041875889	        0.0002255424	        0.0020591388	        0.0006627880	        0.0000637817	        1.0000000000	        0.0000361824	        0.0000398503	       -0.0116408851	       17.6506711112	       17.7670799625
        0.8727000940	        1.1511328263	        0.6776593884	        0.0094978889	        0.0088502481	        0.0057140114	        0.0006079222	        0.0040303917	        0.0002062465	        0.0020586005	        0.0006909130	        0.0000655407	        1.0000000000	        0.0000366867	        0.0000412979	       -0.0161754502	       17.4606926691	       17.6224471714
        0.9233611572	        1.1531321441	        0.6722206722	        0.0102535620	        0.0091742835	        0.0056967669	        0.0006181904	        0.0039276819	        0.0001939092	        0.0020587877	        0.0007201838	        0.0000680854	        1.0000000000	        0.0000374193	        0.0000428135	       -0.0214135649	       17.2620069153	       17.4761425644
        0.9744103051	        1.1541157978	        0.6666129803	        0.0110902774	        0.0093466539	        0.0056675167	        0.0006316985	        0.0038770131	        0.0001879019	        0.0020590527	        0.0007506569	        0.0000715030	        1.0000000000	        0.0000384343	        0.0000440272	       -0.0271694501	       17.0571064845	       17.3288009857
        1.0255896949	        1.1541157978	        0.6608166639	        0.0119130418	        0.0093466539	        0.0056163221	        0.0006480522	        0.0038770131	        0.0001879019	        0.0020590527	        0.0007823698	        0.0000758886	        1.0000000000	        0.0000397887	        0.0000448420	       -0.0332531785	       16.8485568134	       17.1810885988
        1.0766388428	        1.1531321441	        0.6548070970	        0.0125896612	        0.0091742835	        0.0055453245	        0.0006672403	        0.0039276819	        0.0001939092	        0.0020587877	        0.0008153077	        0.0000813458	        1.0000000000	        0.0000414913	        0.0000455341	       -0.0393842384	       16.6398403121	       17.0336826961
        1.1272999060	        1.1511328263	        0.6485681737	        0.0131064924	        0.0088502481	        0.0054681475	        0.0006897833	        0.0040303917	        0.0002062465	        0.0020586005	        0.0008493436	        0.0000879778	        1.0000000000	        0.0000434985	        0.0000463309	       -0.0456312337	       16.4309277699	       16.8872401068
        1.1773228500	        1.1480579845	        0.6420959565	        0.0134173349	        0.0084109307	        0.0053900479	        0.0007153395	        0.0041875889	        0.0002255424	        0.0020591388	        0.0008842451	        0.0000958799	        1.0000000000	        0.0000457637	        0.0000470084	       -0.0519245213	       16.2231561866	       16.7424013993
        1.2264702865	        1.1438283220	        0.6353966283	        0.0134647309	        0.0079001362	        0.0053162468	        0.0007437590	        0.0044022058	        0.0002526923	        0.0020612638	        0.0009198009	        0.0001051461	        1.0000000000	        0.0000482424	        0.0000474783	       -0.0581320445	       16.0184584907	       16.5997789353
        1.2745217853	        1.1383574370	        0.6284877008	        0.0132017900	        0.0073603532	        0.0052502984	        0.0007747832	        0.0046768382	        0.0002887903	        0.0020658855	        0.0009559029	        0.0001158718	        1.0000000000	        0.0000508860	        0.0000478137	       -0.0641222711	       15.8187171991	       16.4599399105
        1.3212775037	        1.1315666108	        0.6213967089	        0.0126194760	        0.0068260236	        0.0051928791	        0.0008080487	        0.0050128260	        0.0003350344	        0.0020737284	        0.0009926465	        0.0001281635	        1.0000000000	        0.0000536576	        0.0000483782	       -0.0698471448	       15.6249188925	       16.3233903408
        1.3665610231	        1.1233991395	        0.6141572371	        0.0117918002	        0.0063201531	        0.0051413294	        0.0008431512	        0.0054094712	        0.0003926178	        0.0020850673	        0.0010304211	        0.0001421541	        1.0000000000	        0.0000565499	        0.0000494580	       -0.0754813291	       15.4357518290	       16.1905651204
        1.4102213305	        1.1138305363	        0.6068028478	        0.0107892657	        0.0058542314	        0.0050900450	        0.0008796930	        0.0058636411	        0.0004626354	        0.0020995135	        0.0010699477	        0.0001580222	        1.0000000000	        0.0000595952	        0.0000511891	       -0.0811783356	       15.2500520226	       16.0618353782
        1.4521339345	        1.1028717680	        0.5993616000	        0.0097048190	        0.0054304554	        0.0050315372	        0.0009173020	        0.0063698977	        0.0005460346	        0.0021159298	        0.0011122524	        0.0001760074	        1.0000000000	        0.0000628657	        0.0000534350	       -0.0871621419	       15.0658901812	       15.9375116004
        1.4922011523	        1.0905650156	        0.5918519400	        0.0085464362	        0.0050449348	        0.0049577993	        0.0009556150	        0.0069210987	        0.0006436259	        0.0021325114	        0.0011585926	        0.0001964219	        1.0000000000	        0.0000664655	        0.0000557702	       -0.0934294920	       14.8835592235	       15.8178541440
        1.5303516405	        1.0769739790	        0.5842813946	        0.0072782025	        0.0046907907	        0.0048615910	        0.0009942260	        0.0075092380	        0.0007561452	        0.0021470032	        0.0012103698	        0.0002196568	        1.0000000000	        0.0000705194	        0.0000584707	       -0.0998792314	       14.7042748218	       15.7030671358
        1.5665392717	        1.0621720489	        0.5766470104	        0.0059485663	        0.0043605328	        0.0047373787	        0.0010327350	        0.0081262527	        0.0008843401	        0.0021569788	        0.0012690665	        0.0002461866	        1.0000000000	        0.0000751714	        0.0000621708	       -0.1066740978	       14.5265466723	       15.5932876506
        1.6007414793	        1.0462313536	        0.5689357844	        0.0046242363	        0.0040475498	        0.0045818448	        0.0010708125	        0.0087645965	        0.0010290527	        0.0021601068	        0.0013362063	        0.0002765740	        1.0000000000	        0.0000805889	        0.0000668437	       -0.1140446271	       14.3481505032	       15.4885967744
        1.6329571982	        1.0292144129	        0.5611253303	        0.0033012094	        0.0037468287	        0.0043940079	        0.0011081601	        0.0094175086	        0.0011912741	        0.0021543528	        0.0014133223	        0.0003114726	        1.0000000000	        0.0000869648	        0.0000722143	       -0.1220399390	       14.1686335885	       15.3890329786
        1.6632045292	        1.0111688146	        0.5531849927	        0.0019526688	        0.0034551255	        0.0041750689	        0.0011444524	        0.0100790045	        0.0013721619	        0.0021381041	        0.0015019361	        0.0003516295	        1.0000000000	        0.0000945227	        0.0000787611	       -0.1306632698	       13.9879593520	       15.2945920500
        1.6915182473	        0.9921244982	        0.5450766903	        0.0006251033	        0.0031708096	        0.0039280919	        0.0011793479	        0.0107436643	        0.0015730169	        0.0021102235	        0.0016035432	        0.0003978891	        1.0000000000	        0.0001035291	        0.0000865527	       -0.1401312028	       13.8039150652	       15.2052270934
        1.7179472609	        0.9720929163	        0.5367548734	       -0.0007414923	        0.0028935491	        0.0036576040	        0.0012124617	        0.0114062920	        0.0017952184	        0.0020700507	        0.0017195920	        0.0004511942	        1.0000000000	        0.0001143071	        0.0000956380	       -0.1503833273	       13.6170278652	       15.1208611378
        1.7425521094	        0.9510673865	        0.5281666904	       -0.0021367083	        0.0026239507	        0.0033691648	        0.0012433332	        0.0120615023	        0.0020401145	        0.0020173726	        0.0018514451	        0.0005125837	        1.0000000000	        0.0001272528	        0.0001071653	       -0.1615628237	       13.4257551206	       15.0413833571
        1.7654025727	        0.9290241273	        0.5192513621	       -0.0035045063	        0.0023632155	        0.0030689420	        0.0012714454	        0.0127032668	        0.0023088627	        0.0019523754	        0.0020003146	        0.0005831802	        1.0000000000	        0.0001428601	        0.0001216893	       -0.1739427890	       13.2272278404	       14.9666557305
        1.7865754452	        0.9059236842	        0.5099390719	       -0.0048379038	        0.0021128455	        0.0027633132	        0.0012961891	        0.0133244367	        0.0026022070	        0.0018755905	        0.0021671487	        0.0006641629	        1.0000000000	        0.0001617485	        0.0001396186	       -0.1876766493	       13.0197568015	       14.8965232941
        1.8061525101	        0.8817126327	        0.5001498513	       -0.0061179145	        0.0018744087	        0.0024585138	        0.0013168103	        0.0139162491	        0.0029201805	        0.0017878419	        0.0023524519	        0.0007567114	        1.0000000000	        0.0001846939	        0.0001622535	       -0.2029621366	       12.8011957071	       14.8308170731
        1.8242187368	        0.8563255940	        0.4897922277	       -0.0072857588	        0.0016493662	        0.0021603450	        0.0013323780	        0.0144678307	        0.0032617174	        0.0016901970	        0.0025560184	        0.0008619093	        1.0000000000	        0.0002126700	        0.0001909072	       -0.2201100113	       12.5682570155	       14.7693571284
        1.8408607086	        0.8296877090	        0.4787616866	       -0.0083065980	        0.0014389533	        0.0018739524	        0.0013417336	        0.0149657214	        0.0036241666	        0.0015839246	        0.0027765504	        0.0009805861	        1.0000000000	        0.0002468936	        0.0002268001	       -0.2393791292	       12.3181679705	       14.7119592623
        1.8561652810	        0.8017178130	        0.4669394564	       -0.0091456380	        0.0012441067	        0.0016036795	        0.0013434296	        0.0153934660	        0.0040027142	        0.0014704597	        0.0030111313	        0.0011130706	        1.0000000000	        0.0002888679	        0.0002717994	       -0.2610366614	       12.0480711706	       14.6584377843
        1.8702184608	        0.7723326267	        0.4541920154	       -0.0097583611	        0.0010654302	        0.0013529956	        0.0013356881	        0.0157313602	        0.0043897514	        0.0013513753	        0.0032545450	        0.0012588296	        1.0000000000	        0.0003404166	        0.0003274243	       -0.2853761025	       11.7548474084	       14.6086084337
        1.8831044915	        0.7414523309	        0.4403722046	       -0.0101595989	        0.0009031883	        0.0011244871	        0.0013163901	        0.0159564812	        0.0047742712	        0.0012283598	        0.0034984646	        0.0014159701	        1.0000000000	        0.0004036753	        0.0003960130	       -0.3125423624	       11.4368677387	       14.5622913628
        1.8949051275	        0.7090079064	        0.4253237109	       -0.0103063167	        0.0007573229	        0.0009199001	        0.0012831628	        0.0160431939	        0.0051414541	        0.0011031981	        0.0037306353	        0.0015806223	        1.0000000000	        0.0004809978	        0.0004815391	       -0.3427962007	       11.0913486682	       14.5193106753
        1.9056990763	        0.6749505649	        0.4088909883	       -0.0101241701	        0.0006274850	        0.0007402095	        0.0012336537	        0.0159643671	        0.0054726863	        0.0009777538	        0.0039343414	        0.0017462976	        1.0000000000	        0.0005746992	        0.0005828997	       -0.3764092495	       10.7154046509	       14.4794971461
        1.9155615890	        0.6392634341	        0.3909378701	       -0.0098156613	        0.0005130784	        0.0005856863	        0.0011660530	        0.0156935518	        0.0057463357	        0.0008539468	        0.0040887020	        0.0019034706	        1.0000000000	        0.0006865232	        0.0006987478	       -0.4129381035	       10.3133125448	       14.4426935799
        1.9245641781	        0.6019753444	        0.3713783084	       -0.0094561976	        0.0004133095	        0.0004559301	        0.0010799793	        0.0152083036	        0.0059396343	        0.0007337221	        0.0041705803	        0.0020398369	        1.0000000000	        0.0008168066	        0.0008360358	       -0.4520999903	        9.8877457432	       14.4087456462
        1.9327744427	        0.5631760683	        0.3502169158	       -0.0088570079	        0.0003272418	        0.0003498391	        0.0009775477	        0.0144946236	        0.0060318989	        0.0006190036	        0.0041587367	        0.0021417894	        1.0000000000	        0.0009635442	        0.0009884691	       -0.4939466586	        9.4380351894	       14.3775017757
        1.9402559838	        0.5230316915	        0.3275884079	       -0.0083234416	        0.0002538515	        0.0002655264	        0.0008638705	        0.0135521018	        0.0060090026	        0.0005116263	        0.0040397606	        0.0021972709	        1.0000000000	        0.0011218712	        0.0011475128	       -0.5372419310	        8.9764011919	       14.3488205020
        1.9470683933	        0.4817980412	        0.3037750585	       -0.0077955318	        0.0001920824	        0.0002002619	        0.0007461406	        0.0123987905	        0.0058684643	        0.0004132474	        0.0038134364	        0.0021991708	        1.0000000000	        0.0012847673	        0.0013201852	       -0.5812823875	        8.5097343205	       14.3225581958
        1.9532673011	        0.4398294380	        0.2791771742	       -0.0069888603	        0.0001408983	        0.0001505987	        0.0006311610	        0.0110742704	        0.0056239014	        0.0003252413	        0.0034941533	        0.0021474610	        1.0000000000	        0.0014451769	        0.0014911723	       -0.6256233736	        8.0423368911	       14.2985706268
        1.9589044686	        0.3975796347	        0.2542395707	       -0.0062189747	        0.0000993297	        0.0001128196	        0.0005229013	        0.0096391014	        0.0053072284	        0.0002485922	        0.0031070782	        0.0020487753	        1.0000000000	        0.0015982222	        0.0016583160	       -0.6687479154	        7.5892378982	       14.2767170520
        1.9640279170	        0.3555914649	        0.2293747635	       -0.0051162689	        0.0000665036	        0.0000836272	        0.0004223773	        0.0081692667	        0.0049672680	        0.0001838049	        0.0026818205	        0.0019141611	        1.0000000000	        0.0017416255	        0.0018126905	       -0.7105582057	        7.1512702462	       14.2568523030
        1.9686820816	        0.3147416108	        0.2049275187	       -0.0042068547	        0.0000470814	        0.0000607939	        0.0003304166	        0.0067567771	        0.0046683037	        0.0001312364	        0.0022473841	        0.0017568421	        1.0000000000	        0.0018741488	        0.0019417511	       -0.7496664220	        6.7421714098	       14.2388356300
        1.9729079831	        0.2758662653	        0.1811826468	       -0.0033779331	        0.0000332418	        0.0000430171	        0.0002487727	        0.0054607905	        0.0044434186	        0.0000904000	        0.0018289886	        0.0015905845	        1.0000000000	        0.0019941783	        0.0020670119	       -0.7859823372	        6.3627006266	       14.2225239989
        1.9767434111	        0.2392597842	        0.1583777488	       -0.0025067109	        0.0000223411	        0.0000294857	        0.0001795554	        0.0043085696	        0.0043077434	        0.0000598211	        0.0014459597	        0.0014285372	        1.0000000000	        0.0020998526	        0.0021811846	       -0.8195311583	        6.0124661097	       14.2077776927
        1.9802231129	        0.2050490173	        0.1367041936	       -0.0016551833	        0.0000141812	        0.0000195278	        0.0001240205	        0.0033131895	        0.0042682686	        0.0000377974	        0.0011105093	        0.0012818364	        1.0000000000	        0.0021899886	        0.0022670405	       -0.8501588766	        5.6928748888	       14.1944636548
        1.9833789852	        0.1733098355	        0.1163000645	       -0.0010262616	        0.0000084347	        0.0000124627	        0.0000818529	        0.0024770500	        0.0043242313	        0.0000226281	        0.0008278003	        0.0011565248	        1.0000000000	        0.0022647710	        0.0023193974	       -0.8776337361	        5.4061187165	       14.1824560775
        1.9862402627	        0.1440555631	        0.0972457542	       -0.0007034440	        0.0000046578	        0.0000076150	        0.0000513597	        0.0017933881	        0.0044688244	        0.0000127029	        0.0005972267	        0.0010552257	        1.0000000000	        0.0023256927	        0.0023633448	       -0.9019980057	        5.1516556716	       14.1716357282
        1.9888337046	        0.1172361386	        0.0795681598	       -0.0004315848	        0.0000023576	        0.0000043922	        0.0000302503	        0.0012490763	        0.0046914788	        0.0000065880	        0.0004144282	        0.0009815272	        1.0000000000	        0.0023749376	        0.0024169625	       -0.9237833889	        4.9240564394	       14.1618903286
        1.9911837738	        0.0927485581	        0.0632518617	       -0.0001019167	        0.0000010717	        0.0000023351	        0.0000163518	        0.0008276828	        0.0049800020	        0.0000030854	        0.0002733330	        0.0009401216	        1.0000000000	        0.0024147395	        0.0024539008	       -0.9433312341	        4.7198046690	       14.1531170098
        1.9933128092	        0.0704536354	        0.0482519173	        0.0000762898	        0.0000004225	        0.0000011023	        0.0000078225	        0.0005119512	        0.0053221295	        0.0000012573	        0.0001676229	        0.0009369881	        1.0000000000	        0.0024470693	        0.0024649859	       -0.9606058223	        4.5391638520	       14.1452220750
        1.9952411902	        0.0501930334	        0.0345044039	        0.0001085626	        0.0000001354	        0.0000004337	        0.0000031109	        0.0002853812	        0.0057064115	        0.0000004173	        0.0000915672	        0.0009813881	        1.0000000000	        0.0024736069	        0.0024732284	       -0.9758417700	        4.3797024487	       14.1381201484
        1.9969874916	        0.0318028097	        0.0219340948	        0.0000722619	        0.0000000309	        0.0000001248	        0.0000009035	        0.0001330130	        0.0061225820	        0.0000000985	        0.0000404241	        0.0010911640	        1.0000000000	        0.0024957818	        0.0024835985	       -0.9893392624	        4.2383406234	       14.1317332474
        1.9985686299	        0.0151224499	        0.0104600834	       -0.0000088117	        0.0000000035	        0.0000000180	        0.0000001311	        0.0000416842	        0.0065616201	        0.0000000115	        0.0000106279	        0.0013093560	        1.0000000000	        0.0025147751	        0.0024927933	       -1.0013149175	        4.1128427053	       14.1259918800
        2.0000000000	        0.0000000000	        0.0000000000	       -0.0001194652	        0.0000000000	        0.0000000000	        0.0000000000	        0.0000000000	        0.0070156685	        0.0000000000	        0.0000000000	        0.0017887381	        1.0000000000	        0.0025281619	        0.0025065922	                 NaN	        4.0012744475	                 NaN
