        0.0000000000	        0.0000000000	        1.0000000000	        0.0000664196	        0.0000000000	        0.0000000000	        0.0000000000	        0.0000000000	        0.0070156685	        0.0000000000	        0.0000000000	        0.0001882087	        1.0000000000	        0.0014747885	        0.0013762070	                 NaN	       30.8609176801	                 NaN
        0.0014313701	        0.0151224499	        0.9940243459	       -0.0002960121	        0.0000000035	        0.0000000179	        0.0000000729	        0.0000416842	        0.0065616201	        0.0000000115	        0.0000011183	        0.0001389991	        1.0000000000	        0.0014044683	        0.0013290793	        4.1104878491	       30.5846757382	       26.4741878891
        0.0030125084	        0.0318028097	        0.9877501009	       -0.0005911302	        0.0000000309	        0.0000001236	        0.0000004773	        0.0001330130	        0.0061225820	        0.0000000985	        0.0000042677	        0.0001175232	        1.0000000000	        0.0013316306	        0.0012745502	        3.8408852554	       30.2924708149	       26.4515855596
        0.0047588098	        0.0501930334	        0.9811954389	       -0.0008459239	        0.0000001354	        0.0000004265	        0.0000015535	        0.0002853812	        0.0057064115	        0.0000004173	        0.0000096909	        0.0001073934	        1.0000000000	        0.0012560739	        0.0012068924	        3.5606473199	       29.9868614967	       26.4262141768
        0.0066871908	        0.0704536354	        0.9743861632	       -0.0011143943	        0.0000004225	        0.0000010783	        0.0000036837	        0.0005119512	        0.0053221295	        0.0000012573	        0.0000177568	        0.0001037225	        1.0000000000	        0.0011779841	        0.0011283231	        3.2741302762	       29.6720169920	       26.3978867158
        0.0088162262	        0.0927485581	        0.9673568241	       -0.0014293276	        0.0000010717	        0.0000022808	        0.0000072598	        0.0008276828	        0.0049800020	        0.0000030854	        0.0000289101	        0.0001042231	        1.0000000000	        0.0010975908	        0.0010484891	        2.9849967185	       29.3514016604	       26.3664049419
        0.0111662954	        0.1172361386	        0.9601517413	       -0.0017511840	        0.0000023576	        0.0000043060	        0.0000126774	        0.0012490763	        0.0046914788	        0.0000065880	        0.0000436173	        0.0001074783	        1.0000000000	        0.0010152132	        0.0009676956	        2.6938782940	       29.0254293441	       26.3315510501
        0.0137597373	        0.1440555631	        0.9528254751	       -0.0021094754	        0.0000046578	        0.0000075350	        0.0000203489	        0.0017933881	        0.0044688244	        0.0000127029	        0.0000622912	        0.0001124121	        1.0000000000	        0.0009312389	        0.0008864587	        2.4051122320	       28.6982167113	       26.2931044793
        0.0166210148	        0.1733098355	        0.9454437885	       -0.0024584412	        0.0000084347	        0.0000125096	        0.0000306964	        0.0024770500	        0.0043242313	        0.0000226281	        0.0000851842	        0.0001181210	        1.0000000000	        0.0008461480	        0.0008063680	        2.1199323167	       28.3707767786	       26.2508444618
        0.0197768871	        0.2050490173	        0.9380832869	       -0.0028025516	        0.0000141812	        0.0000199692	        0.0000440482	        0.0033131895	        0.0042682686	        0.0000377974	        0.0001122523	        0.0001239058	        1.0000000000	        0.0007606240	        0.0007266984	        1.8423448020	       28.0468974097	       26.2045526077
        0.0232565889	        0.2392597842	        0.9308294212	       -0.0031102758	        0.0000223411	        0.0000308230	        0.0000603998	        0.0043085696	        0.0043077434	        0.0000598211	        0.0001430287	        0.0001293101	        1.0000000000	        0.0006757135	        0.0006487478	        1.5749917903	       27.7290002147	       26.1540084245
        0.0270920169	        0.2758662653	        0.9237705244	       -0.0033737307	        0.0000332418	        0.0000460917	        0.0000792498	        0.0054607905	        0.0044434186	        0.0000904000	        0.0001765958	        0.0001337710	        1.0000000000	        0.0005928947	        0.0005724187	        1.3216169842	       27.4206225759	       26.0990055918
        0.0313179184	        0.3147416108	        0.9169895790	       -0.0035882437	        0.0000470814	        0.0000669167	        0.0000997189	        0.0067567771	        0.0046683037	        0.0001312364	        0.0002117006	        0.0001365929	        1.0000000000	        0.0005138603	        0.0004996141	        1.0857373848	       27.1250879463	       26.0393505615
        0.0359720830	        0.3555914649	        0.9105570498	       -0.0037400613	        0.0000665036	        0.0000947598	        0.0001209450	        0.0081692667	        0.0049672680	        0.0001838049	        0.0002469763	        0.0001372938	        1.0000000000	        0.0004401143	        0.0004313882	        0.8698149863	       26.8446541992	       25.9748392129
        0.0410955314	        0.3975796347	        0.9045282671	       -0.0038353132	        0.0000993297	        0.0001318728	        0.0001424949	        0.0096391014	        0.0053072284	        0.0002485922	        0.0002811718	        0.0001356976	        1.0000000000	        0.0003726027	        0.0003688957	        0.6764578390	       26.5817249285	       25.9052670895
        0.0467326989	        0.4398294380	        0.8989463283	       -0.0038555747	        0.0001408983	        0.0001819332	        0.0001644597	        0.0110742704	        0.0056239014	        0.0003252413	        0.0003132910	        0.0001319319	        1.0000000000	        0.0003117092	        0.0003130155	        0.5066071518	       26.3370315537	       25.8304244019
        0.0529316067	        0.4817980412	        0.8938439913	       -0.0037905394	        0.0001920824	        0.0002504022	        0.0001870924	        0.0123987905	        0.0058684643	        0.0004132474	        0.0003426533	        0.0001263914	        1.0000000000	        0.0002576439	        0.0002640149	        0.3611164455	       26.1112037639	       25.7500873184
        0.0597440162	        0.5230316915	        0.8892380643	       -0.0036155093	        0.0002538515	        0.0003438523	        0.0002101606	        0.0135521018	        0.0060090026	        0.0005116263	        0.0003689568	        0.0001196671	        1.0000000000	        0.0002107567	        0.0002229326	        0.2395646873	       25.9035596891	       25.6639950017
        0.0672255573	        0.5631760683	        0.8851193429	       -0.0032864974	        0.0003272418	        0.0004689845	        0.0002331145	        0.0144946236	        0.0060318989	        0.0006190036	        0.0003923462	        0.0001124358	        1.0000000000	        0.0001714008	        0.0001893252	        0.1396516928	       25.7115023116	       25.5718506188
        0.0754358219	        0.6019753444	        0.8814484631	       -0.0028009075	        0.0004133095	        0.0006316970	        0.0002556018	        0.0152083036	        0.0059396343	        0.0007337221	        0.0004133548	        0.0001053176	        1.0000000000	        0.0001395266	        0.0001621974	        0.0596630169	       25.5329892110	       25.4733261941
        0.0844384110	        0.6392634341	        0.8781634042	       -0.0021562707	        0.0005130784	        0.0008364598	        0.0002777521	        0.0156935518	        0.0057463357	        0.0008539468	        0.0004327122	        0.0000987642	        1.0000000000	        0.0001145023	        0.0001406933	       -0.0029778419	       25.3650720619	       25.3680499037
        0.0943009237	        0.6749505649	        0.8751918818	       -0.0013697914	        0.0006274850	        0.0010859994	        0.0003000706	        0.0159643671	        0.0054726863	        0.0009777538	        0.0004511423	        0.0000930272	        1.0000000000	        0.0000952787	        0.0001242244	       -0.0503427693	       25.2052675082	       25.2556102776
        0.1050948725	        0.7090079064	        0.8724626162	       -0.0004243694	        0.0007573229	        0.0013811749	        0.0003231945	        0.0160431939	        0.0051414541	        0.0011031981	        0.0004692487	        0.0000881926	        1.0000000000	        0.0000806895	        0.0001116410	       -0.0858130761	       25.0497371259	       25.1355502021
        0.1168955085	        0.7414523309	        0.8699107662	        0.0006559787	        0.0009031883	        0.0017209325	        0.0003476627	        0.0159564812	        0.0047742712	        0.0012283598	        0.0004874873	        0.0000842405	        1.0000000000	        0.0000696621	        0.0001017475	       -0.1106807395	       24.8967135483	       25.0073942878
        0.1297815392	        0.7723326267	        0.8674808256	        0.0018701804	        0.0010654302	        0.0021022804	        0.0003737508	        0.0157313602	        0.0043897514	        0.0013513753	        0.0005061891	        0.0000810963	        1.0000000000	        0.0000613047	        0.0000942462	       -0.1267379915	       24.7438923998	       24.8706303914
        0.1438347190	        0.8017178130	        0.8651263443	        0.0032268494	        0.0012441067	        0.0025202739	        0.0004015025	        0.0153934660	        0.0040027142	        0.0014704597	        0.0005255991	        0.0000786660	        1.0000000000	        0.0000549342	        0.0000885858	       -0.1357300015	       24.5889853520	       24.7247153534
        0.1591392914	        0.8296877090	        0.8628083979	        0.0047324211	        0.0014389533	        0.0029680364	        0.0004307635	        0.0149657214	        0.0036241666	        0.0015839246	        0.0005459102	        0.0000768564	        1.0000000000	        0.0000500463	        0.0000842905	       -0.1389354350	       24.4301498361	       24.5690852712
        0.1757812632	        0.8563255940	        0.8604940006	        0.0063965413	        0.0016493662	        0.0034368524	        0.0004612093	        0.0144678307	        0.0032617174	        0.0016901970	        0.0005672890	        0.0000755834	        1.0000000000	        0.0000462742	        0.0000811424	       -0.1374592619	       24.2656936043	       24.4031528662
        0.1938474899	        0.8817126327	        0.8581546120	        0.0082391072	        0.0018744087	        0.0039163646	        0.0004924199	        0.0139162491	        0.0029201805	        0.0017878419	        0.0005898938	        0.0000747760	        1.0000000000	        0.0000433565	        0.0000788355	       -0.1325881526	       24.0937246119	       24.2263127645
        0.2134245548	        0.9059236842	        0.8557645692	        0.0102666682	        0.0021128455	        0.0043949007	        0.0005238995	        0.0133244367	        0.0026022070	        0.0018755905	        0.0006138866	        0.0000743766	        1.0000000000	        0.0000411056	        0.0000771113	       -0.1248989909	       23.9130597837	       24.0379587746
        0.2345974273	        0.9290241273	        0.8533002928	        0.0124911618	        0.0023632155	        0.0048599417	        0.0005550706	        0.0127032668	        0.0023088627	        0.0019523754	        0.0006394414	        0.0000743396	        1.0000000000	        0.0000393839	        0.0000759990	       -0.1150647644	       23.7224186806	       23.8374834450
        0.2574478906	        0.9510673865	        0.8507395460	        0.0149384131	        0.0026239507	        0.0052987186	        0.0005853867	        0.0120615023	        0.0020401145	        0.0020173726	        0.0006667523	        0.0000746313	        1.0000000000	        0.0000380955	        0.0000754515	       -0.1042160391	       23.5200593917	       23.6242754308
        0.2820527391	        0.9720929163	        0.8480602852	        0.0176294394	        0.0028935491	        0.0056989200	        0.0006144283	        0.0114062920	        0.0017952184	        0.0020700507	        0.0006960391	        0.0000752281	        1.0000000000	        0.0000371775	        0.0000751174	       -0.0932490649	       23.3045024495	       23.3977515144
        0.3084817527	        0.9921244982	        0.8452396951	        0.0205510392	        0.0031708096	        0.0060494743	        0.0006417550	        0.0107436643	        0.0015730169	        0.0021102235	        0.0007275467	        0.0000761150	        1.0000000000	        0.0000365808	        0.0000750705	       -0.0817277991	       23.0756604798	       23.1573882789
        0.3367954708	        1.0111688146	        0.8422548868	        0.0237377749	        0.0034551255	        0.0063413386	        0.0006670308	        0.0100790045	        0.0013721619	        0.0021381041	        0.0007615478	        0.0000772852	        1.0000000000	        0.0000362716	        0.0000753149	       -0.0710976201	       22.8315910728	       22.9026886929
        0.3670428018	        1.0292144129	        0.8390812779	        0.0271800412	        0.0037468287	        0.0065682366	        0.0006900920	        0.0094175086	        0.0011912741	        0.0021543528	        0.0007983407	        0.0000787392	        1.0000000000	        0.0000362293	        0.0000756027	       -0.0611526329	       22.5721051258	       22.6332577587
        0.3992585207	        1.0462313536	        0.8356931476	        0.0308689533	        0.0040475498	        0.0067272796	        0.0007107521	        0.0087645965	        0.0010290527	        0.0021601068	        0.0008382410	        0.0000804838	        1.0000000000	        0.0000364318	        0.0000759921	       -0.0518194196	       22.2969865521	       22.3488059717
        0.4334607283	        1.0621720489	        0.8320643926	        0.0347994933	        0.0043605328	        0.0068193785	        0.0007288661	        0.0081262527	        0.0008843401	        0.0021569788	        0.0008815752	        0.0000825327	        1.0000000000	        0.0000368557	        0.0000766392	       -0.0432346514	       22.0059064687	       22.0491411201
        0.4696483595	        1.0769739790	        0.8281693641	        0.0389904187	        0.0046907907	        0.0068493697	        0.0007445797	        0.0075092380	        0.0007561452	        0.0021470032	        0.0009286785	        0.0000849078	        1.0000000000	        0.0000374854	        0.0000774780	       -0.0364642023	       21.6977113060	       21.7341755083
        0.5077988477	        1.0905650156	        0.8239820307	        0.0434224240	        0.0050449348	        0.0068257823	        0.0007582918	        0.0069210987	        0.0006436259	        0.0021325114	        0.0009798816	        0.0000876407	        1.0000000000	        0.0000383077	        0.0000783687	       -0.0312607121	       21.3727628245	       21.4040235366
        0.5478660655	        1.1028717680	        0.8194778147	        0.0480797843	        0.0054304554	        0.0067601583	        0.0007704726	        0.0063698977	        0.0005460346	        0.0021159298	        0.0010354878	        0.0000907737	        1.0000000000	        0.0000393009	        0.0000793301	       -0.0275943114	       21.0313879500	       21.0589822614
        0.5897786695	        1.1138305363	        0.8146353760	        0.0529422935	        0.0058542314	        0.0066658677	        0.0007816693	        0.0058636411	        0.0004626354	        0.0020995135	        0.0010957580	        0.0000943626	        1.0000000000	        0.0000404360	        0.0000804206	       -0.0253011196	       20.6742438274	       20.6995449470
        0.6334389769	        1.1233991395	        0.8094388129	        0.0580067124	        0.0063201531	        0.0065564867	        0.0007926037	        0.0054094712	        0.0003926178	        0.0020850673	        0.0011609147	        0.0000984813	        1.0000000000	        0.0000416857	        0.0000816103	       -0.0247936914	       20.3016048633	       20.3263985547
        0.6787224963	        1.1315666108	        0.8038775357	        0.0632456603	        0.0068260236	        0.0064439953	        0.0008040678	        0.0050128260	        0.0003350344	        0.0020737284	        0.0012311617	        0.0001032264	        1.0000000000	        0.0000430268	        0.0000829570	       -0.0256183372	       19.9148479559	       19.9404662930
        0.7254782147	        1.1383574370	        0.7979475341	        0.0686709518	        0.0073603532	        0.0063372053	        0.0008170301	        0.0046768382	        0.0002887903	        0.0020658855	        0.0013067298	        0.0001087232	        1.0000000000	        0.0000444572	        0.0000844566	       -0.0286655155	       19.5142008631	       19.5428663786
        0.7735297135	        1.1438283220	        0.7916463215	        0.0742504220	        0.0079001362	        0.0062408818	        0.0008325710	        0.0044022058	        0.0002526923	        0.0020612638	        0.0013879143	        0.0001151278	        1.0000000000	        0.0000460021	        0.0000860179	       -0.0334512870	       19.1015194659	       19.1349707529
        0.8226771500	        1.1480579845	        0.7849712406	        0.0799586539	        0.0084109307	        0.0061558434	        0.0008516440	        0.0041875889	        0.0002255424	        0.0020591388	        0.0014750723	        0.0001226248	        1.0000000000	        0.0000477059	        0.0000877145	       -0.0399886083	       18.6783817190	       18.7183703273
        0.8727000940	        1.1511328263	        0.7779157797	        0.0857655254	        0.0088502481	        0.0060800124	        0.0008752314	        0.0040303917	        0.0002062465	        0.0020586005	        0.0015685826	        0.0001314221	        1.0000000000	        0.0000496387	        0.0000894904	       -0.0484915195	       18.2463595308	       18.2948510503
        0.9233611572	        1.1531321441	        0.7704658132	        0.0916041083	        0.0091742835	        0.0060100694	        0.0009042002	        0.0039276819	        0.0001939092	        0.0020587877	        0.0016687108	        0.0001417391	        1.0000000000	        0.0000518785	        0.0000911541	       -0.0584758919	       17.8079373362	       17.8664132282
        0.9744103051	        1.1541157978	        0.7626009421	        0.0973599398	        0.0093466539	        0.0059432042	        0.0009392070	        0.0038770131	        0.0001879019	        0.0020590527	        0.0017753926	        0.0001537877	        1.0000000000	        0.0000544932	        0.0000927103	       -0.0684195197	       17.3668048964	       17.4352244161
        1.0255896949	        1.1541157978	        0.7542968875	        0.1029436421	        0.0093466539	        0.0058681210	        0.0009791334	        0.0038770131	        0.0001879019	        0.0020590527	        0.0018880574	        0.0001677589	        1.0000000000	        0.0000575367	        0.0000943696	       -0.0779642541	       16.9255137190	       17.0034779731
        1.0766388428	        1.1531321441	        0.7455289862	        0.1082887935	        0.0091742835	        0.0057857972	        0.0010236124	        0.0039276819	        0.0001939092	        0.0020587877	        0.0020055802	        0.0001838150	        1.0000000000	        0.0000610063	        0.0000961276	       -0.0875790379	       16.4857339402	       16.5733129781
        1.1272999060	        1.1511328263	        0.7362874724	        0.1133116880	        0.0088502481	        0.0057087891	        0.0010732181	        0.0040303917	        0.0002062465	        0.0020586005	        0.0021260387	        0.0002020474	        1.0000000000	        0.0000648255	        0.0000979272	       -0.0968776354	       16.0500029603	       16.1468805958
        1.1773228500	        1.1480579845	        0.7265856660	        0.1179617596	        0.0084109307	        0.0056406856	        0.0011271286	        0.0041875889	        0.0002255424	        0.0020591388	        0.0022466550	        0.0002224399	        1.0000000000	        0.0000689039	        0.0000996270	       -0.1058837198	       15.6203751182	       15.7262588380
        1.2264702865	        1.1438283220	        0.7164558264	        0.1221543066	        0.0079001362	        0.0055849765	        0.0011845454	        0.0044022058	        0.0002526923	        0.0020612638	        0.0023641078	        0.0002448692	        1.0000000000	        0.0000731362	        0.0001010642	       -0.1131690908	       15.2002869511	       15.3134560419
        1.2745217853	        1.1383574370	        0.7059553584	        0.1258397048	        0.0073603532	        0.0055434567	        0.0012440109	        0.0046768382	        0.0002887903	        0.0020658855	        0.0024748416	        0.0002691028	        1.0000000000	        0.0000773830	        0.0001023385	       -0.1176829767	       14.7926126104	       14.9102955871
        1.3212775037	        1.1315666108	        0.6951659643	        0.1290201350	        0.0068260236	        0.0055149955	        0.0013037239	        0.0050128260	        0.0003350344	        0.0020737284	        0.0025756172	        0.0002948337	        1.0000000000	        0.0000815159	        0.0001035746	       -0.1191106682	       14.3992157429	       14.5183264111
        1.3665610231	        1.1233991395	        0.6841847081	        0.1317309703	        0.0063201531	        0.0054950124	        0.0013618407	        0.0054094712	        0.0003926178	        0.0020850673	        0.0026640846	        0.0003217409	        1.0000000000	        0.0000854594	        0.0001049095	       -0.1174956642	       14.0213058512	       14.1388015154
        1.4102213305	        1.1138305363	        0.6731114345	        0.1340396453	        0.0058542314	        0.0054758030	        0.0014167425	        0.0058636411	        0.0004626354	        0.0020995135	        0.0027391490	        0.0003495577	        1.0000000000	        0.0000892165	        0.0001062946	       -0.1135291350	       13.6591923154	       13.7727214504
        1.4521339345	        1.1028717680	        0.6620350388	        0.1359709249	        0.0054304554	        0.0054476007	        0.0014669949	        0.0063698977	        0.0005460346	        0.0021159298	        0.0028009952	        0.0003781209	        1.0000000000	        0.0000928593	        0.0001076169	       -0.1068882574	       13.3139736237	       13.4208618811
        1.4922011523	        1.0905650156	        0.6510273588	        0.1375493470	        0.0050449348	        0.0054000450	        0.0015112359	        0.0069210987	        0.0006436259	        0.0021325114	        0.0028508622	        0.0004073977	        1.0000000000	        0.0000965021	        0.0001088785	       -0.0975619496	       12.9862129472	       13.0837748967
        1.5303516405	        1.0769739790	        0.6401398783	        0.1387789741	        0.0046907907	        0.0053236616	        0.0015482751	        0.0075092380	        0.0007561452	        0.0021470032	        0.0028907382	        0.0004374932	        1.0000000000	        0.0001002859	        0.0001102584	       -0.0853581992	       12.6764194792	       12.7617776784
        1.5665392717	        1.0621720489	        0.6294043853	        0.1396995547	        0.0043605328	        0.0052110394	        0.0015773178	        0.0081262527	        0.0008843401	        0.0021569788	        0.0029230715	        0.0004686483	        1.0000000000	        0.0001043751	        0.0001119626	       -0.0712762651	       12.3836757585	       12.4549520236
        1.6007414793	        1.0462313536	        0.6188325884	        0.1403278917	        0.0040475498	        0.0050575559	        0.0015981171	        0.0087645965	        0.0010290527	        0.0021601068	        0.0029505147	        0.0005012277	        1.0000000000	        0.0001089607	        0.0001139048	       -0.0560447630	       12.1071883104	       12.1632330734
        1.6329571982	        1.0292144129	        0.6084181954	        0.1406518042	        0.0037468287	        0.0048616494	        0.0016107579	        0.0094175086	        0.0011912741	        0.0021543528	        0.0029757004	        0.0005357007	        1.0000000000	        0.0001142480	        0.0001157679	       -0.0399561771	       11.8464741151	       11.8864302922
        1.6632045292	        1.0111688146	        0.5981403546	        0.1406031732	        0.0034551255	        0.0046247209	        0.0016153355	        0.0100790045	        0.0013721619	        0.0021381041	        0.0030011008	        0.0005726255	        1.0000000000	        0.0001204423	        0.0001180232	       -0.0221936405	       11.6020580536	       11.6242516941
        1.6915182473	        0.9921244982	        0.5879687587	        0.1402410728	        0.0031708096	        0.0043507748	        0.0016122165	        0.0107436643	        0.0015730169	        0.0021102235	        0.0030290123	        0.0006126500	        1.0000000000	        0.0001277788	        0.0001208865	       -0.0050119298	       11.3712420850	       11.3762540147
        1.7179472609	        0.9720929163	        0.5778617921	        0.1395093625	        0.0028935491	        0.0040458912	        0.0016020520	        0.0114062920	        0.0017952184	        0.0020700507	        0.0030615601	        0.0006565169	        1.0000000000	        0.0001365414	        0.0001241515	        0.0119214927	       11.1538789505	       11.1419574578
        1.7425521094	        0.9510673865	        0.5677695367	        0.1384081806	        0.0026239507	        0.0037176079	        0.0015854851	        0.0120615023	        0.0020401145	        0.0020173726	        0.0031006923	        0.0007050662	        1.0000000000	        0.0001470620	        0.0001284165	        0.0275506288	       10.9483647473	       10.9208141184
        1.7654025727	        0.9290241273	        0.5576335337	        0.1369446824	        0.0023632155	        0.0033742783	        0.0015632951	        0.0127032668	        0.0023088627	        0.0019523754	        0.0031481985	        0.0007592454	        1.0000000000	        0.0001597578	        0.0001342701	        0.0406092170	       10.7528358780	       10.7122266610
        1.7865754452	        0.9059236842	        0.5473859337	        0.1351561874	        0.0021128455	        0.0030244593	        0.0015363839	        0.0133244367	        0.0026022070	        0.0018755905	        0.0032056941	        0.0008201112	        1.0000000000	        0.0001751677	        0.0001419005	        0.0490742960	       10.5646529233	       10.5155786273
        1.8061525101	        0.8817126327	        0.5369472992	        0.1330160348	        0.0018744087	        0.0026763734	        0.0015055831	        0.0139162491	        0.0029201805	        0.0017878419	        0.0032745377	        0.0008888151	        1.0000000000	        0.0001939814	        0.0001517028	        0.0521731873	       10.3824540315	       10.3302808442
        1.8242187368	        0.8563255940	        0.5262259911	        0.1305443392	        0.0016493662	        0.0023374772	        0.0014715189	        0.0144678307	        0.0032617174	        0.0016901970	        0.0033556832	        0.0009665627	        1.0000000000	        0.0002170803	        0.0001647249	        0.0479328101	       10.2036741597	       10.1557413496
        1.8408607086	        0.8296877090	        0.5151155931	        0.1277506640	        0.0014389533	        0.0020141552	        0.0014345989	        0.0149657214	        0.0036241666	        0.0015839246	        0.0034494514	        0.0010545361	        1.0000000000	        0.0002456063	        0.0001815705	        0.0343925236	       10.0257871017	        9.9913945781
        1.8561652810	        0.8017178130	        0.5034923656	        0.1246171049	        0.0012441067	        0.0017115461	        0.0013948390	        0.0153934660	        0.0040027142	        0.0014704597	        0.0035551615	        0.0011537463	        1.0000000000	        0.0002810202	        0.0002028764	        0.0098990353	        9.8466102380	        9.8367112027
        1.8702184608	        0.7723326267	        0.4912134136	        0.1211041413	        0.0010654302	        0.0014334898	        0.0013517138	        0.0157313602	        0.0043897514	        0.0013513753	        0.0036706067	        0.0012647889	        1.0000000000	        0.0003251563	        0.0002300904	       -0.0270663393	        9.6641328001	        9.6911991395
        1.8831044915	        0.7414523309	        0.4781160781	        0.1171978465	        0.0009031883	        0.0011825761	        0.0013041280	        0.0159564812	        0.0047742712	        0.0012283598	        0.0037913766	        0.0013874722	        1.0000000000	        0.0003802709	        0.0002653772	       -0.0788492735	        9.4755432471	        9.5543925205
        1.8949051275	        0.7090079064	        0.4640188384	        0.1128876669	        0.0007573229	        0.0009602659	        0.0012504629	        0.0160431939	        0.0051414541	        0.0011031981	        0.0039100636	        0.0015202936	        1.0000000000	        0.0004490362	        0.0003116985	       -0.1480819026	        9.2777727615	        9.4258546641
        1.9056990763	        0.6749505649	        0.4487267442	        0.1082091235	        0.0006274850	        0.0007670475	        0.0011887497	        0.0159643671	        0.0054726863	        0.0009777538	        0.0040155085	        0.0016597839	        1.0000000000	        0.0005344046	        0.0003696469	       -0.2383724121	        9.0668174884	        9.3051899005
        1.9155615890	        0.6392634341	        0.4320439394	        0.1030297604	        0.0005130784	        0.0006025872	        0.0011169415	        0.0156935518	        0.0057463357	        0.0008539468	        0.0040924538	        0.0017998436	        1.0000000000	        0.0006391643	        0.0004399636	       -0.3498198033	        8.8422592527	        9.1920790560
        1.9245641781	        0.6019753444	        0.4138018277	        0.0973244925	        0.0004133095	        0.0004658323	        0.0010336580	        0.0152083036	        0.0059396343	        0.0007337221	        0.0041223367	        0.0019314330	        1.0000000000	        0.0007651547	        0.0005292290	       -0.4839179967	        8.6023060308	        9.0862240275
        1.9327744427	        0.5631760683	        0.3938980297	        0.0912679581	        0.0003272418	        0.0003550377	        0.0009393889	        0.0144946236	        0.0060318989	        0.0006190036	        0.0040860034	        0.0020431572	        1.0000000000	        0.0009123742	        0.0006359564	       -0.6443607268	        8.3429838319	        8.9873445587
        1.9402559838	        0.5230316915	        0.3723374354	        0.0847622174	        0.0002538515	        0.0002677248	        0.0008371025	        0.0135521018	        0.0060090026	        0.0005116263	        0.0039683156	        0.0021231093	        1.0000000000	        0.0010781821	        0.0007565661	       -0.8274912622	        8.0677467288	        8.8952379910
        1.9470683933	        0.4817980412	        0.3492647622	        0.0779540926	        0.0001920824	        0.0002006559	        0.0007317399	        0.0123987905	        0.0058684643	        0.0004132474	        0.0037632001	        0.0021616847	        1.0000000000	        0.0012574965	        0.0008972909	       -1.0316033003	        7.7781069359	        8.8097102363
        1.9532673011	        0.4398294380	        0.3249537899	        0.0711893339	        0.0001408983	        0.0001499832	        0.0006283133	        0.0110742704	        0.0056239014	        0.0003252413	        0.0034763284	        0.0021540777	        1.0000000000	        0.0014445605	        0.0010493025	       -1.2560898165	        7.4744632439	        8.7305530605
        1.9589044686	        0.3975796347	        0.2997504025	        0.0644060623	        0.0000993297	        0.0001117033	        0.0005295978	        0.0096391014	        0.0053072284	        0.0002485922	        0.0031236062	        0.0021010467	        1.0000000000	        0.0016348663	        0.0012115183	       -1.4922266114	        7.1653533158	        8.6575799272
        1.9640279170	        0.3555914649	        0.2740095070	        0.0579973326	        0.0000665036	        0.0000823347	        0.0004359212	        0.0081692667	        0.0049672680	        0.0001838049	        0.0027271028	        0.0020080778	        1.0000000000	        0.0018256912	        0.0013761698	       -1.7392151582	        6.8513540984	        8.5905692566
        1.9686820816	        0.3147416108	        0.2480581314	        0.0516784002	        0.0000470814	        0.0000595330	        0.0003478307	        0.0067567771	        0.0046683037	        0.0001312364	        0.0023113536	        0.0018841966	        1.0000000000	        0.0020147092	        0.0015326572	       -1.9861495111	        6.5431556881	        8.5293051992
        1.9729079831	        0.2758662653	        0.2222030007	        0.0456017826	        0.0000332418	        0.0000419143	        0.0002672451	        0.0054607905	        0.0044434186	        0.0000904000	        0.0019004531	        0.0017408449	        1.0000000000	        0.0021986170	        0.0016954594	       -2.2301980948	        6.2432979947	        8.4734960894
        1.9767434111	        0.2392597842	        0.1967361818	        0.0399332767	        0.0000223411	        0.0000286039	        0.0001968884	        0.0043085696	        0.0043077434	        0.0000598211	        0.0015153186	        0.0015907888	        1.0000000000	        0.0023735428	        0.0018569966	       -2.4692428151	        5.9535820695	        8.4228248846
        1.9802231129	        0.2050490173	        0.1719273242	        0.0346604553	        0.0000141812	        0.0000188800	        0.0001388599	        0.0033131895	        0.0042682686	        0.0000377974	        0.0011712551	        0.0014463277	        1.0000000000	        0.0025361647	        0.0019998976	       -2.6992729513	        5.6777053401	        8.3769782914
        1.9833789852	        0.1733098355	        0.1480071898	        0.0296296261	        0.0000084347	        0.0000120270	        0.0000936352	        0.0024770500	        0.0043242313	        0.0000226281	        0.0008767538	        0.0013152751	        1.0000000000	        0.0026846289	        0.0021169375	       -2.9154391211	        5.4201880085	        8.3356271296
        1.9862402627	        0.1440555631	        0.1251538250	        0.0247697354	        0.0000046578	        0.0000073502	        0.0000600822	        0.0017933881	        0.0044688244	        0.0000127029	        0.0006338930	        0.0012021877	        1.0000000000	        0.0028187131	        0.0022271213	       -3.1153019768	        5.1831270634	        8.2984290402
        1.9888337046	        0.1172361386	        0.1034885385	        0.0202860474	        0.0000023576	        0.0000042503	        0.0000362296	        0.0012490763	        0.0046914788	        0.0000065880	        0.0004400270	        0.0011129093	        1.0000000000	        0.0029393432	        0.0023466491	       -3.3009327295	        4.9641033334	        8.2650360629
        1.9911837738	        0.0927485581	        0.0830812602	        0.0162861521	        0.0000010717	        0.0000022707	        0.0000200709	        0.0008276828	        0.0049800020	        0.0000030854	        0.0002899158	        0.0010544483	        1.0000000000	        0.0030479095	        0.0024492498	       -3.4736067543	        4.7614999354	        8.2351066897
        1.9933128092	        0.0704536354	        0.0639608491	        0.0125221570	        0.0000004225	        0.0000010791	        0.0000098445	        0.0005119512	        0.0053221295	        0.0000012573	        0.0001774403	        0.0010349514	        1.0000000000	        0.0031457924	        0.0025240687	       -3.6307803357	        4.5775534959	        8.2083338316
        1.9952411902	        0.0501930334	        0.0461254066	        0.0089823225	        0.0000001354	        0.0000004276	        0.0000040110	        0.0002853812	        0.0057064115	        0.0000004173	        0.0000966904	        0.0010657160	        1.0000000000	        0.0032342732	        0.0025927557	       -3.7732784209	        4.4111531566	        8.1844315776
        1.9969874916	        0.0318028097	        0.0295499546	        0.0056967622	        0.0000000309	        0.0000001239	        0.0000011909	        0.0001330130	        0.0061225820	        0.0000000985	        0.0000425757	        0.0011667289	        1.0000000000	        0.0033145979	        0.0026562219	       -3.9025630569	        4.2605677128	        8.1631307697
        1.9985686299	        0.0151224499	        0.0141926257	        0.0026395390	        0.0000000035	        0.0000000179	        0.0000001761	        0.0000416842	        0.0065616201	        0.0000000115	        0.0000111650	        0.0013841257	        1.0000000000	        0.0033879442	        0.0027107024	       -4.0195052725	        4.1246639707	        8.1441692433
        2.0000000000	        0.0000000000	        0.0000000000	       -0.0002102019	        0.0000000000	        0.0000000000	        0.0000000000	        0.0000000000	        0.0070156685	        0.0000000000	        0.0000000000	        0.0018791305	        1.0000000000	        0.0034526867	        0.0027654578	                 NaN	        4.0022426255	                 NaN
