        0.0000000000	        0.0000000000	        1.0000000000	        0.0005644933	        0.0000000000	        0.0000000000	        0.0000000000	        0.0000000000	        0.0070156685	        0.0000000000	        0.0000000000	        0.0006265350	        1.0000000000	        0.0009908407	        0.0006716170	                 NaN	       30.8363124476	                 NaN
        0.0014313701	        0.0151224499	        0.9961234068	       -0.0005833682	        0.0000000035	        0.0000003325	        0.0000008474	        0.0000416842	        0.0065616201	        0.0000000115	        0.0000037226	        0.0000000000	        1.0000000000	        0.0008786941	        0.0006394331	        6.1675554687	       30.7018920561	       30.0851365092
        0.0030125084	        0.0318028097	        0.9923359510	       -0.0015223624	        0.0000000309	        0.0000010830	        0.0000024341	        0.0001330130	        0.0061225820	        0.0000000985	        0.0000078358	        0.0000000000	        1.0000000000	        0.0007750151	        0.0005938320	        5.1083192792	       30.5620459870	       30.0512140591
        0.0047588098	        0.0501930334	        0.9886569238	       -0.0023288842	        0.0000001354	        0.0000023760	        0.0000046919	        0.0002853812	        0.0057064115	        0.0000004173	        0.0000123681	        0.0000000000	        1.0000000000	        0.0006809476	        0.0005277530	        4.0869674727	       30.4215082201	       30.0128114728
        0.0066871908	        0.0704536354	        0.9850910416	       -0.0031522690	        0.0000004225	        0.0000043709	        0.0000075810	        0.0005119512	        0.0053221295	        0.0000012573	        0.0000173409	        0.0000000000	        1.0000000000	        0.0005980760	        0.0004448342	        3.1756885823	       30.2877905062	       29.9702216480
        0.0088162262	        0.0927485581	        0.9816309007	       -0.0041291246	        0.0000010717	        0.0000072782	        0.0000111095	        0.0008276828	        0.0049800020	        0.0000030854	        0.0000227730	        0.0000000000	        1.0000000000	        0.0005263525	        0.0003691584	        2.4341663384	       30.1671023240	       29.9236856901
        0.0111662954	        0.1172361386	        0.9782648884	       -0.0051908855	        0.0000023576	        0.0000113833	        0.0000153509	        0.0012490763	        0.0046914788	        0.0000065880	        0.0000286852	        0.0000000000	        1.0000000000	        0.0004650177	        0.0003113343	        1.8222757536	       30.0554486860	       29.8732211106
        0.0137597373	        0.1440555631	        0.9749748259	       -0.0063288863	        0.0000046578	        0.0000170806	        0.0000204716	        0.0017933881	        0.0044688244	        0.0000127029	        0.0000351039	        0.0000000000	        1.0000000000	        0.0004132876	        0.0002638895	        1.3268303785	       29.9514566715	       29.8187736336
        0.0166210148	        0.1733098355	        0.9717374392	       -0.0075504740	        0.0000084347	        0.0000249062	        0.0000267238	        0.0024770500	        0.0043242313	        0.0000226281	        0.0000420600	        0.0000000000	        1.0000000000	        0.0003699935	        0.0002264055	        0.9407220526	       29.8543022988	       29.7602300935
        0.0197768871	        0.2050490173	        0.9685285388	       -0.0088305763	        0.0000141812	        0.0000355415	        0.0000344045	        0.0033131895	        0.0042682686	        0.0000377974	        0.0000495814	        0.0000000000	        1.0000000000	        0.0003337971	        0.0001976371	        0.6419746744	       29.7615703234	       29.6973728559
        0.0232565889	        0.2392597842	        0.9653239775	       -0.0101666039	        0.0000223411	        0.0000497453	        0.0000437617	        0.0043085696	        0.0043077434	        0.0000598211	        0.0000576830	        0.0000000000	        1.0000000000	        0.0003033503	        0.0001759073	        0.4203546893	       29.6719504549	       29.6299149859
        0.0270920169	        0.2758662653	        0.9621030620	       -0.0115300376	        0.0000332418	        0.0000682241	        0.0000548922	        0.0054607905	        0.0044434186	        0.0000904000	        0.0000663583	        0.0000000000	        1.0000000000	        0.0002774437	        0.0001605894	        0.2560924294	       29.5830704100	       29.5574611671
        0.0313179184	        0.3147416108	        0.9588476564	       -0.0128943134	        0.0000470814	        0.0000915954	        0.0000677841	        0.0067567771	        0.0046683037	        0.0001312364	        0.0000755828	        0.0000000000	        1.0000000000	        0.0002551857	        0.0001494694	        0.1325992078	       29.4927954171	       29.4795354963
        0.0359720830	        0.3555914649	        0.9555411822	       -0.0142484405	        0.0000665036	        0.0001206382	        0.0000824801	        0.0081692667	        0.0049672680	        0.0001838049	        0.0000853239	        0.0000000000	        1.0000000000	        0.0002357578	        0.0001412593	        0.0421398337	       29.3998262086	       29.3956122252
        0.0410955314	        0.3975796347	        0.9521724538	       -0.0155699263	        0.0000993297	        0.0001567519	        0.0000992238	        0.0096391014	        0.0053072284	        0.0002485922	        0.0000955442	        0.0000000000	        1.0000000000	        0.0002182755	        0.0001355208	       -0.0250349391	       29.3025870792	       29.3050905731
        0.0467326989	        0.4398294380	        0.9487394695	       -0.0168271706	        0.0001408983	        0.0002024336	        0.0001185399	        0.0110742704	        0.0056239014	        0.0003252413	        0.0001061944	        0.0000000000	        1.0000000000	        0.0002019222	        0.0001316995	       -0.0777734626	       29.1995232562	       29.2073006025
        0.0529316067	        0.4817980412	        0.9452512847	       -0.0179769083	        0.0001920824	        0.0002613171	        0.0001411247	        0.0123987905	        0.0058684643	        0.0004132474	        0.0001171997	        0.0000000000	        1.0000000000	        0.0001862246	        0.0001287493	       -0.1245532466	       29.0890707169	       29.1015260416
        0.0597440162	        0.5230316915	        0.9417223508	       -0.0189928934	        0.0002538515	        0.0003372180	        0.0001673330	        0.0135521018	        0.0060090026	        0.0005116263	        0.0001284602	        0.0000000000	        1.0000000000	        0.0001711090	        0.0001260691	       -0.1631779359	       28.9707437357	       28.9870615293
        0.0672255573	        0.5631760683	        0.9381679248	       -0.0198414115	        0.0003272418	        0.0004332755	        0.0001970026	        0.0144946236	        0.0060318989	        0.0006190036	        0.0001398923	        0.0000000000	        1.0000000000	        0.0001567869	        0.0001241636	       -0.1940159174	       28.8437557029	       28.8631572947
        0.0754358219	        0.6019753444	        0.9345969030	       -0.0204755177	        0.0004133095	        0.0005514939	        0.0002299365	        0.0152083036	        0.0059396343	        0.0007337221	        0.0001514981	        0.0000000000	        1.0000000000	        0.0001437703	        0.0001224348	       -0.2257626235	       28.7064213644	       28.7289976268
        0.0844384110	        0.6392634341	        0.9310004208	       -0.0209050672	        0.0005130784	        0.0006927100	        0.0002660261	        0.0156935518	        0.0057463357	        0.0008539468	        0.0001633796	        0.0000000000	        1.0000000000	        0.0001324265	        0.0001206052	       -0.2493267912	       28.5589078379	       28.5838405171
        0.0943009237	        0.6749505649	        0.9273609184	       -0.0211214509	        0.0006274850	        0.0008567613	        0.0003051250	        0.0159643671	        0.0054726863	        0.0009777538	        0.0001757109	        0.0000000000	        1.0000000000	        0.0001228061	        0.0001191594	       -0.2673931292	       28.4001304265	       28.4268697395
        0.1050948725	        0.7090079064	        0.9236525917	       -0.0211232628	        0.0007573229	        0.0010426568	        0.0003473687	        0.0160431939	        0.0051414541	        0.0011031981	        0.0001887161	        0.0000000000	        1.0000000000	        0.0001148818	        0.0001178266	       -0.2824891388	       28.2289871298	       28.2572360437
        0.1168955085	        0.7414523309	        0.9198419238	       -0.0209287190	        0.0009031883	        0.0012486648	        0.0003929067	        0.0159564812	        0.0047742712	        0.0012283598	        0.0002026265	        0.0000000000	        1.0000000000	        0.0001085040	        0.0001165933	       -0.2916172067	       28.0449578715	       28.0741195922
        0.1297815392	        0.7723326267	        0.9158930733	       -0.0205447619	        0.0010654302	        0.0014723183	        0.0004418059	        0.0157313602	        0.0043897514	        0.0013513753	        0.0002176510	        0.0000000000	        1.0000000000	        0.0001034741	        0.0001154634	       -0.2973792861	       27.8469286713	       27.8766665999
        0.1438347190	        0.8017178130	        0.9117664547	       -0.0199930378	        0.0012441067	        0.0017103887	        0.0004939987	        0.0153934660	        0.0040027142	        0.0014704597	        0.0002339590	        0.0000000000	        1.0000000000	        0.0000995940	        0.0001142857	       -0.2973989609	       27.6343274898	       27.6640673859
        0.1591392914	        0.8296877090	        0.9074221050	       -0.0192951534	        0.0014389533	        0.0019588620	        0.0005488484	        0.0149657214	        0.0036241666	        0.0015839246	        0.0002516680	        0.0000000000	        1.0000000000	        0.0000966163	        0.0001133592	       -0.2890168949	       27.4066006458	       27.4355023352
        0.1757812632	        0.8563255940	        0.9028235275	       -0.0184432964	        0.0016493662	        0.0022129555	        0.0006057832	        0.0144678307	        0.0032617174	        0.0016901970	        0.0002708792	        0.0000000000	        1.0000000000	        0.0000943945	        0.0001126290	       -0.2796699761	       27.1620690303	       27.1900360279
        0.1938474899	        0.8817126327	        0.8979288810	       -0.0174613084	        0.0018744087	        0.0024672125	        0.0006642623	        0.0139162491	        0.0029201805	        0.0017878419	        0.0002916904	        0.0000000000	        1.0000000000	        0.0000928400	        0.0001119914	       -0.2653933602	       26.9003032733	       26.9268426094
        0.2134245548	        0.9059236842	        0.8926963238	       -0.0163542166	        0.0021128455	        0.0027156593	        0.0007235177	        0.0133244367	        0.0026022070	        0.0018755905	        0.0003141903	        0.0000000000	        1.0000000000	        0.0000918705	        0.0001114930	       -0.2496344482	       26.6200917982	       26.6450552430
        0.2345974273	        0.9290241273	        0.8870795401	       -0.0151440048	        0.0023632155	        0.0029520531	        0.0007826813	        0.0127032668	        0.0023088627	        0.0019523754	        0.0003384683	        0.0000000000	        1.0000000000	        0.0000914245	        0.0001111310	       -0.2302723536	       26.3208494105	       26.3438766458
        0.2574478906	        0.9510673865	        0.8810314069	       -0.0138398567	        0.0026239507	        0.0031701886	        0.0008407623	        0.0120615023	        0.0020401145	        0.0020173726	        0.0003646291	        0.0000000000	        1.0000000000	        0.0000914514	        0.0001110048	       -0.2099648454	       26.0014700799	       26.0224665645
        0.2820527391	        0.9720929163	        0.8745004845	       -0.0124544445	        0.0028935491	        0.0033642707	        0.0008972461	        0.0114062920	        0.0017952184	        0.0020700507	        0.0003928272	        0.0000000000	        1.0000000000	        0.0000919650	        0.0001109763	       -0.1912632188	       25.6609071330	       25.6800334549
        0.3084817527	        0.9921244982	        0.8674265834	       -0.0110274327	        0.0031708096	        0.0035293206	        0.0009512602	        0.0107436643	        0.0015730169	        0.0021102235	        0.0004232341	        0.0000000000	        1.0000000000	        0.0000929416	        0.0001111336	       -0.1696273114	       25.2989963806	       25.3159591117
        0.3367954708	        1.0111688146	        0.8597505994	       -0.0095673659	        0.0034551255	        0.0036615502	        0.0010021568	        0.0100790045	        0.0013721619	        0.0021381041	        0.0004560702	        0.0000000000	        1.0000000000	        0.0000943784	        0.0001115171	       -0.1513244509	       24.9143937992	       24.9295262442
        0.3670428018	        1.0292144129	        0.8514024400	       -0.0081175159	        0.0037468287	        0.0037587487	        0.0010497985	        0.0094175086	        0.0011912741	        0.0021543528	        0.0004916242	        0.0000000000	        1.0000000000	        0.0000963085	        0.0001120473	       -0.1338515689	       24.5068864233	       24.5202715802
        0.3992585207	        1.0462313536	        0.8423075113	       -0.0067168139	        0.0040475498	        0.0038205603	        0.0010939638	        0.0087645965	        0.0010290527	        0.0021601068	        0.0005301871	        0.0000000000	        1.0000000000	        0.0000987365	        0.0001127471	       -0.1184705905	       24.0760097004	       24.0878567594
        0.4334607283	        1.0621720489	        0.8323854593	       -0.0054190443	        0.0043605328	        0.0038486750	        0.0011344471	        0.0081262527	        0.0008843401	        0.0021569788	        0.0005720047	        0.0000000000	        1.0000000000	        0.0001016424	        0.0001136227	       -0.1036958803	       23.6217973960	       23.6321669840
        0.4696483595	        1.0769739790	        0.8215580724	       -0.0042711387	        0.0046907907	        0.0038468562	        0.0011709849	        0.0075092380	        0.0007561452	        0.0021470032	        0.0006172410	        0.0000000000	        1.0000000000	        0.0001049657	        0.0001147289	       -0.0901176877	       23.1442174162	       23.1532291850
        0.5077988477	        1.0905650156	        0.8097534533	       -0.0033139708	        0.0050449348	        0.0038207946	        0.0012037641	        0.0069210987	        0.0006436259	        0.0021325114	        0.0006660180	        0.0000000000	        1.0000000000	        0.0001086400	        0.0001160513	       -0.0788809737	       22.6433819506	       22.6512700479
        0.5478660655	        1.1028717680	        0.7969089791	       -0.0025896087	        0.0054304554	        0.0037777425	        0.0012331200	        0.0063698977	        0.0005460346	        0.0021159298	        0.0007184133	        0.0000000000	        1.0000000000	        0.0001125576	        0.0001176223	       -0.0688359134	       22.1199467987	       22.1268303900
        0.5897786695	        1.1138305363	        0.7829846544	       -0.0021094907	        0.0058542314	        0.0037258768	        0.0012600312	        0.0058636411	        0.0004626354	        0.0020995135	        0.0007745521	        0.0000000000	        1.0000000000	        0.0001166151	        0.0001194092	       -0.0630262486	       21.5743835498	       21.5806861746
        0.6334389769	        1.1233991395	        0.7679570859	       -0.0018959232	        0.0063201531	        0.0036734925	        0.0012857035	        0.0054094712	        0.0003926178	        0.0020850673	        0.0008345952	        0.0000000000	        1.0000000000	        0.0001206879	        0.0001213683	       -0.0586840086	       21.0083039938	       21.0141723946
        0.6787224963	        1.1315666108	        0.7518386847	       -0.0019338944	        0.0068260236	        0.0036280286	        0.0013109694	        0.0050128260	        0.0003350344	        0.0020737284	        0.0008987260	        0.0000000000	        1.0000000000	        0.0001246017	        0.0001235625	       -0.0561142965	       20.4233333906	       20.4289448202
        0.7254782147	        1.1383574370	        0.7346794255	       -0.0021734506	        0.0073603532	        0.0035952310	        0.0013374955	        0.0046768382	        0.0002887903	        0.0020658855	        0.0009674905	        0.0000000000	        1.0000000000	        0.0001282825	        0.0001258958	       -0.0581500593	       19.8212159302	       19.8270309361
        0.7735297135	        1.1438283220	        0.7165451772	       -0.0025905342	        0.0079001362	        0.0035786850	        0.0013664176	        0.0044022058	        0.0002526923	        0.0020612638	        0.0010416723	        0.0000000000	        1.0000000000	        0.0001316625	        0.0001283443	       -0.0599058707	       19.2051783992	       19.2111689863
        0.8226771500	        1.1480579845	        0.6975399878	       -0.0031094481	        0.0084109307	        0.0035797150	        0.0013982777	        0.0041875889	        0.0002255424	        0.0020591388	        0.0011223784	        0.0000000000	        1.0000000000	        0.0001346936	        0.0001309513	       -0.0639908323	       18.5778574666	       18.5842565498
        0.8727000940	        1.1511328263	        0.6777781799	       -0.0036676404	        0.0088502481	        0.0035978920	        0.0014341365	        0.0040303917	        0.0002062465	        0.0020586005	        0.0012114746	        0.0000000000	        1.0000000000	        0.0001374499	        0.0001336744	       -0.0702708772	       17.9425699950	       17.9495970828
        0.9233611572	        1.1531321441	        0.6573743702	       -0.0042127075	        0.0091742835	        0.0036318595	        0.0014754182	        0.0039276819	        0.0001939092	        0.0020587877	        0.0013115318	        0.0000000000	        1.0000000000	        0.0001400839	        0.0001364078	       -0.0804478376	       17.3028221486	       17.3108669324
        0.9744103051	        1.1541157978	        0.6364245738	       -0.0047528224	        0.0093466539	        0.0036803278	        0.0015235181	        0.0038770131	        0.0001879019	        0.0020590527	        0.0014252974	        0.0000000000	        1.0000000000	        0.0001427457	        0.0001391402	       -0.0904467753	       16.6631908436	       16.6722355212
        1.0255896949	        1.1541157978	        0.6150196703	       -0.0052825171	        0.0093466539	        0.0037363387	        0.0015779879	        0.0038770131	        0.0001879019	        0.0020590527	        0.0015550092	        0.0000000000	        1.0000000000	        0.0001456329	        0.0001417691	       -0.1049725882	       16.0273157258	       16.0378129846
        1.0766388428	        1.1531321441	        0.5932132143	       -0.0058992589	        0.0091742835	        0.0038001182	        0.0016391070	        0.0039276819	        0.0001939092	        0.0020587877	        0.0017018015	        0.0000000000	        1.0000000000	        0.0001487347	        0.0001442331	       -0.1170637213	       15.4004292741	       15.4121356463
        1.1272999060	        1.1511328263	        0.5711122949	       -0.0066114156	        0.0088502481	        0.0038793871	        0.0017077752	        0.0040303917	        0.0002062465	        0.0020586005	        0.0018648940	        0.0000000000	        1.0000000000	        0.0001517992	        0.0001465676	       -0.1304505082	       14.7861914958	       14.7992365466
        1.1773228500	        1.1480579845	        0.5488544250	       -0.0074280639	        0.0084109307	        0.0039763717	        0.0017833055	        0.0041875889	        0.0002255424	        0.0020591388	        0.0020412746	        0.0000000000	        1.0000000000	        0.0001546467	        0.0001486187	       -0.1432803761	       14.1887168494	       14.2030448871
        1.2264702865	        1.1438283220	        0.5266024628	       -0.0083463767	        0.0079001362	        0.0040934124	        0.0018639656	        0.0044022058	        0.0002526923	        0.0020612638	        0.0022255249	        0.0000000000	        1.0000000000	        0.0001570198	        0.0001504029	       -0.1510521913	       13.6120426698	       13.6271478890
        1.2745217853	        1.1383574370	        0.5045621760	       -0.0092945548	        0.0073603532	        0.0042317533	        0.0019464062	        0.0046768382	        0.0002887903	        0.0020658855	        0.0024103772	        0.0000000000	        1.0000000000	        0.0001586044	        0.0001520997	       -0.1521764066	       13.0590173444	       13.0742349851
        1.3212775037	        1.1315666108	        0.4829667129	       -0.0101359553	        0.0068260236	        0.0043903939	        0.0020273071	        0.0050128260	        0.0003350344	        0.0020737284	        0.0025885592	        0.0000000000	        1.0000000000	        0.0001592275	        0.0001538404	       -0.1484427638	       12.5311361277	       12.5459804041
        1.3665610231	        1.1233991395	        0.4620369161	       -0.0107333040	        0.0063201531	        0.0045653139	        0.0021039218	        0.0054094712	        0.0003926178	        0.0020850673	        0.0027542757	        0.0000000000	        1.0000000000	        0.0001589136	        0.0001556845	       -0.1401782113	       12.0293215566	       12.0433393777
        1.4102213305	        1.1138305363	        0.4419558287	       -0.0109692780	        0.0058542314	        0.0047492383	        0.0021737888	        0.0058636411	        0.0004626354	        0.0020995135	        0.0029038130	        0.0000000000	        1.0000000000	        0.0001578321	        0.0001576536	       -0.1279251656	       11.5538758038	       11.5666683203
        1.4521339345	        1.1028717680	        0.4228521243	       -0.0107776305	        0.0054304554	        0.0049320696	        0.0022343354	        0.0063698977	        0.0005460346	        0.0021159298	        0.0030355495	        0.0000000000	        1.0000000000	        0.0001562144	        0.0001599478	       -0.1096539195	       11.1048729882	       11.1158383801
        1.4922011523	        1.0905650156	        0.4048044393	       -0.0100813973	        0.0050449348	        0.0051018365	        0.0022840553	        0.0069210987	        0.0006436259	        0.0021325114	        0.0031497688	        0.0000000000	        1.0000000000	        0.0001543768	        0.0001625512	       -0.0912522170	       10.6810157644	       10.6901409861
        1.5303516405	        1.0769739790	        0.3878259002	       -0.0089229532	        0.0046907907	        0.0052460494	        0.0023220157	        0.0075092380	        0.0007561452	        0.0021470032	        0.0032478460	        0.0000000000	        1.0000000000	        0.0001526282	        0.0001653763	       -0.0671307349	       10.2822278000	       10.2889408735
        1.5665392717	        1.0621720489	        0.3718957569	       -0.0073327375	        0.0043605328	        0.0053529013	        0.0023466269	        0.0081262527	        0.0008843401	        0.0021569788	        0.0033314715	        0.0000000000	        1.0000000000	        0.0001511669	        0.0001686481	       -0.0382211852	        9.9074040094	        9.9112261279
        1.6007414793	        1.0462313536	        0.3569664511	       -0.0053543196	        0.0040475498	        0.0054123620	        0.0023571902	        0.0087645965	        0.0010290527	        0.0021601068	        0.0034024960	        0.0000000000	        1.0000000000	        0.0001501792	        0.0001723665	       -0.0057747513	        9.5552190653	        9.5557965405
        1.6329571982	        1.0292144129	        0.3429707502	       -0.0030593976	        0.0037468287	        0.0054169655	        0.0023534340	        0.0094175086	        0.0011912741	        0.0021543528	        0.0034626471	        0.0000000000	        1.0000000000	        0.0001498125	        0.0001763508	        0.0313899995	        9.2246140814	        9.2214750815
        1.6632045292	        1.0111688146	        0.3298328965	       -0.0005477748	        0.0034551255	        0.0053622493	        0.0023342973	        0.0100790045	        0.0013721619	        0.0021381041	        0.0035133654	        0.0000000000	        1.0000000000	        0.0001501105	        0.0001812186	        0.0791928184	        8.9149547076	        8.9070354258
        1.6915182473	        0.9921244982	        0.3174840680	        0.0022223244	        0.0031708096	        0.0052468660	        0.0023005123	        0.0107436643	        0.0015730169	        0.0021102235	        0.0035560239	        0.0000000000	        1.0000000000	        0.0001511912	        0.0001867307	        0.1218095209	        8.6230603056	        8.6108793536
        1.7179472609	        0.9720929163	        0.3058387657	        0.0050923664	        0.0028935491	        0.0050726030	        0.0022535235	        0.0114062920	        0.0017952184	        0.0020700507	        0.0035917553	        0.0000000000	        1.0000000000	        0.0001531910	        0.0001921762	        0.1731192459	        8.3494309155	        8.3321189909
        1.7425521094	        0.9510673865	        0.2948217953	        0.0079895947	        0.0026239507	        0.0048439627	        0.0021926281	        0.0120615023	        0.0020401145	        0.0020173726	        0.0036212785	        0.0000000000	        1.0000000000	        0.0001560868	        0.0001983797	        0.2345575110	        8.0931262157	        8.0696704646
        1.7654025727	        0.9290241273	        0.2843691590	        0.0109097229	        0.0023632155	        0.0045676986	        0.0021180865	        0.0127032668	        0.0023088627	        0.0019523754	        0.0036452550	        0.0000000000	        1.0000000000	        0.0001598999	        0.0002057025	        0.3000489399	        7.8522473226	        7.8222424286
        1.7865754452	        0.9059236842	        0.2744200587	        0.0138335707	        0.0021128455	        0.0042522814	        0.0020314751	        0.0133244367	        0.0026022070	        0.0018755905	        0.0036644172	        0.0000000000	        1.0000000000	        0.0001647371	        0.0002137450	        0.3665427791	        7.6253506163	        7.5886963383
        1.8061525101	        0.8817126327	        0.2649147096	        0.0166972526	        0.0018744087	        0.0039072880	        0.0019342687	        0.0139162491	        0.0029201805	        0.0017878419	        0.0036794968	        0.0000000000	        1.0000000000	        0.0001707039	        0.0002230157	        0.4378918366	        7.4118809573	        7.3680917736
        1.8242187368	        0.8563255940	        0.2557992788	        0.0195398703	        0.0016493662	        0.0035427720	        0.0018285215	        0.0144678307	        0.0032617174	        0.0016901970	        0.0036912299	        0.0000000000	        1.0000000000	        0.0001779749	        0.0002339522	        0.5027833779	        7.2096923846	        7.1594140468
        1.8408607086	        0.8296877090	        0.2470158212	        0.0223268718	        0.0014389533	        0.0031687426	        0.0017171492	        0.0149657214	        0.0036241666	        0.0015839246	        0.0037003008	        0.0000000000	        1.0000000000	        0.0001868629	        0.0002459310	        0.5600221530	        7.0179394197	        6.9619372044
        1.8561652810	        0.8017178130	        0.2385030194	        0.0250072880	        0.0012441067	        0.0027946956	        0.0016026048	        0.0153934660	        0.0040027142	        0.0014704597	        0.0037071698	        0.0000000000	        1.0000000000	        0.0001977397	        0.0002591314	        0.6092546551	        6.8360341929	        6.7751087274
        1.8702184608	        0.7723326267	        0.2301970620	        0.0275485392	        0.0010654302	        0.0024292652	        0.0014870490	        0.0157313602	        0.0043897514	        0.0013513753	        0.0037119623	        0.0000000000	        1.0000000000	        0.0002110826	        0.0002734560	        0.6465104917	        6.6630933604	        6.5984423112
        1.8831044915	        0.7414523309	        0.2220294288	        0.0298751209	        0.0009031883	        0.0020800104	        0.0013721669	        0.0159564812	        0.0047742712	        0.0012283598	        0.0037143558	        0.0000000000	        1.0000000000	        0.0002274801	        0.0002893651	        0.6732867835	        6.4988771953	        6.4315485170
        1.8949051275	        0.7090079064	        0.2139291210	        0.0319741611	        0.0007573229	        0.0017533057	        0.0012593582	        0.0160431939	        0.0051414541	        0.0011031981	        0.0037134711	        0.0000000000	        1.0000000000	        0.0002476815	        0.0003079780	        0.6817335283	        6.3421702572	        6.2739969044
        1.9056990763	        0.6749505649	        0.2058187175	        0.0338215149	        0.0006274850	        0.0014543270	        0.0011501302	        0.0159643671	        0.0054726863	        0.0009777538	        0.0037077316	        0.0000000000	        1.0000000000	        0.0002727011	        0.0003276528	        0.6645361792	        6.1919000942	        6.1254464763
        1.9155615890	        0.6392634341	        0.1976126596	        0.0352620720	        0.0005130784	        0.0011870557	        0.0010450995	        0.0156935518	        0.0057463357	        0.0008539468	        0.0036946270	        0.0000000000	        1.0000000000	        0.0003035908	        0.0003477956	        0.6315132143	        6.0488753442	        5.9857240228
        1.9245641781	        0.6019753444	        0.1892300526	        0.0362369367	        0.0004133095	        0.0009542191	        0.0009441699	        0.0152083036	        0.0059396343	        0.0007337221	        0.0036706045	        0.0000000000	        1.0000000000	        0.0003411961	        0.0003718989	        0.5798322567	        5.9125205755	        5.8545373498
        1.9327744427	        0.5631760683	        0.1806027200	        0.0367927278	        0.0003272418	        0.0007571152	        0.0008479529	        0.0144946236	        0.0060318989	        0.0006190036	        0.0036312325	        0.0000000000	        1.0000000000	        0.0003861995	        0.0003982363	        0.4944216179	        5.7809688587	        5.7315266969
        1.9402559838	        0.5230316915	        0.1716785598	        0.0367839662	        0.0002538515	        0.0005952865	        0.0007573238	        0.0135521018	        0.0060090026	        0.0005116263	        0.0035715585	        0.0000000000	        1.0000000000	        0.0004386898	        0.0004257428	        0.3889326762	        5.6553853535	        5.6164920858
        1.9470683933	        0.4817980412	        0.1624423741	        0.0362567627	        0.0001920824	        0.0004661580	        0.0006732427	        0.0123987905	        0.0058684643	        0.0004132474	        0.0034868356	        0.0000000000	        1.0000000000	        0.0004980128	        0.0004595989	        0.2561473208	        5.5347237032	        5.5091089711
        1.9532673011	        0.4398294380	        0.1529129698	        0.0353364949	        0.0001408983	        0.0003650240	        0.0005967026	        0.0110742704	        0.0056239014	        0.0003252413	        0.0033734486	        0.0000000000	        1.0000000000	        0.0005636877	        0.0004969194	        0.0835473251	        5.4173867830	        5.4090320504
        1.9589044686	        0.3975796347	        0.1431211797	        0.0339681842	        0.0000993297	        0.0002857820	        0.0005270820	        0.0096391014	        0.0053072284	        0.0002485922	        0.0032294056	        0.0000000000	        1.0000000000	        0.0006359827	        0.0005402629	       -0.1158558623	        5.3044339327	        5.3160195189
        1.9640279170	        0.3555914649	        0.1330950292	        0.0323537561	        0.0000665036	        0.0002224276	        0.0004620323	        0.0081692667	        0.0049672680	        0.0001838049	        0.0030543386	        0.0000000000	        1.0000000000	        0.0007162849	        0.0005894473	       -0.3628038602	        5.1934559860	        5.2297363720
        1.9686820816	        0.3147416108	        0.1228404267	        0.0303769285	        0.0000470814	        0.0001708273	        0.0003993860	        0.0067567771	        0.0046683037	        0.0001312364	        0.0028494194	        0.0000000000	        1.0000000000	        0.0008061902	        0.0006416626	       -0.6396712810	        5.0860052033	        5.1499723314
        1.9729079831	        0.2758662653	        0.1123645441	        0.0281230709	        0.0000332418	        0.0001287367	        0.0003382394	        0.0054607905	        0.0044434186	        0.0000904000	        0.0026175718	        0.0000000000	        1.0000000000	        0.0009059908	        0.0007043716	       -0.9544455214	        4.9809963428	        5.0764408949
        1.9767434111	        0.2392597842	        0.1016920359	        0.0256705656	        0.0000223411	        0.0000949936	        0.0002794862	        0.0043085696	        0.0043077434	        0.0000598211	        0.0023638070	        0.0000000000	        1.0000000000	        0.0010145370	        0.0007766498	       -1.3114922528	        4.8777111232	        5.0088603485
        1.9802231129	        0.2050490173	        0.0908749227	        0.0230842154	        0.0000141812	        0.0000686971	        0.0002250306	        0.0033131895	        0.0042682686	        0.0000377974	        0.0020950621	        0.0000000000	        1.0000000000	        0.0011295492	        0.0008525852	       -1.7100701387	        4.7759814001	        4.9469884140
        1.9833789852	        0.1733098355	        0.0799892673	        0.0203490734	        0.0000084347	        0.0000487336	        0.0001764326	        0.0024770500	        0.0043242313	        0.0000226281	        0.0018193036	        0.0000000000	        1.0000000000	        0.0012483950	        0.0009265442	       -2.1371991267	        4.6768989047	        4.8906188174
        1.9862402627	        0.1440555631	        0.0691245034	        0.0174767033	        0.0000046578	        0.0000338355	        0.0001343062	        0.0017933881	        0.0044688244	        0.0000127029	        0.0015442912	        0.0000000000	        1.0000000000	        0.0013687547	        0.0010075513	       -2.5820355517	        4.5813123616	        4.8395159168
        1.9888337046	        0.1172361386	        0.0583712060	        0.0146442408	        0.0000023576	        0.0000228288	        0.0000985813	        0.0012490763	        0.0046914788	        0.0000065880	        0.0012766133	        0.0000000000	        1.0000000000	        0.0014890667	        0.0011021894	       -3.0527363147	        4.4881148306	        4.7933884620
        1.9911837738	        0.0927485581	        0.0478106071	        0.0119390978	        0.0000010717	        0.0000147758	        0.0000689189	        0.0008276828	        0.0049800020	        0.0000030854	        0.0010212406	        0.0000000000	        1.0000000000	        0.0016083855	        0.0011963909	       -3.5481311349	        4.3971553605	        4.7519684740
        1.9933128092	        0.0704536354	        0.0375123967	        0.0093011707	        0.0000004225	        0.0000089817	        0.0000449507	        0.0005119512	        0.0053221295	        0.0000012573	        0.0007814952	        0.0000000000	        1.0000000000	        0.0017257682	        0.0012864999	       -4.0515026266	        4.3098712330	        4.7150214957
        1.9952411902	        0.0501930334	        0.0275367850	        0.0067787014	        0.0000001354	        0.0000049408	        0.0000263666	        0.0002853812	        0.0057064115	        0.0000004173	        0.0005592409	        0.0000000000	        1.0000000000	        0.0018401696	        0.0013746306	       -4.5604373814	        4.2262540024	        4.6822977405
        1.9969874916	        0.0318028097	        0.0179340007	        0.0043480915	        0.0000000309	        0.0000022786	        0.0000128894	        0.0001330130	        0.0061225820	        0.0000000985	        0.0003551566	        0.0000000000	        1.0000000000	        0.0019506083	        0.0014508292	       -5.0658575232	        4.1469792123	        4.6535649646
        1.9985686299	        0.0151224499	        0.0087446575	        0.0019638387	        0.0000000035	        0.0000007077	        0.0000042197	        0.0000416842	        0.0065616201	        0.0000000115	        0.0001690238	        0.0000000000	        1.0000000000	        0.0020561586	        0.0015127628	       -5.5578861144	        4.0728324268	        4.6286210382
        2.0000000000	        0.0000000000	        0.0000000000	       -0.0003914555	        0.0000000000	        0.0000000000	        0.0000000000	        0.0000000000	        0.0070156685	        0.0000000000	        0.0000000000	        0.0284476227	        1.0000000000	        0.0021567728	        0.0015666578	                 NaN	        4.0041567926	                 NaN
