        0.0000000000	        0.0000000000	        1.0000000000	        0.0007450662	        0.0000000000	        0.0000000000	        0.0000000000	        0.0000000000	        0.0070156685	        0.0000000000	        0.0000000000	        0.0037830220	        1.0000000000	        0.0011953857	        0.0005712432	                 NaN	       30.8274205840	                 NaN
        0.0014313701	        0.0151224499	        0.9953164129	       -0.0016064177	        0.0000000035	        0.0000004306	        0.0000013304	        0.0000416842	        0.0065616201	        0.0000000115	        0.0000224771	        0.0000000000	        1.0000000000	        0.0010654457	        0.0005462671	        7.0026978197	       30.7125188791	       30.3623839881
        0.0030125084	        0.0318028097	        0.9907070871	       -0.0037832555	        0.0000000309	        0.0000014030	        0.0000038677	        0.0001330130	        0.0061225820	        0.0000000985	        0.0000473341	        0.0000000000	        1.0000000000	        0.0009506144	        0.0005059785	        5.4358989521	       30.5930138106	       30.3212188630
        0.0047588098	        0.0501930334	        0.9861582094	       -0.0058900325	        0.0000001354	        0.0000030796	        0.0000076201	        0.0002853812	        0.0057064115	        0.0000004173	        0.0000748450	        0.0000000000	        1.0000000000	        0.0008532453	        0.0004462066	        3.9763627167	       30.4733876433	       30.2745695074
        0.0066871908	        0.0704536354	        0.9816290243	       -0.0081139248	        0.0000004225	        0.0000056686	        0.0000127296	        0.0005119512	        0.0053221295	        0.0000012573	        0.0001053037	        0.0000000000	        1.0000000000	        0.0007743589	        0.0003696008	        2.7529736951	       30.3607852286	       30.2231365439
        0.0088162262	        0.0927485581	        0.9770612660	       -0.0106450136	        0.0000010717	        0.0000094453	        0.0000194879	        0.0008276828	        0.0049800020	        0.0000030854	        0.0001390203	        0.0000000000	        1.0000000000	        0.0007114585	        0.0003011079	        1.8809575848	       30.2615636581	       30.1675157788
        0.0111662954	        0.1172361386	        0.9724022709	       -0.0134356738	        0.0000023576	        0.0000147845	        0.0000283207	        0.0012490763	        0.0046914788	        0.0000065880	        0.0001763016	        0.0000000000	        1.0000000000	        0.0006605414	        0.0002562838	        1.2599287994	       30.1707569953	       30.1077605553
        0.0137597373	        0.1440555631	        0.9676065452	       -0.0164313922	        0.0000046578	        0.0000222045	        0.0000398302	        0.0017933881	        0.0044688244	        0.0000127029	        0.0002174088	        0.0000000000	        1.0000000000	        0.0006185484	        0.0002236767	        0.7963080481	       30.0834646966	       30.0436492942
        0.0166210148	        0.1733098355	        0.9626329405	       -0.0196722620	        0.0000084347	        0.0000324121	        0.0000547409	        0.0024770500	        0.0043242313	        0.0000226281	        0.0002624807	        0.0000000000	        1.0000000000	        0.0005823810	        0.0002003352	        0.4934505587	       29.9996138828	       29.9749413548
        0.0197768871	        0.2050490173	        0.9574598922	       -0.0230876644	        0.0000141812	        0.0000463083	        0.0000737723	        0.0033131895	        0.0042682686	        0.0000377974	        0.0003114221	        0.0000000000	        1.0000000000	        0.0005493338	        0.0001848501	        0.2720514212	       29.9147367716	       29.9011342006
        0.0232565889	        0.2392597842	        0.9520782314	       -0.0266753248	        0.0000223411	        0.0000649019	        0.0000973989	        0.0043085696	        0.0043077434	        0.0000598211	        0.0003637869	        0.0000000000	        1.0000000000	        0.0005174858	        0.0001732976	        0.1312526575	       29.8282899620	       29.8217273291
        0.0270920169	        0.2758662653	        0.9464986610	       -0.0303781574	        0.0000332418	        0.0000891407	        0.0001255020	        0.0054607905	        0.0044434186	        0.0000904000	        0.0004187125	        0.0000000000	        1.0000000000	        0.0004854860	        0.0001663236	        0.0398756463	       29.7380569755	       29.7360631932
        0.0313179184	        0.3147416108	        0.9407456129	       -0.0341254783	        0.0000470814	        0.0001198625	        0.0001574961	        0.0067567771	        0.0046683037	        0.0001312364	        0.0004749782	        0.0000000000	        1.0000000000	        0.0004530942	        0.0001618981	       -0.0305334426	       29.6418486868	       29.6433753590
        0.0359720830	        0.3555914649	        0.9348477348	       -0.0378660129	        0.0000665036	        0.0001581227	        0.0001928176	        0.0081692667	        0.0049672680	        0.0001838049	        0.0005311523	        0.0000000000	        1.0000000000	        0.0004204890	        0.0001584688	       -0.0854334837	       29.5386286332	       29.5429003074
        0.0410955314	        0.3975796347	        0.9288399678	       -0.0415442681	        0.0000993297	        0.0002057960	        0.0002312966	        0.0096391014	        0.0053072284	        0.0002485922	        0.0005857322	        0.0000000000	        1.0000000000	        0.0003875559	        0.0001560808	       -0.1274053876	       29.4274739878	       29.4338442572
        0.0467326989	        0.4398294380	        0.9227710544	       -0.0450790384	        0.0001408983	        0.0002662097	        0.0002733808	        0.0110742704	        0.0056239014	        0.0003252413	        0.0006372592	        0.0000000000	        1.0000000000	        0.0003541165	        0.0001542549	       -0.1686629436	       29.3069117462	       29.3153448933
        0.0529316067	        0.4817980412	        0.9167021215	       -0.0483948076	        0.0001920824	        0.0003442028	        0.0003197162	        0.0123987905	        0.0058684643	        0.0004132474	        0.0006844487	        0.0000000000	        1.0000000000	        0.0003202966	        0.0001524015	       -0.2045443742	       29.1763498408	       29.1865770596
        0.0597440162	        0.5230316915	        0.9107019805	       -0.0514054811	        0.0002538515	        0.0004448729	        0.0003699575	        0.0135521018	        0.0060090026	        0.0005116263	        0.0007264220	        0.0000000000	        1.0000000000	        0.0002867596	        0.0001510667	       -0.2322201630	       29.0350763458	       29.0466873540
        0.0672255573	        0.5631760683	        0.9048311978	       -0.0540120562	        0.0003272418	        0.0005724384	        0.0004232096	        0.0144946236	        0.0060318989	        0.0006190036	        0.0007630255	        0.0000000000	        1.0000000000	        0.0002549346	        0.0001499062	       -0.2665069178	       28.8814060357	       28.8947313816
        0.0754358219	        0.6019753444	        0.8991160441	       -0.0561786742	        0.0004133095	        0.0007296263	        0.0004787069	        0.0152083036	        0.0059396343	        0.0007337221	        0.0007949073	        0.0000000000	        1.0000000000	        0.0002262410	        0.0001484046	       -0.2972232149	       28.7150431667	       28.7299043274
        0.0844384110	        0.6392634341	        0.8935522143	       -0.0578925003	        0.0005130784	        0.0009176154	        0.0005358564	        0.0156935518	        0.0057463357	        0.0008539468	        0.0008232880	        0.0000000000	        1.0000000000	        0.0002013677	        0.0001470853	       -0.3210161691	       28.5353608395	       28.5514116480
        0.0943009237	        0.6749505649	        0.8881130066	       -0.0591447470	        0.0006274850	        0.0011362531	        0.0005950093	        0.0159643671	        0.0054726863	        0.0009777538	        0.0008496678	        0.0000000000	        1.0000000000	        0.0001805721	        0.0001455842	       -0.3501449128	       28.3409110925	       28.3584183382
        0.1050948725	        0.7090079064	        0.8827480876	       -0.0599859241	        0.0007573229	        0.0013842858	        0.0006568362	        0.0160431939	        0.0051414541	        0.0011031981	        0.0008755147	        0.0000000000	        1.0000000000	        0.0001636188	        0.0001438240	       -0.3680504198	       28.1319393667	       28.1503418877
        0.1168955085	        0.7414523309	        0.8774041837	       -0.0604403158	        0.0009031883	        0.0016594641	        0.0007217926	        0.0159564812	        0.0047742712	        0.0012283598	        0.0009020835	        0.0000000000	        1.0000000000	        0.0001499846	        0.0001418951	       -0.3836160070	       27.9073729341	       27.9265537345
        0.1297815392	        0.7723326267	        0.8720221388	       -0.0605644320	        0.0010654302	        0.0019585570	        0.0007899423	        0.0157313602	        0.0043897514	        0.0013513753	        0.0009303751	        0.0000000000	        1.0000000000	        0.0001390789	        0.0001399253	       -0.3843753626	       27.6673888936	       27.6866076618
        0.1438347190	        0.8017178130	        0.8665500020	       -0.0603742546	        0.0012441067	        0.0022772997	        0.0008611687	        0.0153934660	        0.0040027142	        0.0014704597	        0.0009611748	        0.0000000000	        1.0000000000	        0.0001303977	        0.0001379399	       -0.3848657301	       27.4106822131	       27.4299254996
        0.1591392914	        0.8296877090	        0.8609311543	       -0.0599229368	        0.0014389533	        0.0026103772	        0.0009352530	        0.0149657214	        0.0036241666	        0.0015839246	        0.0009950985	        0.0000000000	        1.0000000000	        0.0001235458	        0.0001358521	       -0.3743982562	       27.1374735656	       27.1561934784
        0.1757812632	        0.8563255940	        0.8551144547	       -0.0592351661	        0.0016493662	        0.0029514369	        0.0010114201	        0.0144678307	        0.0032617174	        0.0016901970	        0.0010326204	        0.0000000000	        1.0000000000	        0.0001181681	        0.0001338138	       -0.3606428306	       26.8469897064	       26.8650218479
        0.1938474899	        0.8817126327	        0.8490470277	       -0.0583494465	        0.0018744087	        0.0032932104	        0.0010890250	        0.0139162491	        0.0029201805	        0.0017878419	        0.0010741327	        0.0000000000	        1.0000000000	        0.0001140303	        0.0001317346	       -0.3420447695	       26.5390538490	       26.5561560875
        0.2134245548	        0.9059236842	        0.8426757585	       -0.0573039478	        0.0021128455	        0.0036277255	        0.0011668705	        0.0133244367	        0.0026022070	        0.0018755905	        0.0011199557	        0.0000000000	        1.0000000000	        0.0001109150	        0.0001297273	       -0.3176873428	       26.2135133682	       26.2293977354
        0.2345974273	        0.9290241273	        0.8359486446	       -0.0561278228	        0.0023632155	        0.0039466226	        0.0012437213	        0.0127032668	        0.0023088627	        0.0019523754	        0.0011703875	        0.0000000000	        1.0000000000	        0.0001086674	        0.0001278119	       -0.2914290211	       25.8699261868	       25.8844976379
        0.2574478906	        0.9510673865	        0.8288108077	       -0.0548612971	        0.0026239507	        0.0042415786	        0.0013179914	        0.0120615023	        0.0020401145	        0.0020173726	        0.0012257435	        0.0000000000	        1.0000000000	        0.0001071487	        0.0001261635	       -0.2593986402	       25.5082703725	       25.5212403045
        0.2820527391	        0.9720929163	        0.8212104265	       -0.0535123622	        0.0028935491	        0.0045047801	        0.0013892845	        0.0114062920	        0.0017952184	        0.0020700507	        0.0012864451	        0.0000000000	        1.0000000000	        0.0001063456	        0.0001246750	       -0.2363006023	       25.1273468526	       25.1391618827
        0.3084817527	        0.9921244982	        0.8130785943	       -0.0521497495	        0.0031708096	        0.0047295121	        0.0014572127	        0.0107436643	        0.0015730169	        0.0021102235	        0.0013529482	        0.0000000000	        1.0000000000	        0.0001062450	        0.0001232836	       -0.2085200472	       24.7279010390	       24.7383270414
        0.3367954708	        1.0111688146	        0.8043492829	       -0.0508083371	        0.0034551255	        0.0049106358	        0.0015203287	        0.0100790045	        0.0013721619	        0.0021381041	        0.0014256456	        0.0000000000	        1.0000000000	        0.0001067583	        0.0001221898	       -0.1817082815	       24.3094350688	       24.3185204828
        0.3670428018	        1.0292144129	        0.7949525131	       -0.0495297037	        0.0037468287	        0.0050450935	        0.0015780289	        0.0094175086	        0.0011912741	        0.0021543528	        0.0015049456	        0.0000000000	        1.0000000000	        0.0001078568	        0.0001213958	       -0.1567105573	       23.8716658506	       23.8795013784
        0.3992585207	        1.0462313536	        0.7848145959	       -0.0483562002	        0.0040475498	        0.0051323056	        0.0016303507	        0.0087645965	        0.0010290527	        0.0021601068	        0.0015912335	        0.0000000000	        1.0000000000	        0.0001095394	        0.0001208336	       -0.1360475522	       23.4142948126	       23.4210971902
        0.4334607283	        1.0621720489	        0.7738548574	       -0.0473544187	        0.0043605328	        0.0051744436	        0.0016762919	        0.0081262527	        0.0008843401	        0.0021569788	        0.0016846973	        0.0000000000	        1.0000000000	        0.0001117090	        0.0001206470	       -0.1111494505	       22.9378202346	       22.9433777072
        0.4696483595	        1.0769739790	        0.7620101591	       -0.0465315738	        0.0046907907	        0.0051764198	        0.0017158995	        0.0075092380	        0.0007561452	        0.0021470032	        0.0017854229	        0.0000000000	        1.0000000000	        0.0001143048	        0.0001208495	       -0.0948825968	       22.4411895969	       22.4459337267
        0.5077988477	        1.0905650156	        0.7492092184	       -0.0459432958	        0.0050449348	        0.0051458057	        0.0017502184	        0.0069210987	        0.0006436259	        0.0021325114	        0.0018933403	        0.0000000000	        1.0000000000	        0.0001172846	        0.0001213279	       -0.0792749988	       21.9250783944	       21.9290421444
        0.5478660655	        1.1028717680	        0.7353997152	       -0.0456141851	        0.0054304554	        0.0050922683	        0.0017790505	        0.0063698977	        0.0005460346	        0.0021159298	        0.0020079170	        0.0000000000	        1.0000000000	        0.0001204700	        0.0001222013	       -0.0644823736	       21.3897979610	       21.3930220797
        0.5897786695	        1.1138305363	        0.7205586725	       -0.0455315557	        0.0058542314	        0.0050267310	        0.0018034578	        0.0058636411	        0.0004626354	        0.0020995135	        0.0021283833	        0.0000000000	        1.0000000000	        0.0001237150	        0.0001234127	       -0.0550914831	       20.8354913818	       20.8382459560
        0.6334389769	        1.1233991395	        0.7046851416	       -0.0456892293	        0.0063201531	        0.0049602958	        0.0018242761	        0.0054094712	        0.0003926178	        0.0020850673	        0.0022537421	        0.0000000000	        1.0000000000	        0.0001268192	        0.0001249637	       -0.0448594468	       20.2634807170	       20.2657236894
        0.6787224963	        1.1315666108	        0.6878303939	       -0.0460104007	        0.0068260236	        0.0049028903	        0.0018423979	        0.0050128260	        0.0003350344	        0.0020737284	        0.0023831011	        0.0000000000	        1.0000000000	        0.0001295786	        0.0001268738	       -0.0391052634	       19.6745055350	       19.6764607982
        0.7254782147	        1.1383574370	        0.6700782830	       -0.0464116063	        0.0073603532	        0.0048621973	        0.0018596530	        0.0046768382	        0.0002887903	        0.0020658855	        0.0025162683	        0.0000000000	        1.0000000000	        0.0001318868	        0.0001290501	       -0.0362609966	       19.0703196840	       19.0721327338
        0.7735297135	        1.1438283220	        0.6515452669	       -0.0467908548	        0.0079001362	        0.0048429352	        0.0018776173	        0.0044022058	        0.0002526923	        0.0020612638	        0.0026539522	        0.0000000000	        1.0000000000	        0.0001336905	        0.0001314238	       -0.0366264555	       18.4531851468	       18.4550164696
        0.8226771500	        1.1480579845	        0.6323667882	       -0.0470509732	        0.0084109307	        0.0048468190	        0.0018972292	        0.0041875889	        0.0002255424	        0.0020591388	        0.0027979491	        0.0000000000	        1.0000000000	        0.0001349786	        0.0001339968	       -0.0376597409	       17.8261229977	       17.8280059847
        0.8727000940	        1.1511328263	        0.6126962373	       -0.0470734544	        0.0088502481	        0.0048731416	        0.0019211217	        0.0040303917	        0.0002062465	        0.0020586005	        0.0029515021	        0.0000000000	        1.0000000000	        0.0001359402	        0.0001365481	       -0.0484245743	       17.1919335794	       17.1943548081
        0.9233611572	        1.1531321441	        0.5926423355	       -0.0468733287	        0.0091742835	        0.0049200649	        0.0019513479	        0.0039276819	        0.0001939092	        0.0020587877	        0.0031181502	        0.0000000000	        1.0000000000	        0.0001367621	        0.0001388917	       -0.0577907765	       16.5560541056	       16.5589436444
        0.9744103051	        1.1541157978	        0.5723232263	       -0.0464448071	        0.0093466539	        0.0049857172	        0.0019889127	        0.0038770131	        0.0001879019	        0.0020590527	        0.0033004894	        0.0000000000	        1.0000000000	        0.0001375593	        0.0001410086	       -0.0699240594	       15.9231359460	       15.9266321490
        1.0255896949	        1.1541157978	        0.5518265119	       -0.0458498973	        0.0093466539	        0.0050606107	        0.0020329991	        0.0038770131	        0.0001879019	        0.0020590527	        0.0034995318	        0.0000000000	        1.0000000000	        0.0001385276	        0.0001427337	       -0.0835076843	       15.2985028393	       15.3026782235
        1.0766388428	        1.1531321441	        0.5312201108	       -0.0451967933	        0.0091742835	        0.0051449110	        0.0020832492	        0.0039276819	        0.0001939092	        0.0020587877	        0.0037138555	        0.0000000000	        1.0000000000	        0.0001396257	        0.0001440229	       -0.0952250420	       14.6876791997	       14.6924404518
        1.1272999060	        1.1511328263	        0.5106081590	       -0.0445518265	        0.0088502481	        0.0052489624	        0.0021404848	        0.0040303917	        0.0002062465	        0.0020586005	        0.0039391421	        0.0000000000	        1.0000000000	        0.0001406179	        0.0001448834	       -0.1057912222	       14.0954029980	       14.1006925591
        1.1773228500	        1.1480579845	        0.4901287272	       -0.0439503417	        0.0084109307	        0.0053756120	        0.0022027881	        0.0041875889	        0.0002255424	        0.0020591388	        0.0041684411	        0.0000000000	        1.0000000000	        0.0001413015	        0.0001452866	       -0.1141870515	       13.5259033087	       13.5316126613
        1.2264702865	        1.1438283220	        0.4699393010	       -0.0434048408	        0.0079001362	        0.0055278356	        0.0022673469	        0.0044022058	        0.0002526923	        0.0020612638	        0.0043935209	        0.0000000000	        1.0000000000	        0.0001414376	        0.0001454425	       -0.1147434921	       12.9827596364	       12.9884968110
        1.2745217853	        1.1383574370	        0.4502319159	       -0.0428206447	        0.0073603532	        0.0057071106	        0.0023316383	        0.0046768382	        0.0002887903	        0.0020658855	        0.0046067134	        0.0000000000	        1.0000000000	        0.0001408792	        0.0001455232	       -0.1145996926	       12.4672297589	       12.4729597436
        1.3212775037	        1.1315666108	        0.4311801555	       -0.0421271636	        0.0068260236	        0.0059120551	        0.0023944835	        0.0050128260	        0.0003350344	        0.0020737284	        0.0048023253	        0.0000000000	        1.0000000000	        0.0001396611	        0.0001455072	       -0.1115136148	       11.9804701639	       11.9860458447
        1.3665610231	        1.1233991395	        0.4129323042	       -0.0412593161	        0.0063201531	        0.0061373097	        0.0024530904	        0.0054094712	        0.0003926178	        0.0020850673	        0.0049767904	        0.0000000000	        1.0000000000	        0.0001378280	        0.0001456132	       -0.1013719402	       11.5229464014	       11.5280149984
        1.4102213305	        1.1138305363	        0.3956108248	       -0.0401180426	        0.0058542314	        0.0063731663	        0.0025040704	        0.0058636411	        0.0004626354	        0.0020995135	        0.0051291774	        0.0000000000	        1.0000000000	        0.0001354856	        0.0001461932	       -0.0856142506	       11.0936142886	       11.0978950011
        1.4521339345	        1.1028717680	        0.3792954446	       -0.0386009721	        0.0054304554	        0.0066061963	        0.0025457565	        0.0063698977	        0.0005460346	        0.0021159298	        0.0052612669	        0.0000000000	        1.0000000000	        0.0001328824	        0.0001474247	       -0.0691806498	       10.6904391561	       10.6938981886
        1.4922011523	        1.0905650156	        0.3640083367	       -0.0366595490	        0.0050449348	        0.0068206598	        0.0025787898	        0.0069210987	        0.0006436259	        0.0021325114	        0.0053764998	        0.0000000000	        1.0000000000	        0.0001303742	        0.0001490751	       -0.0563288963	       10.3114538478	       10.3142702926
        1.5303516405	        1.0769739790	        0.3497151291	       -0.0343579530	        0.0046907907	        0.0070002580	        0.0026025163	        0.0075092380	        0.0007561452	        0.0021470032	        0.0054783796	        0.0000000000	        1.0000000000	        0.0001281980	        0.0001511787	       -0.0351313376	        9.9560239904	        9.9577805573
        1.5665392717	        1.0621720489	        0.3363671222	       -0.0317046172	        0.0043605328	        0.0071296548	        0.0026144172	        0.0081262527	        0.0008843401	        0.0021569788	        0.0055699127	        0.0000000000	        1.0000000000	        0.0001264470	        0.0001542535	       -0.0077173187	        9.6220842811	        9.6224701470
        1.6007414793	        1.0462313536	        0.3239020536	       -0.0286814743	        0.0040475498	        0.0071959260	        0.0026146197	        0.0087645965	        0.0010290527	        0.0021601068	        0.0056538237	        0.0000000000	        1.0000000000	        0.0001252921	        0.0001582806	        0.0167133439	        9.3069235830	        9.3060879158
        1.6329571982	        1.0292144129	        0.3122354444	       -0.0253509322	        0.0037468287	        0.0071896515	        0.0026046119	        0.0094175086	        0.0011912741	        0.0021543528	        0.0057322253	        0.0000000000	        1.0000000000	        0.0001249215	        0.0001628070	        0.0418042668	        9.0091953685	        9.0071051551
        1.6632045292	        1.0111688146	        0.3012766721	       -0.0218197763	        0.0034551255	        0.0071054167	        0.0025829203	        0.0100790045	        0.0013721619	        0.0021381041	        0.0058063091	        0.0000000000	        1.0000000000	        0.0001253497	        0.0001684329	        0.0820976103	        8.7283777829	        8.7242729024
        1.6915182473	        0.9921244982	        0.2909527995	       -0.0180360153	        0.0031708096	        0.0069418579	        0.0025495342	        0.0107436643	        0.0015730169	        0.0021102235	        0.0058767585	        0.0000000000	        1.0000000000	        0.0001266447	        0.0001751326	        0.1143114053	        8.4613270395	        8.4556114692
        1.7179472609	        0.9720929163	        0.2811780840	       -0.0141247244	        0.0028935491	        0.0067016903	        0.0025055580	        0.0114062920	        0.0017952184	        0.0020700507	        0.0059438494	        0.0000000000	        1.0000000000	        0.0001289205	        0.0001823758	        0.1582812821	        8.2081596727	        8.2002456086
        1.7425521094	        0.9510673865	        0.2718809704	       -0.0101281239	        0.0026239507	        0.0063911206	        0.0024491559	        0.0120615023	        0.0020401145	        0.0020173726	        0.0060074056	        0.0000000000	        1.0000000000	        0.0001321422	        0.0001910184	        0.2146867674	        7.9677301925	        7.9569958541
        1.7654025727	        0.9290241273	        0.2630020418	       -0.0060263534	        0.0023632155	        0.0060192352	        0.0023802858	        0.0127032668	        0.0023088627	        0.0019523754	        0.0060671607	        0.0000000000	        1.0000000000	        0.0001363609	        0.0002012167	        0.2728309397	        7.7380970263	        7.7244554794
        1.7865754452	        0.9059236842	        0.2544825963	       -0.0018531231	        0.0021128455	        0.0055973066	        0.0023003677	        0.0133244367	        0.0026022070	        0.0018755905	        0.0061228216	        0.0000000000	        1.0000000000	        0.0001417164	        0.0002123191	        0.3337113560	        7.5183941627	        7.5017085949
        1.8061525101	        0.8817126327	        0.2462661979	        0.0023113905	        0.0018744087	        0.0051379677	        0.0022093930	        0.0139162491	        0.0029201805	        0.0017878419	        0.0061739700	        0.0000000000	        1.0000000000	        0.0001482804	        0.0002250009	        0.4095887074	        7.3086280617	        7.2881486264
        1.8242187368	        0.8563255940	        0.2383078275	        0.0065157339	        0.0016493662	        0.0046543765	        0.0021082368	        0.0144678307	        0.0032617174	        0.0016901970	        0.0062201492	        0.0000000000	        1.0000000000	        0.0001561924	        0.0002396581	        0.4801808879	        7.1068633563	        7.0828543119
        1.8408607086	        0.8296877090	        0.2305579744	        0.0107055103	        0.0014389533	        0.0041595756	        0.0019993753	        0.0149657214	        0.0036241666	        0.0015839246	        0.0062608544	        0.0000000000	        1.0000000000	        0.0001657476	        0.0002555494	        0.5489833693	        6.9128912834	        6.8854421149
        1.8561652810	        0.8017178130	        0.2229660241	        0.0148278953	        0.0012441067	        0.0036658834	        0.0018846452	        0.0153934660	        0.0040027142	        0.0014704597	        0.0062953563	        0.0000000000	        1.0000000000	        0.0001772772	        0.0002727756	        0.6146183159	        6.7264652555	        6.6957343397
        1.8702184608	        0.7723326267	        0.2154796535	        0.0188281319	        0.0010654302	        0.0031844613	        0.0017658383	        0.0157313602	        0.0043897514	        0.0013513753	        0.0063225881	        0.0000000000	        1.0000000000	        0.0001912128	        0.0002911425	        0.6737624123	        6.5473500200	        6.5136618994
        1.8831044915	        0.7414523309	        0.2080431356	        0.0226267434	        0.0009031883	        0.0027250479	        0.0016444081	        0.0159564812	        0.0047742712	        0.0012283598	        0.0063410056	        0.0000000000	        1.0000000000	        0.0002080834	        0.0003110874	        0.7278051633	        6.3756403296	        6.3392500714
        1.8949051275	        0.7090079064	        0.2005988420	        0.0261943294	        0.0007573229	        0.0022958322	        0.0015219911	        0.0160431939	        0.0051414541	        0.0011031981	        0.0063484418	        0.0000000000	        1.0000000000	        0.0002285988	        0.0003333302	        0.7639458700	        6.2106420333	        6.1724447398
        1.9056990763	        0.6749505649	        0.1930813855	        0.0294813940	        0.0006274850	        0.0019034464	        0.0014008906	        0.0159643671	        0.0054726863	        0.0009777538	        0.0063418919	        0.0000000000	        1.0000000000	        0.0002537848	        0.0003557148	        0.7706366788	        6.0518839719	        6.0133521380
        1.9155615890	        0.6392634341	        0.1854141983	        0.0322930845	        0.0005130784	        0.0015529772	        0.0012820141	        0.0156935518	        0.0057463357	        0.0008539468	        0.0063171635	        0.0000000000	        1.0000000000	        0.0002846622	        0.0003774009	        0.7694815523	        5.9008373801	        5.8623633024
        1.9245641781	        0.6019753444	        0.1775270090	        0.0345487798	        0.0004133095	        0.0012478807	        0.0011651223	        0.0152083036	        0.0059396343	        0.0007337221	        0.0062687141	        0.0000000000	        1.0000000000	        0.0003219589	        0.0004020565	        0.7558414831	        5.7573441431	        5.7195520690
        1.9327744427	        0.5631760683	        0.1693633055	        0.0362862581	        0.0003272418	        0.0009897587	        0.0010515094	        0.0144946236	        0.0060318989	        0.0006190036	        0.0061898941	        0.0000000000	        1.0000000000	        0.0003663413	        0.0004270604	        0.7001127696	        5.6198102844	        5.5848046460
        1.9402559838	        0.5230316915	        0.1608780080	        0.0373082629	        0.0002538515	        0.0007779374	        0.0009425522	        0.0135521018	        0.0060090026	        0.0005116263	        0.0060734652	        0.0000000000	        1.0000000000	        0.0004177946	        0.0004502239	        0.6352661297	        5.4900810254	        5.4583177189
        1.9470683933	        0.4817980412	        0.1520679555	        0.0376287285	        0.0001920824	        0.0006089859	        0.0008393025	        0.0123987905	        0.0058684643	        0.0004132474	        0.0059127388	        0.0000000000	        1.0000000000	        0.0004752403	        0.0004774182	        0.5532758366	        5.3676199754	        5.3399561836
        1.9532673011	        0.4398294380	        0.1429705070	        0.0373903281	        0.0001408983	        0.0004767029	        0.0007434830	        0.0110742704	        0.0056239014	        0.0003252413	        0.0057031446	        0.0000000000	        1.0000000000	        0.0005378056	        0.0005054545	        0.4268391035	        5.2507694219	        5.2294274667
        1.9589044686	        0.3975796347	        0.1336339071	        0.0365198480	        0.0000993297	        0.0003730810	        0.0006549954	        0.0096391014	        0.0053072284	        0.0002485922	        0.0054430379	        0.0000000000	        1.0000000000	        0.0006053926	        0.0005354292	        0.2854871179	        5.1408944356	        5.1266200797
        1.9640279170	        0.3555914649	        0.1241057899	        0.0352101901	        0.0000665036	        0.0002902554	        0.0005716687	        0.0081692667	        0.0049672680	        0.0001838049	        0.0051334776	        0.0000000000	        1.0000000000	        0.0006791506	        0.0005680405	        0.0941886396	        5.0358919627	        5.0311825307
        1.9686820816	        0.3147416108	        0.1144045683	        0.0333738984	        0.0000470814	        0.0002228171	        0.0004915400	        0.0067567771	        0.0046683037	        0.0001312364	        0.0047776761	        0.0000000000	        1.0000000000	        0.0007606980	        0.0006015988	       -0.1199055514	        4.9369205034	        4.9429157810
        1.9729079831	        0.2758662653	        0.1045450975	        0.0311190899	        0.0000332418	        0.0001678284	        0.0004139230	        0.0054607905	        0.0044434186	        0.0000904000	        0.0043810375	        0.0000000000	        1.0000000000	        0.0008504645	        0.0006432875	       -0.3766975266	        4.8426184571	        4.8614533334
        1.9767434111	        0.2392597842	        0.0945523180	        0.0285378004	        0.0000223411	        0.0001237659	        0.0003401378	        0.0043085696	        0.0043077434	        0.0000598211	        0.0039516683	        0.0000000000	        1.0000000000	        0.0009476674	        0.0006928203	       -0.6883566793	        4.7520181463	        4.7864359803
        1.9802231129	        0.2050490173	        0.0844718894	        0.0257209953	        0.0000141812	        0.0000894462	        0.0002725048	        0.0033131895	        0.0042682686	        0.0000377974	        0.0035003492	        0.0000000000	        1.0000000000	        0.0010505446	        0.0007466808	       -1.0621055406	        4.6644647724	        4.7175700494
        1.9833789852	        0.1733098355	        0.0743675176	        0.0226994674	        0.0000084347	        0.0000634084	        0.0002127745	        0.0024770500	        0.0043242313	        0.0000226281	        0.0030393980	        0.0000000000	        1.0000000000	        0.0011571101	        0.0008000863	       -1.4875220004	        4.5802609999	        4.6546370999
        1.9862402627	        0.1440555631	        0.0643119012	        0.0195006746	        0.0000046578	        0.0000439916	        0.0001614721	        0.0017933881	        0.0044688244	        0.0000127029	        0.0025808478	        0.0000000000	        1.0000000000	        0.0012656980	        0.0008630564	       -1.9513477608	        4.4998353464	        4.5974027344
        1.9888337046	        0.1172361386	        0.0543771300	        0.0163401615	        0.0000023576	        0.0000296586	        0.0001183139	        0.0012490763	        0.0046914788	        0.0000065880	        0.0021349357	        0.0000000000	        1.0000000000	        0.0013755844	        0.0009412140	       -2.4824986274	        4.4214228629	        4.5455477943
        1.9911837738	        0.0927485581	        0.0446223442	        0.0132832722	        0.0000010717	        0.0000191818	        0.0000827055	        0.0008276828	        0.0049800020	        0.0000030854	        0.0017093911	        0.0000000000	        1.0000000000	        0.0014867813	        0.0010234073	       -3.0786259522	        4.3449062460	        4.4988375436
        1.9933128092	        0.0704536354	        0.0350953805	        0.0103307637	        0.0000004225	        0.0000116514	        0.0000540309	        0.0005119512	        0.0053221295	        0.0000012573	        0.0013094008	        0.0000000000	        1.0000000000	        0.0015990682	        0.0011093258	       -3.7264103213	        4.2707699311	        4.4570904471
        1.9952411902	        0.0501930334	        0.0258369565	        0.0075299209	        0.0000001354	        0.0000064050	        0.0000317977	        0.0002853812	        0.0057064115	        0.0000004173	        0.0009379306	        0.0000000000	        1.0000000000	        0.0017118988	        0.0011945136	       -4.4250318215	        4.1988791295	        4.4201307206
        1.9969874916	        0.0318028097	        0.0168817154	        0.0048260684	        0.0000000309	        0.0000029520	        0.0000156185	        0.0001330130	        0.0061225820	        0.0000000985	        0.0005961563	        0.0000000000	        1.0000000000	        0.0018244356	        0.0012669581	       -5.1535463662	        4.1301521692	        4.3878294876
        1.9985686299	        0.0151224499	        0.0082603743	        0.0021591918	        0.0000000035	        0.0000009163	        0.0000051431	        0.0000416842	        0.0065616201	        0.0000000115	        0.0002838953	        0.0000000000	        1.0000000000	        0.0019355126	        0.0013252600	       -5.8923226418	        4.0654774185	        4.3600935506
        2.0000000000	        0.0000000000	        0.0000000000	       -0.0004966099	        0.0000000000	        0.0000000000	        0.0000000000	        0.0000000000	        0.0070156685	        0.0000000000	        0.0000000000	        0.0477811177	        1.0000000000	        0.0020447637	        0.0013729721	                 NaN	        4.0052998030	                 NaN
