        0.0000000000	        0.0000000000	        1.0000000000	        0.0004120917	        0.0000000000	        0.0000000000	        0.0000000000	        0.0000000000	        0.0070156685	        0.0000000000	        0.0000000000	        0.0007120564	        1.0000000000	        0.0011857955	        0.0008558760	                 NaN	       30.8438523533	                 NaN
        0.0014313701	        0.0151224499	        0.9952916916	       -0.0008255808	        0.0000000035	        0.0000002966	        0.0000009317	        0.0000416842	        0.0065616201	        0.0000000115	        0.0000042307	        0.0000000000	        1.0000000000	        0.0010832899	        0.0008146098	        5.7303243849	       30.6729041174	       29.5268392404
        0.0030125084	        0.0318028097	        0.9905514477	       -0.0019313606	        0.0000000309	        0.0000009664	        0.0000027581	        0.0001330130	        0.0061225820	        0.0000000985	        0.0000089105	        0.0000000000	        1.0000000000	        0.0009841450	        0.0007618406	        4.9913507695	       30.4946491509	       29.4963789970
        0.0047588098	        0.0501930334	        0.9858104550	       -0.0029672574	        0.0000001354	        0.0000021215	        0.0000054680	        0.0002853812	        0.0057064115	        0.0000004173	        0.0000140684	        0.0000000000	        1.0000000000	        0.0008887792	        0.0006890334	        4.2588980406	       30.3137308797	       29.4619512716
        0.0066871908	        0.0704536354	        0.9810953239	       -0.0040565468	        0.0000004225	        0.0000039054	        0.0000090455	        0.0005119512	        0.0053221295	        0.0000012573	        0.0000197102	        0.0000000000	        1.0000000000	        0.0007986673	        0.0006000902	        3.5693323543	       30.1374631044	       29.4235966336
        0.0088162262	        0.0927485581	        0.9764279436	       -0.0053000843	        0.0000010717	        0.0000065079	        0.0000134876	        0.0008276828	        0.0049800020	        0.0000030854	        0.0000258165	        0.0000000000	        1.0000000000	        0.0007146577	        0.0005161026	        2.9519699994	       29.9717221037	       29.3813281038
        0.0111662954	        0.1172361386	        0.9718270806	       -0.0066315659	        0.0000023576	        0.0000101862	        0.0000188267	        0.0012490763	        0.0046914788	        0.0000065880	        0.0000323456	        0.0000000000	        1.0000000000	        0.0006373297	        0.0004433539	        2.3950978235	       29.8140972108	       29.3350776461
        0.0137597373	        0.1440555631	        0.9673054645	       -0.0080765750	        0.0000046578	        0.0000152959	        0.0000251545	        0.0017933881	        0.0044688244	        0.0000127029	        0.0000392363	        0.0000000000	        1.0000000000	        0.0005670776	        0.0003784096	        1.9078054365	       29.6663350457	       29.2847739584
        0.0166210148	        0.1733098355	        0.9628706781	       -0.0096113803	        0.0000084347	        0.0000223202	        0.0000326225	        0.0024770500	        0.0043242313	        0.0000226281	        0.0000464115	        0.0000000000	        1.0000000000	        0.0005039894	        0.0003226907	        1.4862503161	       29.5275593012	       29.2303092380
        0.0197768871	        0.2050490173	        0.9585246050	       -0.0112352901	        0.0000141812	        0.0000318736	        0.0000414035	        0.0033131895	        0.0042682686	        0.0000377974	        0.0000537787	        0.0000000000	        1.0000000000	        0.0004479280	        0.0002752612	        1.1309274655	       29.3977364099	       29.1715509168
        0.0232565889	        0.2392597842	        0.9542643439	       -0.0129289404	        0.0000223411	        0.0000446407	        0.0000516001	        0.0043085696	        0.0043077434	        0.0000598211	        0.0000612319	        0.0000000000	        1.0000000000	        0.0003985850	        0.0002360434	        0.8370189926	       29.2757245304	       29.1083207319
        0.0270920169	        0.2758662653	        0.9500818962	       -0.0146781987	        0.0000332418	        0.0000612600	        0.0000631666	        0.0054607905	        0.0044434186	        0.0000904000	        0.0000686588	        0.0000000000	        1.0000000000	        0.0003555597	        0.0002046644	        0.6000791952	       29.1604063261	       29.0403904870
        0.0313179184	        0.3147416108	        0.9459645744	       -0.0164512623	        0.0000470814	        0.0000822898	        0.0000759745	        0.0067567771	        0.0046683037	        0.0001312364	        0.0000759598	        0.0000000000	        1.0000000000	        0.0003183638	        0.0001800723	        0.4108017746	       29.0496254697	       28.9674651148
        0.0359720830	        0.3555914649	        0.9418954456	       -0.0182342458	        0.0000665036	        0.0001084340	        0.0000900282	        0.0081692667	        0.0049672680	        0.0001838049	        0.0000830683	        0.0000000000	        1.0000000000	        0.0002862958	        0.0001607854	        0.2634925502	       28.9418951092	       28.8891965992
        0.0410955314	        0.3975796347	        0.9378584489	       -0.0200049404	        0.0000993297	        0.0001409538	        0.0001056014	        0.0096391014	        0.0053072284	        0.0002485922	        0.0000899529	        0.0000000000	        1.0000000000	        0.0002583420	        0.0001464053	        0.1511409463	       28.8353958546	       28.8051676654
        0.0467326989	        0.4398294380	        0.9338452175	       -0.0217223179	        0.0001408983	        0.0001820989	        0.0001232495	        0.0110742704	        0.0056239014	        0.0003252413	        0.0000966006	        0.0000000000	        1.0000000000	        0.0002333887	        0.0001359376	        0.0646233973	       28.7278078393	       28.7148831598
        0.0529316067	        0.4817980412	        0.9298587205	       -0.0233452158	        0.0001920824	        0.0002351429	        0.0001435810	        0.0123987905	        0.0058684643	        0.0004132474	        0.0001029924	        0.0000000000	        1.0000000000	        0.0002105557	        0.0001284489	       -0.0021502341	       28.6173599810	       28.6177900278
        0.0597440162	        0.5230316915	        0.9259112820	       -0.0248161775	        0.0002538515	        0.0003035241	        0.0001668037	        0.0135521018	        0.0060090026	        0.0005116263	        0.0001091000	        0.0000000000	        1.0000000000	        0.0001895023	        0.0001230001	       -0.0564824994	       28.5019794580	       28.5132759578
        0.0672255573	        0.5631760683	        0.9220139339	       -0.0260981958	        0.0003272418	        0.0003900722	        0.0001927304	        0.0144946236	        0.0060318989	        0.0006190036	        0.0001149215	        0.0000000000	        1.0000000000	        0.0001703755	        0.0001185270	       -0.1009850450	       28.3805088540	       28.4007058630
        0.0754358219	        0.6019753444	        0.9181682765	       -0.0271725225	        0.0004133095	        0.0004965945	        0.0002209759	        0.0152083036	        0.0059396343	        0.0007337221	        0.0001205214	        0.0000000000	        1.0000000000	        0.0001534423	        0.0001149346	       -0.1360158992	       28.2522168154	       28.2794199953
        0.0844384110	        0.6392634341	        0.9143642447	       -0.0280179526	        0.0005130784	        0.0006238428	        0.0002512715	        0.0156935518	        0.0057463357	        0.0008539468	        0.0001260450	        0.0000000000	        1.0000000000	        0.0001388897	        0.0001120073	       -0.1648600052	       28.1157360754	       28.1487080764
        0.0943009237	        0.6749505649	        0.9105791305	       -0.0286414164	        0.0006274850	        0.0007716665	        0.0002835774	        0.0159643671	        0.0054726863	        0.0009777538	        0.0001316946	        0.0000000000	        1.0000000000	        0.0001267197	        0.0001095208	       -0.1870347955	       27.9704358462	       28.0078428053
        0.1050948725	        0.7090079064	        0.9067822583	       -0.0290470099	        0.0007573229	        0.0009391654	        0.0003180061	        0.0160431939	        0.0051414541	        0.0011031981	        0.0001376880	        0.0000000000	        1.0000000000	        0.0001167603	        0.0001073926	       -0.2042375099	       27.8152093592	       27.8560568612
        0.1168955085	        0.7414523309	        0.9029371874	       -0.0292545305	        0.0009031883	        0.0011247684	        0.0003547071	        0.0159564812	        0.0047742712	        0.0012283598	        0.0001442232	        0.0000000000	        1.0000000000	        0.0001087449	        0.0001055222	       -0.2156907812	       27.6494295914	       27.6925677477
        0.1297815392	        0.7723326267	        0.8990055119	       -0.0292774717	        0.0010654302	        0.0013262390	        0.0003937309	        0.0157313602	        0.0043897514	        0.0013513753	        0.0001514564	        0.0000000000	        1.0000000000	        0.0001023717	        0.0001038414	       -0.2222009161	       27.4721178647	       27.5165580480
        0.1438347190	        0.8017178130	        0.8949477590	       -0.0291398257	        0.0012441067	        0.0015406500	        0.0004348931	        0.0153934660	        0.0040027142	        0.0014704597	        0.0001594958	        0.0000000000	        1.0000000000	        0.0000973376	        0.0001024745	       -0.2221898845	       27.2827525604	       27.3271905373
        0.1591392914	        0.8296877090	        0.8907264604	       -0.0288405478	        0.0014389533	        0.0017643622	        0.0004778731	        0.0149657214	        0.0036241666	        0.0015839246	        0.0001684141	        0.0000000000	        1.0000000000	        0.0000933957	        0.0001015098	       -0.2187183711	       27.0798074170	       27.1235510913
        0.1757812632	        0.8563255940	        0.8863029383	       -0.0283887735	        0.0016493662	        0.0019930468	        0.0005224095	        0.0144678307	        0.0032617174	        0.0016901970	        0.0001782625	        0.0000000000	        1.0000000000	        0.0000903848	        0.0001006571	       -0.2125656656	       26.8622088206	       26.9047219537
        0.1938474899	        0.8817126327	        0.8816364845	       -0.0278074685	        0.0018744087	        0.0022217652	        0.0005679468	        0.0139162491	        0.0029201805	        0.0017878419	        0.0001890605	        0.0000000000	        1.0000000000	        0.0000881478	        0.0000999336	       -0.2017673571	       26.6294544305	       26.6698079019
        0.2134245548	        0.9059236842	        0.8766875683	       -0.0271031558	        0.0021128455	        0.0024451127	        0.0006135985	        0.0133244367	        0.0026022070	        0.0018755905	        0.0002008047	        0.0000000000	        1.0000000000	        0.0000865341	        0.0000996304	       -0.1872015648	       26.3804120607	       26.4178523737
        0.2345974273	        0.9290241273	        0.8714173325	       -0.0262608766	        0.0023632155	        0.0026574364	        0.0006588312	        0.0127032668	        0.0023088627	        0.0019523754	        0.0002135091	        0.0000000000	        1.0000000000	        0.0000854896	        0.0000994836	       -0.1736839122	       26.1131065141	       26.1478432966
        0.2574478906	        0.9510673865	        0.8657798934	       -0.0253176515	        0.0026239507	        0.0028531306	        0.0007029565	        0.0120615023	        0.0020401145	        0.0020173726	        0.0002271934	        0.0000000000	        1.0000000000	        0.0000849589	        0.0000995415	       -0.1564842096	       25.8276046125	       25.8589014544
        0.2820527391	        0.9720929163	        0.8597313103	       -0.0242550476	        0.0028935491	        0.0030269542	        0.0007453758	        0.0114062920	        0.0017952184	        0.0020700507	        0.0002418908	        0.0000000000	        1.0000000000	        0.0000849125	        0.0000997919	       -0.1416707467	       25.5217246377	       25.5500587871
        0.3084817527	        0.9921244982	        0.8532183885	       -0.0231164678	        0.0031708096	        0.0031744091	        0.0007855244	        0.0107436643	        0.0015730169	        0.0021102235	        0.0002576445	        0.0000000000	        1.0000000000	        0.0000853294	        0.0001001901	       -0.1244855089	       25.1956466120	       25.2205437138
        0.3367954708	        1.0111688146	        0.8461894858	       -0.0218966559	        0.0034551255	        0.0032920762	        0.0008228312	        0.0100790045	        0.0013721619	        0.0021381041	        0.0002745028	        0.0000000000	        1.0000000000	        0.0000861872	        0.0001008049	       -0.1095705157	       24.8476282127	       24.8695423158
        0.3670428018	        1.0292144129	        0.8385849961	       -0.0206345865	        0.0037468287	        0.0033779589	        0.0008569701	        0.0094175086	        0.0011912741	        0.0021543528	        0.0002925284	        0.0000000000	        1.0000000000	        0.0000874809	        0.0001015702	       -0.0943795918	       24.4775762856	       24.4964522039
        0.3992585207	        1.0462313536	        0.8303452221	       -0.0193448524	        0.0040475498	        0.0034317282	        0.0008876762	        0.0087645965	        0.0010290527	        0.0021601068	        0.0003117774	        0.0000000000	        1.0000000000	        0.0000891957	        0.0001024937	       -0.0813631415	       24.0844805779	       24.1007532062
        0.4334607283	        1.0621720489	        0.8214056196	       -0.0180733347	        0.0043605328	        0.0034549005	        0.0009147149	        0.0081262527	        0.0008843401	        0.0021569788	        0.0003322832	        0.0000000000	        1.0000000000	        0.0000912961	        0.0001035909	       -0.0681624986	       23.6685430872	       23.6821755870
        0.4696483595	        1.0769739790	        0.8117078980	       -0.0168349662	        0.0046907907	        0.0034508510	        0.0009380204	        0.0075092380	        0.0007561452	        0.0021470032	        0.0003540707	        0.0000000000	        1.0000000000	        0.0000937320	        0.0001049380	       -0.0573848133	       23.2290742763	       23.2405512389
        0.5077988477	        1.0905650156	        0.8011957373	       -0.0156571790	        0.0050449348	        0.0034246969	        0.0009582412	        0.0069210987	        0.0006436259	        0.0021325114	        0.0003771998	        0.0000000000	        1.0000000000	        0.0000964839	        0.0001063714	       -0.0495561571	       22.7661089710	       22.7760202025
        0.5478660655	        1.1028717680	        0.7898168801	       -0.0145915949	        0.0054304554	        0.0033829631	        0.0009755483	        0.0063698977	        0.0005460346	        0.0021159298	        0.0004016430	        0.0000000000	        1.0000000000	        0.0000994383	        0.0001080018	       -0.0410358832	       22.2809041422	       22.2891113188
        0.5897786695	        1.1138305363	        0.7775470291	       -0.0136205833	        0.0058542314	        0.0033329770	        0.0009904849	        0.0058636411	        0.0004626354	        0.0020995135	        0.0004274121	        0.0000000000	        1.0000000000	        0.0001024749	        0.0001098897	       -0.0361908840	       21.7732069927	       21.7804451695
        0.6334389769	        1.1233991395	        0.7643755557	       -0.0127507419	        0.0063201531	        0.0032821549	        0.0010044014	        0.0054094712	        0.0003926178	        0.0020850673	        0.0004547297	        0.0000000000	        1.0000000000	        0.0001055238	        0.0001119320	       -0.0338391939	       21.2443491449	       21.2511169837
        0.6787224963	        1.1315666108	        0.7503144729	       -0.0119668143	        0.0068260236	        0.0032371451	        0.0010186290	        0.0050128260	        0.0003350344	        0.0020737284	        0.0004839999	        0.0000000000	        1.0000000000	        0.0001085065	        0.0001141467	       -0.0342559004	       20.6957594529	       20.7026106330
        0.7254782147	        1.1383574370	        0.7353964625	       -0.0112444103	        0.0073603532	        0.0032030828	        0.0010346558	        0.0046768382	        0.0002887903	        0.0020658855	        0.0005158706	        0.0000000000	        1.0000000000	        0.0001113858	        0.0001164827	       -0.0374494014	       20.1293419590	       20.1368318393
        0.7735297135	        1.1438283220	        0.7196696552	       -0.0105645256	        0.0079001362	        0.0031831433	        0.0010536000	        0.0044022058	        0.0002526923	        0.0020612638	        0.0005512094	        0.0000000000	        1.0000000000	        0.0001141357	        0.0001189813	       -0.0418453332	       19.5477522201	       19.5561212867
        0.8226771500	        1.1480579845	        0.7032009818	       -0.0098775778	        0.0084109307	        0.0031785044	        0.0010766592	        0.0041875889	        0.0002255424	        0.0020591388	        0.0005912581	        0.0000000000	        1.0000000000	        0.0001168039	        0.0001216583	       -0.0494405683	       18.9531883303	       18.9630764440
        0.8727000940	        1.1511328263	        0.6860515995	       -0.0091673431	        0.0088502481	        0.0031888077	        0.0011054191	        0.0040303917	        0.0002062465	        0.0020586005	        0.0006376633	        0.0000000000	        1.0000000000	        0.0001195365	        0.0001243717	       -0.0600272074	       18.3487431508	       18.3607485923
        0.9233611572	        1.1531321441	        0.6682700069	       -0.0084646346	        0.0091742835	        0.0032129031	        0.0011405799	        0.0039276819	        0.0001939092	        0.0020587877	        0.0006920046	        0.0000000000	        1.0000000000	        0.0001224137	        0.0001271062	       -0.0705630808	       17.7385007455	       17.7526133617
        0.9744103051	        1.1541157978	        0.6499143284	       -0.0077820982	        0.0093466539	        0.0032496492	        0.0011824296	        0.0038770131	        0.0001879019	        0.0020590527	        0.0007556766	        0.0000000000	        1.0000000000	        0.0001254703	        0.0001299678	       -0.0809153749	       17.1260151731	       17.1421982481
        1.0255896949	        1.1541157978	        0.6310411845	       -0.0071301650	        0.0093466539	        0.0032929144	        0.0012300449	        0.0038770131	        0.0001879019	        0.0020590527	        0.0008298869	        0.0000000000	        1.0000000000	        0.0001288079	        0.0001329185	       -0.0926886037	       16.5144828631	       16.5330205839
        1.0766388428	        1.1531321441	        0.6116951807	       -0.0065624159	        0.0091742835	        0.0033428803	        0.0012835592	        0.0039276819	        0.0001939092	        0.0020587877	        0.0009156174	        0.0000000000	        1.0000000000	        0.0001324028	        0.0001359403	       -0.1045204614	       15.9077971872	       15.9287012795
        1.1272999060	        1.1511328263	        0.5919550845	       -0.0060858649	        0.0088502481	        0.0034063590	        0.0013443641	        0.0040303917	        0.0002062465	        0.0020586005	        0.0010131824	        0.0000000000	        1.0000000000	        0.0001360907	        0.0001389545	       -0.1180261115	       15.3091400832	       15.3327453055
        1.1773228500	        1.1480579845	        0.5719267395	       -0.0057255464	        0.0084109307	        0.0034853179	        0.0014118283	        0.0041875889	        0.0002255424	        0.0020591388	        0.0011214501	        0.0000000000	        1.0000000000	        0.0001396823	        0.0001417914	       -0.1301425568	       14.7226646419	       14.7486931533
        1.2264702865	        1.1438283220	        0.5517522524	       -0.0054788536	        0.0079001362	        0.0035818000	        0.0014840695	        0.0044022058	        0.0002526923	        0.0020612638	        0.0012377039	        0.0000000000	        1.0000000000	        0.0001428746	        0.0001445838	       -0.1373249474	       14.1523084222	       14.1797734117
        1.2745217853	        1.1383574370	        0.5316245872	       -0.0052434060	        0.0073603532	        0.0036968754	        0.0015587050	        0.0046768382	        0.0002887903	        0.0020658855	        0.0013583075	        0.0000000000	        1.0000000000	        0.0001453889	        0.0001474977	       -0.1414354312	       13.6002374369	       13.6285245232
        1.3212775037	        1.1315666108	        0.5117523974	       -0.0048986479	        0.0068260236	        0.0038297038	        0.0016341124	        0.0050128260	        0.0003350344	        0.0020737284	        0.0014796783	        0.0000000000	        1.0000000000	        0.0001471359	        0.0001504207	       -0.1438020817	       13.0682663789	       13.0970267952
        1.3665610231	        1.1233991395	        0.4923286484	       -0.0043661253	        0.0063201531	        0.0039768599	        0.0017084174	        0.0054094712	        0.0003926178	        0.0020850673	        0.0015985038	        0.0000000000	        1.0000000000	        0.0001481343	        0.0001533327	       -0.1421632698	       12.5586130626	       12.5870457166
        1.4102213305	        1.1138305363	        0.4735233143	       -0.0035570886	        0.0058542314	        0.0041320917	        0.0017793494	        0.0058636411	        0.0004626354	        0.0020995135	        0.0017119878	        0.0000000000	        1.0000000000	        0.0001484887	        0.0001562657	       -0.1372903736	       12.0723628560	       12.0998209307
        1.4521339345	        1.1028717680	        0.4554635470	       -0.0024353282	        0.0054304554	        0.0042867070	        0.0018446492	        0.0063698977	        0.0005460346	        0.0021159298	        0.0018181040	        0.0000000000	        1.0000000000	        0.0001483857	        0.0001592222	       -0.1278065575	       11.6106352729	       11.6361965844
        1.4922011523	        1.0905650156	        0.4382337836	       -0.0009799236	        0.0050449348	        0.0044304032	        0.0019020930	        0.0069210987	        0.0006436259	        0.0021325114	        0.0019155936	        0.0000000000	        1.0000000000	        0.0001480439	        0.0001621950	       -0.1142491027	       11.1737163973	       11.1965662179
        1.5303516405	        1.0769739790	        0.4218741864	        0.0007753820	        0.0046907907	        0.0045523769	        0.0019496007	        0.0075092380	        0.0007561452	        0.0021470032	        0.0020038557	        0.0000000000	        1.0000000000	        0.0001476758	        0.0001652228	       -0.0948818552	       10.7620191871	       10.7809955582
        1.5665392717	        1.0621720489	        0.4063928949	        0.0028034380	        0.0043605328	        0.0046424098	        0.0019853650	        0.0081262527	        0.0008843401	        0.0021569788	        0.0020828072	        0.0000000000	        1.0000000000	        0.0001474684	        0.0001683495	       -0.0707875895	       10.3750003046	       10.3891578224
        1.6007414793	        1.0462313536	        0.3917697674	        0.0050380932	        0.0040475498	        0.0046918148	        0.0020080655	        0.0087645965	        0.0010290527	        0.0021601068	        0.0021527542	        0.0000000000	        1.0000000000	        0.0001475839	        0.0001715795	       -0.0408106014	       10.0123383322	       10.0205004525
        1.6329571982	        1.0292144129	        0.3779677493	        0.0074250629	        0.0037468287	        0.0046940953	        0.0020167386	        0.0094175086	        0.0011912741	        0.0021543528	        0.0022142472	        0.0000000000	        1.0000000000	        0.0001481493	        0.0001747382	       -0.0057177543	        9.6730949016	        9.6742384525
        1.6632045292	        1.0111688146	        0.3649374337	        0.0098537759	        0.0034551255	        0.0046453465	        0.0020102828	        0.0100790045	        0.0013721619	        0.0021381041	        0.0022680023	        0.0000000000	        1.0000000000	        0.0001492248	        0.0001784379	        0.0390643279	        9.3572655259	        9.3494526603
        1.6915182473	        0.9921244982	        0.3526314489	        0.0123850374	        0.0031708096	        0.0045443597	        0.0019888166	        0.0107436643	        0.0015730169	        0.0021102235	        0.0023150174	        0.0000000000	        1.0000000000	        0.0001509121	        0.0001826527	        0.0831661621	        9.0614745117	        9.0448412793
        1.7179472609	        0.9720929163	        0.3409876028	        0.0148910338	        0.0028935491	        0.0043926176	        0.0019534644	        0.0114062920	        0.0017952184	        0.0020700507	        0.0023564502	        0.0000000000	        1.0000000000	        0.0001533501	        0.0001866292	        0.1328971236	        8.7859740677	        8.7593946429
        1.7425521094	        0.9510673865	        0.3299456354	        0.0173081645	        0.0026239507	        0.0041939753	        0.0019044375	        0.0120615023	        0.0020401145	        0.0020173726	        0.0023934090	        0.0000000000	        1.0000000000	        0.0001565824	        0.0001911668	        0.1890670025	        8.5297984449	        8.4919850444
        1.7654025727	        0.9290241273	        0.3194498313	        0.0196480970	        0.0023632155	        0.0039542556	        0.0018426260	        0.0127032668	        0.0023088627	        0.0019523754	        0.0024270971	        0.0000000000	        1.0000000000	        0.0001606847	        0.0001967932	        0.2470644046	        8.2907461700	        8.2413332891
        1.7865754452	        0.9059236842	        0.3094437713	        0.0219152787	        0.0021128455	        0.0036807759	        0.0017699420	        0.0133244367	        0.0026022070	        0.0018755905	        0.0024588497	        0.0000000000	        1.0000000000	        0.0001658142	        0.0002032146	        0.3033758501	        8.0669032323	        8.0062280623
        1.8061525101	        0.8817126327	        0.2998681890	        0.0240648545	        0.0018744087	        0.0033818187	        0.0016884484	        0.0139162491	        0.0029201805	        0.0017878419	        0.0024900304	        0.0000000000	        1.0000000000	        0.0001721629	        0.0002109035	        0.3586303399	        7.8573196902	        7.7855936222
        1.8242187368	        0.8563255940	        0.2906638420	        0.0261411974	        0.0016493662	        0.0030660891	        0.0016004925	        0.0144678307	        0.0032617174	        0.0016901970	        0.0025219666	        0.0000000000	        1.0000000000	        0.0001799993	        0.0002201151	        0.4059786152	        7.6595613616	        7.5783656386
        1.8408607086	        0.8296877090	        0.2817657092	        0.0280992850	        0.0014389533	        0.0027422477	        0.0015085920	        0.0149657214	        0.0036241666	        0.0015839246	        0.0025558606	        0.0000000000	        1.0000000000	        0.0001896999	        0.0002304420	        0.4455991076	        7.4727921566	        7.3836723350
        1.8561652810	        0.8017178130	        0.2731049845	        0.0299123346	        0.0012441067	        0.0024185016	        0.0014147948	        0.0153934660	        0.0040027142	        0.0014704597	        0.0025926656	        0.0000000000	        1.0000000000	        0.0002017201	        0.0002424915	        0.4756895147	        7.2958601273	        7.2007222244
        1.8702184608	        0.7723326267	        0.2646084024	        0.0315670981	        0.0010654302	        0.0021023070	        0.0013209003	        0.0157313602	        0.0043897514	        0.0013513753	        0.0026330018	        0.0000000000	        1.0000000000	        0.0002166586	        0.0002563852	        0.4930249363	        7.1273914112	        7.0287864240
        1.8831044915	        0.7414523309	        0.2561962212	        0.0330127295	        0.0009031883	        0.0018001851	        0.0012282865	        0.0159564812	        0.0047742712	        0.0012283598	        0.0026770374	        0.0000000000	        1.0000000000	        0.0002352797	        0.0002727795	        0.4969052263	        6.9666029074	        6.8672218621
        1.8949051275	        0.7090079064	        0.2477826824	        0.0342488470	        0.0007573229	        0.0015176308	        0.0011379468	        0.0160431939	        0.0051414541	        0.0011031981	        0.0027243366	        0.0000000000	        1.0000000000	        0.0002585579	        0.0002930958	        0.4822537915	        6.8118596738	        6.7154089155
        1.9056990763	        0.6749505649	        0.2392736545	        0.0352732286	        0.0006274850	        0.0012590989	        0.0010506746	        0.0159643671	        0.0054726863	        0.0009777538	        0.0027736502	        0.0000000000	        1.0000000000	        0.0002877467	        0.0003161725	        0.4435835966	        6.6615263641	        6.5728096448
        1.9155615890	        0.6392634341	        0.2305660015	        0.0359496397	        0.0005130784	        0.0010280095	        0.0009665831	        0.0156935518	        0.0057463357	        0.0008539468	        0.0028226081	        0.0000000000	        1.0000000000	        0.0003242232	        0.0003417160	        0.3848778030	        6.5159919056	        6.4390163450
        1.9245641781	        0.6019753444	        0.2215576012	        0.0362290611	        0.0004133095	        0.0008267026	        0.0008852719	        0.0152083036	        0.0059396343	        0.0007337221	        0.0028674618	        0.0000000000	        1.0000000000	        0.0003692575	        0.0003743037	        0.3035736938	        6.3743111167	        6.3135963779
        1.9327744427	        0.5631760683	        0.2121570910	        0.0362012101	        0.0003272418	        0.0006562881	        0.0008068369	        0.0144946236	        0.0060318989	        0.0006190036	        0.0029030272	        0.0000000000	        1.0000000000	        0.0004239291	        0.0004128221	        0.1879162970	        6.2336911640	        6.1961079046
        1.9402559838	        0.5230316915	        0.2022914243	        0.0357242863	        0.0002538515	        0.0005163625	        0.0007318083	        0.0135521018	        0.0060090026	        0.0005116263	        0.0029228614	        0.0000000000	        1.0000000000	        0.0004887026	        0.0004557423	        0.0446086578	        6.0951754467	        6.0862537151
        1.9470683933	        0.4817980412	        0.1919263766	        0.0348367594	        0.0001920824	        0.0004046981	        0.0006609993	        0.0123987905	        0.0058684643	        0.0004132474	        0.0029199039	        0.0000000000	        1.0000000000	        0.0005632119	        0.0005096489	       -0.1300250629	        5.9577042429	        5.9837092555
        1.9532673011	        0.4398294380	        0.1810690744	        0.0337059838	        0.0001408983	        0.0003172257	        0.0005952251	        0.0110742704	        0.0056239014	        0.0003252413	        0.0028875528	        0.0000000000	        1.0000000000	        0.0006470157	        0.0005714698	       -0.3455195397	        5.8190525669	        5.8881564748
        1.9589044686	        0.3975796347	        0.1697489970	        0.0322473162	        0.0000993297	        0.0002486639	        0.0005338392	        0.0096391014	        0.0053072284	        0.0002485922	        0.0028206310	        0.0000000000	        1.0000000000	        0.0007402862	        0.0006422746	       -0.5920761480	        5.6809631579	        5.7993783875
        1.9640279170	        0.3555914649	        0.1580009201	        0.0306518326	        0.0000665036	        0.0001938113	        0.0004744256	        0.0081692667	        0.0049672680	        0.0001838049	        0.0027159899	        0.0000000000	        1.0000000000	        0.0008440946	        0.0007213321	       -0.8787049750	        5.5413789934	        5.7171199884
        1.9686820816	        0.3147416108	        0.1458494629	        0.0287714421	        0.0000470814	        0.0001490858	        0.0004148283	        0.0067567771	        0.0046683037	        0.0001312364	        0.0025729111	        0.0000000000	        1.0000000000	        0.0009594759	        0.0008043796	       -1.1919838467	        5.4027995136	        5.6411962829
        1.9729079831	        0.2758662653	        0.1333288262	        0.0266636665	        0.0000332418	        0.0001125478	        0.0003544375	        0.0054607905	        0.0044434186	        0.0000904000	        0.0023935032	        0.0000000000	        1.0000000000	        0.0010859366	        0.0008987073	       -1.5319765463	        5.2649767756	        5.5713720849
        1.9767434111	        0.2392597842	        0.1205006258	        0.0244009798	        0.0000223411	        0.0000832031	        0.0002946576	        0.0043085696	        0.0043077434	        0.0000598211	        0.0021829730	        0.0000000000	        1.0000000000	        0.0012211811	        0.0010021447	       -1.8977574790	        5.1278458381	        5.5073973339
        1.9802231129	        0.2050490173	        0.1074621311	        0.0220241021	        0.0000141812	        0.0000602881	        0.0002380603	        0.0033131895	        0.0042682686	        0.0000377974	        0.0019492328	        0.0000000000	        1.0000000000	        0.0013616243	        0.0011055243	       -2.2841537295	        4.9922007326	        5.4490314785
        1.9833789852	        0.1733098355	        0.0943388471	        0.0194803624	        0.0000084347	        0.0000428538	        0.0001868451	        0.0024770500	        0.0043242313	        0.0000226281	        0.0017016665	        0.0000000000	        1.0000000000	        0.0015034677	        0.0012021412	       -2.6787990244	        4.8602778040	        5.3960376089
        1.9862402627	        0.1440555631	        0.0812676562	        0.0167741800	        0.0000046578	        0.0000298127	        0.0001421003	        0.0017933881	        0.0044688244	        0.0000127029	        0.0014495617	        0.0000000000	        1.0000000000	        0.0016436006	        0.0013019823	       -3.0727933693	        4.7335828320	        5.3481415059
        1.9888337046	        0.1172361386	        0.0683798791	        0.0140848555	        0.0000023576	        0.0000201541	        0.0001040329	        0.0012490763	        0.0046914788	        0.0000065880	        0.0012008987	        0.0000000000	        1.0000000000	        0.0017799604	        0.0014137242	       -3.4683390932	        4.6113573785	        5.3050251972
        1.9911837738	        0.0927485581	        0.0557900255	        0.0115320226	        0.0000010717	        0.0000130693	        0.0000724398	        0.0008276828	        0.0049800020	        0.0000030854	        0.0009617706	        0.0000000000	        1.0000000000	        0.0019112985	        0.0015198928	       -3.8649134889	        4.4933929311	        5.2663756289
        1.9933128092	        0.0704536354	        0.0435926560	        0.0090087982	        0.0000004225	        0.0000079586	        0.0000470054	        0.0005119512	        0.0053221295	        0.0000012573	        0.0007363131	        0.0000000000	        1.0000000000	        0.0020366404	        0.0016138620	       -4.2502706835	        4.3818495024	        5.2319036391
        1.9952411902	        0.0501930334	        0.0318641663	        0.0065653445	        0.0000001354	        0.0000043854	        0.0000274078	        0.0002853812	        0.0057064115	        0.0000004173	        0.0005269187	        0.0000000000	        1.0000000000	        0.0021551175	        0.0017041808	       -4.6227615167	        4.2767581758	        5.2013104791
        1.9969874916	        0.0318028097	        0.0206633864	        0.0042110789	        0.0000000309	        0.0000020256	        0.0000133112	        0.0001330130	        0.0061225820	        0.0000000985	        0.0003345687	        0.0000000000	        1.0000000000	        0.0022660799	        0.0017836834	       -4.9795552484	        4.1783996871	        5.1743107368
        1.9985686299	        0.0151224499	        0.0100327900	        0.0019179443	        0.0000000035	        0.0000006300	        0.0000043281	        0.0000416842	        0.0065616201	        0.0000000115	        0.0001591913	        0.0000000000	        1.0000000000	        0.0023690866	        0.0018493575	       -5.3169273769	        4.0872632982	        5.1506487736
        2.0000000000	        0.0000000000	        0.0000000000	       -0.0003220447	        0.0000000000	        0.0000000000	        0.0000000000	        0.0000000000	        0.0070156685	        0.0000000000	        0.0000000000	        0.0267927564	        1.0000000000	        0.0024642529	        0.0019093664	                 NaN	        4.0034362503	                 NaN
