     0.20039E-02     0.51619E-03     0.23318E+00     0.25295E-01     0.61609E-01     0.23445E-02     0.28626E+00     0.70153E-01    -0.12611E-03     0.36212E-04     0.11960E-03    -0.12102E-05     0.13057E-04     0.30565E+02     0.99392E+00     0.56032E+01     0.29839E+02
     0.61156E-02     0.15226E-02     0.18240E+00     0.73565E-01     0.89647E-01     0.71141E-02     0.31768E+00     0.20303E+00    -0.60059E-03     0.30913E-03     0.40852E-03    -0.10832E-04     0.11201E-03     0.30029E+02     0.98291E+00     0.56537E+01     0.29501E+02
     0.10434E-01     0.25166E-02     0.17940E+00     0.12005E+00     0.11981E+00     0.11763E-01     0.36421E+00     0.33853E+00    -0.13602E-02     0.85193E-03     0.79988E-03    -0.29603E-04     0.30211E-03     0.29561E+02     0.97317E+00     0.56992E+01     0.29171E+02
     0.14956E-01     0.35139E-02     0.20915E+00     0.16571E+00     0.15160E+00     0.16574E-01     0.41874E+00     0.47221E+00    -0.24533E-02     0.16593E-02     0.13189E-02    -0.58237E-04     0.58228E-03     0.29147E+02     0.96446E+00     0.57399E+01     0.28861E+02
     0.19680E-01     0.45153E-02     0.25307E+00     0.21071E+00     0.18530E+00     0.21694E-01     0.47934E+00     0.59976E+00    -0.39516E-02     0.27081E-02     0.19791E-02    -0.97957E-04     0.95143E-03     0.28777E+02     0.95661E+00     0.57772E+01     0.28567E+02
     0.24604E-01     0.55089E-02     0.30488E+00     0.25464E+00     0.21817E+00     0.26563E-01     0.54685E+00     0.73404E+00    -0.57175E-02     0.40437E-02     0.27964E-02    -0.14633E-03     0.14028E-02     0.28443E+02     0.94944E+00     0.58116E+01     0.28289E+02
     0.29725E-01     0.64825E-02     0.35420E+00     0.29706E+00     0.25081E+00     0.31429E-01     0.61674E+00     0.86429E+00    -0.77964E-02     0.56027E-02     0.37575E-02    -0.20373E-03     0.19257E-02     0.28138E+02     0.94285E+00     0.58434E+01     0.28028E+02
     0.35041E-01     0.74255E-02     0.39846E+00     0.33758E+00     0.28327E+00     0.36319E-01     0.68835E+00     0.98669E+00    -0.10194E-01     0.73266E-02     0.48488E-02    -0.26967E-03     0.25066E-02     0.27858E+02     0.93673E+00     0.58730E+01     0.27781E+02
     0.40551E-01     0.83286E-02     0.43732E+00     0.37587E+00     0.31467E+00     0.41096E-01     0.75951E+00     0.11024E+01    -0.12832E-01     0.91813E-02     0.60486E-02    -0.34226E-03     0.31303E-02     0.27598E+02     0.93101E+00     0.59010E+01     0.27547E+02
     0.46252E-01     0.91860E-02     0.47267E+00     0.41174E+00     0.34453E+00     0.45614E-01     0.83164E+00     0.12138E+01    -0.15611E-01     0.11150E-01     0.73487E-02    -0.41899E-03     0.37821E-02     0.27354E+02     0.92562E+00     0.59276E+01     0.27323E+02
     0.52141E-01     0.99958E-02     0.50443E+00     0.44519E+00     0.37261E+00     0.49866E-01     0.90297E+00     0.13205E+01    -0.18472E-01     0.13200E-01     0.87244E-02    -0.49843E-03     0.44498E-02     0.27125E+02     0.92051E+00     0.59529E+01     0.27109E+02
     0.58216E-01     0.10760E-01     0.53180E+00     0.47633E+00     0.39932E+00     0.53932E-01     0.97349E+00     0.14206E+01    -0.21422E-01     0.15286E-01     0.10162E-01    -0.58027E-03     0.51250E-02     0.26908E+02     0.91564E+00     0.59772E+01     0.26903E+02
     0.64476E-01     0.11480E-01     0.55478E+00     0.50532E+00     0.42460E+00     0.57845E-01     0.10413E+01     0.15138E+01    -0.24444E-01     0.17379E-01     0.11635E-01    -0.66404E-03     0.58009E-02     0.26701E+02     0.91098E+00     0.60005E+01     0.26706E+02
     0.70917E-01     0.12160E-01     0.57464E+00     0.53230E+00     0.44859E+00     0.61594E-01     0.11075E+01     0.16009E+01    -0.27510E-01     0.19466E-01     0.13139E-01    -0.74893E-03     0.64723E-02     0.26504E+02     0.90651E+00     0.60230E+01     0.26516E+02
     0.77539E-01     0.12800E-01     0.59185E+00     0.55740E+00     0.47110E+00     0.65168E-01     0.11709E+01     0.16826E+01    -0.30578E-01     0.21538E-01     0.14654E-01    -0.83413E-03     0.71345E-02     0.26315E+02     0.90220E+00     0.60448E+01     0.26332E+02
     0.84338E-01     0.13405E-01     0.60675E+00     0.58077E+00     0.49238E+00     0.68570E-01     0.12330E+01     0.17598E+01    -0.33636E-01     0.23589E-01     0.16185E-01    -0.91911E-03     0.77846E-02     0.26134E+02     0.89803E+00     0.60660E+01     0.26155E+02
     0.91312E-01     0.13976E-01     0.61985E+00     0.60254E+00     0.51238E+00     0.71807E-01     0.12927E+01     0.18327E+01    -0.36663E-01     0.25613E-01     0.17717E-01    -0.10035E-02     0.84204E-02     0.25959E+02     0.89400E+00     0.60866E+01     0.25984E+02
     0.98459E-01     0.14516E-01     0.63191E+00     0.62289E+00     0.53110E+00     0.74898E-01     0.13496E+01     0.19017E+01    -0.39645E-01     0.27606E-01     0.19234E-01    -0.10872E-02     0.90414E-02     0.25790E+02     0.89009E+00     0.61067E+01     0.25818E+02
     0.10578E+00     0.15030E-01     0.64224E+00     0.64196E+00     0.54888E+00     0.77863E-01     0.14052E+01     0.19673E+01    -0.42600E-01     0.29568E-01     0.20755E-01    -0.11702E-02     0.96480E-02     0.25626E+02     0.88628E+00     0.61263E+01     0.25656E+02
     0.11326E+00     0.15519E-01     0.65102E+00     0.65986E+00     0.56574E+00     0.80715E-01     0.14591E+01     0.20295E+01    -0.45524E-01     0.31496E-01     0.22271E-01    -0.12526E-02     0.10240E-01     0.25468E+02     0.88257E+00     0.61455E+01     0.25498E+02
     0.12092E+00     0.15986E-01     0.65901E+00     0.67671E+00     0.58174E+00     0.83469E-01     0.15111E+01     0.20885E+01    -0.48413E-01     0.33387E-01     0.23774E-01    -0.13342E-02     0.10817E-01     0.25313E+02     0.87894E+00     0.61644E+01     0.25344E+02
     0.12873E+00     0.16433E-01     0.66613E+00     0.69261E+00     0.59693E+00     0.86137E-01     0.15612E+01     0.21448E+01    -0.51270E-01     0.35244E-01     0.25263E-01    -0.14153E-02     0.11380E-01     0.25163E+02     0.87539E+00     0.61829E+01     0.25194E+02
     0.13671E+00     0.16862E-01     0.67231E+00     0.70767E+00     0.61140E+00     0.88728E-01     0.16096E+01     0.21986E+01    -0.54097E-01     0.37071E-01     0.26742E-01    -0.14960E-02     0.11931E-01     0.25016E+02     0.87191E+00     0.62012E+01     0.25047E+02
     0.14485E+00     0.17275E-01     0.67737E+00     0.72199E+00     0.62533E+00     0.91254E-01     0.16570E+01     0.22502E+01    -0.56909E-01     0.38873E-01     0.28220E-01    -0.15763E-02     0.12471E-01     0.24872E+02     0.86849E+00     0.62192E+01     0.24903E+02
     0.15315E+00     0.17675E-01     0.68204E+00     0.73562E+00     0.63863E+00     0.93717E-01     0.17031E+01     0.23000E+01    -0.59692E-01     0.40650E-01     0.29688E-01    -0.16562E-02     0.13000E-01     0.24732E+02     0.86512E+00     0.62369E+01     0.24762E+02
     0.16160E+00     0.18061E-01     0.68573E+00     0.74861E+00     0.65144E+00     0.96123E-01     0.17482E+01     0.23479E+01    -0.62456E-01     0.42403E-01     0.31153E-01    -0.17359E-02     0.13519E-01     0.24594E+02     0.86181E+00     0.62545E+01     0.24623E+02
     0.17021E+00     0.18434E-01     0.68955E+00     0.76101E+00     0.66365E+00     0.98476E-01     0.17917E+01     0.23941E+01    -0.65187E-01     0.44133E-01     0.32601E-01    -0.18151E-02     0.14027E-01     0.24459E+02     0.85854E+00     0.62719E+01     0.24487E+02
     0.17896E+00     0.18797E-01     0.69236E+00     0.77287E+00     0.67547E+00     0.10078E+00     0.18347E+01     0.24389E+01    -0.67905E-01     0.45845E-01     0.34053E-01    -0.18942E-02     0.14526E-01     0.24325E+02     0.85532E+00     0.62891E+01     0.24353E+02
     0.18787E+00     0.19149E-01     0.69487E+00     0.78420E+00     0.68679E+00     0.10304E+00     0.18765E+01     0.24823E+01    -0.70594E-01     0.47534E-01     0.35493E-01    -0.19729E-02     0.15015E-01     0.24194E+02     0.85213E+00     0.63062E+01     0.24220E+02
     0.19692E+00     0.19491E-01     0.69646E+00     0.79503E+00     0.69778E+00     0.10526E+00     0.19180E+01     0.25243E+01    -0.73268E-01     0.49201E-01     0.36937E-01    -0.20513E-02     0.15494E-01     0.24065E+02     0.84897E+00     0.63232E+01     0.24089E+02
     0.20611E+00     0.19824E-01     0.69805E+00     0.80540E+00     0.70829E+00     0.10743E+00     0.19580E+01     0.25650E+01    -0.75912E-01     0.50846E-01     0.38362E-01    -0.21294E-02     0.15964E-01     0.23937E+02     0.84583E+00     0.63401E+01     0.23960E+02
     0.21545E+00     0.20148E-01     0.69894E+00     0.81537E+00     0.71849E+00     0.10958E+00     0.19975E+01     0.26046E+01    -0.78549E-01     0.52476E-01     0.39789E-01    -0.22076E-02     0.16426E-01     0.23811E+02     0.84272E+00     0.63570E+01     0.23833E+02
     0.22493E+00     0.20466E-01     0.70003E+00     0.82499E+00     0.72836E+00     0.11171E+00     0.20362E+01     0.26432E+01    -0.81175E-01     0.54093E-01     0.41209E-01    -0.22859E-02     0.16882E-01     0.23685E+02     0.83963E+00     0.63738E+01     0.23707E+02
     0.23454E+00     0.20777E-01     0.70050E+00     0.83429E+00     0.73792E+00     0.11381E+00     0.20740E+01     0.26808E+01    -0.83794E-01     0.55699E-01     0.42625E-01    -0.23644E-02     0.17332E-01     0.23561E+02     0.83655E+00     0.63906E+01     0.23581E+02
     0.24429E+00     0.21083E-01     0.70069E+00     0.84326E+00     0.74724E+00     0.11590E+00     0.21115E+01     0.27176E+01    -0.86409E-01     0.57294E-01     0.44046E-01    -0.24432E-02     0.17776E-01     0.23438E+02     0.83348E+00     0.64074E+01     0.23457E+02
     0.25418E+00     0.21382E-01     0.70031E+00     0.85192E+00     0.75634E+00     0.11797E+00     0.21488E+01     0.27536E+01    -0.89023E-01     0.58877E-01     0.45471E-01    -0.25221E-02     0.18213E-01     0.23316E+02     0.83043E+00     0.64242E+01     0.23334E+02
     0.26419E+00     0.21676E-01     0.70008E+00     0.86026E+00     0.76504E+00     0.12002E+00     0.21847E+01     0.27887E+01    -0.91613E-01     0.60447E-01     0.46878E-01    -0.26011E-02     0.18644E-01     0.23195E+02     0.82738E+00     0.64410E+01     0.23211E+02
     0.27434E+00     0.21966E-01     0.69970E+00     0.86836E+00     0.77357E+00     0.12205E+00     0.22205E+01     0.28232E+01    -0.94208E-01     0.62012E-01     0.48293E-01    -0.26805E-02     0.19071E-01     0.23074E+02     0.82434E+00     0.64578E+01     0.23090E+02
     0.28460E+00     0.22251E-01     0.69878E+00     0.87622E+00     0.78190E+00     0.12408E+00     0.22559E+01     0.28572E+01    -0.96805E-01     0.63573E-01     0.49713E-01    -0.27604E-02     0.19493E-01     0.22954E+02     0.82131E+00     0.64747E+01     0.22968E+02
     0.29500E+00     0.22533E-01     0.69796E+00     0.88385E+00     0.78999E+00     0.12610E+00     0.22908E+01     0.28905E+01    -0.99398E-01     0.65128E-01     0.51130E-01    -0.28408E-02     0.19911E-01     0.22835E+02     0.81828E+00     0.64916E+01     0.22848E+02
     0.30551E+00     0.22811E-01     0.69683E+00     0.89129E+00     0.79792E+00     0.12811E+00     0.23253E+01     0.29234E+01    -0.10200E+00     0.66685E-01     0.52554E-01    -0.29219E-02     0.20327E-01     0.22716E+02     0.81525E+00     0.65086E+01     0.22729E+02
     0.31615E+00     0.23087E-01     0.69588E+00     0.89854E+00     0.80566E+00     0.13013E+00     0.23594E+01     0.29559E+01    -0.10461E+00     0.68241E-01     0.53982E-01    -0.30037E-02     0.20740E-01     0.22598E+02     0.81222E+00     0.65256E+01     0.22609E+02
     0.32690E+00     0.23360E-01     0.69464E+00     0.90561E+00     0.81321E+00     0.13214E+00     0.23931E+01     0.29880E+01    -0.10723E+00     0.69798E-01     0.55412E-01    -0.30863E-02     0.21151E-01     0.22480E+02     0.80919E+00     0.65427E+01     0.22490E+02
     0.33777E+00     0.23632E-01     0.69329E+00     0.91253E+00     0.82064E+00     0.13416E+00     0.24267E+01     0.30197E+01    -0.10986E+00     0.71360E-01     0.56854E-01    -0.31699E-02     0.21560E-01     0.22362E+02     0.80615E+00     0.65599E+01     0.22372E+02
     0.34875E+00     0.23901E-01     0.69177E+00     0.91925E+00     0.82788E+00     0.13619E+00     0.24599E+01     0.30510E+01    -0.11250E+00     0.72920E-01     0.58299E-01    -0.32543E-02     0.21966E-01     0.22245E+02     0.80311E+00     0.65772E+01     0.22253E+02
     0.35985E+00     0.24169E-01     0.69029E+00     0.92583E+00     0.83501E+00     0.13822E+00     0.24929E+01     0.30821E+01    -0.11517E+00     0.74487E-01     0.59754E-01    -0.33398E-02     0.22371E-01     0.22128E+02     0.80006E+00     0.65945E+01     0.22135E+02
     0.37105E+00     0.24436E-01     0.68890E+00     0.93230E+00     0.84199E+00     0.14026E+00     0.25256E+01     0.31130E+01    -0.11785E+00     0.76065E-01     0.61217E-01    -0.34266E-02     0.22776E-01     0.22011E+02     0.79700E+00     0.66120E+01     0.22017E+02
     0.38236E+00     0.24701E-01     0.68789E+00     0.93861E+00     0.84877E+00     0.14232E+00     0.25577E+01     0.31436E+01    -0.12053E+00     0.77646E-01     0.62679E-01    -0.35145E-02     0.23179E-01     0.21893E+02     0.79393E+00     0.66297E+01     0.21899E+02
     0.39377E+00     0.24966E-01     0.68640E+00     0.94480E+00     0.85549E+00     0.14438E+00     0.25900E+01     0.31739E+01    -0.12325E+00     0.79237E-01     0.64161E-01    -0.36038E-02     0.23582E-01     0.21776E+02     0.79084E+00     0.66474E+01     0.21782E+02
     0.40528E+00     0.25230E-01     0.68511E+00     0.95086E+00     0.86210E+00     0.14646E+00     0.26222E+01     0.32041E+01    -0.12599E+00     0.80835E-01     0.65655E-01    -0.36942E-02     0.23983E-01     0.21659E+02     0.78775E+00     0.66653E+01     0.21664E+02
     0.41690E+00     0.25492E-01     0.68389E+00     0.95677E+00     0.86851E+00     0.14855E+00     0.26538E+01     0.32340E+01    -0.12874E+00     0.82438E-01     0.67146E-01    -0.37859E-02     0.24383E-01     0.21542E+02     0.78464E+00     0.66834E+01     0.21546E+02
     0.42861E+00     0.25754E-01     0.68273E+00     0.96255E+00     0.87479E+00     0.15065E+00     0.26852E+01     0.32637E+01    -0.13150E+00     0.84049E-01     0.68647E-01    -0.38788E-02     0.24782E-01     0.21425E+02     0.78151E+00     0.67016E+01     0.21428E+02
     0.44042E+00     0.26015E-01     0.68121E+00     0.96825E+00     0.88101E+00     0.15277E+00     0.27166E+01     0.32933E+01    -0.13430E+00     0.85674E-01     0.70167E-01    -0.39734E-02     0.25182E-01     0.21307E+02     0.77836E+00     0.67200E+01     0.21310E+02
     0.45232E+00     0.26278E-01     0.68005E+00     0.97386E+00     0.88710E+00     0.15492E+00     0.27478E+01     0.33229E+01    -0.13712E+00     0.87314E-01     0.71697E-01    -0.40697E-02     0.25583E-01     0.21190E+02     0.77520E+00     0.67386E+01     0.21192E+02
     0.46431E+00     0.26540E-01     0.67845E+00     0.97936E+00     0.89314E+00     0.15708E+00     0.27791E+01     0.33523E+01    -0.13998E+00     0.88966E-01     0.73248E-01    -0.41677E-02     0.25984E-01     0.21072E+02     0.77203E+00     0.67573E+01     0.21074E+02
     0.47639E+00     0.26802E-01     0.67715E+00     0.98478E+00     0.89906E+00     0.15927E+00     0.28101E+01     0.33817E+01    -0.14287E+00     0.90633E-01     0.74808E-01    -0.42674E-02     0.26385E-01     0.20954E+02     0.76883E+00     0.67762E+01     0.20956E+02
     0.48855E+00     0.27066E-01     0.67586E+00     0.99013E+00     0.90490E+00     0.16149E+00     0.28411E+01     0.34111E+01    -0.14579E+00     0.92319E-01     0.76386E-01    -0.43693E-02     0.26789E-01     0.20836E+02     0.76562E+00     0.67952E+01     0.20837E+02
     0.50081E+00     0.27332E-01     0.67445E+00     0.99546E+00     0.91074E+00     0.16374E+00     0.28724E+01     0.34407E+01    -0.14877E+00     0.94035E-01     0.77997E-01    -0.44737E-02     0.27198E-01     0.20718E+02     0.76239E+00     0.68145E+01     0.20719E+02
     0.51314E+00     0.27601E-01     0.67329E+00     0.10008E+01     0.91658E+00     0.16603E+00     0.29038E+01     0.34706E+01    -0.15182E+00     0.95787E-01     0.79638E-01    -0.45811E-02     0.27613E-01     0.20599E+02     0.75914E+00     0.68340E+01     0.20600E+02
     0.52555E+00     0.27875E-01     0.67206E+00     0.10062E+01     0.92245E+00     0.16837E+00     0.29356E+01     0.35008E+01    -0.15494E+00     0.97580E-01     0.81317E-01    -0.46917E-02     0.28036E-01     0.20481E+02     0.75587E+00     0.68536E+01     0.20481E+02
     0.53804E+00     0.28153E-01     0.67112E+00     0.10116E+01     0.92832E+00     0.17077E+00     0.29675E+01     0.35316E+01    -0.15814E+00     0.99420E-01     0.83030E-01    -0.48059E-02     0.28469E-01     0.20362E+02     0.75257E+00     0.68735E+01     0.20362E+02
     0.55061E+00     0.28439E-01     0.67039E+00     0.10172E+01     0.93429E+00     0.17324E+00     0.29999E+01     0.35631E+01    -0.16145E+00     0.10132E+00     0.84798E-01    -0.49247E-02     0.28916E-01     0.20243E+02     0.74926E+00     0.68936E+01     0.20243E+02
     0.56325E+00     0.28732E-01     0.66996E+00     0.10229E+01     0.94040E+00     0.17578E+00     0.30330E+01     0.35955E+01    -0.16489E+00     0.10330E+00     0.86628E-01    -0.50484E-02     0.29378E-01     0.20123E+02     0.74591E+00     0.69139E+01     0.20123E+02
     0.57596E+00     0.29033E-01     0.66967E+00     0.10288E+01     0.94661E+00     0.17839E+00     0.30665E+01     0.36286E+01    -0.16844E+00     0.10534E+00     0.88513E-01    -0.51770E-02     0.29855E-01     0.20003E+02     0.74255E+00     0.69345E+01     0.20003E+02
     0.58874E+00     0.29341E-01     0.66947E+00     0.10347E+01     0.95287E+00     0.18107E+00     0.31005E+01     0.36624E+01    -0.17209E+00     0.10745E+00     0.90451E-01    -0.53105E-02     0.30346E-01     0.19883E+02     0.73915E+00     0.69554E+01     0.19882E+02
     0.60158E+00     0.29655E-01     0.66925E+00     0.10408E+01     0.95926E+00     0.18383E+00     0.31352E+01     0.36969E+01    -0.17588E+00     0.10962E+00     0.92454E-01    -0.54489E-02     0.30850E-01     0.19762E+02     0.73572E+00     0.69765E+01     0.19761E+02
     0.61449E+00     0.29976E-01     0.66952E+00     0.10470E+01     0.96572E+00     0.18666E+00     0.31703E+01     0.37321E+01    -0.17978E+00     0.11187E+00     0.94511E-01    -0.55927E-02     0.31369E-01     0.19640E+02     0.73227E+00     0.69978E+01     0.19640E+02
     0.62747E+00     0.30306E-01     0.66963E+00     0.10533E+01     0.97230E+00     0.18957E+00     0.32062E+01     0.37681E+01    -0.18382E+00     0.11419E+00     0.96641E-01    -0.57422E-02     0.31904E-01     0.19519E+02     0.72879E+00     0.70195E+01     0.19518E+02
     0.64050E+00     0.30643E-01     0.67068E+00     0.10597E+01     0.97891E+00     0.19256E+00     0.32420E+01     0.38050E+01    -0.18798E+00     0.11659E+00     0.98818E-01    -0.58976E-02     0.32456E-01     0.19397E+02     0.72528E+00     0.70414E+01     0.19397E+02
     0.65359E+00     0.30987E-01     0.67149E+00     0.10663E+01     0.98564E+00     0.19563E+00     0.32786E+01     0.38425E+01    -0.19228E+00     0.11906E+00     0.10107E+00    -0.60589E-02     0.33024E-01     0.19274E+02     0.72175E+00     0.70635E+01     0.19275E+02
     0.66673E+00     0.31338E-01     0.67264E+00     0.10729E+01     0.99239E+00     0.19877E+00     0.33156E+01     0.38807E+01    -0.19670E+00     0.12160E+00     0.10337E+00    -0.62258E-02     0.33603E-01     0.19152E+02     0.71819E+00     0.70859E+01     0.19152E+02
     0.67993E+00     0.31693E-01     0.67372E+00     0.10795E+01     0.99917E+00     0.20198E+00     0.33530E+01     0.39192E+01    -0.20123E+00     0.12420E+00     0.10574E+00    -0.63981E-02     0.34193E-01     0.19029E+02     0.71460E+00     0.71086E+01     0.19029E+02
     0.69318E+00     0.32052E-01     0.67522E+00     0.10861E+01     0.10059E+01     0.20526E+00     0.33904E+01     0.39581E+01    -0.20585E+00     0.12685E+00     0.10813E+00    -0.65753E-02     0.34792E-01     0.18905E+02     0.71098E+00     0.71316E+01     0.18906E+02
     0.70648E+00     0.32416E-01     0.67651E+00     0.10927E+01     0.10126E+01     0.20859E+00     0.34282E+01     0.39973E+01    -0.21058E+00     0.12956E+00     0.11059E+00    -0.67578E-02     0.35400E-01     0.18782E+02     0.70735E+00     0.71549E+01     0.18783E+02
     0.71982E+00     0.32783E-01     0.67795E+00     0.10993E+01     0.10193E+01     0.21198E+00     0.34660E+01     0.40367E+01    -0.21541E+00     0.13232E+00     0.11309E+00    -0.69452E-02     0.36016E-01     0.18658E+02     0.70369E+00     0.71783E+01     0.18659E+02
     0.73321E+00     0.33152E-01     0.67971E+00     0.11058E+01     0.10259E+01     0.21542E+00     0.35040E+01     0.40762E+01    -0.22031E+00     0.13512E+00     0.11562E+00    -0.71373E-02     0.36637E-01     0.18534E+02     0.70000E+00     0.72021E+01     0.18536E+02
     0.74665E+00     0.33522E-01     0.68173E+00     0.11122E+01     0.10324E+01     0.21890E+00     0.35414E+01     0.41157E+01    -0.22527E+00     0.13795E+00     0.11817E+00    -0.73335E-02     0.37259E-01     0.18410E+02     0.69630E+00     0.72260E+01     0.18412E+02
     0.76012E+00     0.33892E-01     0.68355E+00     0.11185E+01     0.10387E+01     0.22242E+00     0.35789E+01     0.41549E+01    -0.23028E+00     0.14081E+00     0.12075E+00    -0.75336E-02     0.37881E-01     0.18287E+02     0.69257E+00     0.72503E+01     0.18289E+02
     0.77363E+00     0.34260E-01     0.68542E+00     0.11245E+01     0.10449E+01     0.22597E+00     0.36161E+01     0.41938E+01    -0.23532E+00     0.14367E+00     0.12333E+00    -0.77367E-02     0.38499E-01     0.18162E+02     0.68883E+00     0.72748E+01     0.18165E+02
     0.78717E+00     0.34623E-01     0.68730E+00     0.11303E+01     0.10507E+01     0.22951E+00     0.36525E+01     0.42318E+01    -0.24035E+00     0.14651E+00     0.12590E+00    -0.79414E-02     0.39106E-01     0.18038E+02     0.68506E+00     0.72995E+01     0.18041E+02
     0.80075E+00     0.34981E-01     0.68929E+00     0.11357E+01     0.10563E+01     0.23306E+00     0.36880E+01     0.42691E+01    -0.24534E+00     0.14932E+00     0.12844E+00    -0.81474E-02     0.39700E-01     0.17914E+02     0.68127E+00     0.73245E+01     0.17917E+02
     0.81436E+00     0.35335E-01     0.69096E+00     0.11410E+01     0.10617E+01     0.23662E+00     0.37233E+01     0.43057E+01    -0.25034E+00     0.15213E+00     0.13099E+00    -0.83553E-02     0.40286E-01     0.17790E+02     0.67745E+00     0.73498E+01     0.17793E+02
     0.82800E+00     0.35684E-01     0.69302E+00     0.11459E+01     0.10667E+01     0.24018E+00     0.37576E+01     0.43416E+01    -0.25530E+00     0.15491E+00     0.13351E+00    -0.85648E-02     0.40861E-01     0.17665E+02     0.67362E+00     0.73754E+01     0.17669E+02
     0.84166E+00     0.36031E-01     0.69466E+00     0.11507E+01     0.10717E+01     0.24375E+00     0.37918E+01     0.43770E+01    -0.26029E+00     0.15770E+00     0.13604E+00    -0.87767E-02     0.41429E-01     0.17541E+02     0.66976E+00     0.74012E+01     0.17545E+02
     0.85535E+00     0.36376E-01     0.69652E+00     0.11553E+01     0.10764E+01     0.24736E+00     0.38254E+01     0.44122E+01    -0.26529E+00     0.16048E+00     0.13857E+00    -0.89918E-02     0.41993E-01     0.17416E+02     0.66588E+00     0.74273E+01     0.17421E+02
     0.86906E+00     0.36720E-01     0.69888E+00     0.11597E+01     0.10809E+01     0.25099E+00     0.38582E+01     0.44469E+01    -0.27030E+00     0.16328E+00     0.14108E+00    -0.92098E-02     0.42553E-01     0.17292E+02     0.66197E+00     0.74537E+01     0.17297E+02
     0.88279E+00     0.37062E-01     0.70120E+00     0.11640E+01     0.10853E+01     0.25463E+00     0.38906E+01     0.44812E+01    -0.27531E+00     0.16607E+00     0.14360E+00    -0.94304E-02     0.43106E-01     0.17167E+02     0.65804E+00     0.74804E+01     0.17172E+02
     0.89654E+00     0.37400E-01     0.70360E+00     0.11681E+01     0.10895E+01     0.25829E+00     0.39226E+01     0.45150E+01    -0.28032E+00     0.16884E+00     0.14610E+00    -0.96529E-02     0.43651E-01     0.17043E+02     0.65410E+00     0.75073E+01     0.17048E+02
     0.91031E+00     0.37735E-01     0.70598E+00     0.11720E+01     0.10934E+01     0.26195E+00     0.39539E+01     0.45482E+01    -0.28531E+00     0.17161E+00     0.14859E+00    -0.98773E-02     0.44188E-01     0.16918E+02     0.65014E+00     0.75345E+01     0.16924E+02
     0.92408E+00     0.38067E-01     0.70839E+00     0.11757E+01     0.10972E+01     0.26563E+00     0.39848E+01     0.45810E+01    -0.29031E+00     0.17437E+00     0.15107E+00    -0.10104E-01     0.44719E-01     0.16794E+02     0.64616E+00     0.75619E+01     0.16800E+02
     0.93787E+00     0.38399E-01     0.71140E+00     0.11793E+01     0.11008E+01     0.26934E+00     0.40149E+01     0.46136E+01    -0.29532E+00     0.17714E+00     0.15354E+00    -0.10335E-01     0.45246E-01     0.16670E+02     0.64216E+00     0.75896E+01     0.16677E+02
     0.95167E+00     0.38729E-01     0.71427E+00     0.11827E+01     0.11043E+01     0.27306E+00     0.40448E+01     0.46457E+01    -0.30034E+00     0.17991E+00     0.15602E+00    -0.10567E-01     0.45767E-01     0.16546E+02     0.63815E+00     0.76176E+01     0.16553E+02
     0.96547E+00     0.39054E-01     0.71738E+00     0.11859E+01     0.11076E+01     0.27679E+00     0.40739E+01     0.46772E+01    -0.30532E+00     0.18265E+00     0.15846E+00    -0.10802E-01     0.46277E-01     0.16423E+02     0.63413E+00     0.76458E+01     0.16430E+02
     0.97928E+00     0.39374E-01     0.72029E+00     0.11889E+01     0.11106E+01     0.28052E+00     0.41025E+01     0.47080E+01    -0.31026E+00     0.18536E+00     0.16088E+00    -0.11037E-01     0.46774E-01     0.16299E+02     0.63009E+00     0.76742E+01     0.16307E+02
     0.99309E+00     0.39690E-01     0.72377E+00     0.11917E+01     0.11133E+01     0.28424E+00     0.41299E+01     0.47381E+01    -0.31514E+00     0.18803E+00     0.16325E+00    -0.11273E-01     0.47257E-01     0.16176E+02     0.62604E+00     0.77029E+01     0.16185E+02
     0.10069E+01     0.40000E-01     0.72669E+00     0.11942E+01     0.11159E+01     0.28797E+00     0.41570E+01     0.47674E+01    -0.32000E+00     0.19068E+00     0.16561E+00    -0.11510E-01     0.47728E-01     0.16054E+02     0.62197E+00     0.77318E+01     0.16062E+02
     0.10207E+01     0.40306E-01     0.73000E+00     0.11965E+01     0.11182E+01     0.29170E+00     0.41829E+01     0.47960E+01    -0.32478E+00     0.19329E+00     0.16791E+00    -0.11748E-01     0.48184E-01     0.15932E+02     0.61790E+00     0.77609E+01     0.15941E+02
     0.10345E+01     0.40607E-01     0.73337E+00     0.11986E+01     0.11202E+01     0.29542E+00     0.42082E+01     0.48239E+01    -0.32953E+00     0.19587E+00     0.17019E+00    -0.11987E-01     0.48629E-01     0.15810E+02     0.61383E+00     0.77902E+01     0.15819E+02
     0.10483E+01     0.40902E-01     0.73712E+00     0.12004E+01     0.11220E+01     0.29914E+00     0.42323E+01     0.48509E+01    -0.33418E+00     0.19839E+00     0.17241E+00    -0.12226E-01     0.49055E-01     0.15689E+02     0.60975E+00     0.78197E+01     0.15699E+02
     0.10621E+01     0.41186E-01     0.74070E+00     0.12018E+01     0.11234E+01     0.30282E+00     0.42551E+01     0.48765E+01    -0.33869E+00     0.20082E+00     0.17454E+00    -0.12462E-01     0.49453E-01     0.15568E+02     0.60567E+00     0.78493E+01     0.15579E+02
     0.10759E+01     0.41455E-01     0.74388E+00     0.12027E+01     0.11243E+01     0.30642E+00     0.42765E+01     0.49003E+01    -0.34300E+00     0.20312E+00     0.17657E+00    -0.12692E-01     0.49815E-01     0.15449E+02     0.60159E+00     0.78791E+01     0.15459E+02
     0.10897E+01     0.41710E-01     0.74661E+00     0.12032E+01     0.11249E+01     0.30993E+00     0.42966E+01     0.49222E+01    -0.34708E+00     0.20528E+00     0.17848E+00    -0.12917E-01     0.50140E-01     0.15330E+02     0.59751E+00     0.79091E+01     0.15340E+02
     0.11035E+01     0.41953E-01     0.74963E+00     0.12033E+01     0.11250E+01     0.31339E+00     0.43150E+01     0.49427E+01    -0.35098E+00     0.20734E+00     0.18029E+00    -0.13137E-01     0.50436E-01     0.15212E+02     0.59344E+00     0.79391E+01     0.15222E+02
     0.11172E+01     0.42187E-01     0.75266E+00     0.12031E+01     0.11249E+01     0.31680E+00     0.43323E+01     0.49619E+01    -0.35474E+00     0.20930E+00     0.18201E+00    -0.13354E-01     0.50707E-01     0.15094E+02     0.58936E+00     0.79694E+01     0.15105E+02
     0.11309E+01     0.42412E-01     0.75585E+00     0.12026E+01     0.11244E+01     0.32018E+00     0.43485E+01     0.49802E+01    -0.35837E+00     0.21120E+00     0.18367E+00    -0.13568E-01     0.50957E-01     0.14977E+02     0.58528E+00     0.79998E+01     0.14988E+02
     0.11447E+01     0.42634E-01     0.75927E+00     0.12020E+01     0.11238E+01     0.32356E+00     0.43640E+01     0.49979E+01    -0.36194E+00     0.21306E+00     0.18528E+00    -0.13783E-01     0.51197E-01     0.14861E+02     0.58120E+00     0.80304E+01     0.14872E+02
     0.11583E+01     0.42857E-01     0.76320E+00     0.12013E+01     0.11232E+01     0.32697E+00     0.43792E+01     0.50155E+01    -0.36553E+00     0.21492E+00     0.18689E+00    -0.14001E-01     0.51435E-01     0.14745E+02     0.57711E+00     0.80612E+01     0.14756E+02
     0.11720E+01     0.43078E-01     0.76727E+00     0.12006E+01     0.11224E+01     0.33041E+00     0.43937E+01     0.50329E+01    -0.36910E+00     0.21678E+00     0.18847E+00    -0.14221E-01     0.51668E-01     0.14630E+02     0.57303E+00     0.80921E+01     0.14641E+02
     0.11856E+01     0.43296E-01     0.77177E+00     0.11997E+01     0.11214E+01     0.33385E+00     0.44075E+01     0.50498E+01    -0.37260E+00     0.21861E+00     0.19001E+00    -0.14442E-01     0.51891E-01     0.14515E+02     0.56894E+00     0.81233E+01     0.14527E+02
     0.11993E+01     0.43512E-01     0.77559E+00     0.11987E+01     0.11204E+01     0.33731E+00     0.44214E+01     0.50663E+01    -0.37610E+00     0.22042E+00     0.19155E+00    -0.14664E-01     0.52106E-01     0.14401E+02     0.56486E+00     0.81546E+01     0.14413E+02
     0.12128E+01     0.43725E-01     0.77979E+00     0.11976E+01     0.11192E+01     0.34077E+00     0.44343E+01     0.50825E+01    -0.37955E+00     0.22221E+00     0.19305E+00    -0.14887E-01     0.52314E-01     0.14288E+02     0.56077E+00     0.81860E+01     0.14300E+02
     0.12264E+01     0.43936E-01     0.78380E+00     0.11964E+01     0.11180E+01     0.34425E+00     0.44472E+01     0.50984E+01    -0.38299E+00     0.22398E+00     0.19454E+00    -0.15112E-01     0.52515E-01     0.14176E+02     0.55669E+00     0.82177E+01     0.14187E+02
     0.12399E+01     0.44147E-01     0.78797E+00     0.11952E+01     0.11167E+01     0.34774E+00     0.44598E+01     0.51141E+01    -0.38641E+00     0.22574E+00     0.19602E+00    -0.15338E-01     0.52713E-01     0.14064E+02     0.55260E+00     0.82495E+01     0.14076E+02
     0.12534E+01     0.44358E-01     0.79236E+00     0.11940E+01     0.11154E+01     0.35126E+00     0.44722E+01     0.51298E+01    -0.38986E+00     0.22752E+00     0.19750E+00    -0.15568E-01     0.52912E-01     0.13953E+02     0.54852E+00     0.82815E+01     0.13964E+02
     0.12668E+01     0.44571E-01     0.79653E+00     0.11929E+01     0.11141E+01     0.35482E+00     0.44847E+01     0.51457E+01    -0.39335E+00     0.22932E+00     0.19900E+00    -0.15801E-01     0.53115E-01     0.13843E+02     0.54443E+00     0.83137E+01     0.13854E+02
     0.12802E+01     0.44784E-01     0.80122E+00     0.11917E+01     0.11127E+01     0.35841E+00     0.44967E+01     0.51615E+01    -0.39683E+00     0.23113E+00     0.20048E+00    -0.16037E-01     0.53316E-01     0.13733E+02     0.54035E+00     0.83460E+01     0.13744E+02
     0.12935E+01     0.45000E-01     0.80628E+00     0.11905E+01     0.11114E+01     0.36205E+00     0.45085E+01     0.51775E+01    -0.40035E+00     0.23296E+00     0.20197E+00    -0.16278E-01     0.53520E-01     0.13624E+02     0.53627E+00     0.83785E+01     0.13635E+02
     0.13068E+01     0.45218E-01     0.81164E+00     0.11894E+01     0.11100E+01     0.36574E+00     0.45203E+01     0.51937E+01    -0.40393E+00     0.23482E+00     0.20347E+00    -0.16523E-01     0.53730E-01     0.13515E+02     0.53219E+00     0.84112E+01     0.13527E+02
     0.13201E+01     0.45434E-01     0.81722E+00     0.11882E+01     0.11085E+01     0.36944E+00     0.45314E+01     0.52096E+01    -0.40746E+00     0.23667E+00     0.20494E+00    -0.16770E-01     0.53931E-01     0.13408E+02     0.52811E+00     0.84440E+01     0.13419E+02
     0.13333E+01     0.45643E-01     0.82256E+00     0.11868E+01     0.11068E+01     0.37312E+00     0.45418E+01     0.52245E+01    -0.41088E+00     0.23844E+00     0.20635E+00    -0.17015E-01     0.54113E-01     0.13301E+02     0.52404E+00     0.84769E+01     0.13312E+02
     0.13464E+01     0.45844E-01     0.82799E+00     0.11851E+01     0.11050E+01     0.37676E+00     0.45515E+01     0.52385E+01    -0.41416E+00     0.24012E+00     0.20769E+00    -0.17256E-01     0.54275E-01     0.13195E+02     0.51998E+00     0.85100E+01     0.13206E+02
     0.13595E+01     0.46036E-01     0.83332E+00     0.11832E+01     0.11028E+01     0.38035E+00     0.45598E+01     0.52514E+01    -0.41729E+00     0.24172E+00     0.20893E+00    -0.17494E-01     0.54414E-01     0.13090E+02     0.51592E+00     0.85432E+01     0.13100E+02
     0.13725E+01     0.46222E-01     0.83855E+00     0.11811E+01     0.11005E+01     0.38392E+00     0.45677E+01     0.52635E+01    -0.42031E+00     0.24326E+00     0.21013E+00    -0.17730E-01     0.54538E-01     0.12985E+02     0.51185E+00     0.85767E+01     0.12996E+02
     0.13855E+01     0.46403E-01     0.84417E+00     0.11789E+01     0.10980E+01     0.38748E+00     0.45746E+01     0.52749E+01    -0.42323E+00     0.24474E+00     0.21126E+00    -0.17964E-01     0.54646E-01     0.12881E+02     0.50780E+00     0.86102E+01     0.12891E+02
     0.13984E+01     0.46577E-01     0.84964E+00     0.11764E+01     0.10953E+01     0.39101E+00     0.45805E+01     0.52854E+01    -0.42601E+00     0.24615E+00     0.21231E+00    -0.18195E-01     0.54736E-01     0.12778E+02     0.50374E+00     0.86440E+01     0.12788E+02
     0.14113E+01     0.46743E-01     0.85487E+00     0.11737E+01     0.10924E+01     0.39450E+00     0.45857E+01     0.52950E+01    -0.42868E+00     0.24747E+00     0.21331E+00    -0.18423E-01     0.54806E-01     0.12675E+02     0.49969E+00     0.86779E+01     0.12685E+02
     0.14240E+01     0.46903E-01     0.86039E+00     0.11709E+01     0.10893E+01     0.39797E+00     0.45901E+01     0.53039E+01    -0.43123E+00     0.24874E+00     0.21423E+00    -0.18649E-01     0.54863E-01     0.12573E+02     0.49564E+00     0.87119E+01     0.12583E+02
     0.14368E+01     0.47060E-01     0.86589E+00     0.11680E+01     0.10862E+01     0.40144E+00     0.45941E+01     0.53124E+01    -0.43371E+00     0.24997E+00     0.21512E+00    -0.18874E-01     0.54909E-01     0.12472E+02     0.49158E+00     0.87462E+01     0.12481E+02
     0.14494E+01     0.47213E-01     0.87142E+00     0.11650E+01     0.10829E+01     0.40491E+00     0.45973E+01     0.53203E+01    -0.43613E+00     0.25116E+00     0.21597E+00    -0.19099E-01     0.54945E-01     0.12371E+02     0.48753E+00     0.87807E+01     0.12380E+02
     0.14620E+01     0.47364E-01     0.87737E+00     0.11619E+01     0.10795E+01     0.40838E+00     0.46000E+01     0.53278E+01    -0.43847E+00     0.25231E+00     0.21676E+00    -0.19324E-01     0.54972E-01     0.12271E+02     0.48348E+00     0.88153E+01     0.12279E+02
     0.14744E+01     0.47509E-01     0.88303E+00     0.11586E+01     0.10760E+01     0.41183E+00     0.46020E+01     0.53347E+01    -0.44072E+00     0.25341E+00     0.21751E+00    -0.19547E-01     0.54986E-01     0.12172E+02     0.47943E+00     0.88502E+01     0.12179E+02
     0.14869E+01     0.47649E-01     0.88828E+00     0.11552E+01     0.10724E+01     0.41528E+00     0.46039E+01     0.53410E+01    -0.44291E+00     0.25446E+00     0.21824E+00    -0.19769E-01     0.54987E-01     0.12073E+02     0.47537E+00     0.88852E+01     0.12080E+02
     0.14992E+01     0.47786E-01     0.89379E+00     0.11518E+01     0.10686E+01     0.41872E+00     0.46047E+01     0.53468E+01    -0.44499E+00     0.25547E+00     0.21889E+00    -0.19990E-01     0.54978E-01     0.11974E+02     0.47132E+00     0.89205E+01     0.11981E+02
     0.15114E+01     0.47923E-01     0.89906E+00     0.11483E+01     0.10649E+01     0.42220E+00     0.46058E+01     0.53527E+01    -0.44711E+00     0.25648E+00     0.21956E+00    -0.20214E-01     0.54970E-01     0.11876E+02     0.46726E+00     0.89559E+01     0.11883E+02
     0.15236E+01     0.48065E-01     0.90511E+00     0.11449E+01     0.10612E+01     0.42574E+00     0.46066E+01     0.53588E+01    -0.44927E+00     0.25754E+00     0.22023E+00    -0.20444E-01     0.54968E-01     0.11779E+02     0.46320E+00     0.89917E+01     0.11785E+02
     0.15357E+01     0.48206E-01     0.91123E+00     0.11414E+01     0.10574E+01     0.42933E+00     0.46069E+01     0.53649E+01    -0.45141E+00     0.25858E+00     0.22089E+00    -0.20676E-01     0.54964E-01     0.11682E+02     0.45914E+00     0.90276E+01     0.11688E+02
     0.15477E+01     0.48342E-01     0.91689E+00     0.11378E+01     0.10535E+01     0.43290E+00     0.46068E+01     0.53702E+01    -0.45347E+00     0.25957E+00     0.22150E+00    -0.20907E-01     0.54945E-01     0.11586E+02     0.45507E+00     0.90637E+01     0.11591E+02
     0.15596E+01     0.48471E-01     0.92277E+00     0.11341E+01     0.10493E+01     0.43645E+00     0.46059E+01     0.53748E+01    -0.45539E+00     0.26049E+00     0.22203E+00    -0.21135E-01     0.54908E-01     0.11490E+02     0.45101E+00     0.91001E+01     0.11494E+02
     0.15714E+01     0.48593E-01     0.92872E+00     0.11301E+01     0.10450E+01     0.43997E+00     0.46039E+01     0.53784E+01    -0.45715E+00     0.26132E+00     0.22248E+00    -0.21358E-01     0.54853E-01     0.11395E+02     0.44693E+00     0.91368E+01     0.11398E+02
     0.15831E+01     0.48708E-01     0.93450E+00     0.11259E+01     0.10406E+01     0.44346E+00     0.46014E+01     0.53812E+01    -0.45881E+00     0.26207E+00     0.22288E+00    -0.21579E-01     0.54781E-01     0.11300E+02     0.44285E+00     0.91737E+01     0.11303E+02
     0.15947E+01     0.48816E-01     0.94040E+00     0.11216E+01     0.10360E+01     0.44692E+00     0.45978E+01     0.53831E+01    -0.46030E+00     0.26275E+00     0.22319E+00    -0.21795E-01     0.54691E-01     0.11206E+02     0.43876E+00     0.92109E+01     0.11208E+02
     0.16062E+01     0.48915E-01     0.94665E+00     0.11171E+01     0.10311E+01     0.45032E+00     0.45932E+01     0.53840E+01    -0.46161E+00     0.26332E+00     0.22340E+00    -0.22005E-01     0.54579E-01     0.11111E+02     0.43466E+00     0.92485E+01     0.11113E+02
     0.16176E+01     0.49005E-01     0.95255E+00     0.11123E+01     0.10260E+01     0.45367E+00     0.45876E+01     0.53838E+01    -0.46275E+00     0.26380E+00     0.22353E+00    -0.22210E-01     0.54447E-01     0.11018E+02     0.43054E+00     0.92863E+01     0.11018E+02
     0.16290E+01     0.49092E-01     0.95859E+00     0.11075E+01     0.10209E+01     0.45702E+00     0.45814E+01     0.53832E+01    -0.46380E+00     0.26423E+00     0.22360E+00    -0.22414E-01     0.54305E-01     0.10924E+02     0.42641E+00     0.93245E+01     0.10924E+02
     0.16402E+01     0.49179E-01     0.96495E+00     0.11026E+01     0.10157E+01     0.46044E+00     0.45748E+01     0.53826E+01    -0.46486E+00     0.26468E+00     0.22367E+00    -0.22621E-01     0.54163E-01     0.10830E+02     0.42226E+00     0.93632E+01     0.10829E+02
     0.16512E+01     0.49270E-01     0.97149E+00     0.10978E+01     0.10104E+01     0.46393E+00     0.45681E+01     0.53822E+01    -0.46596E+00     0.26515E+00     0.22374E+00    -0.22835E-01     0.54025E-01     0.10737E+02     0.41809E+00     0.94022E+01     0.10735E+02
     0.16622E+01     0.49362E-01     0.97870E+00     0.10929E+01     0.10051E+01     0.46748E+00     0.45609E+01     0.53817E+01    -0.46703E+00     0.26561E+00     0.22378E+00    -0.23052E-01     0.53884E-01     0.10644E+02     0.41391E+00     0.94416E+01     0.10641E+02
     0.16731E+01     0.49451E-01     0.98543E+00     0.10879E+01     0.99976E+00     0.47107E+00     0.45536E+01     0.53809E+01    -0.46808E+00     0.26605E+00     0.22381E+00    -0.23271E-01     0.53735E-01     0.10551E+02     0.40970E+00     0.94815E+01     0.10547E+02
     0.16839E+01     0.49539E-01     0.99230E+00     0.10829E+01     0.99429E+00     0.47469E+00     0.45457E+01     0.53797E+01    -0.46908E+00     0.26647E+00     0.22380E+00    -0.23492E-01     0.53580E-01     0.10458E+02     0.40547E+00     0.95218E+01     0.10454E+02
     0.16945E+01     0.49627E-01     0.99907E+00     0.10777E+01     0.98878E+00     0.47836E+00     0.45376E+01     0.53785E+01    -0.47006E+00     0.26688E+00     0.22379E+00    -0.23715E-01     0.53421E-01     0.10365E+02     0.40121E+00     0.95626E+01     0.10360E+02
     0.17050E+01     0.49715E-01     0.10064E+01     0.10726E+01     0.98318E+00     0.48209E+00     0.45292E+01     0.53770E+01    -0.47102E+00     0.26728E+00     0.22375E+00    -0.23942E-01     0.53259E-01     0.10272E+02     0.39692E+00     0.96041E+01     0.10266E+02
     0.17154E+01     0.49805E-01     0.10139E+01     0.10674E+01     0.97754E+00     0.48591E+00     0.45204E+01     0.53757E+01    -0.47200E+00     0.26770E+00     0.22370E+00    -0.24175E-01     0.53098E-01     0.10179E+02     0.39259E+00     0.96461E+01     0.10172E+02
     0.17257E+01     0.49899E-01     0.10215E+01     0.10623E+01     0.97192E+00     0.48982E+00     0.45118E+01     0.53746E+01    -0.47305E+00     0.26815E+00     0.22369E+00    -0.24416E-01     0.52941E-01     0.10086E+02     0.38823E+00     0.96887E+01     0.10077E+02
     0.17358E+01     0.49998E-01     0.10295E+01     0.10571E+01     0.96628E+00     0.49385E+00     0.45031E+01     0.53739E+01    -0.47415E+00     0.26864E+00     0.22368E+00    -0.24666E-01     0.52789E-01     0.99930E+01     0.38383E+00     0.97320E+01     0.99830E+01
     0.17458E+01     0.50100E-01     0.10375E+01     0.10520E+01     0.96065E+00     0.49799E+00     0.44945E+01     0.53734E+01    -0.47532E+00     0.26917E+00     0.22369E+00    -0.24924E-01     0.52641E-01     0.98995E+01     0.37939E+00     0.97759E+01     0.98882E+01
     0.17557E+01     0.50209E-01     0.10461E+01     0.10469E+01     0.95500E+00     0.50227E+00     0.44857E+01     0.53733E+01    -0.47656E+00     0.26975E+00     0.22372E+00    -0.25192E-01     0.52499E-01     0.98057E+01     0.37491E+00     0.98206E+01     0.97931E+01
     0.17655E+01     0.50323E-01     0.10546E+01     0.10418E+01     0.94935E+00     0.50670E+00     0.44771E+01     0.53736E+01    -0.47789E+00     0.27037E+00     0.22379E+00    -0.25472E-01     0.52363E-01     0.97116E+01     0.37037E+00     0.98661E+01     0.96975E+01
     0.17751E+01     0.50441E-01     0.10631E+01     0.10367E+01     0.94367E+00     0.51126E+00     0.44686E+01     0.53740E+01    -0.47929E+00     0.27103E+00     0.22387E+00    -0.25761E-01     0.52228E-01     0.96169E+01     0.36578E+00     0.99125E+01     0.96013E+01
     0.17845E+01     0.50564E-01     0.10718E+01     0.10316E+01     0.93793E+00     0.51597E+00     0.44598E+01     0.53747E+01    -0.48073E+00     0.27172E+00     0.22397E+00    -0.26061E-01     0.52095E-01     0.95216E+01     0.36112E+00     0.99599E+01     0.95044E+01
     0.17939E+01     0.50690E-01     0.10804E+01     0.10264E+01     0.93211E+00     0.52082E+00     0.44509E+01     0.53754E+01    -0.48223E+00     0.27244E+00     0.22407E+00    -0.26372E-01     0.51961E-01     0.94254E+01     0.35638E+00     0.10008E+02     0.94065E+01
     0.18031E+01     0.50821E-01     0.10890E+01     0.10211E+01     0.92623E+00     0.52584E+00     0.44421E+01     0.53763E+01    -0.48379E+00     0.27319E+00     0.22419E+00    -0.26695E-01     0.51828E-01     0.93281E+01     0.35155E+00     0.10058E+02     0.93074E+01
     0.18121E+01     0.50956E-01     0.10983E+01     0.10158E+01     0.92022E+00     0.53104E+00     0.44325E+01     0.53773E+01    -0.48538E+00     0.27396E+00     0.22430E+00    -0.27030E-01     0.51693E-01     0.92294E+01     0.34661E+00     0.10110E+02     0.92069E+01
     0.18210E+01     0.51094E-01     0.11080E+01     0.10103E+01     0.91402E+00     0.53641E+00     0.44223E+01     0.53782E+01    -0.48697E+00     0.27475E+00     0.22438E+00    -0.27378E-01     0.51554E-01     0.91291E+01     0.34155E+00     0.10162E+02     0.91047E+01
     0.18298E+01     0.51233E-01     0.11173E+01     0.10047E+01     0.90772E+00     0.54195E+00     0.44122E+01     0.53789E+01    -0.48860E+00     0.27553E+00     0.22448E+00    -0.27736E-01     0.51406E-01     0.90269E+01     0.33635E+00     0.10217E+02     0.90007E+01
     0.18384E+01     0.51371E-01     0.11275E+01     0.99880E+00     0.90108E+00     0.54766E+00     0.44004E+01     0.53789E+01    -0.49012E+00     0.27628E+00     0.22448E+00    -0.28103E-01     0.51242E-01     0.89224E+01     0.33099E+00     0.10274E+02     0.88945E+01
     0.18468E+01     0.51503E-01     0.11374E+01     0.99254E+00     0.89408E+00     0.55349E+00     0.43875E+01     0.53777E+01    -0.49149E+00     0.27693E+00     0.22439E+00    -0.28475E-01     0.51051E-01     0.88153E+01     0.32544E+00     0.10334E+02     0.87855E+01
     0.18551E+01     0.51623E-01     0.11478E+01     0.98576E+00     0.88652E+00     0.55940E+00     0.43719E+01     0.53747E+01    -0.49254E+00     0.27742E+00     0.22411E+00    -0.28846E-01     0.50820E-01     0.87052E+01     0.31969E+00     0.10396E+02     0.86736E+01
     0.18633E+01     0.51725E-01     0.11576E+01     0.97834E+00     0.87842E+00     0.56536E+00     0.43546E+01     0.53693E+01    -0.49325E+00     0.27768E+00     0.22367E+00    -0.29211E-01     0.50537E-01     0.85917E+01     0.31371E+00     0.10461E+02     0.85585E+01
     0.18713E+01     0.51801E-01     0.11674E+01     0.97010E+00     0.86951E+00     0.57131E+00     0.43337E+01     0.53604E+01    -0.49339E+00     0.27764E+00     0.22292E+00    -0.29562E-01     0.50185E-01     0.84743E+01     0.30746E+00     0.10530E+02     0.84398E+01
     0.18791E+01     0.51842E-01     0.11764E+01     0.96080E+00     0.85966E+00     0.57715E+00     0.43090E+01     0.53470E+01    -0.49280E+00     0.27716E+00     0.22183E+00    -0.29888E-01     0.49742E-01     0.83523E+01     0.30090E+00     0.10602E+02     0.83166E+01
     0.18867E+01     0.51832E-01     0.11849E+01     0.95018E+00     0.84857E+00     0.58275E+00     0.42788E+01     0.53276E+01    -0.49119E+00     0.27610E+00     0.22023E+00    -0.30172E-01     0.49184E-01     0.82252E+01     0.29399E+00     0.10680E+02     0.81885E+01
     0.18942E+01     0.51760E-01     0.11927E+01     0.93801E+00     0.83603E+00     0.58800E+00     0.42418E+01     0.53010E+01    -0.48831E+00     0.27434E+00     0.21802E+00    -0.30402E-01     0.48486E-01     0.80922E+01     0.28668E+00     0.10762E+02     0.80550E+01
     0.19015E+01     0.51611E-01     0.11986E+01     0.92400E+00     0.82190E+00     0.59275E+00     0.41980E+01     0.52654E+01    -0.48398E+00     0.27172E+00     0.21515E+00    -0.30559E-01     0.47624E-01     0.79527E+01     0.27892E+00     0.10851E+02     0.79156E+01
     0.19087E+01     0.51368E-01     0.12027E+01     0.90784E+00     0.80590E+00     0.59683E+00     0.41456E+01     0.52192E+01    -0.47787E+00     0.26806E+00     0.21145E+00    -0.30625E-01     0.46572E-01     0.78058E+01     0.27065E+00     0.10946E+02     0.77697E+01
     0.19157E+01     0.51010E-01     0.12045E+01     0.88915E+00     0.78764E+00     0.60002E+00     0.40826E+01     0.51602E+01    -0.46960E+00     0.26318E+00     0.20678E+00    -0.30574E-01     0.45295E-01     0.76506E+01     0.26179E+00     0.11050E+02     0.76162E+01
     0.19225E+01     0.50507E-01     0.12034E+01     0.86748E+00     0.76678E+00     0.60201E+00     0.40072E+01     0.50855E+01    -0.45875E+00     0.25682E+00     0.20094E+00    -0.30374E-01     0.43756E-01     0.74862E+01     0.25226E+00     0.11163E+02     0.74545E+01
     0.19291E+01     0.49826E-01     0.11988E+01     0.84227E+00     0.74284E+00     0.60238E+00     0.39166E+01     0.49916E+01    -0.44477E+00     0.24868E+00     0.19373E+00    -0.29984E-01     0.41912E-01     0.73116E+01     0.24199E+00     0.11286E+02     0.72837E+01
     0.19355E+01     0.48924E-01     0.11891E+01     0.81287E+00     0.71536E+00     0.60059E+00     0.38085E+01     0.48743E+01    -0.42712E+00     0.23844E+00     0.18493E+00    -0.29353E-01     0.39717E-01     0.71258E+01     0.23087E+00     0.11422E+02     0.71035E+01
     0.19418E+01     0.47745E-01     0.11719E+01     0.77855E+00     0.68384E+00     0.59594E+00     0.36805E+01     0.47285E+01    -0.40523E+00     0.22573E+00     0.17435E+00    -0.28425E-01     0.37124E-01     0.69281E+01     0.21880E+00     0.11572E+02     0.69134E+01
     0.19479E+01     0.46224E-01     0.11455E+01     0.73845E+00     0.64758E+00     0.58751E+00     0.35285E+01     0.45480E+01    -0.37841E+00     0.21020E+00     0.16174E+00    -0.27131E-01     0.34092E-01     0.67177E+01     0.20569E+00     0.11738E+02     0.67128E+01
     0.19537E+01     0.44284E-01     0.11064E+01     0.69169E+00     0.60603E+00     0.57414E+00     0.33492E+01     0.43259E+01    -0.34616E+00     0.19154E+00     0.14698E+00    -0.25402E-01     0.30594E-01     0.64943E+01     0.19145E+00     0.11921E+02     0.65018E+01
     0.19594E+01     0.41842E-01     0.10510E+01     0.63745E+00     0.55869E+00     0.55448E+00     0.31400E+01     0.40548E+01    -0.30827E+00     0.16964E+00     0.13006E+00    -0.23180E-01     0.26642E-01     0.62579E+01     0.17600E+00     0.12125E+02     0.62807E+01
     0.19650E+01     0.38815E-01     0.97598E+00     0.57518E+00     0.50520E+00     0.52700E+00     0.28975E+01     0.37282E+01    -0.26499E+00     0.14470E+00     0.11117E+00    -0.20439E-01     0.22302E-01     0.60093E+01     0.15929E+00     0.12351E+02     0.60505E+01
     0.19703E+01     0.35142E-01     0.87758E+00     0.50487E+00     0.44577E+00     0.49015E+00     0.26221E+01     0.33421E+01    -0.21749E+00     0.11743E+00     0.90893E-01    -0.17212E-01     0.17725E-01     0.57502E+01     0.14133E+00     0.12600E+02     0.58127E+01
     0.19754E+01     0.30798E-01     0.75488E+00     0.42736E+00     0.38118E+00     0.44274E+00     0.23156E+01     0.28962E+01    -0.16798E+00     0.89190E-01     0.70143E-01    -0.13627E-01     0.13150E-01     0.54829E+01     0.12215E+00     0.12874E+02     0.55693E+01
     0.19803E+01     0.25826E-01     0.61254E+00     0.34467E+00     0.31302E+00     0.38393E+00     0.19836E+01     0.23985E+01    -0.11958E+00     0.61940E-01     0.50188E-01    -0.99103E-02     0.88953E-02     0.52106E+01     0.10187E+00     0.13174E+02     0.53236E+01
     0.19850E+01     0.20351E-01     0.46482E+00     0.26005E+00     0.24387E+00     0.31419E+00     0.16364E+01     0.18631E+01    -0.76151E-01     0.37913E-01     0.32439E-01    -0.63918E-02     0.52896E-02     0.49366E+01     0.80605E-01     0.13500E+02     0.50787E+01
     0.19896E+01     0.14569E-01     0.34812E+00     0.17747E+00     0.17656E+00     0.23419E+00     0.12877E+01     0.13137E+01    -0.40982E-01     0.19139E-01     0.18111E-01    -0.34112E-02     0.25848E-02     0.46639E+01     0.58501E-01     0.13851E+02     0.48385E+01
     0.19939E+01     0.86931E-02     0.33145E+00     0.10060E+00     0.11448E+00     0.14650E+00     0.95591E+00     0.76887E+00    -0.16499E-01     0.66837E-02     0.78944E-02    -0.12734E-02     0.87444E-03     0.43949E+01     0.35651E-01     0.14230E+02     0.46064E+01
     0.19980E+01     0.28747E-02     0.45506E+00     0.31525E-01     0.60587E-01     0.51212E-01     0.67250E+00     0.24787E+00    -0.29649E-02     0.71255E-03     0.17797E-02    -0.14721E-03     0.90624E-04     0.41305E+01     0.12078E-01     0.14637E+02     0.43906E+01
