     0.23093E-02     0.20241E-02     0.59041E-02     0.98872E-01     0.98961E-02     0.11790E-03     0.21936E-02     0.39174E-02    -0.43653E-06     0.78103E-05    -0.40650E-05    -0.23438E-06     0.20013E-03     0.30473E+02     0.99203E+00     0.74587E-01     0.20021E+02
     0.70633E-02     0.62477E-02     0.18801E-01     0.29843E+00     0.10188E-01     0.36469E-03     0.69978E-02     0.11869E-01    -0.16107E-05     0.74036E-04    -0.43351E-04    -0.22741E-05     0.18645E-02     0.29688E+02     0.97581E+00     0.75521E-01     0.20011E+02
     0.12087E-01     0.10673E-01     0.32420E-01     0.49830E+00     0.10538E-01     0.63474E-03     0.12332E-01     0.20127E-01    -0.31620E-05     0.21470E-03    -0.13124E-03    -0.67699E-05     0.53180E-02     0.28906E+02     0.95930E+00     0.76490E-01     0.20000E+02
     0.17376E-01     0.15209E-01     0.46476E-01     0.69405E+00     0.10952E-01     0.92267E-03     0.18019E-01     0.28487E-01    -0.51871E-05     0.43316E-03    -0.27363E-03    -0.14028E-04     0.10555E-01     0.28133E+02     0.94262E+00     0.77487E-01     0.19988E+02
     0.22928E-01     0.19704E-01     0.60497E-01     0.87931E+00     0.11432E-01     0.12190E-02     0.23860E-01     0.36663E-01    -0.77434E-05     0.72227E-03    -0.46965E-03    -0.24012E-04     0.17323E-01     0.27378E+02     0.92596E+00     0.78504E-01     0.19976E+02
     0.28739E-01     0.23966E-01     0.73883E-01     0.10470E+01     0.11974E-01     0.15108E-02     0.29594E-01     0.44313E-01    -0.10821E-04     0.10619E-02    -0.70867E-03    -0.36197E-04     0.25088E-01     0.26648E+02     0.90950E+00     0.79526E-01     0.19963E+02
     0.34807E-01     0.27811E-01     0.86045E-01     0.11913E+01     0.12570E-01     0.17842E-02     0.34946E-01     0.51122E-01    -0.14328E-04     0.14216E-02    -0.97124E-03    -0.49605E-04     0.33122E-01     0.25953E+02     0.89350E+00     0.80539E-01     0.19949E+02
     0.41127E-01     0.31101E-01     0.96525E-01     0.13083E+01     0.13204E-01     0.20275E-02     0.39687E-01     0.56862E-01    -0.18103E-04     0.17683E-02    -0.12336E-02    -0.63038E-04     0.40678E-01     0.25300E+02     0.87819E+00     0.81526E-01     0.19934E+02
     0.47696E-01     0.33763E-01     0.10507E+00     0.13972E+01     0.13862E-01     0.22331E-02     0.43669E-01     0.61425E-01    -0.21946E-04     0.20737E-02    -0.14735E-02    -0.75373E-04     0.47157E-01     0.24696E+02     0.86375E+00     0.82471E-01     0.19918E+02
     0.54512E-01     0.35786E-01     0.11162E+00     0.14591E+01     0.14523E-01     0.23980E-02     0.46831E-01     0.64816E-01    -0.25656E-04     0.23193E-02    -0.16750E-02    -0.85785E-04     0.52199E-01     0.24145E+02     0.85035E+00     0.83362E-01     0.19902E+02
     0.61570E-01     0.37210E-01     0.11629E+00     0.14972E+01     0.15174E-01     0.25226E-02     0.49193E-01     0.67126E-01    -0.29063E-04     0.24976E-02    -0.18295E-02    -0.93836E-04     0.55692E-01     0.23647E+02     0.83806E+00     0.84190E-01     0.19885E+02
     0.68868E-01     0.38106E-01     0.11929E+00     0.15152E+01     0.15799E-01     0.26105E-02     0.50821E-01     0.68496E-01    -0.32045E-04     0.26099E-02    -0.19357E-02    -0.99442E-04     0.57717E-01     0.23201E+02     0.82692E+00     0.84949E-01     0.19867E+02
     0.76401E-01     0.38559E-01     0.12088E+00     0.15170E+01     0.16388E-01     0.26663E-02     0.51816E-01     0.69088E-01    -0.34538E-04     0.26638E-02    -0.19970E-02    -0.10277E-03     0.58472E-01     0.22805E+02     0.81689E+00     0.85640E-01     0.19849E+02
     0.84168E-01     0.38655E-01     0.12132E+00     0.15063E+01     0.16936E-01     0.26953E-02     0.52282E-01     0.69058E-01    -0.36525E-04     0.26692E-02    -0.20200E-02    -0.10415E-03     0.58202E-01     0.22455E+02     0.80792E+00     0.86263E-01     0.19829E+02
     0.92164E-01     0.38471E-01     0.12085E+00     0.14863E+01     0.17437E-01     0.27026E-02     0.52324E-01     0.68549E-01    -0.38023E-04     0.26369E-02    -0.20120E-02    -0.10394E-03     0.57155E-01     0.22145E+02     0.79992E+00     0.86824E-01     0.19810E+02
     0.10039E+00     0.38075E-01     0.11969E+00     0.14596E+01     0.17892E-01     0.26930E-02     0.52034E-01     0.67684E-01    -0.39076E-04     0.25768E-02    -0.19802E-02    -0.10250E-03     0.55551E-01     0.21872E+02     0.79280E+00     0.87326E-01     0.19789E+02
     0.10883E+00     0.37523E-01     0.11803E+00     0.14283E+01     0.18301E-01     0.26703E-02     0.51491E-01     0.66561E-01    -0.39739E-04     0.24974E-02    -0.19312E-02    -0.10016E-03     0.53575E-01     0.21630E+02     0.78646E+00     0.87777E-01     0.19768E+02
     0.11749E+00     0.36863E-01     0.11600E+00     0.13942E+01     0.18665E-01     0.26379E-02     0.50763E-01     0.65262E-01    -0.40073E-04     0.24055E-02    -0.18704E-02    -0.97209E-04     0.51375E-01     0.21415E+02     0.78080E+00     0.88181E-01     0.19746E+02
     0.12637E+00     0.36130E-01     0.11373E+00     0.13585E+01     0.18990E-01     0.25987E-02     0.49904E-01     0.63849E-01    -0.40138E-04     0.23067E-02    -0.18022E-02    -0.93860E-04     0.49062E-01     0.21225E+02     0.77574E+00     0.88545E-01     0.19724E+02
     0.13547E+00     0.35354E-01     0.11131E+00     0.13221E+01     0.19278E-01     0.25549E-02     0.48958E-01     0.62375E-01    -0.39992E-04     0.22050E-02    -0.17300E-02    -0.90294E-04     0.46723E-01     0.21054E+02     0.77118E+00     0.88873E-01     0.19700E+02
     0.14477E+00     0.34558E-01     0.10881E+00     0.12858E+01     0.19534E-01     0.25082E-02     0.47961E-01     0.60876E-01    -0.39683E-04     0.21035E-02    -0.16566E-02    -0.86648E-04     0.44416E-01     0.20901E+02     0.76707E+00     0.89171E-01     0.19677E+02
     0.15428E+00     0.33758E-01     0.10630E+00     0.12501E+01     0.19762E-01     0.24602E-02     0.46941E-01     0.59382E-01    -0.39256E-04     0.20044E-02    -0.15838E-02    -0.83021E-04     0.42185E-01     0.20763E+02     0.76335E+00     0.89442E-01     0.19653E+02
     0.16399E+00     0.32967E-01     0.10381E+00     0.12155E+01     0.19967E-01     0.24117E-02     0.45916E-01     0.57913E-01    -0.38746E-04     0.19091E-02    -0.15129E-02    -0.79481E-04     0.40055E-01     0.20637E+02     0.75994E+00     0.89690E-01     0.19628E+02
     0.17390E+00     0.32195E-01     0.10136E+00     0.11820E+01     0.20151E-01     0.23637E-02     0.44903E-01     0.56484E-01    -0.38183E-04     0.18183E-02    -0.14449E-02    -0.76074E-04     0.38041E-01     0.20522E+02     0.75682E+00     0.89919E-01     0.19602E+02
     0.18401E+00     0.31448E-01     0.98996E-01     0.11500E+01     0.20320E-01     0.23168E-02     0.43913E-01     0.55106E-01    -0.37591E-04     0.17328E-02    -0.13802E-02    -0.72831E-04     0.36152E-01     0.20416E+02     0.75394E+00     0.90130E-01     0.19577E+02
     0.19431E+00     0.30730E-01     0.96716E-01     0.11195E+01     0.20475E-01     0.22713E-02     0.42954E-01     0.53786E-01    -0.36988E-04     0.16527E-02    -0.13192E-02    -0.69771E-04     0.34390E-01     0.20318E+02     0.75126E+00     0.90328E-01     0.19550E+02
     0.20480E+00     0.30045E-01     0.94538E-01     0.10906E+01     0.20620E-01     0.22276E-02     0.42033E-01     0.52529E-01    -0.36392E-04     0.15781E-02    -0.12621E-02    -0.66904E-04     0.32757E-01     0.20227E+02     0.74876E+00     0.90512E-01     0.19523E+02
     0.21547E+00     0.29396E-01     0.92469E-01     0.10634E+01     0.20759E-01     0.21860E-02     0.41154E-01     0.51339E-01    -0.35814E-04     0.15090E-02    -0.12090E-02    -0.64236E-04     0.31248E-01     0.20142E+02     0.74641E+00     0.90686E-01     0.19496E+02
     0.22633E+00     0.28783E-01     0.90511E-01     0.10377E+01     0.20892E-01     0.21466E-02     0.40320E-01     0.50216E-01    -0.35265E-04     0.14452E-02    -0.11597E-02    -0.61762E-04     0.29857E-01     0.20062E+02     0.74420E+00     0.90851E-01     0.19468E+02
     0.23737E+00     0.28206E-01     0.88665E-01     0.10136E+01     0.21023E-01     0.21095E-02     0.39530E-01     0.49160E-01    -0.34753E-04     0.13864E-02    -0.11142E-02    -0.59477E-04     0.28580E-01     0.19986E+02     0.74210E+00     0.91007E-01     0.19439E+02
     0.24859E+00     0.27665E-01     0.86933E-01     0.99106E+00     0.21153E-01     0.20747E-02     0.38787E-01     0.48171E-01    -0.34282E-04     0.13325E-02    -0.10722E-02    -0.57375E-04     0.27408E-01     0.19914E+02     0.74009E+00     0.91157E-01     0.19410E+02
     0.25997E+00     0.27161E-01     0.85314E-01     0.97003E+00     0.21283E-01     0.20423E-02     0.38092E-01     0.47248E-01    -0.33856E-04     0.12832E-02    -0.10338E-02    -0.55451E-04     0.26338E-01     0.19845E+02     0.73817E+00     0.91301E-01     0.19381E+02
     0.27153E+00     0.26695E-01     0.83813E-01     0.95052E+00     0.21417E-01     0.20125E-02     0.37446E-01     0.46394E-01    -0.33481E-04     0.12383E-02    -0.99876E-03    -0.53702E-04     0.25365E-01     0.19779E+02     0.73632E+00     0.91440E-01     0.19351E+02
     0.28325E+00     0.26266E-01     0.82430E-01     0.93252E+00     0.21553E-01     0.19852E-02     0.36850E-01     0.45607E-01    -0.33160E-04     0.11978E-02    -0.96705E-03    -0.52124E-04     0.24485E-01     0.19715E+02     0.73454E+00     0.91574E-01     0.19321E+02
     0.29514E+00     0.25875E-01     0.81164E-01     0.91600E+00     0.21695E-01     0.19605E-02     0.36304E-01     0.44888E-01    -0.32894E-04     0.11613E-02    -0.93850E-03    -0.50710E-04     0.23693E-01     0.19654E+02     0.73281E+00     0.91705E-01     0.19290E+02
     0.30719E+00     0.25520E-01     0.80010E-01     0.90088E+00     0.21843E-01     0.19384E-02     0.35806E-01     0.44232E-01    -0.32683E-04     0.11286E-02    -0.91289E-03    -0.49448E-04     0.22982E-01     0.19595E+02     0.73113E+00     0.91832E-01     0.19259E+02
     0.31939E+00     0.25199E-01     0.78963E-01     0.88705E+00     0.21996E-01     0.19186E-02     0.35354E-01     0.43637E-01    -0.32526E-04     0.10994E-02    -0.88998E-03    -0.48327E-04     0.22344E-01     0.19537E+02     0.72950E+00     0.91956E-01     0.19227E+02
     0.33174E+00     0.24909E-01     0.78013E-01     0.87443E+00     0.22157E-01     0.19011E-02     0.34944E-01     0.43097E-01    -0.32419E-04     0.10733E-02    -0.86950E-03    -0.47334E-04     0.21772E-01     0.19481E+02     0.72790E+00     0.92078E-01     0.19195E+02
     0.34425E+00     0.24647E-01     0.77153E-01     0.86291E+00     0.22325E-01     0.18856E-02     0.34574E-01     0.42609E-01    -0.32360E-04     0.10500E-02    -0.85122E-03    -0.46456E-04     0.21260E-01     0.19426E+02     0.72633E+00     0.92197E-01     0.19163E+02
     0.35690E+00     0.24414E-01     0.76381E-01     0.85244E+00     0.22500E-01     0.18721E-02     0.34242E-01     0.42170E-01    -0.32348E-04     0.10294E-02    -0.83503E-03    -0.45687E-04     0.20803E-01     0.19372E+02     0.72479E+00     0.92315E-01     0.19130E+02
     0.36969E+00     0.24209E-01     0.75699E-01     0.84303E+00     0.22684E-01     0.18608E-02     0.33948E-01     0.41781E-01    -0.32383E-04     0.10113E-02    -0.82091E-03    -0.45029E-04     0.20401E-01     0.19319E+02     0.72328E+00     0.92431E-01     0.19096E+02
     0.38262E+00     0.24033E-01     0.75106E-01     0.83467E+00     0.22875E-01     0.18515E-02     0.33695E-01     0.41442E-01    -0.32466E-04     0.99582E-03    -0.80881E-03    -0.44478E-04     0.20052E-01     0.19267E+02     0.72178E+00     0.92546E-01     0.19063E+02
     0.39569E+00     0.23884E-01     0.74598E-01     0.82732E+00     0.23074E-01     0.18442E-02     0.33478E-01     0.41152E-01    -0.32598E-04     0.98271E-03    -0.79861E-03    -0.44029E-04     0.19752E-01     0.19215E+02     0.72030E+00     0.92659E-01     0.19029E+02
     0.40890E+00     0.23760E-01     0.74169E-01     0.82089E+00     0.23282E-01     0.18389E-02     0.33296E-01     0.40905E-01    -0.32778E-04     0.97175E-03    -0.79012E-03    -0.43673E-04     0.19497E-01     0.19165E+02     0.71884E+00     0.92772E-01     0.18994E+02
     0.42223E+00     0.23659E-01     0.73811E-01     0.81531E+00     0.23497E-01     0.18352E-02     0.33146E-01     0.40698E-01    -0.33004E-04     0.96274E-03    -0.78318E-03    -0.43401E-04     0.19282E-01     0.19114E+02     0.71739E+00     0.92884E-01     0.18960E+02
     0.43569E+00     0.23581E-01     0.73522E-01     0.81052E+00     0.23721E-01     0.18332E-02     0.33025E-01     0.40531E-01    -0.33279E-04     0.95558E-03    -0.77771E-03    -0.43209E-04     0.19105E-01     0.19065E+02     0.71595E+00     0.92996E-01     0.18925E+02
     0.44927E+00     0.23525E-01     0.73303E-01     0.80653E+00     0.23952E-01     0.18329E-02     0.32935E-01     0.40402E-01    -0.33601E-04     0.95027E-03    -0.77372E-03    -0.43099E-04     0.18966E-01     0.19015E+02     0.71452E+00     0.93107E-01     0.18889E+02
     0.46297E+00     0.23490E-01     0.73152E-01     0.80332E+00     0.24192E-01     0.18343E-02     0.32876E-01     0.40311E-01    -0.33973E-04     0.94675E-03    -0.77118E-03    -0.43068E-04     0.18863E-01     0.18966E+02     0.71309E+00     0.93218E-01     0.18853E+02
     0.47679E+00     0.23477E-01     0.73067E-01     0.80085E+00     0.24439E-01     0.18373E-02     0.32846E-01     0.40256E-01    -0.34393E-04     0.94495E-03    -0.77003E-03    -0.43116E-04     0.18794E-01     0.18918E+02     0.71167E+00     0.93329E-01     0.18817E+02
     0.49072E+00     0.23486E-01     0.73049E-01     0.79913E+00     0.24693E-01     0.18420E-02     0.32846E-01     0.40239E-01    -0.34863E-04     0.94488E-03    -0.77028E-03    -0.43242E-04     0.18761E-01     0.18869E+02     0.71024E+00     0.93440E-01     0.18781E+02
     0.50476E+00     0.23516E-01     0.73097E-01     0.79814E+00     0.24956E-01     0.18484E-02     0.32875E-01     0.40258E-01    -0.35384E-04     0.94654E-03    -0.77193E-03    -0.43447E-04     0.18761E-01     0.18821E+02     0.70882E+00     0.93551E-01     0.18744E+02
     0.51891E+00     0.23566E-01     0.73207E-01     0.79786E+00     0.25225E-01     0.18564E-02     0.32932E-01     0.40312E-01    -0.35954E-04     0.94983E-03    -0.77490E-03    -0.43728E-04     0.18795E-01     0.18772E+02     0.70740E+00     0.93663E-01     0.18707E+02
     0.53316E+00     0.23635E-01     0.73376E-01     0.79821E+00     0.25502E-01     0.18658E-02     0.33015E-01     0.40399E-01    -0.36574E-04     0.95465E-03    -0.77911E-03    -0.44079E-04     0.18858E-01     0.18724E+02     0.70597E+00     0.93775E-01     0.18670E+02
     0.54751E+00     0.23722E-01     0.73601E-01     0.79919E+00     0.25786E-01     0.18768E-02     0.33123E-01     0.40516E-01    -0.37242E-04     0.96097E-03    -0.78453E-03    -0.44501E-04     0.18951E-01     0.18675E+02     0.70454E+00     0.93888E-01     0.18632E+02
     0.56196E+00     0.23828E-01     0.73882E-01     0.80079E+00     0.26076E-01     0.18891E-02     0.33256E-01     0.40665E-01    -0.37961E-04     0.96879E-03    -0.79116E-03    -0.44994E-04     0.19073E-01     0.18627E+02     0.70311E+00     0.94001E-01     0.18595E+02
     0.57649E+00     0.23951E-01     0.74218E-01     0.80298E+00     0.26373E-01     0.19030E-02     0.33413E-01     0.40844E-01    -0.38729E-04     0.97809E-03    -0.79900E-03    -0.45557E-04     0.19224E-01     0.18579E+02     0.70167E+00     0.94114E-01     0.18556E+02
     0.59112E+00     0.24092E-01     0.74607E-01     0.80576E+00     0.26677E-01     0.19182E-02     0.33594E-01     0.41053E-01    -0.39549E-04     0.98887E-03    -0.80804E-03    -0.46192E-04     0.19404E-01     0.18530E+02     0.70022E+00     0.94229E-01     0.18518E+02
     0.60584E+00     0.24249E-01     0.75047E-01     0.80907E+00     0.26986E-01     0.19348E-02     0.33797E-01     0.41289E-01    -0.40420E-04     0.10011E-02    -0.81823E-03    -0.46896E-04     0.19611E-01     0.18481E+02     0.69876E+00     0.94345E-01     0.18479E+02
     0.62064E+00     0.24421E-01     0.75530E-01     0.81285E+00     0.27301E-01     0.19526E-02     0.34020E-01     0.41550E-01    -0.41343E-04     0.10145E-02    -0.82946E-03    -0.47662E-04     0.19842E-01     0.18432E+02     0.69729E+00     0.94462E-01     0.18441E+02
     0.63552E+00     0.24607E-01     0.76057E-01     0.81708E+00     0.27622E-01     0.19715E-02     0.34263E-01     0.41835E-01    -0.42317E-04     0.10293E-02    -0.84173E-03    -0.48493E-04     0.20098E-01     0.18382E+02     0.69580E+00     0.94581E-01     0.18401E+02
     0.65047E+00     0.24808E-01     0.76628E-01     0.82177E+00     0.27947E-01     0.19918E-02     0.34525E-01     0.42144E-01    -0.43342E-04     0.10453E-02    -0.85508E-03    -0.49389E-04     0.20378E-01     0.18332E+02     0.69430E+00     0.94701E-01     0.18362E+02
     0.66550E+00     0.25022E-01     0.77241E-01     0.82690E+00     0.28277E-01     0.20131E-02     0.34806E-01     0.42476E-01    -0.44415E-04     0.10627E-02    -0.86949E-03    -0.50351E-04     0.20682E-01     0.18281E+02     0.69277E+00     0.94823E-01     0.18322E+02
     0.68060E+00     0.25248E-01     0.77889E-01     0.83239E+00     0.28612E-01     0.20356E-02     0.35104E-01     0.42827E-01    -0.45532E-04     0.10811E-02    -0.88484E-03    -0.51371E-04     0.21007E-01     0.18230E+02     0.69123E+00     0.94947E-01     0.18283E+02
     0.69576E+00     0.25485E-01     0.78567E-01     0.83818E+00     0.28950E-01     0.20588E-02     0.35415E-01     0.43195E-01    -0.46690E-04     0.11006E-02    -0.90101E-03    -0.52445E-04     0.21351E-01     0.18179E+02     0.68967E+00     0.95072E-01     0.18243E+02
     0.71099E+00     0.25729E-01     0.79269E-01     0.84422E+00     0.29291E-01     0.20828E-02     0.35736E-01     0.43576E-01    -0.47885E-04     0.11210E-02    -0.91789E-03    -0.53565E-04     0.21711E-01     0.18127E+02     0.68809E+00     0.95199E-01     0.18202E+02
     0.72628E+00     0.25981E-01     0.79994E-01     0.85050E+00     0.29633E-01     0.21075E-02     0.36067E-01     0.43970E-01    -0.49114E-04     0.11422E-02    -0.93547E-03    -0.54731E-04     0.22087E-01     0.18074E+02     0.68649E+00     0.95328E-01     0.18162E+02
     0.74162E+00     0.26239E-01     0.80737E-01     0.85697E+00     0.29978E-01     0.21328E-02     0.36407E-01     0.44374E-01    -0.50375E-04     0.11641E-02    -0.95367E-03    -0.55938E-04     0.22476E-01     0.18021E+02     0.68488E+00     0.95459E-01     0.18121E+02
     0.75702E+00     0.26501E-01     0.81490E-01     0.86353E+00     0.30323E-01     0.21585E-02     0.36750E-01     0.44784E-01    -0.51658E-04     0.11866E-02    -0.97227E-03    -0.57176E-04     0.22874E-01     0.17967E+02     0.68324E+00     0.95592E-01     0.18081E+02
     0.77247E+00     0.26764E-01     0.82244E-01     0.87011E+00     0.30667E-01     0.21842E-02     0.37094E-01     0.45195E-01    -0.52958E-04     0.12094E-02    -0.99110E-03    -0.58433E-04     0.23277E-01     0.17913E+02     0.68159E+00     0.95726E-01     0.18040E+02
     0.78796E+00     0.27027E-01     0.82998E-01     0.87667E+00     0.31010E-01     0.22101E-02     0.37436E-01     0.45606E-01    -0.54268E-04     0.12324E-02    -0.10101E-02    -0.59706E-04     0.23683E-01     0.17859E+02     0.67992E+00     0.95862E-01     0.17999E+02
     0.80350E+00     0.27289E-01     0.83747E-01     0.88318E+00     0.31350E-01     0.22359E-02     0.37777E-01     0.46015E-01    -0.55585E-04     0.12555E-02    -0.10292E-02    -0.60991E-04     0.24091E-01     0.17804E+02     0.67823E+00     0.95999E-01     0.17957E+02
     0.81907E+00     0.27550E-01     0.84491E-01     0.88961E+00     0.31687E-01     0.22618E-02     0.38116E-01     0.46421E-01    -0.56903E-04     0.12787E-02    -0.10483E-02    -0.62285E-04     0.24498E-01     0.17749E+02     0.67652E+00     0.96139E-01     0.17916E+02
     0.83469E+00     0.27809E-01     0.85228E-01     0.89593E+00     0.32019E-01     0.22875E-02     0.38451E-01     0.46823E-01    -0.58216E-04     0.13019E-02    -0.10674E-02    -0.63585E-04     0.24904E-01     0.17693E+02     0.67480E+00     0.96280E-01     0.17874E+02
     0.85033E+00     0.28064E-01     0.85953E-01     0.90210E+00     0.32346E-01     0.23131E-02     0.38781E-01     0.47218E-01    -0.59519E-04     0.13249E-02    -0.10865E-02    -0.64886E-04     0.25305E-01     0.17636E+02     0.67305E+00     0.96424E-01     0.17833E+02
     0.86601E+00     0.28314E-01     0.86662E-01     0.90807E+00     0.32667E-01     0.23384E-02     0.39105E-01     0.47604E-01    -0.60808E-04     0.13477E-02    -0.11053E-02    -0.66180E-04     0.25700E-01     0.17579E+02     0.67128E+00     0.96569E-01     0.17791E+02
     0.88171E+00     0.28559E-01     0.87352E-01     0.91381E+00     0.32980E-01     0.23633E-02     0.39421E-01     0.47979E-01    -0.62075E-04     0.13700E-02    -0.11239E-02    -0.67462E-04     0.26085E-01     0.17522E+02     0.66949E+00     0.96716E-01     0.17749E+02
     0.89744E+00     0.28796E-01     0.88020E-01     0.91929E+00     0.33286E-01     0.23877E-02     0.39727E-01     0.48342E-01    -0.63317E-04     0.13918E-02    -0.11420E-02    -0.68725E-04     0.26459E-01     0.17464E+02     0.66769E+00     0.96864E-01     0.17707E+02
     0.91319E+00     0.29024E-01     0.88660E-01     0.92444E+00     0.33582E-01     0.24115E-02     0.40020E-01     0.48689E-01    -0.64528E-04     0.14129E-02    -0.11595E-02    -0.69960E-04     0.26819E-01     0.17406E+02     0.66588E+00     0.97014E-01     0.17665E+02
     0.92895E+00     0.29242E-01     0.89268E-01     0.92927E+00     0.33870E-01     0.24345E-02     0.40299E-01     0.49019E-01    -0.65704E-04     0.14332E-02    -0.11764E-02    -0.71160E-04     0.27161E-01     0.17348E+02     0.66406E+00     0.97165E-01     0.17622E+02
     0.94473E+00     0.29452E-01     0.89849E-01     0.93379E+00     0.34147E-01     0.24569E-02     0.40565E-01     0.49334E-01    -0.66844E-04     0.14528E-02    -0.11926E-02    -0.72329E-04     0.27489E-01     0.17289E+02     0.66223E+00     0.97317E-01     0.17580E+02
     0.96051E+00     0.29654E-01     0.90407E-01     0.93805E+00     0.34414E-01     0.24788E-02     0.40821E-01     0.49636E-01    -0.67947E-04     0.14717E-02    -0.12084E-02    -0.73473E-04     0.27804E-01     0.17231E+02     0.66038E+00     0.97471E-01     0.17537E+02
     0.97631E+00     0.29850E-01     0.90943E-01     0.94203E+00     0.34670E-01     0.25002E-02     0.41069E-01     0.49925E-01    -0.69011E-04     0.14900E-02    -0.12237E-02    -0.74595E-04     0.28106E-01     0.17172E+02     0.65853E+00     0.97625E-01     0.17495E+02
     0.99210E+00     0.30036E-01     0.91452E-01     0.94569E+00     0.34915E-01     0.25210E-02     0.41305E-01     0.50198E-01    -0.70033E-04     0.15075E-02    -0.12384E-02    -0.75685E-04     0.28391E-01     0.17113E+02     0.65666E+00     0.97781E-01     0.17452E+02
     0.10079E+01     0.30213E-01     0.91932E-01     0.94902E+00     0.35148E-01     0.25411E-02     0.41529E-01     0.50455E-01    -0.71009E-04     0.15242E-02    -0.12524E-02    -0.76739E-04     0.28658E-01     0.17054E+02     0.65479E+00     0.97938E-01     0.17410E+02
     0.10237E+01     0.30381E-01     0.92386E-01     0.95202E+00     0.35370E-01     0.25606E-02     0.41742E-01     0.50697E-01    -0.71937E-04     0.15400E-02    -0.12658E-02    -0.77759E-04     0.28909E-01     0.16995E+02     0.65291E+00     0.98096E-01     0.17367E+02
     0.10395E+01     0.30541E-01     0.92815E-01     0.95471E+00     0.35580E-01     0.25796E-02     0.41946E-01     0.50924E-01    -0.72819E-04     0.15550E-02    -0.12787E-02    -0.78748E-04     0.29143E-01     0.16935E+02     0.65102E+00     0.98254E-01     0.17324E+02
     0.10553E+01     0.30694E-01     0.93222E-01     0.95711E+00     0.35777E-01     0.25982E-02     0.42140E-01     0.51137E-01    -0.73654E-04     0.15693E-02    -0.12910E-02    -0.79709E-04     0.29362E-01     0.16876E+02     0.64913E+00     0.98414E-01     0.17281E+02
     0.10711E+01     0.30839E-01     0.93608E-01     0.95925E+00     0.35963E-01     0.26162E-02     0.42327E-01     0.51337E-01    -0.74443E-04     0.15829E-02    -0.13028E-02    -0.80643E-04     0.29567E-01     0.16817E+02     0.64723E+00     0.98574E-01     0.17239E+02
     0.10868E+01     0.30979E-01     0.93978E-01     0.96116E+00     0.36137E-01     0.26339E-02     0.42507E-01     0.51527E-01    -0.75190E-04     0.15960E-02    -0.13143E-02    -0.81557E-04     0.29760E-01     0.16758E+02     0.64533E+00     0.98735E-01     0.17196E+02
     0.11026E+01     0.31115E-01     0.94337E-01     0.96293E+00     0.36300E-01     0.26515E-02     0.42684E-01     0.51711E-01    -0.75903E-04     0.16087E-02    -0.13255E-02    -0.82460E-04     0.29945E-01     0.16698E+02     0.64342E+00     0.98897E-01     0.17153E+02
     0.11183E+01     0.31249E-01     0.94691E-01     0.96459E+00     0.36451E-01     0.26690E-02     0.42859E-01     0.51890E-01    -0.76585E-04     0.16213E-02    -0.13366E-02    -0.83362E-04     0.30126E-01     0.16639E+02     0.64152E+00     0.99059E-01     0.17110E+02
     0.11340E+01     0.31382E-01     0.95043E-01     0.96618E+00     0.36592E-01     0.26866E-02     0.43035E-01     0.52067E-01    -0.77241E-04     0.16337E-02    -0.13478E-02    -0.84268E-04     0.30304E-01     0.16580E+02     0.63961E+00     0.99221E-01     0.17067E+02
     0.11497E+01     0.31516E-01     0.95396E-01     0.96771E+00     0.36722E-01     0.27043E-02     0.43214E-01     0.52243E-01    -0.77875E-04     0.16462E-02    -0.13591E-02    -0.85184E-04     0.30481E-01     0.16522E+02     0.63771E+00     0.99383E-01     0.17024E+02
     0.11653E+01     0.31650E-01     0.95753E-01     0.96923E+00     0.36843E-01     0.27222E-02     0.43395E-01     0.52419E-01    -0.78490E-04     0.16588E-02    -0.13706E-02    -0.86114E-04     0.30659E-01     0.16463E+02     0.63582E+00     0.99546E-01     0.16981E+02
     0.11809E+01     0.31788E-01     0.96123E-01     0.97080E+00     0.36954E-01     0.27406E-02     0.43584E-01     0.52601E-01    -0.79092E-04     0.16718E-02    -0.13825E-02    -0.87073E-04     0.30842E-01     0.16405E+02     0.63392E+00     0.99709E-01     0.16939E+02
     0.11965E+01     0.31931E-01     0.96508E-01     0.97248E+00     0.37056E-01     0.27596E-02     0.43782E-01     0.52789E-01    -0.79689E-04     0.16853E-02    -0.13950E-02    -0.88070E-04     0.31034E-01     0.16347E+02     0.63202E+00     0.99872E-01     0.16896E+02
     0.12120E+01     0.32080E-01     0.96916E-01     0.97433E+00     0.37151E-01     0.27794E-02     0.43992E-01     0.52989E-01    -0.80287E-04     0.16996E-02    -0.14082E-02    -0.89116E-04     0.31238E-01     0.16289E+02     0.63013E+00     0.10004E+00     0.16853E+02
     0.12275E+01     0.32240E-01     0.97357E-01     0.97643E+00     0.37238E-01     0.28002E-02     0.44218E-01     0.53203E-01    -0.80895E-04     0.17150E-02    -0.14225E-02    -0.90230E-04     0.31461E-01     0.16232E+02     0.62823E+00     0.10020E+00     0.16810E+02
     0.12430E+01     0.32410E-01     0.97829E-01     0.97879E+00     0.37318E-01     0.28221E-02     0.44461E-01     0.53434E-01    -0.81514E-04     0.17315E-02    -0.14379E-02    -0.91414E-04     0.31703E-01     0.16174E+02     0.62633E+00     0.10036E+00     0.16768E+02
     0.12584E+01     0.32588E-01     0.98328E-01     0.98134E+00     0.37391E-01     0.28448E-02     0.44718E-01     0.53676E-01    -0.82142E-04     0.17489E-02    -0.14541E-02    -0.92656E-04     0.31960E-01     0.16117E+02     0.62443E+00     0.10053E+00     0.16725E+02
     0.12737E+01     0.32774E-01     0.98851E-01     0.98408E+00     0.37459E-01     0.28684E-02     0.44988E-01     0.53931E-01    -0.82779E-04     0.17673E-02    -0.14712E-02    -0.93957E-04     0.32232E-01     0.16059E+02     0.62252E+00     0.10070E+00     0.16683E+02
     0.12890E+01     0.32969E-01     0.99403E-01     0.98704E+00     0.37521E-01     0.28930E-02     0.45272E-01     0.54200E-01    -0.83430E-04     0.17866E-02    -0.14893E-02    -0.95325E-04     0.32521E-01     0.16002E+02     0.62061E+00     0.10086E+00     0.16640E+02
     0.13042E+01     0.33176E-01     0.99993E-01     0.99030E+00     0.37578E-01     0.29188E-02     0.45576E-01     0.54486E-01    -0.84102E-04     0.18073E-02    -0.15087E-02    -0.96779E-04     0.32832E-01     0.15944E+02     0.61868E+00     0.10103E+00     0.16598E+02
     0.13194E+01     0.33396E-01     0.10062E+00     0.99388E+00     0.37631E-01     0.29460E-02     0.45901E-01     0.54793E-01    -0.84799E-04     0.18296E-02    -0.15295E-02    -0.98329E-04     0.33169E-01     0.15886E+02     0.61675E+00     0.10120E+00     0.16556E+02
     0.13345E+01     0.33630E-01     0.10130E+00     0.99778E+00     0.37679E-01     0.29746E-02     0.46247E-01     0.55121E-01    -0.85526E-04     0.18534E-02    -0.15518E-02    -0.99976E-04     0.33532E-01     0.15828E+02     0.61481E+00     0.10137E+00     0.16514E+02
     0.13495E+01     0.33878E-01     0.10202E+00     0.10021E+01     0.37725E-01     0.30048E-02     0.46618E-01     0.55471E-01    -0.86288E-04     0.18790E-02    -0.15757E-02    -0.10174E-03     0.33924E-01     0.15771E+02     0.61286E+00     0.10154E+00     0.16472E+02
     0.13645E+01     0.34143E-01     0.10279E+00     0.10067E+01     0.37768E-01     0.30368E-02     0.47015E-01     0.55847E-01    -0.87098E-04     0.19065E-02    -0.16016E-02    -0.10362E-03     0.34348E-01     0.15712E+02     0.61090E+00     0.10172E+00     0.16430E+02
     0.13794E+01     0.34427E-01     0.10362E+00     0.10119E+01     0.37810E-01     0.30707E-02     0.47442E-01     0.56251E-01    -0.87969E-04     0.19362E-02    -0.16296E-02    -0.10565E-03     0.34810E-01     0.15654E+02     0.60892E+00     0.10189E+00     0.16388E+02
     0.13942E+01     0.34732E-01     0.10451E+00     0.10175E+01     0.37850E-01     0.31068E-02     0.47902E-01     0.56688E-01    -0.88909E-04     0.19685E-02    -0.16599E-02    -0.10784E-03     0.35314E-01     0.15595E+02     0.60693E+00     0.10207E+00     0.16347E+02
     0.14089E+01     0.35058E-01     0.10548E+00     0.10237E+01     0.37890E-01     0.31453E-02     0.48397E-01     0.57159E-01    -0.89924E-04     0.20035E-02    -0.16928E-02    -0.11020E-03     0.35863E-01     0.15536E+02     0.60491E+00     0.10225E+00     0.16305E+02
     0.14235E+01     0.35409E-01     0.10652E+00     0.10305E+01     0.37930E-01     0.31862E-02     0.48929E-01     0.57666E-01    -0.91025E-04     0.20416E-02    -0.17285E-02    -0.11275E-03     0.36462E-01     0.15477E+02     0.60288E+00     0.10243E+00     0.16264E+02
     0.14380E+01     0.35783E-01     0.10763E+00     0.10379E+01     0.37971E-01     0.32296E-02     0.49497E-01     0.58209E-01    -0.92210E-04     0.20825E-02    -0.17671E-02    -0.11549E-03     0.37108E-01     0.15417E+02     0.60083E+00     0.10262E+00     0.16223E+02
     0.14525E+01     0.36177E-01     0.10880E+00     0.10457E+01     0.38013E-01     0.32752E-02     0.50098E-01     0.58782E-01    -0.93471E-04     0.21262E-02    -0.18082E-02    -0.11841E-03     0.37798E-01     0.15357E+02     0.59875E+00     0.10280E+00     0.16182E+02
     0.14668E+01     0.36591E-01     0.11003E+00     0.10539E+01     0.38056E-01     0.33231E-02     0.50731E-01     0.59385E-01    -0.94808E-04     0.21726E-02    -0.18520E-02    -0.12151E-03     0.38533E-01     0.15297E+02     0.59666E+00     0.10299E+00     0.16142E+02
     0.14811E+01     0.37027E-01     0.11134E+00     0.10627E+01     0.38100E-01     0.33733E-02     0.51398E-01     0.60021E-01    -0.96224E-04     0.22220E-02    -0.18987E-02    -0.12481E-03     0.39317E-01     0.15235E+02     0.59454E+00     0.10319E+00     0.16101E+02
     0.14952E+01     0.37485E-01     0.11271E+00     0.10720E+01     0.38146E-01     0.34260E-02     0.52101E-01     0.60691E-01    -0.97722E-04     0.22746E-02    -0.19485E-02    -0.12833E-03     0.40150E-01     0.15174E+02     0.59239E+00     0.10338E+00     0.16061E+02
     0.15093E+01     0.37965E-01     0.11415E+00     0.10818E+01     0.38193E-01     0.34811E-02     0.52840E-01     0.61394E-01    -0.99302E-04     0.23304E-02    -0.20015E-02    -0.13206E-03     0.41036E-01     0.15112E+02     0.59022E+00     0.10358E+00     0.16021E+02
     0.15232E+01     0.38472E-01     0.11567E+00     0.10923E+01     0.38242E-01     0.35393E-02     0.53622E-01     0.62137E-01    -0.10098E-03     0.23901E-02    -0.20582E-02    -0.13606E-03     0.41984E-01     0.15049E+02     0.58802E+00     0.10378E+00     0.15981E+02
     0.15370E+01     0.39009E-01     0.11729E+00     0.11034E+01     0.38295E-01     0.36007E-02     0.54453E-01     0.62925E-01    -0.10276E-03     0.24542E-02    -0.21193E-02    -0.14035E-03     0.43002E-01     0.14986E+02     0.58579E+00     0.10399E+00     0.15942E+02
     0.15507E+01     0.39579E-01     0.11901E+00     0.11152E+01     0.38350E-01     0.36658E-02     0.55338E-01     0.63763E-01    -0.10467E-03     0.25232E-02    -0.21852E-02    -0.14498E-03     0.44099E-01     0.14922E+02     0.58352E+00     0.10420E+00     0.15902E+02
     0.15643E+01     0.40185E-01     0.12084E+00     0.11279E+01     0.38409E-01     0.37350E-02     0.56281E-01     0.64654E-01    -0.10671E-03     0.25976E-02    -0.22565E-02    -0.14997E-03     0.45282E-01     0.14857E+02     0.58121E+00     0.10441E+00     0.15863E+02
     0.15778E+01     0.40829E-01     0.12279E+00     0.11415E+01     0.38471E-01     0.38084E-02     0.57286E-01     0.65602E-01    -0.10889E-03     0.26779E-02    -0.23336E-02    -0.15536E-03     0.46560E-01     0.14791E+02     0.57886E+00     0.10463E+00     0.15825E+02
     0.15911E+01     0.41511E-01     0.12487E+00     0.11559E+01     0.38538E-01     0.38861E-02     0.58355E-01     0.66608E-01    -0.11122E-03     0.27644E-02    -0.24169E-02    -0.16118E-03     0.47934E-01     0.14724E+02     0.57646E+00     0.10485E+00     0.15786E+02
     0.16043E+01     0.42232E-01     0.12706E+00     0.11711E+01     0.38610E-01     0.39683E-02     0.59488E-01     0.67671E-01    -0.11370E-03     0.28573E-02    -0.25067E-02    -0.16745E-03     0.49409E-01     0.14656E+02     0.57401E+00     0.10508E+00     0.15748E+02
     0.16174E+01     0.42993E-01     0.12938E+00     0.11872E+01     0.38686E-01     0.40551E-02     0.60687E-01     0.68791E-01    -0.11635E-03     0.29569E-02    -0.26033E-02    -0.17419E-03     0.50989E-01     0.14587E+02     0.57151E+00     0.10532E+00     0.15710E+02
     0.16303E+01     0.43792E-01     0.13182E+00     0.12041E+01     0.38767E-01     0.41465E-02     0.61953E-01     0.69967E-01    -0.11917E-03     0.30633E-02    -0.27069E-02    -0.18142E-03     0.52674E-01     0.14516E+02     0.56896E+00     0.10556E+00     0.15672E+02
     0.16431E+01     0.44629E-01     0.13438E+00     0.12218E+01     0.38853E-01     0.42426E-02     0.63285E-01     0.71198E-01    -0.12216E-03     0.31768E-02    -0.28180E-02    -0.18917E-03     0.54466E-01     0.14445E+02     0.56636E+00     0.10581E+00     0.15635E+02
     0.16558E+01     0.45506E-01     0.13707E+00     0.12402E+01     0.38944E-01     0.43437E-02     0.64688E-01     0.72486E-01    -0.12533E-03     0.32979E-02    -0.29371E-02    -0.19748E-03     0.56374E-01     0.14372E+02     0.56369E+00     0.10606E+00     0.15598E+02
     0.16683E+01     0.46426E-01     0.13989E+00     0.12595E+01     0.39040E-01     0.44500E-02     0.66165E-01     0.73834E-01    -0.12870E-03     0.34271E-02    -0.30649E-02    -0.20639E-03     0.58404E-01     0.14298E+02     0.56096E+00     0.10632E+00     0.15561E+02
     0.16806E+01     0.47389E-01     0.14285E+00     0.12796E+01     0.39140E-01     0.45618E-02     0.67721E-01     0.75245E-01    -0.13228E-03     0.35650E-02    -0.32021E-02    -0.21597E-03     0.60567E-01     0.14222E+02     0.55815E+00     0.10659E+00     0.15525E+02
     0.16928E+01     0.48401E-01     0.14597E+00     0.13007E+01     0.39245E-01     0.46798E-02     0.69363E-01     0.76724E-01    -0.13608E-03     0.37127E-02    -0.33498E-02    -0.22627E-03     0.62875E-01     0.14145E+02     0.55526E+00     0.10687E+00     0.15489E+02
     0.17049E+01     0.49464E-01     0.14925E+00     0.13226E+01     0.39356E-01     0.48043E-02     0.71100E-01     0.78275E-01    -0.14011E-03     0.38710E-02    -0.35091E-02    -0.23739E-03     0.65340E-01     0.14065E+02     0.55228E+00     0.10716E+00     0.15454E+02
     0.17167E+01     0.50579E-01     0.15271E+00     0.13455E+01     0.39470E-01     0.49357E-02     0.72935E-01     0.79898E-01    -0.14439E-03     0.40403E-02    -0.36808E-02    -0.24938E-03     0.67968E-01     0.13983E+02     0.54919E+00     0.10746E+00     0.15418E+02
     0.17285E+01     0.51749E-01     0.15634E+00     0.13694E+01     0.39589E-01     0.50744E-02     0.74872E-01     0.81595E-01    -0.14892E-03     0.42215E-02    -0.38660E-02    -0.26230E-03     0.70769E-01     0.13898E+02     0.54599E+00     0.10777E+00     0.15383E+02
     0.17400E+01     0.52979E-01     0.16017E+00     0.13943E+01     0.39712E-01     0.52211E-02     0.76925E-01     0.83376E-01    -0.15373E-03     0.44162E-02    -0.40664E-02    -0.27629E-03     0.73765E-01     0.13811E+02     0.54266E+00     0.10810E+00     0.15349E+02
     0.17514E+01     0.54274E-01     0.16421E+00     0.14203E+01     0.39839E-01     0.53766E-02     0.79105E-01     0.85246E-01    -0.15883E-03     0.46256E-02    -0.42838E-02    -0.29147E-03     0.76976E-01     0.13720E+02     0.53919E+00     0.10844E+00     0.15315E+02
     0.17626E+01     0.55637E-01     0.16848E+00     0.14475E+01     0.39968E-01     0.55416E-02     0.81419E-01     0.87208E-01    -0.16425E-03     0.48509E-02    -0.45198E-02    -0.30794E-03     0.80412E-01     0.13625E+02     0.53556E+00     0.10881E+00     0.15281E+02
     0.17737E+01     0.57067E-01     0.17298E+00     0.14756E+01     0.40101E-01     0.57161E-02     0.83868E-01     0.89258E-01    -0.17001E-03     0.50925E-02    -0.47754E-02    -0.32579E-03     0.84078E-01     0.13527E+02     0.53174E+00     0.10919E+00     0.15248E+02
     0.17845E+01     0.58563E-01     0.17770E+00     0.15047E+01     0.40235E-01     0.59005E-02     0.86458E-01     0.91394E-01    -0.17612E-03     0.53511E-02    -0.50520E-02    -0.34510E-03     0.87978E-01     0.13424E+02     0.52772E+00     0.10959E+00     0.15215E+02
     0.17952E+01     0.60127E-01     0.18265E+00     0.15346E+01     0.40370E-01     0.60954E-02     0.89197E-01     0.93616E-01    -0.18260E-03     0.56275E-02    -0.53511E-02    -0.36601E-03     0.92118E-01     0.13315E+02     0.52347E+00     0.11002E+00     0.15183E+02
     0.18057E+01     0.61760E-01     0.18785E+00     0.15652E+01     0.40505E-01     0.63015E-02     0.92094E-01     0.95922E-01    -0.18945E-03     0.59227E-02    -0.56750E-02    -0.38864E-03     0.96505E-01     0.13200E+02     0.51894E+00     0.11049E+00     0.15151E+02
     0.18160E+01     0.63463E-01     0.19329E+00     0.15965E+01     0.40638E-01     0.65194E-02     0.95160E-01     0.98311E-01    -0.19669E-03     0.62375E-02    -0.60255E-02    -0.41315E-03     0.10114E+00     0.13078E+02     0.51409E+00     0.11098E+00     0.15119E+02
     0.18261E+01     0.65233E-01     0.19899E+00     0.16283E+01     0.40767E-01     0.67498E-02     0.98402E-01     0.10078E+00    -0.20432E-03     0.65723E-02    -0.64046E-02    -0.43967E-03     0.10602E+00     0.12948E+02     0.50886E+00     0.11152E+00     0.15088E+02
     0.18360E+01     0.67066E-01     0.20493E+00     0.16601E+01     0.40890E-01     0.69929E-02     0.10182E+00     0.10330E+00    -0.21233E-03     0.69263E-02    -0.68133E-02    -0.46827E-03     0.11113E+00     0.12808E+02     0.50322E+00     0.11211E+00     0.15057E+02
     0.18457E+01     0.68953E-01     0.21110E+00     0.16916E+01     0.41005E-01     0.72486E-02     0.10542E+00     0.10587E+00    -0.22069E-03     0.72984E-02    -0.72526E-02    -0.49903E-03     0.11642E+00     0.12657E+02     0.49707E+00     0.11275E+00     0.15027E+02
     0.18552E+01     0.70883E-01     0.21746E+00     0.17225E+01     0.41108E-01     0.75171E-02     0.10920E+00     0.10847E+00    -0.22937E-03     0.76867E-02    -0.77228E-02    -0.53198E-03     0.12185E+00     0.12493E+02     0.49034E+00     0.11346E+00     0.14997E+02
     0.18645E+01     0.72841E-01     0.22400E+00     0.17519E+01     0.41196E-01     0.77980E-02     0.11315E+00     0.11106E+00    -0.23829E-03     0.80876E-02    -0.82232E-02    -0.56707E-03     0.12734E+00     0.12314E+02     0.48294E+00     0.11425E+00     0.14968E+02
     0.18736E+01     0.74802E-01     0.23063E+00     0.17790E+01     0.41264E-01     0.80901E-02     0.11726E+00     0.11360E+00    -0.24735E-03     0.84950E-02    -0.87511E-02    -0.60411E-03     0.13278E+00     0.12118E+02     0.47475E+00     0.11513E+00     0.14939E+02
     0.18825E+01     0.76733E-01     0.23729E+00     0.18027E+01     0.41307E-01     0.83919E-02     0.12151E+00     0.11603E+00    -0.25641E-03     0.89005E-02    -0.93017E-02    -0.64279E-03     0.13801E+00     0.11902E+02     0.46563E+00     0.11612E+00     0.14910E+02
     0.18912E+01     0.78591E-01     0.24386E+00     0.18216E+01     0.41319E-01     0.87006E-02     0.12584E+00     0.11827E+00    -0.26527E-03     0.92921E-02    -0.98667E-02    -0.68254E-03     0.14283E+00     0.11663E+02     0.45544E+00     0.11723E+00     0.14882E+02
     0.18996E+01     0.80316E-01     0.25017E+00     0.18339E+01     0.41292E-01     0.90123E-02     0.13021E+00     0.12022E+00    -0.27366E-03     0.96529E-02    -0.10433E-01    -0.72247E-03     0.14694E+00     0.11398E+02     0.44398E+00     0.11850E+00     0.14855E+02
     0.19078E+01     0.81829E-01     0.25602E+00     0.18374E+01     0.41219E-01     0.93207E-02     0.13452E+00     0.12176E+00    -0.28123E-03     0.99606E-02    -0.10982E-01    -0.76123E-03     0.14998E+00     0.11104E+02     0.43105E+00     0.11996E+00     0.14827E+02
     0.19158E+01     0.83030E-01     0.26110E+00     0.18296E+01     0.41091E-01     0.96174E-02     0.13866E+00     0.12272E+00    -0.28752E-03     0.10186E-01    -0.11485E-01    -0.79695E-03     0.15153E+00     0.10777E+02     0.41641E+00     0.12163E+00     0.14800E+02
     0.19236E+01     0.83790E-01     0.26506E+00     0.18074E+01     0.40898E-01     0.98904E-02     0.14244E+00     0.12291E+00    -0.29195E-03     0.10295E-01    -0.11907E-01    -0.82705E-03     0.15105E+00     0.10412E+02     0.39979E+00     0.12355E+00     0.14774E+02
     0.19311E+01     0.83951E-01     0.26742E+00     0.17674E+01     0.40631E-01     0.10123E-01     0.14562E+00     0.12208E+00    -0.29384E-03     0.10245E-01    -0.12197E-01    -0.84813E-03     0.14798E+00     0.10008E+02     0.38093E+00     0.12579E+00     0.14748E+02
     0.19384E+01     0.83319E-01     0.26758E+00     0.17060E+01     0.40280E-01     0.10294E-01     0.14790E+00     0.11996E+00    -0.29239E-03     0.99913E-02    -0.12295E-01    -0.85595E-03     0.14175E+00     0.95615E+01     0.35954E+00     0.12838E+00     0.14722E+02
     0.19455E+01     0.81667E-01     0.26481E+00     0.16195E+01     0.39836E-01     0.10375E-01     0.14885E+00     0.11624E+00    -0.28673E-03     0.94892E-02    -0.12129E-01    -0.84551E-03     0.13190E+00     0.90735E+01     0.33541E+00     0.13139E+00     0.14696E+02
     0.19523E+01     0.78749E-01     0.25828E+00     0.15051E+01     0.39293E-01     0.10327E-01     0.14795E+00     0.11060E+00    -0.27600E-03     0.87062E-02    -0.11625E-01    -0.81162E-03     0.11820E+00     0.85466E+01     0.30837E+00     0.13487E+00     0.14671E+02
     0.19589E+01     0.74322E-01     0.24710E+00     0.13611E+01     0.38645E-01     0.10110E-01     0.14457E+00     0.10277E+00    -0.25945E-03     0.76356E-02    -0.10722E-01    -0.74991E-03     0.10089E+00     0.79869E+01     0.27839E+00     0.13887E+00     0.14646E+02
     0.19652E+01     0.68199E-01     0.23045E+00     0.11890E+01     0.37892E-01     0.96749E-02     0.13804E+00     0.92623E-01    -0.23667E-03     0.63146E-02    -0.93955E-02    -0.65861E-03     0.80879E-01     0.74046E+01     0.24562E+00     0.14343E+00     0.14621E+02
     0.19713E+01     0.60314E-01     0.20776E+00     0.99351E+00     0.37040E-01     0.89778E-02     0.12772E+00     0.80216E-01    -0.20777E-03     0.48365E-02    -0.76890E-02    -0.54058E-03     0.59782E-01     0.68132E+01     0.21038E+00     0.14858E+00     0.14596E+02
     0.19771E+01     0.50785E-01     0.17894E+00     0.78404E+00     0.36100E-01     0.79847E-02     0.11314E+00     0.65929E-01    -0.17354E-03     0.33472E-02    -0.57355E-02    -0.40493E-03     0.39738E-01     0.62280E+01     0.17323E+00     0.15431E+00     0.14572E+02
     0.19826E+01     0.39960E-01     0.14448E+00     0.57347E+00     0.35088E-01     0.66819E-02     0.94111E-01     0.50465E-01    -0.13551E-03     0.20161E-02    -0.37539E-02    -0.26673E-03     0.22882E-01     0.56645E+01     0.13483E+00     0.16060E+00     0.14548E+02
     0.19879E+01     0.28392E-01     0.10555E+00     0.37598E+00     0.34028E-01     0.50818E-02     0.70856E-01     0.34765E-01    -0.95684E-04     0.98687E-03    -0.20067E-02    -0.14418E-03     0.10665E-01     0.51350E+01     0.95890E-01     0.16741E+00     0.14524E+02
     0.19929E+01     0.16706E-01     0.63610E-01     0.20312E+00     0.32941E-01     0.32180E-02     0.43918E-01     0.19782E-01    -0.56049E-04     0.33044E-03    -0.72910E-03    -0.53738E-04     0.33921E-02     0.46475E+01     0.57060E-01     0.17468E+00     0.14500E+02
     0.19977E+01     0.54142E-02     0.20214E-01     0.60326E-01     0.31849E-01     0.11277E-02     0.14326E-01     0.61913E-02    -0.18052E-04     0.33498E-04    -0.72433E-04    -0.60985E-05     0.32661E-03     0.42048E+01     0.18809E-01     0.18237E+00     0.14477E+02
