     0.23093E-02     0.44732E-04    -0.45749E-02     0.14520E-05     0.00000E+00     0.11436E-03    -0.50018E-04     0.44474E-02     0.00000E+00
     0.70633E-02     0.41160E-03    -0.43017E-02     0.44751E-04     0.00000E+00     0.20962E-03     0.71748E-04     0.40087E-02     0.00000E+00
     0.12087E-01     0.11687E-02    -0.41947E-02     0.22779E-03     0.00000E+00     0.27478E-03     0.26439E-03     0.35521E-02     0.00000E+00
     0.17376E-01     0.23266E-02    -0.40909E-02     0.66414E-03     0.00000E+00     0.28978E-03     0.68511E-03     0.28326E-02     0.00000E+00
     0.22928E-01     0.38580E-02    -0.39760E-02     0.14407E-02     0.00000E+00     0.28540E-03     0.11989E-02     0.18138E-02     0.00000E+00
     0.28739E-01     0.56826E-02    -0.38614E-02     0.25717E-02     0.00000E+00     0.26753E-03     0.15940E-02     0.63139E-03     0.00000E+00
     0.34807E-01     0.76724E-02    -0.37843E-02     0.39748E-02     0.00000E+00     0.24372E-03     0.16474E-02    -0.48028E-03     0.00000E+00
     0.41127E-01     0.96764E-02    -0.37743E-02     0.54881E-02     0.00000E+00     0.21590E-03     0.12723E-02    -0.13211E-02     0.00000E+00
     0.47696E-01     0.11554E-01    -0.38315E-02     0.69193E-02     0.00000E+00     0.18511E-03     0.54432E-03    -0.18041E-02     0.00000E+00
     0.54512E-01     0.13197E-01    -0.39316E-02     0.81025E-02     0.00000E+00     0.15175E-03    -0.35590E-03    -0.19545E-02     0.00000E+00
     0.61570E-01     0.14543E-01    -0.40411E-02     0.89346E-02     0.00000E+00     0.11675E-03    -0.12334E-02    -0.18617E-02     0.00000E+00
     0.68868E-01     0.15572E-01    -0.41311E-02     0.93854E-02     0.00000E+00     0.81506E-04    -0.19442E-02    -0.16287E-02     0.00000E+00
     0.76401E-01     0.16293E-01    -0.41841E-02     0.94835E-02     0.00000E+00     0.47707E-04    -0.24176E-02    -0.13401E-02     0.00000E+00
     0.84168E-01     0.16739E-01    -0.41937E-02     0.92932E-02     0.00000E+00     0.17011E-04    -0.26474E-02    -0.10520E-02     0.00000E+00
     0.92164E-01     0.16948E-01    -0.41618E-02     0.88917E-02     0.00000E+00    -0.92568E-05    -0.26686E-02    -0.79385E-03     0.00000E+00
     0.10039E+00     0.16964E-01    -0.40938E-02     0.83534E-02     0.00000E+00    -0.30260E-04    -0.25336E-02    -0.57742E-03     0.00000E+00
     0.10883E+00     0.16826E-01    -0.39969E-02     0.77405E-02     0.00000E+00    -0.45628E-04    -0.22970E-02    -0.40393E-03     0.00000E+00
     0.11749E+00     0.16572E-01    -0.38779E-02     0.71007E-02     0.00000E+00    -0.55545E-04    -0.20063E-02    -0.26855E-03     0.00000E+00
     0.12637E+00     0.16231E-01    -0.37426E-02     0.64674E-02     0.00000E+00    -0.60536E-04    -0.16967E-02    -0.16522E-03     0.00000E+00
     0.13547E+00     0.15831E-01    -0.35954E-02     0.58624E-02     0.00000E+00    -0.61208E-04    -0.13913E-02    -0.89108E-04     0.00000E+00
     0.14477E+00     0.15393E-01    -0.34400E-02     0.52981E-02     0.00000E+00    -0.58363E-04    -0.11041E-02    -0.35585E-04     0.00000E+00
     0.15428E+00     0.14931E-01    -0.32797E-02     0.47809E-02     0.00000E+00    -0.52866E-04    -0.84428E-03     0.68273E-06     0.00000E+00
     0.16399E+00     0.14460E-01    -0.31180E-02     0.43127E-02     0.00000E+00    -0.45438E-04    -0.61815E-03     0.24887E-04     0.00000E+00
     0.17390E+00     0.13988E-01    -0.29573E-02     0.38933E-02     0.00000E+00    -0.36741E-04    -0.42801E-03     0.40779E-04     0.00000E+00
     0.18401E+00     0.13521E-01    -0.27995E-02     0.35204E-02     0.00000E+00    -0.27502E-04    -0.27229E-03     0.50854E-04     0.00000E+00
     0.19431E+00     0.13066E-01    -0.26459E-02     0.31903E-02     0.00000E+00    -0.18361E-04    -0.14734E-03     0.56848E-04     0.00000E+00
     0.20480E+00     0.12625E-01    -0.24972E-02     0.28992E-02     0.00000E+00    -0.96875E-05    -0.48554E-04     0.59345E-04     0.00000E+00
     0.21547E+00     0.12201E-01    -0.23541E-02     0.26428E-02     0.00000E+00    -0.18078E-05     0.28822E-04     0.58709E-04     0.00000E+00
     0.22633E+00     0.11796E-01    -0.22171E-02     0.24170E-02     0.00000E+00     0.51023E-05     0.88651E-04     0.55626E-04     0.00000E+00
     0.23737E+00     0.11409E-01    -0.20869E-02     0.22183E-02     0.00000E+00     0.10971E-04     0.13348E-03     0.51357E-04     0.00000E+00
     0.24859E+00     0.11041E-01    -0.19642E-02     0.20430E-02     0.00000E+00     0.15538E-04     0.16510E-03     0.47258E-04     0.00000E+00
     0.25997E+00     0.10689E-01    -0.18486E-02     0.18880E-02     0.00000E+00     0.18573E-04     0.18576E-03     0.43555E-04     0.00000E+00
     0.27153E+00     0.10354E-01    -0.17398E-02     0.17501E-02     0.00000E+00     0.19808E-04     0.19912E-03     0.39867E-04     0.00000E+00
     0.28325E+00     0.10035E-01    -0.16375E-02     0.16266E-02     0.00000E+00     0.19089E-04     0.20918E-03     0.35841E-04     0.00000E+00
     0.29514E+00     0.97300E-02    -0.15418E-02     0.15159E-02     0.00000E+00     0.16862E-04     0.21752E-03     0.31815E-04     0.00000E+00
     0.30719E+00     0.94385E-02    -0.14528E-02     0.14166E-02     0.00000E+00     0.13953E-04     0.22304E-03     0.28613E-04     0.00000E+00
     0.31939E+00     0.91593E-02    -0.13702E-02     0.13274E-02     0.00000E+00     0.10952E-04     0.22491E-03     0.26377E-04     0.00000E+00
     0.33174E+00     0.88918E-02    -0.12931E-02     0.12467E-02     0.00000E+00     0.82293E-05     0.22429E-03     0.23994E-04     0.00000E+00
     0.34425E+00     0.86351E-02    -0.12208E-02     0.11731E-02     0.00000E+00     0.58661E-05     0.22340E-03     0.20978E-04     0.00000E+00
     0.35690E+00     0.83882E-02    -0.11531E-02     0.11054E-02     0.00000E+00     0.37680E-05     0.22260E-03     0.18118E-04     0.00000E+00
     0.36969E+00     0.81497E-02    -0.10898E-02     0.10427E-02     0.00000E+00     0.19575E-05     0.22026E-03     0.15999E-04     0.00000E+00
     0.38262E+00     0.79187E-02    -0.10307E-02     0.98437E-03     0.00000E+00     0.65400E-07     0.21615E-03     0.14639E-04     0.00000E+00
     0.39569E+00     0.76948E-02    -0.97539E-03     0.92980E-03     0.00000E+00    -0.23206E-05     0.21107E-03     0.13683E-04     0.00000E+00
     0.40890E+00     0.74777E-02    -0.92343E-03     0.87850E-03     0.00000E+00    -0.51871E-05     0.20619E-03     0.12644E-04     0.00000E+00
     0.42223E+00     0.72669E-02    -0.87463E-03     0.83011E-03     0.00000E+00    -0.84018E-05     0.20234E-03     0.11414E-04     0.00000E+00
     0.43569E+00     0.70619E-02    -0.82870E-03     0.78435E-03     0.00000E+00    -0.11698E-04     0.19945E-03     0.10055E-04     0.00000E+00
     0.44927E+00     0.68621E-02    -0.78555E-03     0.74085E-03     0.00000E+00    -0.14682E-04     0.19794E-03     0.87183E-05     0.00000E+00
     0.46297E+00     0.66667E-02    -0.74522E-03     0.69939E-03     0.00000E+00    -0.17025E-04     0.19735E-03     0.78465E-05     0.00000E+00
     0.47679E+00     0.64755E-02    -0.70757E-03     0.65974E-03     0.00000E+00    -0.18812E-04     0.19658E-03     0.78213E-05     0.00000E+00
     0.49072E+00     0.62884E-02    -0.67210E-03     0.62154E-03     0.00000E+00    -0.20378E-04     0.19518E-03     0.82581E-05     0.00000E+00
     0.50476E+00     0.61061E-02    -0.63833E-03     0.58451E-03     0.00000E+00    -0.21690E-04     0.19400E-03     0.81241E-05     0.00000E+00
     0.51891E+00     0.59284E-02    -0.60638E-03     0.54868E-03     0.00000E+00    -0.22492E-04     0.19410E-03     0.73949E-05     0.00000E+00
     0.53316E+00     0.57551E-02    -0.57652E-03     0.51414E-03     0.00000E+00    -0.22752E-04     0.19465E-03     0.69560E-05     0.00000E+00
     0.54751E+00     0.55860E-02    -0.54856E-03     0.48088E-03     0.00000E+00    -0.22707E-04     0.19489E-03     0.69135E-05     0.00000E+00
     0.56196E+00     0.54212E-02    -0.52218E-03     0.44874E-03     0.00000E+00    -0.22549E-04     0.19509E-03     0.69421E-05     0.00000E+00
     0.57649E+00     0.52608E-02    -0.49717E-03     0.41758E-03     0.00000E+00    -0.22387E-04     0.19601E-03     0.66983E-05     0.00000E+00
     0.59112E+00     0.51048E-02    -0.47351E-03     0.38744E-03     0.00000E+00    -0.22325E-04     0.19846E-03     0.61629E-05     0.00000E+00
     0.60584E+00     0.49529E-02    -0.45126E-03     0.35836E-03     0.00000E+00    -0.22260E-04     0.20202E-03     0.56049E-05     0.00000E+00
     0.62064E+00     0.48047E-02    -0.43035E-03     0.33035E-03     0.00000E+00    -0.22013E-04     0.20635E-03     0.49295E-05     0.00000E+00
     0.63552E+00     0.46599E-02    -0.41082E-03     0.30337E-03     0.00000E+00    -0.21599E-04     0.21148E-03     0.45336E-05     0.00000E+00
     0.65047E+00     0.45183E-02    -0.39266E-03     0.27727E-03     0.00000E+00    -0.21119E-04     0.21643E-03     0.48612E-05     0.00000E+00
     0.66550E+00     0.43801E-02    -0.37564E-03     0.25194E-03     0.00000E+00    -0.20685E-04     0.22073E-03     0.55099E-05     0.00000E+00
     0.68060E+00     0.42460E-02    -0.35960E-03     0.22740E-03     0.00000E+00    -0.20344E-04     0.22476E-03     0.61406E-05     0.00000E+00
     0.69576E+00     0.41166E-02    -0.34456E-03     0.20373E-03     0.00000E+00    -0.20008E-04     0.22889E-03     0.66424E-05     0.00000E+00
     0.71099E+00     0.39924E-02    -0.33052E-03     0.18106E-03     0.00000E+00    -0.19637E-04     0.23321E-03     0.70482E-05     0.00000E+00
     0.72628E+00     0.38740E-02    -0.31744E-03     0.15949E-03     0.00000E+00    -0.19237E-04     0.23761E-03     0.74113E-05     0.00000E+00
     0.74162E+00     0.37616E-02    -0.30529E-03     0.13911E-03     0.00000E+00    -0.18853E-04     0.24213E-03     0.77148E-05     0.00000E+00
     0.75702E+00     0.36558E-02    -0.29406E-03     0.11993E-03     0.00000E+00    -0.18547E-04     0.24671E-03     0.80253E-05     0.00000E+00
     0.77247E+00     0.35568E-02    -0.28379E-03     0.10201E-03     0.00000E+00    -0.18309E-04     0.25125E-03     0.84177E-05     0.00000E+00
     0.78796E+00     0.34650E-02    -0.27447E-03     0.85382E-04     0.00000E+00    -0.18034E-04     0.25577E-03     0.87725E-05     0.00000E+00
     0.80350E+00     0.33809E-02    -0.26604E-03     0.70097E-04     0.00000E+00    -0.17573E-04     0.26027E-03     0.89292E-05     0.00000E+00
     0.81907E+00     0.33047E-02    -0.25855E-03     0.56188E-04     0.00000E+00    -0.16867E-04     0.26437E-03     0.90696E-05     0.00000E+00
     0.83469E+00     0.32366E-02    -0.25203E-03     0.43682E-04     0.00000E+00    -0.16035E-04     0.26751E-03     0.93836E-05     0.00000E+00
     0.85033E+00     0.31770E-02    -0.24639E-03     0.32622E-04     0.00000E+00    -0.15306E-04     0.26993E-03     0.96809E-05     0.00000E+00
     0.86601E+00     0.31262E-02    -0.24160E-03     0.23085E-04     0.00000E+00    -0.14861E-04     0.27241E-03     0.97738E-05     0.00000E+00
     0.88171E+00     0.30842E-02    -0.23768E-03     0.15145E-04     0.00000E+00    -0.14732E-04     0.27496E-03     0.98007E-05     0.00000E+00
     0.89744E+00     0.30513E-02    -0.23467E-03     0.88465E-05     0.00000E+00    -0.14861E-04     0.27709E-03     0.99469E-05     0.00000E+00
     0.91319E+00     0.30276E-02    -0.23249E-03     0.42112E-05     0.00000E+00    -0.15190E-04     0.27851E-03     0.10151E-04     0.00000E+00
     0.92895E+00     0.30133E-02    -0.23105E-03     0.12601E-05     0.00000E+00    -0.15623E-04     0.27918E-03     0.10227E-04     0.00000E+00
     0.94473E+00     0.30085E-02    -0.23041E-03     0.18509E-07     0.00000E+00    -0.16023E-04     0.27905E-03     0.10191E-04     0.00000E+00
     0.96051E+00     0.30132E-02    -0.23063E-03     0.50289E-06     0.00000E+00    -0.16331E-04     0.27832E-03     0.10159E-04     0.00000E+00
     0.97631E+00     0.30275E-02    -0.23171E-03     0.27069E-05     0.00000E+00    -0.16596E-04     0.27734E-03     0.10074E-04     0.00000E+00
     0.99210E+00     0.30511E-02    -0.23362E-03     0.66038E-05     0.00000E+00    -0.16908E-04     0.27597E-03     0.98984E-05     0.00000E+00
     0.10079E+01     0.30840E-02    -0.23636E-03     0.12172E-04     0.00000E+00    -0.17380E-04     0.27378E-03     0.98361E-05     0.00000E+00
     0.10237E+01     0.31262E-02    -0.23990E-03     0.19398E-04     0.00000E+00    -0.18118E-04     0.27101E-03     0.98345E-05     0.00000E+00
     0.10395E+01     0.31774E-02    -0.24417E-03     0.28249E-04     0.00000E+00    -0.19135E-04     0.26816E-03     0.96310E-05     0.00000E+00
     0.10553E+01     0.32377E-02    -0.24914E-03     0.38659E-04     0.00000E+00    -0.20370E-04     0.26512E-03     0.91831E-05     0.00000E+00
     0.10711E+01     0.33065E-02    -0.25490E-03     0.50543E-04     0.00000E+00    -0.21699E-04     0.26133E-03     0.86998E-05     0.00000E+00
     0.10868E+01     0.33833E-02    -0.26149E-03     0.63799E-04     0.00000E+00    -0.22986E-04     0.25686E-03     0.82969E-05     0.00000E+00
     0.11026E+01     0.34678E-02    -0.26894E-03     0.78323E-04     0.00000E+00    -0.24249E-04     0.25234E-03     0.78678E-05     0.00000E+00
     0.11183E+01     0.35594E-02    -0.27721E-03     0.94007E-04     0.00000E+00    -0.25598E-04     0.24813E-03     0.73195E-05     0.00000E+00
     0.11340E+01     0.36577E-02    -0.28626E-03     0.11076E-03     0.00000E+00    -0.27012E-04     0.24365E-03     0.66832E-05     0.00000E+00
     0.11497E+01     0.37620E-02    -0.29614E-03     0.12854E-03     0.00000E+00    -0.28332E-04     0.23847E-03     0.61829E-05     0.00000E+00
     0.11653E+01     0.38717E-02    -0.30686E-03     0.14731E-03     0.00000E+00    -0.29529E-04     0.23266E-03     0.58301E-05     0.00000E+00
     0.11809E+01     0.39865E-02    -0.31838E-03     0.16701E-03     0.00000E+00    -0.30701E-04     0.22668E-03     0.55747E-05     0.00000E+00
     0.11965E+01     0.41061E-02    -0.33059E-03     0.18763E-03     0.00000E+00    -0.31865E-04     0.22052E-03     0.52529E-05     0.00000E+00
     0.12120E+01     0.42301E-02    -0.34354E-03     0.20907E-03     0.00000E+00    -0.32987E-04     0.21377E-03     0.49598E-05     0.00000E+00
     0.12275E+01     0.43583E-02    -0.35732E-03     0.23122E-03     0.00000E+00    -0.34043E-04     0.20723E-03     0.47160E-05     0.00000E+00
     0.12430E+01     0.44902E-02    -0.37184E-03     0.25396E-03     0.00000E+00    -0.34983E-04     0.20101E-03     0.42914E-05     0.00000E+00
     0.12584E+01     0.46256E-02    -0.38718E-03     0.27734E-03     0.00000E+00    -0.35569E-04     0.19459E-03     0.39951E-05     0.00000E+00
     0.12737E+01     0.47641E-02    -0.40344E-03     0.30145E-03     0.00000E+00    -0.35610E-04     0.18840E-03     0.39022E-05     0.00000E+00
     0.12890E+01     0.49055E-02    -0.42061E-03     0.32632E-03     0.00000E+00    -0.35409E-04     0.18287E-03     0.37898E-05     0.00000E+00
     0.13042E+01     0.50495E-02    -0.43868E-03     0.35180E-03     0.00000E+00    -0.35178E-04     0.17759E-03     0.34770E-05     0.00000E+00
     0.13194E+01     0.51960E-02    -0.45769E-03     0.37760E-03     0.00000E+00    -0.34802E-04     0.17188E-03     0.31221E-05     0.00000E+00
     0.13345E+01     0.53445E-02    -0.47767E-03     0.40362E-03     0.00000E+00    -0.34268E-04     0.16577E-03     0.29456E-05     0.00000E+00
     0.13495E+01     0.54948E-02    -0.49866E-03     0.43009E-03     0.00000E+00    -0.33626E-04     0.15945E-03     0.28908E-05     0.00000E+00
     0.13645E+01     0.56467E-02    -0.52079E-03     0.45736E-03     0.00000E+00    -0.32969E-04     0.15366E-03     0.28749E-05     0.00000E+00
     0.13794E+01     0.58002E-02    -0.54415E-03     0.48561E-03     0.00000E+00    -0.32507E-04     0.14874E-03     0.29847E-05     0.00000E+00
     0.13942E+01     0.59554E-02    -0.56872E-03     0.51479E-03     0.00000E+00    -0.32402E-04     0.14426E-03     0.33584E-05     0.00000E+00
     0.14089E+01     0.61123E-02    -0.59455E-03     0.54479E-03     0.00000E+00    -0.32537E-04     0.14129E-03     0.38379E-05     0.00000E+00
     0.14235E+01     0.62714E-02    -0.62155E-03     0.57548E-03     0.00000E+00    -0.32647E-04     0.14009E-03     0.38076E-05     0.00000E+00
     0.14380E+01     0.64326E-02    -0.64987E-03     0.60688E-03     0.00000E+00    -0.32709E-04     0.13881E-03     0.38138E-05     0.00000E+00
     0.14525E+01     0.65957E-02    -0.67977E-03     0.63922E-03     0.00000E+00    -0.32839E-04     0.13744E-03     0.41661E-05     0.00000E+00
     0.14668E+01     0.67609E-02    -0.71133E-03     0.67264E-03     0.00000E+00    -0.33042E-04     0.13669E-03     0.44223E-05     0.00000E+00
     0.14811E+01     0.69282E-02    -0.74464E-03     0.70704E-03     0.00000E+00    -0.33233E-04     0.13665E-03     0.45920E-05     0.00000E+00
     0.14952E+01     0.70978E-02    -0.77970E-03     0.74232E-03     0.00000E+00    -0.33349E-04     0.13772E-03     0.44261E-05     0.00000E+00
     0.15093E+01     0.72693E-02    -0.81667E-03     0.77867E-03     0.00000E+00    -0.33350E-04     0.13783E-03     0.42497E-05     0.00000E+00
     0.15232E+01     0.74425E-02    -0.85578E-03     0.81641E-03     0.00000E+00    -0.32830E-04     0.13561E-03     0.48324E-05     0.00000E+00
     0.15370E+01     0.76178E-02    -0.89731E-03     0.85560E-03     0.00000E+00    -0.31320E-04     0.13287E-03     0.61215E-05     0.00000E+00
     0.15507E+01     0.77959E-02    -0.94146E-03     0.89613E-03     0.00000E+00    -0.28758E-04     0.13134E-03     0.77991E-05     0.00000E+00
     0.15643E+01     0.79777E-02    -0.98826E-03     0.93795E-03     0.00000E+00    -0.25304E-04     0.13163E-03     0.89744E-05     0.00000E+00
     0.15778E+01     0.81639E-02    -0.10380E-02     0.98096E-03     0.00000E+00    -0.21127E-04     0.13267E-03     0.95638E-05     0.00000E+00
     0.15911E+01     0.83547E-02    -0.10908E-02     0.10249E-02     0.00000E+00    -0.16356E-04     0.13383E-03     0.96565E-05     0.00000E+00
     0.16043E+01     0.85499E-02    -0.11465E-02     0.10697E-02     0.00000E+00    -0.11404E-04     0.13614E-03     0.97288E-05     0.00000E+00
     0.16174E+01     0.87493E-02    -0.12056E-02     0.11160E-02     0.00000E+00    -0.64780E-05     0.14025E-03     0.10168E-04     0.00000E+00
     0.16303E+01     0.89529E-02    -0.12685E-02     0.11647E-02     0.00000E+00    -0.14692E-05     0.14531E-03     0.11360E-04     0.00000E+00
     0.16431E+01     0.91613E-02    -0.13360E-02     0.12166E-02     0.00000E+00     0.31565E-05     0.15179E-03     0.13626E-04     0.00000E+00
     0.16558E+01     0.93753E-02    -0.14078E-02     0.12721E-02     0.00000E+00     0.68925E-05     0.16026E-03     0.15104E-04     0.00000E+00
     0.16683E+01     0.95956E-02    -0.14844E-02     0.13317E-02     0.00000E+00     0.97147E-05     0.16906E-03     0.15985E-04     0.00000E+00
     0.16806E+01     0.98224E-02    -0.15667E-02     0.13963E-02     0.00000E+00     0.11935E-04     0.17695E-03     0.17846E-04     0.00000E+00
     0.16928E+01     0.10056E-01    -0.16555E-02     0.14670E-02     0.00000E+00     0.14096E-04     0.18343E-03     0.20482E-04     0.00000E+00
     0.17049E+01     0.10298E-01    -0.17510E-02     0.15447E-02     0.00000E+00     0.16310E-04     0.18908E-03     0.23758E-04     0.00000E+00
     0.17167E+01     0.10549E-01    -0.18532E-02     0.16309E-02     0.00000E+00     0.17895E-04     0.19460E-03     0.26553E-04     0.00000E+00
     0.17285E+01     0.10810E-01    -0.19626E-02     0.17270E-02     0.00000E+00     0.18451E-04     0.19740E-03     0.29041E-04     0.00000E+00
     0.17400E+01     0.11082E-01    -0.20802E-02     0.18349E-02     0.00000E+00     0.18275E-04     0.19444E-03     0.32300E-04     0.00000E+00
     0.17514E+01     0.11366E-01    -0.22064E-02     0.19566E-02     0.00000E+00     0.17526E-04     0.18567E-03     0.35958E-04     0.00000E+00
     0.17626E+01     0.11662E-01    -0.23414E-02     0.20942E-02     0.00000E+00     0.16064E-04     0.17007E-03     0.39324E-04     0.00000E+00
     0.17737E+01     0.11972E-01    -0.24859E-02     0.22504E-02     0.00000E+00     0.13836E-04     0.14388E-03     0.42846E-04     0.00000E+00
     0.17845E+01     0.12295E-01    -0.26402E-02     0.24291E-02     0.00000E+00     0.10929E-04     0.10499E-03     0.46520E-04     0.00000E+00
     0.17952E+01     0.12634E-01    -0.28048E-02     0.26346E-02     0.00000E+00     0.72787E-05     0.52620E-04     0.49714E-04     0.00000E+00
     0.18057E+01     0.12986E-01    -0.29803E-02     0.28713E-02     0.00000E+00     0.26879E-05    -0.16589E-04     0.52189E-04     0.00000E+00
     0.18160E+01     0.13354E-01    -0.31669E-02     0.31433E-02     0.00000E+00    -0.31367E-05    -0.10526E-03     0.52869E-04     0.00000E+00
     0.18261E+01     0.13735E-01    -0.33638E-02     0.34544E-02     0.00000E+00    -0.10372E-04    -0.21535E-03     0.50025E-04     0.00000E+00
     0.18360E+01     0.14127E-01    -0.35705E-02     0.38091E-02     0.00000E+00    -0.18990E-04    -0.35233E-03     0.43630E-04     0.00000E+00
     0.18457E+01     0.14526E-01    -0.37857E-02     0.42117E-02     0.00000E+00    -0.28794E-04    -0.52015E-03     0.32430E-04     0.00000E+00
     0.18552E+01     0.14929E-01    -0.40074E-02     0.46659E-02     0.00000E+00    -0.38960E-04    -0.72077E-03     0.12770E-04     0.00000E+00
     0.18645E+01     0.15327E-01    -0.42334E-02     0.51747E-02     0.00000E+00    -0.48119E-04    -0.95646E-03    -0.18572E-04     0.00000E+00
     0.18736E+01     0.15710E-01    -0.44606E-02     0.57387E-02     0.00000E+00    -0.55088E-04    -0.12265E-02    -0.65752E-04     0.00000E+00
     0.18825E+01     0.16065E-01    -0.46848E-02     0.63560E-02     0.00000E+00    -0.58620E-04    -0.15253E-02    -0.13541E-03     0.00000E+00
     0.18912E+01     0.16372E-01    -0.49006E-02     0.70193E-02     0.00000E+00    -0.56851E-04    -0.18433E-02    -0.23524E-03     0.00000E+00
     0.18996E+01     0.16608E-01    -0.51024E-02     0.77136E-02     0.00000E+00    -0.47784E-04    -0.21651E-02    -0.37208E-03     0.00000E+00
     0.19078E+01     0.16741E-01    -0.52833E-02     0.84125E-02     0.00000E+00    -0.30097E-04    -0.24613E-02    -0.55331E-03     0.00000E+00
     0.19158E+01     0.16737E-01    -0.54349E-02     0.90735E-02     0.00000E+00    -0.33493E-05    -0.26880E-02    -0.78623E-03     0.00000E+00
     0.19236E+01     0.16552E-01    -0.55466E-02     0.96342E-02     0.00000E+00     0.32039E-04    -0.27864E-02    -0.10762E-02     0.00000E+00
     0.19311E+01     0.16141E-01    -0.56069E-02     0.10011E-01     0.00000E+00     0.74748E-04    -0.26857E-02    -0.14209E-02     0.00000E+00
     0.19384E+01     0.15455E-01    -0.56063E-02     0.10102E-01     0.00000E+00     0.12256E-03    -0.23180E-02    -0.17998E-02     0.00000E+00
     0.19455E+01     0.14450E-01    -0.55429E-02     0.98023E-02     0.00000E+00     0.17245E-03    -0.16469E-02    -0.21576E-02     0.00000E+00
     0.19523E+01     0.13100E-01    -0.54305E-02     0.90338E-02     0.00000E+00     0.22116E-03    -0.70674E-03    -0.23884E-02     0.00000E+00
     0.19589E+01     0.11410E-01    -0.53048E-02     0.77835E-02     0.00000E+00     0.26588E-03     0.36136E-03    -0.23345E-02     0.00000E+00
     0.19652E+01     0.94329E-02    -0.52204E-02     0.61444E-02     0.00000E+00     0.30535E-03     0.13098E-02    -0.18180E-02     0.00000E+00
     0.19713E+01     0.72844E-02    -0.52355E-02     0.43273E-02     0.00000E+00     0.33907E-03     0.18540E-02    -0.71741E-03     0.00000E+00
     0.19771E+01     0.51374E-02    -0.53748E-02     0.26191E-02     0.00000E+00     0.36820E-03     0.18130E-02     0.91725E-03     0.00000E+00
     0.19826E+01     0.31941E-02    -0.56119E-02     0.12854E-02     0.00000E+00     0.38481E-03     0.12778E-02     0.27893E-02     0.00000E+00
     0.19879E+01     0.16377E-02    -0.58774E-02     0.45941E-03     0.00000E+00     0.38485E-03     0.57695E-03     0.44445E-02     0.00000E+00
     0.19929E+01     0.58326E-03    -0.60832E-02     0.91856E-04     0.00000E+00     0.31051E-03     0.16847E-03     0.54915E-02     0.00000E+00
     0.19977E+01     0.63806E-04    -0.65920E-02     0.29771E-05     0.00000E+00     0.18846E-03    -0.10847E-03     0.67963E-02     0.00000E+00
