     0.23093E-02    -0.84333E-19     0.19048E-03     0.26237E-01     0.99694E+00     0.00000E+00     0.51844E+01     0.30713E+02     0.10000E+03     0.30661E+02     0.30661E+04     0.30713E+04     0.77001E-01    -0.22570E-05    -0.78962E-06     0.75702E-08     0.21757E-04     0.92775E-04    -0.19135E-06
     0.70633E-02    -0.24204E-18     0.58746E-03     0.80840E-01     0.99296E+00     0.00000E+00     0.10932E+01     0.30518E+02     0.10000E+03     0.30507E+02     0.30507E+04     0.30518E+04     0.86622E-01    -0.64167E-05    -0.19723E-05     0.53750E-06     0.17098E-03     0.88022E-03    -0.59827E-05
     0.12087E-01    -0.29985E-18     0.10052E-02     0.13803E+00     0.98984E+00     0.00000E+00     0.17559E+00     0.30366E+02     0.10000E+03     0.30364E+02     0.30364E+04     0.30366E+04     0.88306E-01    -0.89507E-05    -0.26086E-05     0.36720E-05     0.41432E-03     0.25536E-02    -0.30658E-04
     0.17376E-01    -0.32018E-18     0.14449E-02     0.19726E+00     0.98677E+00     0.00000E+00     0.58470E-02     0.30217E+02     0.10000E+03     0.30217E+02     0.30217E+04     0.30217E+04     0.88785E-01    -0.11689E-04    -0.33280E-05     0.12487E-04     0.70871E-03     0.51344E-02    -0.89707E-04
     0.22928E-01    -0.31340E-18     0.19074E-02     0.25772E+00     0.98359E+00     0.00000E+00    -0.53727E-01     0.30063E+02     0.10000E+03     0.30063E+02     0.30063E+04     0.30063E+04     0.88654E-01    -0.14534E-04    -0.40377E-05     0.30150E-04     0.10256E-02     0.84985E-02    -0.19540E-03
     0.28739E-01    -0.18974E-18     0.23865E-02     0.31834E+00     0.98028E+00     0.00000E+00    -0.92852E-01     0.29903E+02     0.10000E+03     0.29904E+02     0.29904E+04     0.29903E+04     0.88227E-01    -0.17611E-04    -0.47414E-05     0.59411E-04     0.13500E-02     0.12375E-01    -0.35216E-03
     0.34807E-01    -0.25411E-18     0.28626E-02     0.37795E+00     0.97683E+00     0.00000E+00    -0.12958E+00     0.29738E+02     0.10000E+03     0.29739E+02     0.29739E+04     0.29738E+04     0.87541E-01    -0.20918E-04    -0.54636E-05     0.10236E-03     0.16765E-02     0.16412E-01    -0.55512E-03
     0.41127E-01    -0.13214E-18     0.33026E-02     0.43546E+00     0.97326E+00     0.00000E+00    -0.16604E+00     0.29567E+02     0.10000E+03     0.29569E+02     0.29569E+04     0.29567E+04     0.86594E-01    -0.24382E-04    -0.62338E-05     0.16029E-03     0.20039E-02     0.20272E-01    -0.79227E-03
     0.47696E-01    -0.94868E-19     0.36678E-02     0.48993E+00     0.96958E+00     0.00000E+00    -0.20104E+00     0.29392E+02     0.10000E+03     0.29394E+02     0.29394E+04     0.29392E+04     0.85375E-01    -0.27949E-04    -0.71569E-05     0.23367E-03     0.23298E-02     0.23699E-01    -0.10485E-02
     0.54512E-01    -0.27783E-18     0.39266E-02     0.54070E+00     0.96580E+00     0.00000E+00    -0.23269E+00     0.29214E+02     0.10000E+03     0.29216E+02     0.29216E+04     0.29214E+04     0.83885E-01    -0.31352E-04    -0.81397E-05     0.32206E-03     0.26481E-02     0.26543E-01    -0.13094E-02
     0.61570E-01    -0.35914E-18     0.40634E-02     0.58736E+00     0.96194E+00     0.00000E+00    -0.25942E+00     0.29032E+02     0.10000E+03     0.29035E+02     0.29035E+04     0.29032E+04     0.82136E-01    -0.34768E-04    -0.89858E-05     0.42415E-03     0.29501E-02     0.28750E-01    -0.15632E-02
     0.68868E-01    -0.94868E-19     0.40817E-02     0.62974E+00     0.95802E+00     0.00000E+00    -0.28008E+00     0.28849E+02     0.10000E+03     0.28852E+02     0.28852E+04     0.28849E+04     0.80156E-01    -0.37831E-04    -0.96685E-05     0.53799E-03     0.32295E-02     0.30333E-01    -0.18012E-02
     0.76401E-01     0.12197E-18     0.40008E-02     0.66788E+00     0.95407E+00     0.00000E+00    -0.29430E+00     0.28665E+02     0.10000E+03     0.28668E+02     0.28668E+04     0.28665E+04     0.77980E-01    -0.40806E-04    -0.10063E-04     0.66126E-03     0.34835E-02     0.31340E-01    -0.20184E-02
     0.84168E-01    -0.37947E-18     0.38514E-02     0.70195E+00     0.95008E+00     0.00000E+00    -0.30240E+00     0.28481E+02     0.10000E+03     0.28484E+02     0.28484E+04     0.28481E+04     0.75649E-01    -0.43299E-04    -0.10007E-04     0.79157E-03     0.37125E-02     0.31828E-01    -0.22122E-02
     0.92164E-01    -0.54210E-19     0.36679E-02     0.73225E+00     0.94609E+00     0.00000E+00    -0.30524E+00     0.28297E+02     0.10000E+03     0.28300E+02     0.28300E+04     0.28297E+04     0.73204E-01    -0.45641E-04    -0.99477E-05     0.92657E-03     0.39173E-02     0.31864E-01    -0.23817E-02
     0.10039E+00     0.52855E-18     0.34828E-02     0.75914E+00     0.94210E+00     0.00000E+00    -0.30342E+00     0.28114E+02     0.10000E+03     0.28117E+02     0.28117E+04     0.28114E+04     0.70683E-01    -0.47778E-04    -0.10247E-04     0.10642E-02     0.40992E-02     0.31516E-01    -0.25270E-02
     0.10883E+00     0.27105E-18     0.33246E-02     0.78302E+00     0.93813E+00     0.00000E+00    -0.29780E+00     0.27934E+02     0.10000E+03     0.27937E+02     0.27937E+04     0.27934E+04     0.68121E-01    -0.49512E-04    -0.11050E-04     0.12030E-02     0.42592E-02     0.30856E-01    -0.26491E-02
     0.11749E+00     0.55565E-18     0.32186E-02     0.80432E+00     0.93419E+00     0.00000E+00    -0.28911E+00     0.27755E+02     0.10000E+03     0.27758E+02     0.27758E+04     0.27755E+04     0.65549E-01    -0.50948E-04    -0.12332E-04     0.13418E-02     0.43976E-02     0.29947E-01    -0.27495E-02
     0.12637E+00     0.33881E-18     0.31842E-02     0.82343E+00     0.93029E+00     0.00000E+00    -0.27780E+00     0.27579E+02     0.10000E+03     0.27582E+02     0.27582E+04     0.27579E+04     0.62996E-01    -0.53230E-04    -0.13665E-04     0.14801E-02     0.45123E-02     0.28847E-01    -0.28310E-02
     0.13547E+00     0.27105E-19     0.32260E-02     0.84069E+00     0.92643E+00     0.00000E+00    -0.26482E+00     0.27406E+02     0.10000E+03     0.27409E+02     0.27409E+04     0.27406E+04     0.60485E-01    -0.55361E-04    -0.14674E-04     0.16172E-02     0.45975E-02     0.27607E-01    -0.28964E-02
     0.14477E+00    -0.81315E-19     0.33331E-02     0.85637E+00     0.92262E+00     0.00000E+00    -0.25097E+00     0.27236E+02     0.10000E+03     0.27238E+02     0.27238E+04     0.27236E+04     0.58037E-01    -0.57200E-04    -0.14572E-04     0.17525E-02     0.46460E-02     0.26272E-01    -0.29482E-02
     0.15428E+00    -0.36592E-18     0.34915E-02     0.87069E+00     0.91887E+00     0.00000E+00    -0.23616E+00     0.27069E+02     0.10000E+03     0.27072E+02     0.27072E+04     0.27069E+04     0.55672E-01    -0.58417E-04    -0.13537E-04     0.18846E-02     0.46561E-02     0.24893E-01    -0.29880E-02
     0.16399E+00     0.98933E-18     0.36963E-02     0.88383E+00     0.91517E+00     0.00000E+00    -0.22062E+00     0.26906E+02     0.10000E+03     0.26908E+02     0.26908E+04     0.26906E+04     0.53404E-01    -0.60488E-04    -0.11658E-04     0.20112E-02     0.46335E-02     0.23524E-01    -0.30165E-02
     0.17390E+00    -0.15585E-18     0.39482E-02     0.89595E+00     0.91154E+00     0.00000E+00    -0.20384E+00     0.26746E+02     0.10000E+03     0.26748E+02     0.26748E+04     0.26746E+04     0.51254E-01    -0.63041E-04    -0.99218E-05     0.21299E-02     0.45877E-02     0.22217E-01    -0.30343E-02
     0.18401E+00     0.71151E-18     0.42398E-02     0.90715E+00     0.90797E+00     0.00000E+00    -0.18472E+00     0.26590E+02     0.10000E+03     0.26592E+02     0.26592E+04     0.26590E+04     0.49246E-01    -0.65877E-04    -0.80805E-05     0.22384E-02     0.45285E-02     0.21016E-01    -0.30424E-02
     0.19431E+00     0.52855E-18     0.45480E-02     0.91752E+00     0.90445E+00     0.00000E+00    -0.16360E+00     0.26436E+02     0.10000E+03     0.26438E+02     0.26438E+04     0.26436E+04     0.47406E-01    -0.67375E-04    -0.64397E-05     0.23351E-02     0.44670E-02     0.19943E-01    -0.30426E-02
     0.20480E+00    -0.27105E-19     0.48369E-02     0.92710E+00     0.90098E+00     0.00000E+00    -0.14097E+00     0.26286E+02     0.10000E+03     0.26287E+02     0.26287E+04     0.26286E+04     0.45761E-01    -0.69441E-04    -0.46534E-05     0.24191E-02     0.44140E-02     0.19000E-01    -0.30369E-02
     0.21547E+00     0.15450E-17     0.50621E-02     0.93592E+00     0.89755E+00     0.00000E+00    -0.11873E+00     0.26138E+02     0.10000E+03     0.26139E+02     0.26139E+04     0.26138E+04     0.44327E-01    -0.70022E-04    -0.27075E-05     0.24911E-02     0.43737E-02     0.18159E-01    -0.30258E-02
     0.22633E+00     0.75894E-18     0.51720E-02     0.94405E+00     0.89415E+00     0.00000E+00    -0.98147E-01     0.25992E+02     0.10000E+03     0.25993E+02     0.25993E+04     0.25992E+04     0.43101E-01    -0.70665E-04     0.56897E-06     0.25525E-02     0.43430E-02     0.17379E-01    -0.30078E-02
     0.23737E+00     0.37947E-18     0.51209E-02     0.95156E+00     0.89076E+00     0.00000E+00    -0.80447E-01     0.25847E+02     0.10000E+03     0.25848E+02     0.25848E+04     0.25847E+04     0.42069E-01    -0.69418E-04     0.34013E-05     0.26051E-02     0.43186E-02     0.16630E-01    -0.29810E-02
     0.24859E+00     0.10300E-17     0.48849E-02     0.95856E+00     0.88739E+00     0.00000E+00    -0.65379E-01     0.25703E+02     0.10000E+03     0.25704E+02     0.25704E+04     0.25703E+04     0.41209E-01    -0.67344E-04     0.60178E-05     0.26503E-02     0.42993E-02     0.15905E-01    -0.29445E-02
     0.25997E+00     0.15721E-17     0.44628E-02     0.96514E+00     0.88401E+00     0.00000E+00    -0.52851E-01     0.25560E+02     0.10000E+03     0.25560E+02     0.25560E+04     0.25560E+04     0.40498E-01    -0.63244E-04     0.61576E-05     0.26891E-02     0.42799E-02     0.15209E-01    -0.28987E-02
     0.27153E+00     0.21684E-18     0.38705E-02     0.97139E+00     0.88062E+00     0.00000E+00    -0.42844E-01     0.25416E+02     0.10000E+03     0.25417E+02     0.25417E+04     0.25416E+04     0.39912E-01    -0.59717E-04     0.59678E-05     0.27221E-02     0.42522E-02     0.14548E-01    -0.28451E-02
     0.28325E+00     0.11926E-17     0.31448E-02     0.97741E+00     0.87721E+00     0.00000E+00    -0.35180E-01     0.25273E+02     0.10000E+03     0.25273E+02     0.25273E+04     0.25273E+04     0.39425E-01    -0.57430E-04     0.49906E-05     0.27495E-02     0.42128E-02     0.13922E-01    -0.27854E-02
     0.29514E+00     0.16263E-17     0.23416E-02     0.98325E+00     0.87378E+00     0.00000E+00    -0.29723E-01     0.25129E+02     0.10000E+03     0.25129E+02     0.25129E+04     0.25129E+04     0.39015E-01    -0.53465E-04     0.27201E-05     0.27709E-02     0.41649E-02     0.13314E-01    -0.27227E-02
     0.30719E+00    -0.10842E-18     0.15199E-02     0.98896E+00     0.87032E+00     0.00000E+00    -0.24245E-01     0.24985E+02     0.10000E+03     0.24985E+02     0.24985E+04     0.24985E+04     0.38669E-01    -0.49114E-04    -0.59714E-06     0.27855E-02     0.41171E-02     0.12701E-01    -0.26606E-02
     0.31939E+00     0.32526E-17     0.73986E-03     0.99455E+00     0.86683E+00     0.00000E+00    -0.18349E-01     0.24840E+02     0.10000E+03     0.24840E+02     0.24840E+04     0.24840E+04     0.38385E-01    -0.45912E-04    -0.47650E-05     0.27922E-02     0.40762E-02     0.12069E-01    -0.26019E-02
     0.33174E+00     0.17347E-17     0.54975E-04     0.10000E+01     0.86331E+00     0.00000E+00    -0.10489E-01     0.24694E+02     0.10000E+03     0.24694E+02     0.24694E+04     0.24694E+04     0.38176E-01    -0.44222E-04    -0.91851E-05     0.27905E-02     0.40459E-02     0.11445E-01    -0.25481E-02
     0.34425E+00     0.33610E-17    -0.51154E-03     0.10054E+01     0.85974E+00     0.00000E+00    -0.14483E-02     0.24547E+02     0.10000E+03     0.24547E+02     0.24547E+04     0.24547E+04     0.38059E-01    -0.44251E-04    -0.11309E-04     0.27804E-02     0.40246E-02     0.10872E-01    -0.24995E-02
     0.35690E+00     0.97578E-18    -0.97825E-03     0.10106E+01     0.85612E+00     0.00000E+00     0.79336E-02     0.24398E+02     0.10000E+03     0.24398E+02     0.24398E+04     0.24398E+04     0.38047E-01    -0.45630E-04    -0.10806E-04     0.27630E-02     0.40061E-02     0.10377E-01    -0.24540E-02
     0.36969E+00     0.10842E-18    -0.13889E-02     0.10158E+01     0.85244E+00     0.00000E+00     0.16458E-01     0.24248E+02     0.10000E+03     0.24248E+02     0.24248E+04     0.24248E+04     0.38143E-01    -0.44959E-04    -0.79152E-05     0.27396E-02     0.39837E-02     0.99593E-02    -0.24087E-02
     0.38262E+00     0.22768E-17    -0.17832E-02     0.10209E+01     0.84868E+00     0.00000E+00     0.23942E-01     0.24095E+02     0.10000E+03     0.24095E+02     0.24095E+04     0.24095E+04     0.38339E-01    -0.41996E-04    -0.30695E-05     0.27112E-02     0.39522E-02     0.95999E-02    -0.23617E-02
     0.39569E+00    -0.17347E-17    -0.21871E-02     0.10261E+01     0.84485E+00     0.00000E+00     0.31106E-01     0.23940E+02     0.10000E+03     0.23940E+02     0.23940E+04     0.23940E+04     0.38628E-01    -0.38494E-04    -0.17433E-06     0.26788E-02     0.39071E-02     0.92694E-02    -0.23117E-02
     0.40890E+00     0.10842E-18    -0.26057E-02     0.10314E+01     0.84092E+00     0.00000E+00     0.36842E-01     0.23782E+02     0.10000E+03     0.23782E+02     0.23782E+04     0.23782E+04     0.38989E-01    -0.34998E-04    -0.13304E-05     0.26439E-02     0.38441E-02     0.89439E-02    -0.22586E-02
     0.42223E+00    -0.75894E-18    -0.30206E-02     0.10369E+01     0.83689E+00     0.00000E+00     0.40332E-01     0.23621E+02     0.10000E+03     0.23620E+02     0.23620E+04     0.23621E+04     0.39398E-01    -0.31749E-04    -0.45401E-05     0.26071E-02     0.37628E-02     0.86149E-02    -0.22025E-02
     0.43569E+00    -0.10842E-18    -0.33913E-02     0.10425E+01     0.83276E+00     0.00000E+00     0.42684E-01     0.23456E+02     0.10000E+03     0.23456E+02     0.23456E+04     0.23456E+04     0.39831E-01    -0.26824E-04    -0.84123E-05     0.25679E-02     0.36697E-02     0.82891E-02    -0.21448E-02
     0.44927E+00    -0.15179E-17    -0.36659E-02     0.10484E+01     0.82852E+00     0.00000E+00     0.43619E-01     0.23288E+02     0.10000E+03     0.23288E+02     0.23288E+04     0.23288E+04     0.40282E-01    -0.20977E-04    -0.11976E-04     0.25248E-02     0.35741E-02     0.79821E-02    -0.20869E-02
     0.46297E+00     0.75894E-18    -0.37841E-02     0.10542E+01     0.82417E+00     0.00000E+00     0.42167E-01     0.23117E+02     0.10000E+03     0.23116E+02     0.23116E+04     0.23117E+04     0.40736E-01    -0.15599E-04    -0.14231E-04     0.24774E-02     0.34787E-02     0.77112E-02    -0.20292E-02
     0.47679E+00    -0.20600E-17    -0.36772E-02     0.10602E+01     0.81971E+00     0.00000E+00     0.37765E-01     0.22942E+02     0.10000E+03     0.22941E+02     0.22941E+04     0.22942E+04     0.41165E-01    -0.13450E-04    -0.14725E-04     0.24268E-02     0.33784E-02     0.74803E-02    -0.19705E-02
     0.49072E+00     0.17347E-17    -0.33028E-02     0.10661E+01     0.81514E+00     0.00000E+00     0.32049E-01     0.22764E+02     0.10000E+03     0.22764E+02     0.22764E+04     0.22764E+04     0.41546E-01    -0.13623E-04    -0.14959E-04     0.23750E-02     0.32673E-02     0.72756E-02    -0.19101E-02
     0.50476E+00    -0.21684E-18    -0.26834E-02     0.10719E+01     0.81046E+00     0.00000E+00     0.26419E-01     0.22583E+02     0.10000E+03     0.22583E+02     0.22583E+04     0.22583E+04     0.41869E-01    -0.13549E-04    -0.15832E-04     0.23239E-02     0.31464E-02     0.70744E-02    -0.18483E-02
     0.51891E+00     0.46621E-17    -0.18831E-02     0.10778E+01     0.80569E+00     0.00000E+00     0.19468E-01     0.22399E+02     0.10000E+03     0.22399E+02     0.22399E+04     0.22399E+04     0.42123E-01    -0.12698E-04    -0.16487E-04     0.22744E-02     0.30199E-02     0.68580E-02    -0.17839E-02
     0.53316E+00     0.10842E-18    -0.98509E-03     0.10837E+01     0.80082E+00     0.00000E+00     0.13060E-01     0.22214E+02     0.10000E+03     0.22213E+02     0.22213E+04     0.22214E+04     0.42301E-01    -0.10649E-04    -0.16582E-04     0.22253E-02     0.28941E-02     0.66232E-02    -0.17168E-02
     0.54751E+00     0.32526E-17    -0.74908E-04     0.10895E+01     0.79588E+00     0.00000E+00     0.69219E-02     0.22026E+02     0.10000E+03     0.22026E+02     0.22026E+04     0.22026E+04     0.42400E-01    -0.71512E-05    -0.17448E-04     0.21752E-02     0.27766E-02     0.63734E-02    -0.16475E-02
     0.56196E+00    -0.23852E-17     0.77704E-03     0.10953E+01     0.79085E+00     0.00000E+00     0.30468E-02     0.21836E+02     0.10000E+03     0.21836E+02     0.21836E+04     0.21836E+04     0.42437E-01    -0.44965E-05    -0.16400E-04     0.21227E-02     0.26722E-02     0.61201E-02    -0.15781E-02
     0.57649E+00     0.26021E-17     0.15340E-02     0.11008E+01     0.78576E+00     0.00000E+00     0.21463E-02     0.21646E+02     0.10000E+03     0.21646E+02     0.21646E+04     0.21646E+04     0.42444E-01    -0.42406E-05    -0.14478E-04     0.20673E-02     0.25824E-02     0.58779E-02    -0.15103E-02
     0.59112E+00     0.10842E-17     0.21903E-02     0.11062E+01     0.78060E+00     0.00000E+00     0.36739E-02     0.21454E+02     0.10000E+03     0.21454E+02     0.21454E+04     0.21454E+04     0.42457E-01    -0.40698E-05    -0.12552E-04     0.20098E-02     0.25024E-02     0.56531E-02    -0.14446E-02
     0.60584E+00    -0.21684E-18     0.27509E-02     0.11113E+01     0.77537E+00     0.00000E+00     0.59921E-02     0.21261E+02     0.10000E+03     0.21261E+02     0.21261E+04     0.21261E+04     0.42499E-01    -0.84642E-06    -0.11095E-04     0.19512E-02     0.24240E-02     0.54437E-02    -0.13806E-02
     0.62064E+00    -0.86736E-18     0.32207E-02     0.11163E+01     0.77007E+00     0.00000E+00     0.75212E-02     0.21067E+02     0.10000E+03     0.21067E+02     0.21067E+04     0.21067E+04     0.42569E-01     0.26411E-05    -0.10931E-04     0.18928E-02     0.23424E-02     0.52462E-02    -0.13170E-02
     0.63552E+00     0.22768E-17     0.35845E-02     0.11210E+01     0.76470E+00     0.00000E+00     0.85688E-02     0.20871E+02     0.10000E+03     0.20871E+02     0.20871E+04     0.20871E+04     0.42663E-01     0.48988E-05    -0.11684E-04     0.18354E-02     0.22562E-02     0.50578E-02    -0.12518E-02
     0.65047E+00    -0.19516E-17     0.38171E-02     0.11255E+01     0.75924E+00     0.00000E+00     0.81886E-02     0.20674E+02     0.10000E+03     0.20674E+02     0.20674E+04     0.20674E+04     0.42758E-01     0.59342E-05    -0.12952E-04     0.17799E-02     0.21659E-02     0.48767E-02    -0.11841E-02
     0.66550E+00    -0.21684E-18     0.38950E-02     0.11298E+01     0.75371E+00     0.00000E+00     0.68849E-02     0.20475E+02     0.10000E+03     0.20475E+02     0.20475E+04     0.20475E+04     0.42833E-01     0.67530E-05    -0.15947E-04     0.17272E-02     0.20743E-02     0.47045E-02    -0.11141E-02
     0.68060E+00     0.19516E-17     0.38119E-02     0.11340E+01     0.74810E+00     0.00000E+00     0.56290E-02     0.20276E+02     0.10000E+03     0.20276E+02     0.20276E+04     0.20276E+04     0.42876E-01     0.39936E-05    -0.18394E-04     0.16777E-02     0.19875E-02     0.45430E-02    -0.10433E-02
     0.69576E+00    -0.33610E-17     0.35857E-02     0.11378E+01     0.74242E+00     0.00000E+00     0.53662E-02     0.20075E+02     0.10000E+03     0.20075E+02     0.20075E+04     0.20075E+04     0.42887E-01    -0.44852E-06    -0.20830E-04     0.16308E-02     0.19125E-02     0.43915E-02    -0.97214E-03
     0.71099E+00    -0.21684E-18     0.32512E-02     0.11415E+01     0.73667E+00     0.00000E+00     0.53472E-02     0.19873E+02     0.10000E+03     0.19873E+02     0.19873E+04     0.19873E+04     0.42871E-01    -0.45451E-05    -0.23079E-04     0.15854E-02     0.18523E-02     0.42482E-02    -0.90065E-03
     0.72628E+00     0.14637E-17     0.28541E-02     0.11448E+01     0.73086E+00     0.00000E+00     0.48011E-02     0.19671E+02     0.10000E+03     0.19671E+02     0.19671E+04     0.19671E+04     0.42830E-01    -0.63872E-05    -0.25127E-04     0.15405E-02     0.18042E-02     0.41118E-02    -0.82974E-03
     0.74162E+00    -0.34694E-17     0.24316E-02     0.11478E+01     0.72498E+00     0.00000E+00     0.34110E-02     0.19468E+02     0.10000E+03     0.19468E+02     0.19468E+04     0.19468E+04     0.42756E-01    -0.73878E-05    -0.25066E-04     0.14962E-02     0.17624E-02     0.39836E-02    -0.76184E-03
     0.75702E+00     0.15179E-17     0.19899E-02     0.11505E+01     0.71905E+00     0.00000E+00     0.14569E-02     0.19265E+02     0.10000E+03     0.19265E+02     0.19265E+04     0.19265E+04     0.42644E-01    -0.81167E-05    -0.22346E-04     0.14540E-02     0.17218E-02     0.38638E-02    -0.69975E-03
     0.77247E+00     0.45536E-17     0.15256E-02     0.11528E+01     0.71307E+00     0.00000E+00    -0.27066E-03     0.19062E+02     0.10000E+03     0.19062E+02     0.19062E+04     0.19062E+04     0.42492E-01    -0.75525E-05    -0.18791E-04     0.14162E-02     0.16784E-02     0.37490E-02    -0.64440E-03
     0.78796E+00    -0.54210E-19     0.10652E-02     0.11549E+01     0.70704E+00     0.00000E+00    -0.17993E-02     0.18859E+02     0.10000E+03     0.18859E+02     0.18859E+04     0.18859E+04     0.42309E-01    -0.66819E-05    -0.15880E-04     0.13848E-02     0.16323E-02     0.36345E-02    -0.59330E-03
     0.80350E+00     0.11384E-17     0.65567E-03     0.11567E+01     0.70098E+00     0.00000E+00    -0.34925E-02     0.18657E+02     0.10000E+03     0.18657E+02     0.18657E+04     0.18657E+04     0.42099E-01    -0.52124E-05    -0.13357E-04     0.13602E-02     0.15858E-02     0.35181E-02    -0.54248E-03
     0.81907E+00     0.00000E+00     0.33273E-03     0.11582E+01     0.69488E+00     0.00000E+00    -0.52666E-02     0.18455E+02     0.10000E+03     0.18455E+02     0.18455E+04     0.18455E+04     0.41868E-01    -0.38611E-05    -0.11324E-04     0.13418E-02     0.15409E-02     0.33987E-02    -0.48970E-03
     0.83469E+00    -0.16263E-17     0.11121E-03     0.11596E+01     0.68875E+00     0.00000E+00    -0.70158E-02     0.18254E+02     0.10000E+03     0.18254E+02     0.18254E+04     0.18254E+04     0.41626E-01    -0.85663E-06    -0.82328E-05     0.13285E-02     0.15007E-02     0.32781E-02    -0.43490E-03
     0.85033E+00    -0.12468E-17    -0.13451E-04     0.11607E+01     0.68260E+00     0.00000E+00    -0.90273E-02     0.18053E+02     0.10000E+03     0.18053E+02     0.18053E+04     0.18053E+04     0.41377E-01     0.11929E-05    -0.54153E-05     0.13196E-02     0.14681E-02     0.31597E-02    -0.37921E-03
     0.86601E+00     0.59631E-18    -0.60414E-04     0.11617E+01     0.67642E+00     0.00000E+00    -0.10766E-01     0.17853E+02     0.10000E+03     0.17853E+02     0.17853E+04     0.17853E+04     0.41124E-01     0.36827E-05    -0.63179E-05     0.13144E-02     0.14429E-02     0.30465E-02    -0.32467E-03
     0.88171E+00     0.41742E-17    -0.54463E-04     0.11625E+01     0.67021E+00     0.00000E+00    -0.12490E-01     0.17654E+02     0.10000E+03     0.17655E+02     0.17655E+04     0.17654E+04     0.40863E-01     0.45274E-05    -0.95212E-05     0.13124E-02     0.14246E-02     0.29399E-02    -0.27312E-03
     0.89744E+00     0.52042E-17    -0.19919E-04     0.11630E+01     0.66398E+00     0.00000E+00    -0.15385E-01     0.17457E+02     0.10000E+03     0.17457E+02     0.17457E+04     0.17457E+04     0.40577E-01     0.42983E-05    -0.12975E-04     0.13129E-02     0.14137E-02     0.28436E-02    -0.22493E-03
     0.91319E+00     0.31442E-17     0.23385E-04     0.11633E+01     0.65774E+00     0.00000E+00    -0.18703E-01     0.17260E+02     0.10000E+03     0.17260E+02     0.17260E+04     0.17260E+04     0.40251E-01     0.47623E-05    -0.14745E-04     0.13150E-02     0.14100E-02     0.27643E-02    -0.17916E-03
     0.92895E+00     0.12468E-17     0.62387E-04     0.11634E+01     0.65148E+00     0.00000E+00    -0.20624E-01     0.17065E+02     0.10000E+03     0.17065E+02     0.17065E+04     0.17065E+04     0.39894E-01     0.96204E-05    -0.14554E-04     0.13178E-02     0.14106E-02     0.27075E-02    -0.13476E-03
     0.94473E+00     0.43368E-18     0.86818E-04     0.11632E+01     0.64522E+00     0.00000E+00    -0.18135E-01     0.16872E+02     0.10000E+03     0.16872E+02     0.16872E+04     0.16872E+04     0.39556E-01     0.15965E-04    -0.13213E-04     0.13206E-02     0.14113E-02     0.26739E-02    -0.91583E-04
     0.96051E+00     0.16263E-17     0.81526E-04     0.11628E+01     0.63896E+00     0.00000E+00    -0.10638E-01     0.16680E+02     0.10000E+03     0.16680E+02     0.16680E+04     0.16680E+04     0.39312E-01     0.21217E-04    -0.11714E-04     0.13233E-02     0.14079E-02     0.26596E-02    -0.50557E-04
     0.97631E+00    -0.32526E-18     0.28886E-04     0.11623E+01     0.63268E+00     0.00000E+00     0.82850E-03     0.16488E+02     0.10000E+03     0.16488E+02     0.16488E+04     0.16488E+04     0.39222E-01     0.22480E-04    -0.84317E-05     0.13262E-02     0.13993E-02     0.26592E-02    -0.12913E-04
     0.99210E+00    -0.36863E-17    -0.85787E-04     0.11615E+01     0.62634E+00     0.00000E+00     0.13244E-01     0.16297E+02     0.10000E+03     0.16297E+02     0.16297E+04     0.16297E+04     0.39321E-01     0.21760E-04    -0.47454E-05     0.13305E-02     0.13868E-02     0.26682E-02     0.21148E-04
     0.10079E+01    -0.29273E-17    -0.27747E-03     0.11605E+01     0.61992E+00     0.00000E+00     0.23821E-01     0.16105E+02     0.10000E+03     0.16105E+02     0.16105E+04     0.16105E+04     0.39593E-01     0.21120E-04    -0.18373E-05     0.13376E-02     0.13735E-02     0.26817E-02     0.52945E-04
     0.10237E+01     0.33068E-17    -0.56158E-03     0.11594E+01     0.61339E+00     0.00000E+00     0.28819E-01     0.15911E+02     0.10000E+03     0.15911E+02     0.15911E+04     0.15911E+04     0.39976E-01     0.18397E-04    -0.20387E-05     0.13488E-02     0.13624E-02     0.26941E-02     0.84908E-04
     0.10395E+01     0.97578E-18    -0.94353E-03     0.11581E+01     0.60672E+00     0.00000E+00     0.23903E-01     0.15715E+02     0.10000E+03     0.15715E+02     0.15715E+04     0.15715E+04     0.40352E-01     0.14916E-04    -0.40788E-05     0.13649E-02     0.13568E-02     0.27014E-02     0.11951E-03
     0.10553E+01     0.37405E-17    -0.14051E-02     0.11567E+01     0.59993E+00     0.00000E+00     0.10061E-01     0.15518E+02     0.10000E+03     0.15517E+02     0.15517E+04     0.15518E+04     0.40581E-01     0.12966E-04    -0.46902E-05     0.13864E-02     0.13591E-02     0.27036E-02     0.15826E-03
     0.10711E+01     0.54210E-19    -0.19018E-02     0.11552E+01     0.59305E+00     0.00000E+00    -0.92193E-02     0.15320E+02     0.10000E+03     0.15320E+02     0.15320E+04     0.15320E+04     0.40566E-01     0.11173E-04    -0.19325E-05     0.14133E-02     0.13695E-02     0.27024E-02     0.20140E-03
     0.10868E+01    -0.21142E-17    -0.23769E-02     0.11537E+01     0.58613E+00     0.00000E+00    -0.28142E-01     0.15122E+02     0.10000E+03     0.15123E+02     0.15123E+04     0.15122E+04     0.40277E-01     0.10349E-04     0.41475E-05     0.14448E-02     0.13866E-02     0.27006E-02     0.24804E-03
     0.11026E+01     0.16263E-18    -0.27818E-02     0.11520E+01     0.57922E+00     0.00000E+00    -0.42302E-01     0.14928E+02     0.10000E+03     0.14928E+02     0.14928E+04     0.14928E+04     0.39757E-01     0.11196E-04     0.10375E-04     0.14795E-02     0.14099E-02     0.27039E-02     0.29719E-03
     0.11183E+01    -0.32526E-18    -0.30862E-02     0.11501E+01     0.57237E+00     0.00000E+00    -0.50744E-01     0.14736E+02     0.10000E+03     0.14737E+02     0.14737E+04     0.14736E+04     0.39082E-01     0.11463E-04     0.14864E-04     0.15152E-02     0.14420E-02     0.27197E-02     0.34889E-03
     0.11340E+01     0.27105E-17    -0.32760E-02     0.11480E+01     0.56560E+00     0.00000E+00    -0.54182E-01     0.14548E+02     0.10000E+03     0.14549E+02     0.14549E+04     0.14548E+04     0.38329E-01     0.12186E-04     0.17216E-04     0.15500E-02     0.14866E-02     0.27533E-02     0.40372E-03
     0.11497E+01     0.41200E-17    -0.33451E-02     0.11457E+01     0.55893E+00     0.00000E+00    -0.55262E-01     0.14365E+02     0.10000E+03     0.14365E+02     0.14365E+04     0.14365E+04     0.37550E-01     0.15179E-04     0.20369E-04     0.15826E-02     0.15436E-02     0.28093E-02     0.46243E-03
     0.11653E+01     0.54210E-18    -0.32971E-02     0.11432E+01     0.55235E+00     0.00000E+00    -0.54734E-01     0.14185E+02     0.10000E+03     0.14186E+02     0.14186E+04     0.14185E+04     0.36773E-01     0.21142E-04     0.23332E-04     0.16126E-02     0.16084E-02     0.28961E-02     0.52550E-03
     0.11809E+01    -0.11926E-17    -0.31417E-02     0.11405E+01     0.54587E+00     0.00000E+00    -0.53183E-01     0.14010E+02     0.10000E+03     0.14010E+02     0.14010E+04     0.14010E+04     0.36017E-01     0.26186E-04     0.24963E-04     0.16404E-02     0.16758E-02     0.30191E-02     0.59214E-03
     0.11965E+01     0.43368E-18    -0.28889E-02     0.11377E+01     0.53949E+00     0.00000E+00    -0.49830E-01     0.13838E+02     0.10000E+03     0.13839E+02     0.13839E+04     0.13838E+04     0.35299E-01     0.32442E-04     0.24992E-04     0.16668E-02     0.17418E-02     0.31745E-02     0.66023E-03
     0.12120E+01     0.54210E-19    -0.25607E-02     0.11349E+01     0.53320E+00     0.00000E+00    -0.44628E-01     0.13671E+02     0.10000E+03     0.13671E+02     0.13671E+04     0.13671E+04     0.34656E-01     0.38814E-04     0.24364E-04     0.16923E-02     0.18029E-02     0.33512E-02     0.72722E-03
     0.12275E+01    -0.13010E-17    -0.21947E-02     0.11320E+01     0.52701E+00     0.00000E+00    -0.37777E-01     0.13506E+02     0.10000E+03     0.13507E+02     0.13507E+04     0.13506E+04     0.34120E-01     0.44580E-04     0.22244E-04     0.17170E-02     0.18590E-02     0.35394E-02     0.79147E-03
     0.12430E+01     0.65052E-18    -0.18395E-02     0.11292E+01     0.52089E+00     0.00000E+00    -0.29191E-01     0.13345E+02     0.10000E+03     0.13345E+02     0.13345E+04     0.13345E+04     0.33710E-01     0.47633E-04     0.18130E-04     0.17407E-02     0.19127E-02     0.37330E-02     0.85284E-03
     0.12584E+01    -0.16263E-18    -0.15430E-02     0.11265E+01     0.51482E+00     0.00000E+00    -0.19839E-01     0.13185E+02     0.10000E+03     0.13185E+02     0.13185E+04     0.13185E+04     0.33442E-01     0.50992E-04     0.11587E-04     0.17624E-02     0.19675E-02     0.39246E-02     0.91174E-03
     0.12737E+01     0.81315E-19    -0.13291E-02     0.11238E+01     0.50876E+00     0.00000E+00    -0.11422E-01     0.13027E+02     0.10000E+03     0.13027E+02     0.13027E+04     0.13027E+04     0.33303E-01     0.53155E-04     0.47517E-05     0.17813E-02     0.20281E-02     0.41065E-02     0.96842E-03
     0.12890E+01     0.26563E-17    -0.11950E-02     0.11212E+01     0.50270E+00     0.00000E+00    -0.41389E-02     0.12870E+02     0.10000E+03     0.12870E+02     0.12870E+04     0.12870E+04     0.33268E-01     0.53222E-04    -0.33120E-05     0.17969E-02     0.20975E-02     0.42759E-02     0.10233E-02
     0.13042E+01     0.27105E-18    -0.11388E-02     0.11186E+01     0.49662E+00     0.00000E+00     0.16136E-02     0.12714E+02     0.10000E+03     0.12714E+02     0.12714E+04     0.12714E+04     0.33311E-01     0.49929E-04    -0.10027E-04     0.18093E-02     0.21751E-02     0.44354E-02     0.10772E-02
     0.13194E+01     0.22768E-17    -0.11638E-02     0.11159E+01     0.49049E+00     0.00000E+00     0.60404E-02     0.12558E+02     0.10000E+03     0.12558E+02     0.12558E+04     0.12558E+04     0.33400E-01     0.45951E-04    -0.17002E-04     0.18193E-02     0.22582E-02     0.45906E-02     0.11309E-02
     0.13345E+01    -0.27105E-19    -0.12548E-02     0.11133E+01     0.48431E+00     0.00000E+00     0.92420E-02     0.12402E+02     0.10000E+03     0.12402E+02     0.12402E+04     0.12402E+04     0.33522E-01     0.39046E-04    -0.22521E-04     0.18286E-02     0.23458E-02     0.47466E-02     0.11847E-02
     0.13495E+01     0.24395E-17    -0.13726E-02     0.11107E+01     0.47808E+00     0.00000E+00     0.93862E-02     0.12246E+02     0.10000E+03     0.12246E+02     0.12246E+04     0.12246E+04     0.33649E-01     0.32192E-04    -0.25272E-04     0.18390E-02     0.24372E-02     0.49050E-02     0.12381E-02
     0.13645E+01     0.00000E+00    -0.14832E-02     0.11080E+01     0.47178E+00     0.00000E+00     0.51591E-02     0.12091E+02     0.10000E+03     0.12091E+02     0.12091E+04     0.12091E+04     0.33731E-01     0.25832E-04    -0.24748E-04     0.18527E-02     0.25303E-02     0.50675E-02     0.12906E-02
     0.13794E+01    -0.15450E-17    -0.15794E-02     0.11052E+01     0.46545E+00     0.00000E+00    -0.17014E-02     0.11936E+02     0.10000E+03     0.11936E+02     0.11936E+04     0.11936E+04     0.33724E-01     0.20424E-04    -0.23123E-04     0.18716E-02     0.26210E-02     0.52372E-02     0.13420E-02
     0.13942E+01    -0.81315E-18    -0.16607E-02     0.11023E+01     0.45909E+00     0.00000E+00    -0.84855E-02     0.11782E+02     0.10000E+03     0.11782E+02     0.11782E+04     0.11782E+04     0.33614E-01     0.15115E-04    -0.21166E-04     0.18968E-02     0.27078E-02     0.54157E-02     0.13929E-02
     0.14089E+01    -0.20058E-17    -0.17071E-02     0.10993E+01     0.45273E+00     0.00000E+00    -0.12407E-01     0.11629E+02     0.10000E+03     0.11629E+02     0.11629E+04     0.11629E+04     0.33429E-01     0.13065E-04    -0.17324E-04     0.19278E-02     0.27953E-02     0.56009E-02     0.14443E-02
     0.14235E+01    -0.13281E-17    -0.16761E-02     0.10961E+01     0.44638E+00     0.00000E+00    -0.14570E-01     0.11479E+02     0.10000E+03     0.11479E+02     0.11479E+04     0.11479E+04     0.33213E-01     0.12461E-04    -0.11690E-04     0.19635E-02     0.28866E-02     0.57896E-02     0.14967E-02
     0.14380E+01     0.23852E-17    -0.15240E-02     0.10927E+01     0.44006E+00     0.00000E+00    -0.17115E-01     0.11330E+02     0.10000E+03     0.11330E+02     0.11330E+04     0.11330E+04     0.32983E-01     0.14854E-04    -0.45824E-05     0.20024E-02     0.29777E-02     0.59787E-02     0.15489E-02
     0.14525E+01     0.27105E-18    -0.12403E-02     0.10891E+01     0.43375E+00     0.00000E+00    -0.20032E-01     0.11184E+02     0.10000E+03     0.11184E+02     0.11184E+04     0.11184E+04     0.32730E-01     0.18549E-04     0.13631E-05     0.20433E-02     0.30648E-02     0.61726E-02     0.15996E-02
     0.14668E+01     0.16263E-17    -0.86274E-03     0.10853E+01     0.42748E+00     0.00000E+00    -0.21439E-01     0.11039E+02     0.10000E+03     0.11039E+02     0.11039E+04     0.11039E+04     0.32460E-01     0.24046E-04     0.43675E-05     0.20845E-02     0.31507E-02     0.63832E-02     0.16495E-02
     0.14811E+01     0.86736E-18    -0.45230E-03     0.10815E+01     0.42124E+00     0.00000E+00    -0.21188E-01     0.10897E+02     0.10000E+03     0.10897E+02     0.10897E+04     0.10897E+04     0.32191E-01     0.30893E-04     0.40611E-05     0.21247E-02     0.32434E-02     0.66167E-02     0.16989E-02
     0.14952E+01    -0.28731E-17    -0.58272E-04     0.10775E+01     0.41504E+00     0.00000E+00    -0.20676E-01     0.10757E+02     0.10000E+03     0.10757E+02     0.10757E+04     0.10757E+04     0.31928E-01     0.36307E-04     0.89231E-06     0.21640E-02     0.33493E-02     0.68672E-02     0.17469E-02
     0.15093E+01     0.23310E-17     0.28438E-03     0.10735E+01     0.40887E+00     0.00000E+00    -0.19818E-01     0.10619E+02     0.10000E+03     0.10619E+02     0.10619E+04     0.10619E+04     0.31672E-01     0.39712E-04    -0.30418E-05     0.22032E-02     0.34646E-02     0.71200E-02     0.17924E-02
     0.15232E+01     0.00000E+00     0.54556E-03     0.10694E+01     0.40274E+00     0.00000E+00    -0.19686E-01     0.10483E+02     0.10000E+03     0.10484E+02     0.10484E+04     0.10483E+04     0.31429E-01     0.42657E-04    -0.43693E-05     0.22428E-02     0.35810E-02     0.73648E-02     0.18345E-02
     0.15370E+01    -0.54210E-18     0.69354E-03     0.10652E+01     0.39665E+00     0.00000E+00    -0.19680E-01     0.10350E+02     0.10000E+03     0.10350E+02     0.10350E+04     0.10350E+04     0.31202E-01     0.48058E-04    -0.37884E-05     0.22829E-02     0.36902E-02     0.76010E-02     0.18736E-02
     0.15507E+01     0.86736E-18     0.68173E-03     0.10607E+01     0.39061E+00     0.00000E+00    -0.22549E-01     0.10218E+02     0.10000E+03     0.10219E+02     0.10219E+04     0.10218E+04     0.30969E-01     0.52842E-04    -0.12860E-05     0.23233E-02     0.37847E-02     0.78342E-02     0.19124E-02
     0.15643E+01     0.32526E-18     0.46824E-03     0.10560E+01     0.38461E+00     0.00000E+00    -0.27709E-01     0.10089E+02     0.10000E+03     0.10089E+02     0.10089E+04     0.10089E+04     0.30705E-01     0.55908E-04     0.15787E-05     0.23638E-02     0.38602E-02     0.80738E-02     0.19539E-02
     0.15778E+01    -0.75894E-18     0.59877E-04     0.10511E+01     0.37867E+00     0.00000E+00    -0.32667E-01     0.99620E+01     0.10000E+03     0.99623E+01     0.99623E+03     0.99620E+03     0.30395E-01     0.56412E-04     0.23850E-05     0.24045E-02     0.39187E-02     0.83284E-02     0.19996E-02
     0.15911E+01    -0.65052E-18    -0.48011E-03     0.10460E+01     0.37281E+00     0.00000E+00    -0.31851E-01     0.98376E+01     0.10000E+03     0.98379E+01     0.98379E+03     0.98376E+03     0.30074E-01     0.52973E-04     0.24278E-05     0.24457E-02     0.39720E-02     0.86015E-02     0.20479E-02
     0.16043E+01    -0.21684E-18    -0.10580E-02     0.10406E+01     0.36703E+00     0.00000E+00    -0.23322E-01     0.97157E+01     0.10000E+03     0.97160E+01     0.97160E+03     0.97157E+03     0.29814E-01     0.48298E-04     0.16971E-05     0.24877E-02     0.40354E-02     0.88872E-02     0.20950E-02
     0.16174E+01     0.13010E-17    -0.15861E-02     0.10349E+01     0.36130E+00     0.00000E+00    -0.11029E-01     0.95960E+01     0.10000E+03     0.95961E+01     0.95961E+03     0.95960E+03     0.29685E-01     0.43359E-04    -0.15067E-05     0.25288E-02     0.41144E-02     0.91875E-02     0.21399E-02
     0.16303E+01    -0.86736E-18    -0.20073E-02     0.10289E+01     0.35559E+00     0.00000E+00     0.10850E-02     0.94776E+01     0.10000E+03     0.94776E+01     0.94776E+03     0.94776E+03     0.29705E-01     0.39798E-04    -0.31589E-05     0.25662E-02     0.42065E-02     0.95206E-02     0.21818E-02
     0.16431E+01    -0.32526E-18    -0.22955E-02     0.10227E+01     0.34988E+00     0.00000E+00     0.10911E-01     0.93602E+01     0.10000E+03     0.93601E+01     0.93601E+03     0.93602E+03     0.29860E-01     0.36915E-04    -0.38934E-05     0.25971E-02     0.43088E-02     0.98960E-02     0.22212E-02
     0.16558E+01     0.75894E-18    -0.24558E-02     0.10162E+01     0.34414E+00     0.00000E+00     0.17217E-01     0.92432E+01     0.10000E+03     0.92431E+01     0.92431E+03     0.92432E+03     0.30111E-01     0.34519E-04    -0.15766E-05     0.26203E-02     0.44186E-02     0.10314E-01     0.22593E-02
     0.16683E+01     0.97578E-18    -0.25188E-02     0.10095E+01     0.33836E+00     0.00000E+00     0.21149E-01     0.91265E+01     0.10000E+03     0.91262E+01     0.91262E+03     0.91265E+03     0.30429E-01     0.29593E-04     0.28957E-05     0.26357E-02     0.45253E-02     0.10783E-01     0.22984E-02
     0.16806E+01    -0.75894E-18    -0.25220E-02     0.10027E+01     0.33253E+00     0.00000E+00     0.21378E-01     0.90097E+01     0.10000E+03     0.90095E+01     0.90095E+03     0.90097E+03     0.30778E-01     0.24346E-04     0.85204E-05     0.26441E-02     0.46134E-02     0.11312E-01     0.23401E-02
     0.16928E+01     0.10842E-17    -0.24885E-02     0.99568E+00     0.32664E+00     0.00000E+00     0.18756E-01     0.88931E+01     0.10000E+03     0.88929E+01     0.88929E+03     0.88931E+03     0.31117E-01     0.19069E-04     0.13181E-04     0.26463E-02     0.46764E-02     0.11886E-01     0.23860E-02
     0.17049E+01     0.59631E-18    -0.24209E-02     0.98866E+00     0.32071E+00     0.00000E+00     0.16375E-01     0.87768E+01     0.10000E+03     0.87766E+01     0.87766E+03     0.87768E+03     0.31420E-01     0.15432E-04     0.15651E-04     0.26432E-02     0.47181E-02     0.12464E-01     0.24345E-02
     0.17167E+01     0.37947E-18    -0.23091E-02     0.98157E+00     0.31476E+00     0.00000E+00     0.13723E-01     0.86610E+01     0.10000E+03     0.86608E+01     0.86608E+03     0.86610E+03     0.31689E-01     0.12176E-04     0.17184E-04     0.26352E-02     0.47454E-02     0.12995E-01     0.24823E-02
     0.17285E+01     0.19516E-17    -0.21475E-02     0.97434E+00     0.30878E+00     0.00000E+00     0.14024E-01     0.85458E+01     0.10000E+03     0.85457E+01     0.85457E+03     0.85458E+03     0.31938E-01     0.12390E-04     0.18152E-04     0.26216E-02     0.47624E-02     0.13465E-01     0.25277E-02
     0.17400E+01     0.75894E-18    -0.19475E-02     0.96684E+00     0.30279E+00     0.00000E+00     0.16664E-01     0.84315E+01     0.10000E+03     0.84313E+01     0.84313E+03     0.84315E+03     0.32194E-01     0.13080E-04     0.15344E-04     0.26004E-02     0.47672E-02     0.13904E-01     0.25712E-02
     0.17514E+01     0.65052E-18    -0.17218E-02     0.95900E+00     0.29678E+00     0.00000E+00     0.23153E-01     0.83179E+01     0.10000E+03     0.83176E+01     0.83176E+03     0.83179E+03     0.32492E-01     0.13236E-04     0.12546E-04     0.25702E-02     0.47589E-02     0.14356E-01     0.26138E-02
     0.17626E+01     0.32526E-18    -0.14706E-02     0.95079E+00     0.29075E+00     0.00000E+00     0.32015E-01     0.82049E+01     0.10000E+03     0.82046E+01     0.82046E+03     0.82049E+03     0.32864E-01     0.14177E-04     0.99365E-05     0.25313E-02     0.47396E-02     0.14839E-01     0.26555E-02
     0.17737E+01     0.43368E-18    -0.11815E-02     0.94217E+00     0.28467E+00     0.00000E+00     0.43338E-01     0.80923E+01     0.10000E+03     0.80919E+01     0.80919E+03     0.80923E+03     0.33332E-01     0.15868E-04     0.61045E-05     0.24848E-02     0.47111E-02     0.15362E-01     0.26956E-02
     0.17845E+01    -0.10842E-18    -0.82927E-03     0.93309E+00     0.27854E+00     0.00000E+00     0.58148E-01     0.79799E+01     0.10000E+03     0.79793E+01     0.79793E+03     0.79799E+03     0.33922E-01     0.15657E-04     0.26243E-05     0.24312E-02     0.46791E-02     0.15940E-01     0.27333E-02
     0.17952E+01     0.75894E-18    -0.37960E-03     0.92347E+00     0.27232E+00     0.00000E+00     0.74675E-01     0.78672E+01     0.10000E+03     0.78664E+01     0.78664E+03     0.78672E+03     0.34658E-01     0.16785E-04     0.11356E-05     0.23697E-02     0.46493E-02     0.16601E-01     0.27686E-02
     0.18057E+01     0.10842E-18     0.19006E-03     0.91327E+00     0.26600E+00     0.00000E+00     0.92631E-01     0.77538E+01     0.10000E+03     0.77529E+01     0.77529E+03     0.77538E+03     0.35554E-01     0.18133E-04     0.14016E-06     0.22995E-02     0.46229E-02     0.17364E-01     0.28016E-02
     0.18160E+01    -0.75894E-18     0.86247E-03     0.90250E+00     0.25954E+00     0.00000E+00     0.11280E+00     0.76395E+01     0.10000E+03     0.76383E+01     0.76383E+03     0.76395E+03     0.36626E-01     0.18248E-04     0.64388E-06     0.22196E-02     0.45975E-02     0.18225E-01     0.28309E-02
     0.18261E+01     0.19516E-17     0.15737E-02     0.89111E+00     0.25291E+00     0.00000E+00     0.13541E+00     0.75236E+01     0.10000E+03     0.75223E+01     0.75223E+03     0.75236E+03     0.37895E-01     0.19767E-04     0.14618E-05     0.21305E-02     0.45712E-02     0.19148E-01     0.28539E-02
     0.18360E+01    -0.10842E-18     0.22405E-02     0.87901E+00     0.24611E+00     0.00000E+00     0.16190E+00     0.74059E+01     0.10000E+03     0.74043E+01     0.74043E+03     0.74059E+03     0.39386E-01     0.21182E-04     0.25507E-05     0.20328E-02     0.45414E-02     0.20088E-01     0.28675E-02
     0.18457E+01    -0.54210E-19     0.27930E-02     0.86602E+00     0.23908E+00     0.00000E+00     0.19208E+00     0.72858E+01     0.10000E+03     0.72838E+01     0.72838E+03     0.72858E+03     0.41126E-01     0.21202E-04     0.33307E-05     0.19274E-02     0.45017E-02     0.21018E-01     0.28690E-02
     0.18552E+01    -0.16263E-18     0.31905E-02     0.85191E+00     0.23179E+00     0.00000E+00     0.22584E+00     0.71627E+01     0.10000E+03     0.71605E+01     0.71605E+03     0.71627E+03     0.43137E-01     0.20465E-04     0.44073E-05     0.18141E-02     0.44425E-02     0.21941E-01     0.28568E-02
     0.18645E+01     0.70473E-18     0.34253E-02     0.83642E+00     0.22420E+00     0.00000E+00     0.26154E+00     0.70362E+01     0.10000E+03     0.70336E+01     0.70336E+03     0.70362E+03     0.45429E-01     0.18374E-04     0.54603E-05     0.16923E-02     0.43569E-02     0.22871E-01     0.28300E-02
     0.18736E+01     0.54210E-19     0.35155E-02     0.81928E+00     0.21626E+00     0.00000E+00     0.29891E+00     0.69058E+01     0.10000E+03     0.69028E+01     0.69028E+03     0.69058E+03     0.48006E-01     0.16886E-04     0.68883E-05     0.15618E-02     0.42453E-02     0.23823E-01     0.27874E-02
     0.18825E+01     0.70473E-18     0.34968E-02     0.80019E+00     0.20795E+00     0.00000E+00     0.33739E+00     0.67710E+01     0.10000E+03     0.67676E+01     0.67676E+03     0.67710E+03     0.50865E-01     0.15176E-04     0.79152E-05     0.14233E-02     0.41153E-02     0.24792E-01     0.27280E-02
     0.18912E+01     0.54210E-18     0.34128E-02     0.77887E+00     0.19921E+00     0.00000E+00     0.37551E+00     0.66315E+01     0.10000E+03     0.66277E+01     0.66277E+03     0.66315E+03     0.53991E-01     0.13812E-04     0.85783E-05     0.12784E-02     0.39721E-02     0.25746E-01     0.26501E-02
     0.18996E+01     0.43368E-18     0.33009E-02     0.75503E+00     0.19003E+00     0.00000E+00     0.41208E+00     0.64870E+01     0.10000E+03     0.64829E+01     0.64829E+03     0.64870E+03     0.57357E-01     0.12641E-04     0.79928E-05     0.11294E-02     0.38129E-02     0.26629E-01     0.25514E-02
     0.19078E+01     0.65052E-18     0.31839E-02     0.72834E+00     0.18035E+00     0.00000E+00     0.44408E+00     0.63375E+01     0.10000E+03     0.63331E+01     0.63331E+03     0.63375E+03     0.60918E-01     0.11662E-04     0.72374E-05     0.97930E-03     0.36310E-02     0.27364E-01     0.24295E-02
     0.19158E+01     0.59631E-18     0.30699E-02     0.69847E+00     0.17018E+00     0.00000E+00     0.46906E+00     0.61831E+01     0.10000E+03     0.61784E+01     0.61784E+03     0.61831E+03     0.64616E-01     0.10862E-04     0.74477E-05     0.83149E-03     0.34234E-02     0.27867E-01     0.22816E-02
     0.19236E+01    -0.21684E-18     0.29568E-02     0.66507E+00     0.15951E+00     0.00000E+00     0.48459E+00     0.60240E+01     0.10000E+03     0.60191E+01     0.60191E+03     0.60240E+03     0.68370E-01     0.99961E-05     0.78001E-05     0.68957E-03     0.31928E-02     0.28043E-01     0.21059E-02
     0.19311E+01     0.32526E-18     0.28356E-02     0.62781E+00     0.14834E+00     0.00000E+00     0.48782E+00     0.58608E+01     0.10000E+03     0.58559E+01     0.58559E+03     0.58608E+03     0.72085E-01     0.94121E-05     0.82505E-05     0.55675E-03     0.29467E-02     0.27767E-01     0.19013E-02
     0.19384E+01     0.36592E-18     0.26952E-02     0.58640E+00     0.13670E+00     0.00000E+00     0.47570E+00     0.56942E+01     0.10000E+03     0.56894E+01     0.56894E+03     0.56942E+03     0.75654E-01     0.96645E-05     0.85128E-05     0.43573E-03     0.26923E-02     0.26903E-01     0.16687E-02
     0.19455E+01     0.37947E-18     0.25253E-02     0.54069E+00     0.12463E+00     0.00000E+00     0.44512E+00     0.55252E+01     0.10000E+03     0.55207E+01     0.55207E+03     0.55252E+03     0.78959E-01     0.10008E-04     0.81625E-05     0.32870E-03     0.24333E-02     0.25332E-01     0.14124E-02
     0.19523E+01    -0.67763E-19     0.23204E-02     0.49070E+00     0.11219E+00     0.00000E+00     0.39364E+00     0.53551E+01     0.10000E+03     0.53511E+01     0.53511E+03     0.53551E+03     0.81872E-01     0.99854E-05     0.73068E-05     0.23728E-03     0.21695E-02     0.22991E-01     0.11408E-02
     0.19589E+01     0.16263E-18     0.20817E-02     0.43677E+00     0.99480E-01     0.00000E+00     0.31993E+00     0.51853E+01     0.10000E+03     0.51821E+01     0.51821E+03     0.51853E+03     0.84267E-01     0.96933E-05     0.62132E-05     0.16229E-03     0.18981E-02     0.19910E-01     0.86733E-03
     0.19652E+01     0.60986E-19     0.18160E-02     0.37952E+00     0.86590E-01     0.00000E+00     0.22471E+00     0.50174E+01     0.10000E+03     0.50151E+01     0.50151E+03     0.50174E+03     0.86034E-01     0.90412E-05     0.50276E-05     0.10360E-03     0.16156E-02     0.16246E-01     0.60988E-03
     0.19713E+01     0.15924E-18     0.15327E-02     0.31990E+00     0.73638E-01     0.00000E+00     0.10686E+00     0.48530E+01     0.10000E+03     0.48519E+01     0.48519E+03     0.48530E+03     0.87069E-01     0.81350E-05     0.40178E-05     0.60239E-04     0.13197E-02     0.12289E-01     0.38742E-03
     0.19771E+01     0.14908E-18     0.12402E-02     0.25908E+00     0.60733E-01     0.00000E+00    -0.48681E-01     0.46935E+01     0.10000E+03     0.46940E+01     0.46940E+03     0.46935E+03     0.87228E-01     0.70258E-05     0.31916E-05     0.30670E-04     0.10128E-02     0.84318E-02     0.21500E-03
     0.19826E+01     0.78774E-19     0.94680E-03     0.19833E+00     0.47948E-01     0.00000E+00    -0.30379E+00     0.45398E+01     0.10000E+03     0.45428E+01     0.45428E+03     0.45398E+03     0.86184E-01     0.57814E-05     0.24559E-05     0.12760E-04     0.70397E-03     0.50742E-02     0.98780E-04
     0.19879E+01     0.47434E-19     0.66016E-03     0.13877E+00     0.35238E-01     0.00000E+00    -0.86100E+00     0.43911E+01     0.10000E+03     0.43997E+01     0.43997E+03     0.43911E+03     0.83087E-01     0.44897E-05     0.17354E-05     0.37772E-05     0.41255E-03     0.25121E-02     0.33874E-04
     0.19929E+01    -0.84068E-19     0.38549E-03     0.81264E-01     0.22278E-01     0.00000E+00    -0.22923E+01     0.42437E+01     0.10000E+03     0.42666E+01     0.42666E+03     0.42437E+03     0.76087E-01     0.32695E-05     0.10974E-05     0.55823E-06     0.17031E-03     0.86331E-03     0.66584E-05
     0.19977E+01     0.00000E+00     0.12482E-03     0.26373E-01     0.81141E-02     0.00000E+00    -0.56649E+01     0.40873E+01     0.10000E+03     0.41440E+01     0.41440E+03     0.40873E+03     0.61956E-01     0.12768E-05     0.31521E-06     0.80715E-08     0.21668E-04     0.90976E-04     0.21690E-06
