     0.23093E-02     0.10246E-02     0.17118E+01     0.50369E-01     0.67391E-01     0.26432E-11     0.67391E+01     0.50369E+01    -0.41872E-25     0.51609E-02     0.69023E-02     0.35425E-28     0.51609E-04     0.30713E+02     0.99694E+00     0.10000E+03     0.30661E+02
     0.70633E-02     0.23638E-02     0.44620E+00     0.11554E+00     0.11897E+00     0.26432E-11     0.11897E+02     0.11554E+02    -0.17694E-26     0.27311E-01     0.28116E-01     0.35117E-28     0.27311E-03     0.30518E+02     0.99296E+00     0.10000E+03     0.30507E+02
     0.12087E-01     0.34275E-02     0.37026E+00     0.16677E+00     0.16702E+00     0.26432E-11     0.16702E+02     0.16677E+02    -0.62091E-26     0.57160E-01     0.57233E-01     0.26557E-27     0.57160E-03     0.30366E+02     0.98984E+00     0.10000E+03     0.30364E+02
     0.17376E-01     0.44874E-02     0.43206E+00     0.21737E+00     0.21680E+00     0.26432E-11     0.21680E+02     0.21737E+02     0.11184E-25     0.97542E-01     0.97270E-01    -0.10998E-26     0.97542E-03     0.30217E+02     0.98677E+00     0.10000E+03     0.30217E+02
     0.22928E-01     0.55964E-02     0.49105E+00     0.26985E+00     0.26872E+00     0.26432E-11     0.26872E+02     0.26985E+02    -0.29281E-25     0.15101E+00     0.15036E+00     0.41879E-27     0.15101E-02     0.30063E+02     0.98359E+00     0.10000E+03     0.30063E+02
     0.28739E-01     0.67623E-02     0.54785E+00     0.32451E+00     0.32283E+00     0.26432E-11     0.32283E+02     0.32451E+02    -0.75399E-26     0.21944E+00     0.21828E+00    -0.26116E-27     0.21944E-02     0.29903E+02     0.98028E+00     0.10000E+03     0.29904E+02
     0.34807E-01     0.79814E-02     0.60234E+00     0.38114E+00     0.37889E+00     0.26432E-11     0.37889E+02     0.38114E+02     0.88226E-26     0.30418E+00     0.30236E+00     0.45217E-27     0.30418E-02     0.29738E+02     0.97683E+00     0.10000E+03     0.29739E+02
     0.41127E-01     0.92462E-02     0.65448E+00     0.43933E+00     0.43653E+00     0.26432E-11     0.43653E+02     0.43933E+02     0.25483E-25     0.40619E+00     0.40356E+00    -0.50645E-27     0.40619E-02     0.29567E+02     0.97326E+00     0.10000E+03     0.29569E+02
     0.47696E-01     0.10548E-01     0.70435E+00     0.49866E+00     0.49533E+00     0.26432E-11     0.49533E+02     0.49866E+02    -0.32103E-25     0.52596E+00     0.52241E+00     0.67231E-27     0.52596E-02     0.29392E+02     0.96958E+00     0.10000E+03     0.29394E+02
     0.54512E-01     0.11879E-01     0.75213E+00     0.55868E+00     0.55487E+00     0.26432E-11     0.55487E+02     0.55868E+02     0.35644E-25     0.66361E+00     0.65904E+00    -0.98608E-29     0.66361E-02     0.29214E+02     0.96580E+00     0.10000E+03     0.29216E+02
     0.61570E-01     0.13230E-01     0.79777E+00     0.61898E+00     0.61475E+00     0.26432E-11     0.61475E+02     0.61898E+02     0.35341E-26     0.81882E+00     0.81317E+00     0.43634E-27     0.81882E-02     0.29032E+02     0.96194E+00     0.10000E+03     0.29035E+02
     0.68868E-01     0.14592E-01     0.84023E+00     0.67917E+00     0.67458E+00     0.26432E-11     0.67458E+02     0.67917E+02    -0.11196E-25     0.99095E+00     0.98420E+00    -0.88510E-27     0.99095E-02     0.28849E+02     0.95802E+00     0.10000E+03     0.28852E+02
     0.76401E-01     0.15959E-01     0.87821E+00     0.73890E+00     0.73401E+00     0.26432E-11     0.73401E+02     0.73890E+02     0.15165E-25     0.11791E+01     0.11712E+01    -0.58376E-28     0.11791E-01     0.28665E+02     0.95407E+00     0.10000E+03     0.28668E+02
     0.84168E-01     0.17324E-01     0.91229E+00     0.79787E+00     0.79273E+00     0.26432E-11     0.79273E+02     0.79787E+02    -0.21331E-26     0.13820E+01     0.13731E+01    -0.74330E-27     0.13820E-01     0.28481E+02     0.95008E+00     0.10000E+03     0.28484E+02
     0.92164E-01     0.18680E-01     0.94328E+00     0.85579E+00     0.85044E+00     0.26432E-11     0.85044E+02     0.85579E+02     0.16080E-25     0.15983E+01     0.15883E+01     0.60782E-27     0.15983E-01     0.28297E+02     0.94609E+00     0.10000E+03     0.28300E+02
     0.10039E+00     0.20020E-01     0.97228E+00     0.91234E+00     0.90683E+00     0.26432E-11     0.90683E+02     0.91234E+02     0.89741E-26     0.18262E+01     0.18151E+01    -0.11636E-27     0.18262E-01     0.28114E+02     0.94210E+00     0.10000E+03     0.28117E+02
     0.10883E+00     0.21336E-01     0.99879E+00     0.96723E+00     0.96159E+00     0.26432E-11     0.96159E+02     0.96723E+02     0.16156E-26     0.20633E+01     0.20512E+01     0.29740E-27     0.20633E-01     0.27934E+02     0.93813E+00     0.10000E+03     0.27937E+02
     0.11749E+00     0.22621E-01     0.10219E+01     0.10202E+01     0.10144E+01     0.26432E-11     0.10144E+03     0.10202E+03     0.75731E-28     0.23072E+01     0.22942E+01     0.10642E-26     0.23072E-01     0.27755E+02     0.93419E+00     0.10000E+03     0.27758E+02
     0.12637E+00     0.23868E-01     0.10395E+01     0.10709E+01     0.10651E+01     0.26432E-11     0.10651E+03     0.10709E+03     0.82294E-26     0.25554E+01     0.25415E+01    -0.70051E-27     0.25554E-01     0.27579E+02     0.93029E+00     0.10000E+03     0.27582E+02
     0.13547E+00     0.25073E-01     0.10506E+01     0.11192E+01     0.11135E+01     0.26432E-11     0.11135E+03     0.11192E+03    -0.53769E-26     0.28055E+01     0.27910E+01     0.43900E-27     0.28055E-01     0.27406E+02     0.92643E+00     0.10000E+03     0.27409E+02
     0.14477E+00     0.26233E-01     0.10540E+01     0.11652E+01     0.11596E+01     0.26432E-11     0.11596E+03     0.11652E+03     0.20447E-26     0.30560E+01     0.30410E+01    -0.29385E-27     0.30560E-01     0.27236E+02     0.92262E+00     0.10000E+03     0.27238E+02
     0.15428E+00     0.27353E-01     0.10497E+01     0.12090E+01     0.12035E+01     0.26432E-11     0.12035E+03     0.12090E+03     0.11637E-25     0.33062E+01     0.32908E+01    -0.85197E-28     0.33062E-01     0.27069E+02     0.91887E+00     0.10000E+03     0.27072E+02
     0.16399E+00     0.28437E-01     0.10438E+01     0.12509E+01     0.12454E+01     0.26432E-11     0.12454E+03     0.12509E+03     0.43924E-26     0.35560E+01     0.35404E+01     0.29977E-28     0.35560E-01     0.26906E+02     0.91517E+00     0.10000E+03     0.26908E+02
     0.17390E+00     0.29490E-01     0.10405E+01     0.12910E+01     0.12857E+01     0.26432E-11     0.12857E+03     0.12910E+03     0.48215E-26     0.38060E+01     0.37901E+01     0.71786E-27     0.38060E-01     0.26746E+02     0.91154E+00     0.10000E+03     0.26748E+02
     0.18401E+00     0.30518E-01     0.10382E+01     0.13297E+01     0.13245E+01     0.26432E-11     0.13245E+03     0.13297E+03     0.10375E-25     0.40566E+01     0.40405E+01     0.33605E-27     0.40566E-01     0.26590E+02     0.90797E+00     0.10000E+03     0.26592E+02
     0.19431E+00     0.31523E-01     0.10358E+01     0.13671E+01     0.13619E+01     0.26432E-11     0.13619E+03     0.13671E+03    -0.55536E-27     0.43080E+01     0.42916E+01     0.33763E-27     0.43080E-01     0.26436E+02     0.90445E+00     0.10000E+03     0.26438E+02
     0.20480E+00     0.32506E-01     0.10374E+01     0.14033E+01     0.13982E+01     0.26432E-11     0.13982E+03     0.14033E+03    -0.12445E-25     0.45598E+01     0.45431E+01     0.21220E-27     0.45598E-01     0.26286E+02     0.90098E+00     0.10000E+03     0.26287E+02
     0.21547E+00     0.33468E-01     0.10414E+01     0.14382E+01     0.14331E+01     0.26432E-11     0.14331E+03     0.14382E+03     0.23552E-25     0.48112E+01     0.47942E+01    -0.60427E-27     0.48112E-01     0.26138E+02     0.89755E+00     0.10000E+03     0.26139E+02
     0.22633E+00     0.34405E-01     0.10478E+01     0.14717E+01     0.14667E+01     0.26432E-11     0.14667E+03     0.14717E+03     0.93906E-26     0.50613E+01     0.50439E+01     0.46701E-27     0.50613E-01     0.25992E+02     0.89415E+00     0.10000E+03     0.25993E+02
     0.23737E+00     0.35315E-01     0.10609E+01     0.15039E+01     0.14988E+01     0.26432E-11     0.14988E+03     0.15039E+03    -0.14212E-25     0.53085E+01     0.52908E+01    -0.40784E-27     0.53085E-01     0.25847E+02     0.89076E+00     0.10000E+03     0.25848E+02
     0.24859E+00     0.36197E-01     0.10697E+01     0.15344E+01     0.15295E+01     0.26432E-11     0.15295E+03     0.15344E+03    -0.66138E-26     0.55515E+01     0.55335E+01     0.26032E-27     0.55515E-01     0.25703E+02     0.88739E+00     0.10000E+03     0.25704E+02
     0.25997E+00     0.37049E-01     0.10737E+01     0.15634E+01     0.15585E+01     0.26432E-11     0.15585E+03     0.15634E+03    -0.11233E-25     0.57894E+01     0.57710E+01     0.79517E-27     0.57894E-01     0.25560E+02     0.88401E+00     0.10000E+03     0.25560E+02
     0.27153E+00     0.37874E-01     0.10726E+01     0.15909E+01     0.15860E+01     0.26432E-11     0.15860E+03     0.15909E+03    -0.23729E-26     0.60222E+01     0.60036E+01     0.54668E-27     0.60222E-01     0.25416E+02     0.88062E+00     0.10000E+03     0.25417E+02
     0.28325E+00     0.38677E-01     0.10653E+01     0.16172E+01     0.16123E+01     0.26432E-11     0.16123E+03     0.16172E+03    -0.12874E-25     0.62513E+01     0.62325E+01    -0.52065E-27     0.62513E-01     0.25273E+02     0.87721E+00     0.10000E+03     0.25273E+02
     0.29514E+00     0.39466E-01     0.10588E+01     0.16425E+01     0.16377E+01     0.26432E-11     0.16377E+03     0.16425E+03     0.15601E-25     0.64784E+01     0.64594E+01    -0.45912E-27     0.64784E-01     0.25129E+02     0.87378E+00     0.10000E+03     0.25129E+02
     0.30719E+00     0.40246E-01     0.10618E+01     0.16670E+01     0.16623E+01     0.26432E-11     0.16623E+03     0.16670E+03    -0.11713E-25     0.67049E+01     0.66857E+01     0.85197E-27     0.67049E-01     0.24985E+02     0.87032E+00     0.10000E+03     0.24985E+02
     0.31939E+00     0.41019E-01     0.10721E+01     0.16910E+01     0.16863E+01     0.26432E-11     0.16863E+03     0.16910E+03     0.57555E-26     0.69317E+01     0.69122E+01     0.48673E-27     0.69317E-01     0.24840E+02     0.86683E+00     0.10000E+03     0.24840E+02
     0.33174E+00     0.41786E-01     0.10840E+01     0.17145E+01     0.17097E+01     0.26432E-11     0.17097E+03     0.17145E+03    -0.61594E-26     0.71591E+01     0.71392E+01     0.25244E-28     0.71591E-01     0.24694E+02     0.86331E+00     0.10000E+03     0.24694E+02
     0.34425E+00     0.42545E-01     0.10934E+01     0.17375E+01     0.17327E+01     0.26432E-11     0.17327E+03     0.17375E+03     0.80779E-27     0.73866E+01     0.73663E+01     0.10886E-27     0.73866E-01     0.24547E+02     0.85974E+00     0.10000E+03     0.24547E+02
     0.35690E+00     0.43295E-01     0.11023E+01     0.17599E+01     0.17551E+01     0.26432E-11     0.17551E+03     0.17599E+03    -0.17670E-26     0.76137E+01     0.75930E+01     0.29030E-27     0.76137E-01     0.24398E+02     0.85612E+00     0.10000E+03     0.24398E+02
     0.36969E+00     0.44035E-01     0.11131E+01     0.17817E+01     0.17769E+01     0.26432E-11     0.17769E+03     0.17817E+03    -0.11309E-25     0.78394E+01     0.78183E+01    -0.41179E-27     0.78394E-01     0.24248E+02     0.85244E+00     0.10000E+03     0.24248E+02
     0.38262E+00     0.44764E-01     0.11254E+01     0.18028E+01     0.17980E+01     0.26432E-11     0.17980E+03     0.18028E+03    -0.60080E-26     0.80633E+01     0.80418E+01     0.65318E-27     0.80633E-01     0.24095E+02     0.84868E+00     0.10000E+03     0.24095E+02
     0.39569E+00     0.45482E-01     0.11375E+01     0.18232E+01     0.18184E+01     0.26432E-11     0.18184E+03     0.18232E+03    -0.82799E-26     0.82851E+01     0.82631E+01     0.72575E-28     0.82851E-01     0.23940E+02     0.84485E+00     0.10000E+03     0.23940E+02
     0.40890E+00     0.46195E-01     0.11487E+01     0.18429E+01     0.18381E+01     0.26432E-11     0.18381E+03     0.18429E+03     0.88857E-26     0.85054E+01     0.84832E+01    -0.25401E-27     0.85054E-01     0.23782E+02     0.84092E+00     0.10000E+03     0.23782E+02
     0.42223E+00     0.46907E-01     0.11580E+01     0.18621E+01     0.18573E+01     0.26432E-11     0.18573E+03     0.18621E+03    -0.13127E-26     0.87265E+01     0.87040E+01     0.28872E-27     0.87265E-01     0.23621E+02     0.83689E+00     0.10000E+03     0.23620E+02
     0.43569E+00     0.47629E-01     0.11653E+01     0.18812E+01     0.18765E+01     0.26432E-11     0.18765E+03     0.18812E+03     0.83809E-26     0.89513E+01     0.89286E+01     0.10413E-27     0.89513E-01     0.23456E+02     0.83276E+00     0.10000E+03     0.23456E+02
     0.44927E+00     0.48368E-01     0.11734E+01     0.19005E+01     0.18957E+01     0.26432E-11     0.18957E+03     0.19005E+03    -0.24739E-26     0.91830E+01     0.91600E+01    -0.44650E-27     0.91830E-01     0.23288E+02     0.82852E+00     0.10000E+03     0.23288E+02
     0.46297E+00     0.49128E-01     0.11813E+01     0.19201E+01     0.19154E+01     0.26432E-11     0.19154E+03     0.19201E+03     0.91887E-26     0.94232E+01     0.94000E+01    -0.46543E-27     0.94232E-01     0.23117E+02     0.82417E+00     0.10000E+03     0.23116E+02
     0.47679E+00     0.49913E-01     0.11806E+01     0.19400E+01     0.19354E+01     0.26432E-11     0.19354E+03     0.19400E+03     0.22871E-25     0.96729E+01     0.96495E+01    -0.64371E-27     0.96729E-01     0.22942E+02     0.81971E+00     0.10000E+03     0.22941E+02
     0.49072E+00     0.50725E-01     0.11815E+01     0.19605E+01     0.19558E+01     0.26432E-11     0.19558E+03     0.19605E+03    -0.46448E-26     0.99335E+01     0.99099E+01     0.22088E-27     0.99335E-01     0.22764E+02     0.81514E+00     0.10000E+03     0.22764E+02
     0.50476E+00     0.51565E-01     0.11835E+01     0.19812E+01     0.19766E+01     0.26432E-11     0.19766E+03     0.19812E+03    -0.12773E-25     0.10205E+02     0.10181E+02    -0.34394E-27     0.10205E+00     0.22583E+02     0.81046E+00     0.10000E+03     0.22583E+02
     0.51891E+00     0.52432E-01     0.11736E+01     0.20023E+01     0.19978E+01     0.26432E-11     0.19978E+03     0.20023E+03    -0.26354E-25     0.10486E+02     0.10462E+02     0.47647E-27     0.10486E+00     0.22399E+02     0.80569E+00     0.10000E+03     0.22399E+02
     0.53316E+00     0.53327E-01     0.11717E+01     0.20237E+01     0.20193E+01     0.26432E-11     0.20193E+03     0.20237E+03     0.49982E-26     0.10779E+02     0.10755E+02     0.19564E-27     0.10779E+00     0.22214E+02     0.80082E+00     0.10000E+03     0.22213E+02
     0.54751E+00     0.54251E-01     0.11563E+01     0.20456E+01     0.20412E+01     0.26432E-11     0.20412E+03     0.20456E+03    -0.21205E-26     0.11084E+02     0.11060E+02     0.16724E-27     0.11084E+00     0.22026E+02     0.79588E+00     0.10000E+03     0.22026E+02
     0.56196E+00     0.55201E-01     0.11361E+01     0.20679E+01     0.20636E+01     0.26432E-11     0.20636E+03     0.20679E+03    -0.43419E-26     0.11400E+02     0.11376E+02     0.29346E-27     0.11400E+00     0.21836E+02     0.79085E+00     0.10000E+03     0.21836E+02
     0.57649E+00     0.56169E-01     0.11235E+01     0.20904E+01     0.20861E+01     0.26432E-11     0.20861E+03     0.20904E+03    -0.41399E-26     0.11726E+02     0.11702E+02    -0.19248E-27     0.11726E+00     0.21646E+02     0.78576E+00     0.10000E+03     0.21646E+02
     0.59112E+00     0.57142E-01     0.11132E+01     0.21127E+01     0.21085E+01     0.26432E-11     0.21085E+03     0.21127E+03     0.83809E-26     0.12055E+02     0.12031E+02    -0.10413E-27     0.12055E+00     0.21454E+02     0.78060E+00     0.10000E+03     0.21454E+02
     0.60584E+00     0.58107E-01     0.10996E+01     0.21344E+01     0.21303E+01     0.26432E-11     0.21303E+03     0.21344E+03     0.96935E-26     0.12385E+02     0.12360E+02     0.29346E-27     0.12385E+00     0.21261E+02     0.77537E+00     0.10000E+03     0.21261E+02
     0.62064E+00     0.59061E-01     0.10787E+01     0.21554E+01     0.21514E+01     0.26432E-11     0.21514E+03     0.21554E+03    -0.16863E-25     0.12711E+02     0.12687E+02    -0.61531E-27     0.12711E+00     0.21067E+02     0.77007E+00     0.10000E+03     0.21067E+02
     0.63552E+00     0.60005E-01     0.10583E+01     0.21755E+01     0.21716E+01     0.26432E-11     0.21716E+03     0.21755E+03    -0.95925E-26     0.13034E+02     0.13010E+02    -0.10886E-27     0.13034E+00     0.20871E+02     0.76470E+00     0.10000E+03     0.20871E+02
     0.65047E+00     0.60943E-01     0.10384E+01     0.21947E+01     0.21909E+01     0.26432E-11     0.21909E+03     0.21947E+03     0.90877E-27     0.13354E+02     0.13331E+02     0.45438E-27     0.13354E+00     0.20674E+02     0.75924E+00     0.10000E+03     0.20674E+02
     0.66550E+00     0.61883E-01     0.10194E+01     0.22132E+01     0.22095E+01     0.26432E-11     0.22095E+03     0.22132E+03    -0.23224E-26     0.13674E+02     0.13650E+02     0.78886E-28     0.13674E+00     0.20475E+02     0.75371E+00     0.10000E+03     0.20475E+02
     0.68060E+00     0.62834E-01     0.10061E+01     0.22312E+01     0.22275E+01     0.26432E-11     0.22275E+03     0.22312E+03    -0.40895E-26     0.13996E+02     0.13973E+02    -0.16882E-27     0.13996E+00     0.20276E+02     0.74810E+00     0.10000E+03     0.20276E+02
     0.69576E+00     0.63797E-01     0.99752E+00     0.22488E+01     0.22451E+01     0.26432E-11     0.22451E+03     0.22488E+03     0.90372E-26     0.14322E+02     0.14298E+02    -0.38970E-27     0.14322E+00     0.20075E+02     0.74242E+00     0.10000E+03     0.20075E+02
     0.71099E+00     0.64774E-01     0.98519E+00     0.22659E+01     0.22623E+01     0.26432E-11     0.22623E+03     0.22659E+03    -0.31807E-26     0.14651E+02     0.14628E+02     0.14831E-27     0.14651E+00     0.19873E+02     0.73667E+00     0.10000E+03     0.19873E+02
     0.72628E+00     0.65763E-01     0.97127E+00     0.22827E+01     0.22792E+01     0.26432E-11     0.22792E+03     0.22827E+03     0.63614E-26     0.14984E+02     0.14961E+02    -0.28399E-28     0.14984E+00     0.19671E+02     0.73086E+00     0.10000E+03     0.19671E+02
     0.74162E+00     0.66766E-01     0.95692E+00     0.22994E+01     0.22959E+01     0.26432E-11     0.22959E+03     0.22994E+03    -0.33675E-25     0.15323E+02     0.15299E+02    -0.35814E-27     0.15323E+00     0.19468E+02     0.72498E+00     0.10000E+03     0.19468E+02
     0.75702E+00     0.67785E-01     0.94449E+00     0.23159E+01     0.23125E+01     0.26432E-11     0.23125E+03     0.23159E+03     0.20195E-27     0.15667E+02     0.15644E+02    -0.30766E-27     0.15667E+00     0.19265E+02     0.71905E+00     0.10000E+03     0.19265E+02
     0.77247E+00     0.68817E-01     0.93789E+00     0.23326E+01     0.23292E+01     0.26432E-11     0.23292E+03     0.23326E+03    -0.21205E-26     0.16019E+02     0.15995E+02    -0.69420E-28     0.16019E+00     0.19062E+02     0.71307E+00     0.10000E+03     0.19062E+02
     0.78796E+00     0.69856E-01     0.93507E+00     0.23490E+01     0.23457E+01     0.26432E-11     0.23457E+03     0.23490E+03    -0.35341E-27     0.16374E+02     0.16351E+02    -0.29661E-27     0.16374E+00     0.18859E+02     0.70704E+00     0.10000E+03     0.18859E+02
     0.80350E+00     0.70887E-01     0.93181E+00     0.23650E+01     0.23617E+01     0.26432E-11     0.23617E+03     0.23650E+03     0.25748E-26     0.16728E+02     0.16704E+02    -0.72575E-27     0.16728E+00     0.18657E+02     0.70098E+00     0.10000E+03     0.18657E+02
     0.81907E+00     0.71900E-01     0.92656E+00     0.23802E+01     0.23768E+01     0.26432E-11     0.23768E+03     0.23802E+03     0.12622E-25     0.17075E+02     0.17050E+02     0.24297E-27     0.17075E+00     0.18455E+02     0.69488E+00     0.10000E+03     0.18455E+02
     0.83469E+00     0.72888E-01     0.92130E+00     0.23943E+01     0.23910E+01     0.26432E-11     0.23910E+03     0.23943E+03    -0.35341E-27     0.17411E+02     0.17387E+02    -0.46069E-27     0.17411E+00     0.18254E+02     0.68875E+00     0.10000E+03     0.18254E+02
     0.85033E+00     0.73855E-01     0.91754E+00     0.24074E+01     0.24042E+01     0.26432E-11     0.24042E+03     0.24074E+03     0.10350E-25     0.17738E+02     0.17714E+02    -0.41021E-28     0.17738E+00     0.18053E+02     0.68260E+00     0.10000E+03     0.18053E+02
     0.86601E+00     0.74812E-01     0.91547E+00     0.24197E+01     0.24166E+01     0.26432E-11     0.24166E+03     0.24197E+03     0.51497E-26     0.18059E+02     0.18035E+02     0.88352E-28     0.18059E+00     0.17853E+02     0.67642E+00     0.10000E+03     0.17853E+02
     0.88171E+00     0.75773E-01     0.91240E+00     0.24316E+01     0.24285E+01     0.26432E-11     0.24285E+03     0.24316E+03    -0.12066E-25     0.18380E+02     0.18356E+02     0.23981E-27     0.18380E+00     0.17654E+02     0.67021E+00     0.10000E+03     0.17655E+02
     0.89744E+00     0.76754E-01     0.91135E+00     0.24435E+01     0.24404E+01     0.26432E-11     0.24404E+03     0.24435E+03     0.29283E-26     0.18708E+02     0.18683E+02     0.40074E-27     0.18708E+00     0.17457E+02     0.66398E+00     0.10000E+03     0.17457E+02
     0.91319E+00     0.77760E-01     0.91761E+00     0.24552E+01     0.24521E+01     0.26432E-11     0.24521E+03     0.24552E+03     0.64623E-26     0.19043E+02     0.19018E+02     0.56798E-28     0.19043E+00     0.17260E+02     0.65774E+00     0.10000E+03     0.17260E+02
     0.92895E+00     0.78778E-01     0.92765E+00     0.24665E+01     0.24632E+01     0.26432E-11     0.24632E+03     0.24665E+03     0.10097E-27     0.19379E+02     0.19353E+02    -0.54274E-27     0.19379E+00     0.17065E+02     0.65148E+00     0.10000E+03     0.17065E+02
     0.94473E+00     0.79775E-01     0.93560E+00     0.24763E+01     0.24730E+01     0.26432E-11     0.24730E+03     0.24763E+03     0.73711E-26     0.19702E+02     0.19675E+02     0.47332E-29     0.19702E+00     0.16872E+02     0.64522E+00     0.10000E+03     0.16872E+02
     0.96051E+00     0.80723E-01     0.94112E+00     0.24841E+01     0.24808E+01     0.26432E-11     0.24808E+03     0.24841E+03     0.71187E-26     0.19997E+02     0.19969E+02    -0.74626E-27     0.19997E+00     0.16680E+02     0.63896E+00     0.10000E+03     0.16680E+02
     0.97631E+00     0.81609E-01     0.94583E+00     0.24896E+01     0.24863E+01     0.26432E-11     0.24863E+03     0.24896E+03    -0.37865E-26     0.20259E+02     0.20232E+02    -0.27768E-27     0.20259E+00     0.16488E+02     0.63268E+00     0.10000E+03     0.16488E+02
     0.99210E+00     0.82437E-01     0.95390E+00     0.24930E+01     0.24897E+01     0.26432E-11     0.24897E+03     0.24930E+03    -0.20195E-25     0.20491E+02     0.20464E+02     0.33290E-27     0.20491E+00     0.16297E+02     0.62634E+00     0.10000E+03     0.16297E+02
     0.10079E+01     0.83228E-01     0.96504E+00     0.24950E+01     0.24919E+01     0.26432E-11     0.24919E+03     0.24950E+03    -0.78760E-26     0.20703E+02     0.20677E+02    -0.28557E-27     0.20703E+00     0.16105E+02     0.61992E+00     0.10000E+03     0.16105E+02
     0.10237E+01     0.84016E-01     0.97544E+00     0.24967E+01     0.24936E+01     0.26432E-11     0.24936E+03     0.24967E+03    -0.15651E-26     0.20912E+02     0.20886E+02     0.70997E-28     0.20912E+00     0.15911E+02     0.61339E+00     0.10000E+03     0.15911E+02
     0.10395E+01     0.84838E-01     0.98612E+00     0.24991E+01     0.24960E+01     0.26432E-11     0.24960E+03     0.24991E+03    -0.18327E-25     0.21136E+02     0.21109E+02    -0.50487E-28     0.21136E+00     0.15715E+02     0.60672E+00     0.10000E+03     0.15715E+02
     0.10553E+01     0.85720E-01     0.10053E+01     0.25027E+01     0.24995E+01     0.26432E-11     0.24995E+03     0.25027E+03     0.48972E-26     0.21386E+02     0.21358E+02    -0.18933E-28     0.21386E+00     0.15518E+02     0.59993E+00     0.10000E+03     0.15517E+02
     0.10711E+01     0.86660E-01     0.10338E+01     0.25074E+01     0.25041E+01     0.26432E-11     0.25041E+03     0.25074E+03    -0.89362E-26     0.21660E+02     0.21630E+02    -0.16882E-27     0.21660E+00     0.15320E+02     0.59305E+00     0.10000E+03     0.15320E+02
     0.10868E+01     0.87622E-01     0.10616E+01     0.25122E+01     0.25086E+01     0.26432E-11     0.25086E+03     0.25122E+03     0.11107E-26     0.21941E+02     0.21909E+02     0.26821E-28     0.21941E+00     0.15122E+02     0.58613E+00     0.10000E+03     0.15123E+02
     0.11026E+01     0.88554E-01     0.10806E+01     0.25158E+01     0.25121E+01     0.26432E-11     0.25121E+03     0.25158E+03    -0.24234E-26     0.22205E+02     0.22171E+02     0.47016E-27     0.22205E+00     0.14928E+02     0.57922E+00     0.10000E+03     0.14928E+02
     0.11183E+01     0.89413E-01     0.10889E+01     0.25174E+01     0.25137E+01     0.26432E-11     0.25137E+03     0.25174E+03    -0.63109E-27     0.22434E+02     0.22399E+02    -0.29661E-27     0.22434E+00     0.14736E+02     0.57237E+00     0.10000E+03     0.14737E+02
     0.11340E+01     0.90176E-01     0.10893E+01     0.25166E+01     0.25128E+01     0.26432E-11     0.25128E+03     0.25166E+03     0.33574E-26     0.22617E+02     0.22581E+02     0.20984E-27     0.22617E+00     0.14548E+02     0.56560E+00     0.10000E+03     0.14549E+02
     0.11497E+01     0.90843E-01     0.10909E+01     0.25132E+01     0.25093E+01     0.26432E-11     0.25093E+03     0.25132E+03     0.39885E-26     0.22752E+02     0.22716E+02     0.41652E-27     0.22752E+00     0.14365E+02     0.55893E+00     0.10000E+03     0.14365E+02
     0.11653E+01     0.91426E-01     0.10983E+01     0.25073E+01     0.25034E+01     0.26432E-11     0.25034E+03     0.25073E+03     0.13556E-25     0.22844E+02     0.22808E+02     0.25796E-27     0.22844E+00     0.14185E+02     0.55235E+00     0.10000E+03     0.14186E+02
     0.11809E+01     0.91927E-01     0.11082E+01     0.24988E+01     0.24949E+01     0.26432E-11     0.24949E+03     0.24988E+03    -0.11107E-26     0.22891E+02     0.22854E+02    -0.25717E-27     0.22891E+00     0.14010E+02     0.54587E+00     0.10000E+03     0.14010E+02
     0.11965E+01     0.92331E-01     0.11165E+01     0.24873E+01     0.24833E+01     0.26432E-11     0.24833E+03     0.24873E+03     0.13127E-26     0.22886E+02     0.22848E+02     0.55654E-27     0.22886E+00     0.13838E+02     0.53949E+00     0.10000E+03     0.13839E+02
     0.12120E+01     0.92610E-01     0.11217E+01     0.24722E+01     0.24682E+01     0.26432E-11     0.24682E+03     0.24722E+03    -0.88352E-26     0.22815E+02     0.22777E+02     0.15186E-27     0.22815E+00     0.13671E+02     0.53320E+00     0.10000E+03     0.13671E+02
     0.12275E+01     0.92732E-01     0.11246E+01     0.24532E+01     0.24491E+01     0.26432E-11     0.24491E+03     0.24532E+03     0.73396E-26     0.22669E+02     0.22630E+02     0.20510E-28     0.22669E+00     0.13506E+02     0.52701E+00     0.10000E+03     0.13507E+02
     0.12430E+01     0.92684E-01     0.11257E+01     0.24300E+01     0.24259E+01     0.26432E-11     0.24259E+03     0.24300E+03    -0.45943E-26     0.22443E+02     0.22404E+02    -0.25520E-27     0.22443E+00     0.13345E+02     0.52089E+00     0.10000E+03     0.13345E+02
     0.12584E+01     0.92477E-01     0.11301E+01     0.24032E+01     0.23991E+01     0.26432E-11     0.23991E+03     0.24032E+03     0.64560E-26     0.22145E+02     0.22107E+02     0.67842E-28     0.22145E+00     0.13185E+02     0.51482E+00     0.10000E+03     0.13185E+02
     0.12737E+01     0.92146E-01     0.11421E+01     0.23735E+01     0.23695E+01     0.26432E-11     0.23695E+03     0.23735E+03     0.79391E-26     0.21793E+02     0.21755E+02    -0.36662E-27     0.21793E+00     0.13027E+02     0.50876E+00     0.10000E+03     0.13027E+02
     0.12890E+01     0.91727E-01     0.11617E+01     0.23420E+01     0.23379E+01     0.26432E-11     0.23379E+03     0.23420E+03    -0.71881E-26     0.21406E+02     0.21368E+02     0.59875E-27     0.21406E+00     0.12870E+02     0.50270E+00     0.10000E+03     0.12870E+02
     0.13042E+01     0.91258E-01     0.11853E+01     0.23094E+01     0.23053E+01     0.26432E-11     0.23053E+03     0.23094E+03    -0.29787E-26     0.21000E+02     0.20962E+02    -0.69025E-27     0.21000E+00     0.12714E+02     0.49662E+00     0.10000E+03     0.12714E+02
     0.13194E+01     0.90764E-01     0.12118E+01     0.22765E+01     0.22724E+01     0.26432E-11     0.22724E+03     0.22765E+03    -0.72323E-26     0.20589E+02     0.20551E+02     0.91508E-28     0.20589E+00     0.12558E+02     0.49049E+00     0.10000E+03     0.12558E+02
     0.13345E+01     0.90263E-01     0.12360E+01     0.22439E+01     0.22398E+01     0.26432E-11     0.22398E+03     0.22439E+03    -0.46448E-26     0.20182E+02     0.20144E+02     0.13568E-27     0.20182E+00     0.12402E+02     0.48431E+00     0.10000E+03     0.12402E+02
     0.13495E+01     0.89772E-01     0.12520E+01     0.22121E+01     0.22079E+01     0.26432E-11     0.22079E+03     0.22121E+03    -0.40011E-26     0.19788E+02     0.19750E+02    -0.51513E-27     0.19788E+00     0.12246E+02     0.47808E+00     0.10000E+03     0.12246E+02
     0.13645E+01     0.89307E-01     0.12591E+01     0.21816E+01     0.21773E+01     0.26432E-11     0.21773E+03     0.21816E+03    -0.78381E-26     0.19414E+02     0.19376E+02    -0.31476E-27     0.19414E+00     0.12091E+02     0.47178E+00     0.10000E+03     0.12091E+02
     0.13794E+01     0.88883E-01     0.12682E+01     0.21525E+01     0.21481E+01     0.26432E-11     0.21481E+03     0.21525E+03     0.62730E-26     0.19065E+02     0.19026E+02    -0.33053E-27     0.19065E+00     0.11936E+02     0.46545E+00     0.10000E+03     0.11936E+02
     0.13942E+01     0.88500E-01     0.12811E+01     0.21247E+01     0.21202E+01     0.26432E-11     0.21202E+03     0.21247E+03    -0.64119E-26     0.18739E+02     0.18698E+02    -0.40705E-27     0.18739E+00     0.11782E+02     0.45909E+00     0.10000E+03     0.11782E+02
     0.14089E+01     0.88146E-01     0.12953E+01     0.20978E+01     0.20931E+01     0.26432E-11     0.20931E+03     0.20978E+03     0.12622E-27     0.18428E+02     0.18386E+02    -0.94663E-29     0.18428E+00     0.11629E+02     0.45273E+00     0.10000E+03     0.11629E+02
     0.14235E+01     0.87808E-01     0.13106E+01     0.20713E+01     0.20665E+01     0.26432E-11     0.20665E+03     0.20713E+03     0.70682E-27     0.18126E+02     0.18083E+02    -0.57587E-28     0.18126E+00     0.11479E+02     0.44638E+00     0.10000E+03     0.11479E+02
     0.14380E+01     0.87482E-01     0.13315E+01     0.20450E+01     0.20401E+01     0.26432E-11     0.20401E+03     0.20450E+03     0.14641E-26     0.17830E+02     0.17786E+02    -0.15304E-27     0.17830E+00     0.11330E+02     0.44006E+00     0.10000E+03     0.11330E+02
     0.14525E+01     0.87165E-01     0.13567E+01     0.20190E+01     0.20140E+01     0.26432E-11     0.20140E+03     0.20190E+03     0.69420E-26     0.17540E+02     0.17496E+02     0.37076E-27     0.17540E+00     0.11184E+02     0.43375E+00     0.10000E+03     0.11184E+02
     0.14668E+01     0.86862E-01     0.13825E+01     0.19935E+01     0.19884E+01     0.26432E-11     0.19884E+03     0.19935E+03     0.17166E-26     0.17259E+02     0.17213E+02    -0.20510E-27     0.17259E+00     0.11039E+02     0.42748E+00     0.10000E+03     0.11039E+02
     0.14811E+01     0.86581E-01     0.14102E+01     0.19688E+01     0.19636E+01     0.26432E-11     0.19636E+03     0.19688E+03     0.48468E-26     0.16990E+02     0.16944E+02     0.62083E-27     0.16990E+00     0.10897E+02     0.42124E+00     0.10000E+03     0.10897E+02
     0.14952E+01     0.86328E-01     0.14371E+01     0.19449E+01     0.19396E+01     0.26432E-11     0.19396E+03     0.19449E+03     0.19438E-26     0.16735E+02     0.16688E+02    -0.13095E-27     0.16735E+00     0.10757E+02     0.41504E+00     0.10000E+03     0.10757E+02
     0.15093E+01     0.86093E-01     0.14542E+01     0.19216E+01     0.19162E+01     0.26432E-11     0.19162E+03     0.19216E+03     0.53011E-27     0.16490E+02     0.16442E+02    -0.15777E-28     0.16490E+00     0.10619E+02     0.40887E+00     0.10000E+03     0.10619E+02
     0.15232E+01     0.85846E-01     0.14542E+01     0.18983E+01     0.18928E+01     0.26432E-11     0.18928E+03     0.18983E+03     0.17418E-26     0.16243E+02     0.16195E+02    -0.14515E-27     0.16243E+00     0.10483E+02     0.40274E+00     0.10000E+03     0.10484E+02
     0.15370E+01     0.85556E-01     0.14467E+01     0.18744E+01     0.18689E+01     0.26432E-11     0.18689E+03     0.18744E+03     0.52759E-26     0.15985E+02     0.15936E+02     0.70997E-28     0.15985E+00     0.10350E+02     0.39665E+00     0.10000E+03     0.10350E+02
     0.15507E+01     0.85211E-01     0.14479E+01     0.18498E+01     0.18442E+01     0.26432E-11     0.18442E+03     0.18498E+03     0.10097E-27     0.15711E+02     0.15663E+02    -0.61531E-28     0.15711E+00     0.10218E+02     0.39061E+00     0.10000E+03     0.10219E+02
     0.15643E+01     0.84811E-01     0.14564E+01     0.18244E+01     0.18188E+01     0.26432E-11     0.18188E+03     0.18244E+03     0.10880E-25     0.15423E+02     0.15375E+02     0.27610E-27     0.15423E+00     0.10089E+02     0.38461E+00     0.10000E+03     0.10089E+02
     0.15778E+01     0.84359E-01     0.14715E+01     0.17983E+01     0.17926E+01     0.26432E-11     0.17926E+03     0.17983E+03    -0.20195E-27     0.15122E+02     0.15073E+02     0.21615E-27     0.15122E+00     0.99620E+01     0.37867E+00     0.10000E+03     0.99623E+01
     0.15911E+01     0.83850E-01     0.14908E+01     0.17714E+01     0.17656E+01     0.26432E-11     0.17656E+03     0.17714E+03     0.56546E-26     0.14807E+02     0.14758E+02     0.19406E-27     0.14807E+00     0.98376E+01     0.37281E+00     0.10000E+03     0.98379E+01
     0.16043E+01     0.83273E-01     0.14979E+01     0.17436E+01     0.17378E+01     0.26432E-11     0.17378E+03     0.17436E+03     0.78255E-26     0.14475E+02     0.14425E+02    -0.18144E-27     0.14475E+00     0.97157E+01     0.36703E+00     0.10000E+03     0.97160E+01
     0.16174E+01     0.82625E-01     0.15003E+01     0.17149E+01     0.17090E+01     0.26432E-11     0.17090E+03     0.17149E+03    -0.19690E-26     0.14126E+02     0.14077E+02    -0.19722E-27     0.14126E+00     0.95960E+01     0.36130E+00     0.10000E+03     0.95961E+01
     0.16303E+01     0.81916E-01     0.15089E+01     0.16853E+01     0.16794E+01     0.26432E-11     0.16794E+03     0.16853E+03     0.10097E-27     0.13764E+02     0.13715E+02    -0.17197E-27     0.13764E+00     0.94776E+01     0.35559E+00     0.10000E+03     0.94776E+01
     0.16431E+01     0.81165E-01     0.15195E+01     0.16553E+01     0.16494E+01     0.26432E-11     0.16494E+03     0.16553E+03     0.25748E-26     0.13395E+02     0.13346E+02     0.96241E-28     0.13395E+00     0.93602E+01     0.34988E+00     0.10000E+03     0.93601E+01
     0.16558E+01     0.80388E-01     0.15313E+01     0.16250E+01     0.16190E+01     0.26432E-11     0.16190E+03     0.16250E+03    -0.64623E-26     0.13024E+02     0.12975E+02    -0.11044E-28     0.13024E+00     0.92432E+01     0.34414E+00     0.10000E+03     0.92431E+01
     0.16683E+01     0.79593E-01     0.15420E+01     0.15946E+01     0.15885E+01     0.26432E-11     0.15885E+03     0.15946E+03    -0.85323E-26     0.12654E+02     0.12605E+02    -0.77308E-28     0.12654E+00     0.91265E+01     0.33836E+00     0.10000E+03     0.91262E+01
     0.16806E+01     0.78785E-01     0.15449E+01     0.15641E+01     0.15579E+01     0.26432E-11     0.15579E+03     0.15641E+03     0.48468E-26     0.12286E+02     0.12236E+02    -0.22561E-27     0.12286E+00     0.90097E+01     0.33253E+00     0.10000E+03     0.90095E+01
     0.16928E+01     0.77958E-01     0.15442E+01     0.15334E+01     0.15271E+01     0.26432E-11     0.15271E+03     0.15334E+03    -0.36351E-26     0.11918E+02     0.11869E+02     0.27452E-27     0.11918E+00     0.88931E+01     0.32664E+00     0.10000E+03     0.88929E+01
     0.17049E+01     0.77104E-01     0.15494E+01     0.15023E+01     0.14959E+01     0.26432E-11     0.14959E+03     0.15023E+03     0.46448E-26     0.11549E+02     0.11499E+02    -0.23666E-27     0.11549E+00     0.87768E+01     0.32071E+00     0.10000E+03     0.87766E+01
     0.17167E+01     0.76210E-01     0.15651E+01     0.14707E+01     0.14642E+01     0.26432E-11     0.14642E+03     0.14707E+03     0.18680E-26     0.11176E+02     0.11125E+02    -0.31554E-29     0.11176E+00     0.86610E+01     0.31476E+00     0.10000E+03     0.86608E+01
     0.17285E+01     0.75268E-01     0.15791E+01     0.14386E+01     0.14321E+01     0.26432E-11     0.14321E+03     0.14386E+03    -0.10097E-27     0.10797E+02     0.10747E+02    -0.29661E-27     0.10797E+00     0.85458E+01     0.30878E+00     0.10000E+03     0.85457E+01
     0.17400E+01     0.74276E-01     0.15823E+01     0.14060E+01     0.13994E+01     0.26432E-11     0.13994E+03     0.14060E+03     0.40390E-27     0.10413E+02     0.10363E+02    -0.91508E-28     0.10413E+00     0.84315E+01     0.30279E+00     0.10000E+03     0.84313E+01
     0.17514E+01     0.73243E-01     0.15815E+01     0.13731E+01     0.13664E+01     0.26432E-11     0.13664E+03     0.13731E+03     0.17166E-26     0.10029E+02     0.99787E+01    -0.37865E-28     0.10029E+00     0.83179E+01     0.29678E+00     0.10000E+03     0.83176E+01
     0.17626E+01     0.72180E-01     0.15824E+01     0.13401E+01     0.13333E+01     0.26432E-11     0.13333E+03     0.13401E+03    -0.75731E-27     0.96457E+01     0.95961E+01    -0.29030E-27     0.96457E-01     0.82049E+01     0.29075E+00     0.10000E+03     0.82046E+01
     0.17737E+01     0.71101E-01     0.15792E+01     0.13072E+01     0.13003E+01     0.26432E-11     0.13003E+03     0.13072E+03     0.58565E-26     0.92682E+01     0.92188E+01    -0.43230E-27     0.92682E-01     0.80923E+01     0.28467E+00     0.10000E+03     0.80919E+01
     0.17845E+01     0.70018E-01     0.15762E+01     0.12745E+01     0.12676E+01     0.26432E-11     0.12676E+03     0.12745E+03     0.50487E-28     0.88996E+01     0.88502E+01    -0.12464E-27     0.88996E-01     0.79799E+01     0.27854E+00     0.10000E+03     0.79793E+01
     0.17952E+01     0.68948E-01     0.15758E+01     0.12424E+01     0.12354E+01     0.26432E-11     0.12354E+03     0.12424E+03     0.36856E-26     0.85434E+01     0.84940E+01    -0.12306E-27     0.85434E-01     0.78672E+01     0.27232E+00     0.10000E+03     0.78664E+01
     0.18057E+01     0.67899E-01     0.15777E+01     0.12111E+01     0.12039E+01     0.26432E-11     0.12039E+03     0.12111E+03     0.42409E-26     0.82013E+01     0.81516E+01     0.13095E-27     0.82013E-01     0.77538E+01     0.26600E+00     0.10000E+03     0.77529E+01
     0.18160E+01     0.66868E-01     0.15811E+01     0.11803E+01     0.11729E+01     0.26432E-11     0.11729E+03     0.11803E+03     0.48468E-26     0.78715E+01     0.78211E+01     0.88352E-28     0.78715E-01     0.76395E+01     0.25954E+00     0.10000E+03     0.76383E+01
     0.18261E+01     0.65834E-01     0.15810E+01     0.11496E+01     0.11420E+01     0.26432E-11     0.11420E+03     0.11496E+03     0.41147E-26     0.75487E+01     0.74976E+01    -0.15462E-27     0.75487E-01     0.75236E+01     0.25291E+00     0.10000E+03     0.75223E+01
     0.18360E+01     0.64771E-01     0.15792E+01     0.11186E+01     0.11107E+01     0.26432E-11     0.11107E+03     0.11186E+03     0.65633E-27     0.72266E+01     0.71747E+01    -0.37865E-28     0.72266E-01     0.74059E+01     0.24611E+00     0.10000E+03     0.74043E+01
     0.18457E+01     0.63655E-01     0.15747E+01     0.10868E+01     0.10787E+01     0.26432E-11     0.10787E+03     0.10868E+03     0.66138E-26     0.69003E+01     0.68480E+01    -0.72575E-28     0.69003E-01     0.72858E+01     0.23908E+00     0.10000E+03     0.72838E+01
     0.18552E+01     0.62468E-01     0.15677E+01     0.10538E+01     0.10455E+01     0.26432E-11     0.10455E+03     0.10538E+03     0.17418E-26     0.65658E+01     0.65134E+01     0.34710E-28     0.65658E-01     0.71627E+01     0.23179E+00     0.10000E+03     0.71605E+01
     0.18645E+01     0.61194E-01     0.15569E+01     0.10193E+01     0.10108E+01     0.26432E-11     0.10108E+03     0.10193E+03    -0.29787E-26     0.62213E+01     0.61691E+01    -0.12306E-27     0.62213E-01     0.70362E+01     0.22420E+00     0.10000E+03     0.70336E+01
     0.18736E+01     0.59823E-01     0.15458E+01     0.98306E+00     0.97448E+00     0.26432E-11     0.97448E+02     0.98306E+02     0.60080E-26     0.58662E+01     0.58144E+01    -0.36288E-28     0.58662E-01     0.69058E+01     0.21626E+00     0.10000E+03     0.69028E+01
     0.18825E+01     0.58345E-01     0.15318E+01     0.94510E+00     0.93639E+00     0.26432E-11     0.93639E+02     0.94510E+02    -0.46953E-26     0.55008E+01     0.54496E+01    -0.14515E-27     0.55008E-01     0.67710E+01     0.20795E+00     0.10000E+03     0.67676E+01
     0.18912E+01     0.56750E-01     0.15147E+01     0.90530E+00     0.89650E+00     0.26432E-11     0.89650E+02     0.90530E+02     0.33448E-26     0.51256E+01     0.50753E+01     0.26821E-28     0.51256E-01     0.66315E+01     0.19921E+00     0.10000E+03     0.66277E+01
     0.18996E+01     0.55024E-01     0.14996E+01     0.86361E+00     0.85472E+00     0.26432E-11     0.85472E+02     0.86361E+02     0.58565E-26     0.47415E+01     0.46922E+01    -0.30134E-27     0.47415E-01     0.64870E+01     0.19003E+00     0.10000E+03     0.64829E+01
     0.19078E+01     0.53148E-01     0.14858E+01     0.81993E+00     0.81096E+00     0.26432E-11     0.81096E+02     0.81993E+02    -0.59322E-27     0.43487E+01     0.43008E+01    -0.13411E-28     0.43487E-01     0.63375E+01     0.18035E+00     0.10000E+03     0.63331E+01
     0.19158E+01     0.51093E-01     0.14709E+01     0.77407E+00     0.76506E+00     0.26432E-11     0.76506E+02     0.77407E+02     0.31554E-26     0.39474E+01     0.39011E+01     0.11044E-28     0.39474E-01     0.61831E+01     0.17018E+00     0.10000E+03     0.61784E+01
     0.19236E+01     0.48833E-01     0.14508E+01     0.72584E+00     0.71684E+00     0.26432E-11     0.71684E+02     0.72584E+02     0.22719E-27     0.35382E+01     0.34941E+01     0.27610E-28     0.35382E-01     0.60240E+01     0.15951E+00     0.10000E+03     0.60191E+01
     0.19311E+01     0.46339E-01     0.14249E+01     0.67509E+00     0.66619E+00     0.26432E-11     0.66619E+02     0.67509E+02    -0.30418E-26     0.31232E+01     0.30818E+01     0.80464E-28     0.31232E-01     0.58608E+01     0.14834E+00     0.10000E+03     0.58559E+01
     0.19384E+01     0.43588E-01     0.13951E+01     0.62176E+00     0.61308E+00     0.26432E-11     0.61308E+02     0.62176E+02     0.59890E-26     0.27061E+01     0.26682E+01    -0.62320E-28     0.27061E-01     0.56942E+01     0.13670E+00     0.10000E+03     0.56894E+01
     0.19455E+01     0.40559E-01     0.13604E+01     0.56590E+00     0.55759E+00     0.26432E-11     0.55759E+02     0.56590E+02    -0.43419E-26     0.22922E+01     0.22585E+01     0.40626E-28     0.22922E-01     0.55252E+01     0.12463E+00     0.10000E+03     0.55207E+01
     0.19523E+01     0.37242E-01     0.13157E+01     0.50766E+00     0.49995E+00     0.26432E-11     0.49995E+02     0.50766E+02     0.15083E-26     0.18884E+01     0.18597E+01     0.15777E-28     0.18884E-01     0.53551E+01     0.11219E+00     0.10000E+03     0.53511E+01
     0.19589E+01     0.33636E-01     0.12544E+01     0.44744E+00     0.44058E+00     0.26432E-11     0.44058E+02     0.44744E+02    -0.55536E-27     0.15035E+01     0.14804E+01     0.38654E-28     0.15035E-01     0.51853E+01     0.99480E-01     0.10000E+03     0.51821E+01
     0.19652E+01     0.29761E-01     0.11710E+01     0.38587E+00     0.38017E+00     0.26432E-11     0.38017E+02     0.38587E+02     0.37550E-26     0.11474E+01     0.11304E+01     0.14988E-28     0.11474E-01     0.50174E+01     0.86590E-01     0.10000E+03     0.50151E+01
     0.19713E+01     0.25657E-01     0.10623E+01     0.32388E+00     0.31963E+00     0.26432E-11     0.31963E+02     0.32388E+02     0.31902E-26     0.83044E+00     0.81941E+00    -0.34710E-28     0.83044E-02     0.48530E+01     0.73638E-01     0.10000E+03     0.48519E+01
     0.19771E+01     0.21385E-01     0.92895E+00     0.26257E+00     0.26003E+00     0.26432E-11     0.26003E+02     0.26257E+02     0.14988E-26     0.56123E+00     0.55563E+00     0.86775E-29     0.56123E-02     0.46935E+01     0.60733E-01     0.10000E+03     0.46940E+01
     0.19826E+01     0.17009E-01     0.78008E+00     0.20299E+00     0.20250E+00     0.26432E-11     0.20250E+02     0.20299E+02    -0.51118E-27     0.34516E+00     0.34417E+00     0.16566E-28     0.34516E-02     0.45398E+01     0.47948E-01     0.10000E+03     0.45428E+01
     0.19879E+01     0.12564E-01     0.67503E+00     0.14564E+00     0.14814E+00     0.26432E-11     0.14814E+02     0.14564E+02    -0.21473E-26     0.18294E+00     0.18596E+00     0.42401E-29     0.18294E-02     0.43911E+01     0.35238E-01     0.10000E+03     0.43997E+01
     0.19929E+01     0.79718E-02     0.94257E+00     0.89651E-01     0.98057E-01     0.26432E-11     0.98057E+01     0.89651E+01     0.13064E-26     0.71462E-01     0.78095E-01    -0.36485E-29     0.71462E-03     0.42437E+01     0.22278E-01     0.10000E+03     0.42666E+01
     0.19977E+01     0.29111E-02     0.20993E+01     0.31657E-01     0.52514E-01     0.26432E-11     0.52514E+01     0.31657E+01    -0.30718E-26     0.92156E-02     0.15264E-01     0.22187E-30     0.92156E-04     0.40873E+01     0.81141E-02     0.10000E+03     0.41440E+01
