     0.23093E-02     0.62239E-04    -0.82485E-02     0.27651E-05     0.00000E+00     0.00000E+00    -0.93298E-04     0.79501E-02     0.00000E+00
     0.70633E-02     0.56780E-03    -0.75683E-02     0.85202E-04     0.00000E+00     0.00000E+00     0.14053E-03     0.69322E-02     0.00000E+00
     0.12087E-01     0.15958E-02    -0.72211E-02     0.42912E-03     0.00000E+00     0.00000E+00     0.49548E-03     0.57442E-02     0.00000E+00
     0.17376E-01     0.31267E-02    -0.67810E-02     0.12177E-02     0.00000E+00     0.00000E+00     0.11577E-02     0.38493E-02     0.00000E+00
     0.22928E-01     0.50647E-02    -0.63095E-02     0.25288E-02     0.00000E+00     0.00000E+00     0.17355E-02     0.15046E-02     0.00000E+00
     0.28739E-01     0.72361E-02    -0.59098E-02     0.42626E-02     0.00000E+00     0.00000E+00     0.18606E-02    -0.71667E-03     0.00000E+00
     0.34807E-01     0.94318E-02    -0.56649E-02     0.61642E-02     0.00000E+00     0.00000E+00     0.13692E-02    -0.23228E-02     0.00000E+00
     0.41127E-01     0.11461E-01    -0.55839E-02     0.79261E-02     0.00000E+00     0.00000E+00     0.40644E-03    -0.31429E-02     0.00000E+00
     0.47696E-01     0.13191E-01    -0.56104E-02     0.93006E-02     0.00000E+00     0.00000E+00    -0.72768E-03    -0.32860E-02     0.00000E+00
     0.54512E-01     0.14556E-01    -0.56729E-02     0.10161E-01     0.00000E+00     0.00000E+00    -0.17492E-02    -0.29850E-02     0.00000E+00
     0.61570E-01     0.15548E-01    -0.57146E-02     0.10504E-01     0.00000E+00     0.00000E+00    -0.24854E-02    -0.24701E-02     0.00000E+00
     0.68868E-01     0.16200E-01    -0.57042E-02     0.10409E-01     0.00000E+00     0.00000E+00    -0.28843E-02    -0.19101E-02     0.00000E+00
     0.76401E-01     0.16562E-01    -0.56330E-02     0.99907E-02     0.00000E+00     0.00000E+00    -0.29801E-02    -0.14018E-02     0.00000E+00
     0.84168E-01     0.16692E-01    -0.55066E-02     0.93677E-02     0.00000E+00     0.00000E+00    -0.28474E-02    -0.98620E-03     0.00000E+00
     0.92164E-01     0.16644E-01    -0.53370E-02     0.86378E-02     0.00000E+00     0.00000E+00    -0.25680E-02    -0.66872E-03     0.00000E+00
     0.10039E+00     0.16464E-01    -0.51376E-02     0.78733E-02     0.00000E+00     0.00000E+00    -0.22122E-02    -0.43663E-03     0.00000E+00
     0.10883E+00     0.16188E-01    -0.49192E-02     0.71225E-02     0.00000E+00     0.00000E+00    -0.18326E-02    -0.27255E-03     0.00000E+00
     0.11749E+00     0.15844E-01    -0.46899E-02     0.64139E-02     0.00000E+00     0.00000E+00    -0.14652E-02    -0.15959E-03     0.00000E+00
     0.12637E+00     0.15456E-01    -0.44563E-02     0.57629E-02     0.00000E+00     0.00000E+00    -0.11300E-02    -0.81946E-04     0.00000E+00
     0.13547E+00     0.15037E-01    -0.42236E-02     0.51757E-02     0.00000E+00     0.00000E+00    -0.83807E-03    -0.26687E-04     0.00000E+00
     0.14477E+00     0.14602E-01    -0.39958E-02     0.46524E-02     0.00000E+00     0.00000E+00    -0.59619E-03     0.15417E-04     0.00000E+00
     0.15428E+00     0.14161E-01    -0.37735E-02     0.41899E-02     0.00000E+00     0.00000E+00    -0.40273E-03     0.46512E-04     0.00000E+00
     0.16399E+00     0.13723E-01    -0.35571E-02     0.37825E-02     0.00000E+00     0.00000E+00    -0.24878E-03     0.65502E-04     0.00000E+00
     0.17390E+00     0.13294E-01    -0.33484E-02     0.34247E-02     0.00000E+00     0.00000E+00    -0.12490E-03     0.74331E-04     0.00000E+00
     0.18401E+00     0.12877E-01    -0.31499E-02     0.31107E-02     0.00000E+00     0.00000E+00    -0.25630E-04     0.78224E-04     0.00000E+00
     0.19431E+00     0.12477E-01    -0.29623E-02     0.28353E-02     0.00000E+00     0.00000E+00     0.50276E-04     0.80061E-04     0.00000E+00
     0.20480E+00     0.12095E-01    -0.27845E-02     0.25930E-02     0.00000E+00     0.00000E+00     0.10721E-03     0.77363E-04     0.00000E+00
     0.21547E+00     0.11731E-01    -0.26167E-02     0.23794E-02     0.00000E+00     0.00000E+00     0.15114E-03     0.69911E-04     0.00000E+00
     0.22633E+00     0.11385E-01    -0.24597E-02     0.21906E-02     0.00000E+00     0.00000E+00     0.18234E-03     0.62179E-04     0.00000E+00
     0.23737E+00     0.11056E-01    -0.23134E-02     0.20239E-02     0.00000E+00     0.00000E+00     0.20018E-03     0.56253E-04     0.00000E+00
     0.24859E+00     0.10741E-01    -0.21772E-02     0.18774E-02     0.00000E+00     0.00000E+00     0.20896E-03     0.50130E-04     0.00000E+00
     0.25997E+00     0.10441E-01    -0.20511E-02     0.17498E-02     0.00000E+00     0.00000E+00     0.21429E-03     0.42846E-04     0.00000E+00
     0.27153E+00     0.10152E-01    -0.19350E-02     0.16384E-02     0.00000E+00     0.00000E+00     0.21720E-03     0.36810E-04     0.00000E+00
     0.28325E+00     0.98750E-02    -0.18280E-02     0.15400E-02     0.00000E+00     0.00000E+00     0.21524E-03     0.34189E-04     0.00000E+00
     0.29514E+00     0.96078E-02    -0.17282E-02     0.14518E-02     0.00000E+00     0.00000E+00     0.20920E-03     0.33099E-04     0.00000E+00
     0.30719E+00     0.93511E-02    -0.16351E-02     0.13720E-02     0.00000E+00     0.00000E+00     0.20318E-03     0.32119E-04     0.00000E+00
     0.31939E+00     0.91049E-02    -0.15475E-02     0.12985E-02     0.00000E+00     0.00000E+00     0.19722E-03     0.30281E-04     0.00000E+00
     0.33174E+00     0.88691E-02    -0.14650E-02     0.12302E-02     0.00000E+00     0.00000E+00     0.19256E-03     0.26759E-04     0.00000E+00
     0.34425E+00     0.86427E-02    -0.13877E-02     0.11663E-02     0.00000E+00     0.00000E+00     0.19058E-03     0.22994E-04     0.00000E+00
     0.35690E+00     0.84245E-02    -0.13154E-02     0.11067E-02     0.00000E+00     0.00000E+00     0.19108E-03     0.19562E-04     0.00000E+00
     0.36969E+00     0.82131E-02    -0.12475E-02     0.10513E-02     0.00000E+00     0.00000E+00     0.19526E-03     0.15536E-04     0.00000E+00
     0.38262E+00     0.80070E-02    -0.11846E-02     0.99964E-03     0.00000E+00     0.00000E+00     0.19785E-03     0.13125E-04     0.00000E+00
     0.39569E+00     0.78054E-02    -0.11258E-02     0.95114E-03     0.00000E+00     0.00000E+00     0.19551E-03     0.11967E-04     0.00000E+00
     0.40890E+00     0.76078E-02    -0.10703E-02     0.90514E-03     0.00000E+00     0.00000E+00     0.19156E-03     0.10415E-04     0.00000E+00
     0.42223E+00     0.74137E-02    -0.10181E-02     0.86136E-03     0.00000E+00     0.00000E+00     0.18563E-03     0.97997E-05     0.00000E+00
     0.43569E+00     0.72230E-02    -0.96906E-03     0.81974E-03     0.00000E+00     0.00000E+00     0.17743E-03     0.95251E-05     0.00000E+00
     0.44927E+00     0.70356E-02    -0.92273E-03     0.77965E-03     0.00000E+00     0.00000E+00     0.16813E-03     0.93063E-05     0.00000E+00
     0.46297E+00     0.68516E-02    -0.87867E-03     0.74040E-03     0.00000E+00     0.00000E+00     0.15957E-03     0.86703E-05     0.00000E+00
     0.47679E+00     0.66710E-02    -0.83682E-03     0.70211E-03     0.00000E+00     0.00000E+00     0.15192E-03     0.85668E-05     0.00000E+00
     0.49072E+00     0.64938E-02    -0.79683E-03     0.66519E-03     0.00000E+00     0.00000E+00     0.14302E-03     0.84179E-05     0.00000E+00
     0.50476E+00     0.63200E-02    -0.75859E-03     0.62997E-03     0.00000E+00     0.00000E+00     0.13493E-03     0.72466E-05     0.00000E+00
     0.51891E+00     0.61492E-02    -0.72284E-03     0.59652E-03     0.00000E+00     0.00000E+00     0.13073E-03     0.64898E-05     0.00000E+00
     0.53316E+00     0.59811E-02    -0.68969E-03     0.56452E-03     0.00000E+00     0.00000E+00     0.13123E-03     0.65274E-05     0.00000E+00
     0.54751E+00     0.58156E-02    -0.65819E-03     0.53346E-03     0.00000E+00     0.00000E+00     0.13563E-03     0.61435E-05     0.00000E+00
     0.56196E+00     0.56528E-02    -0.62833E-03     0.50309E-03     0.00000E+00     0.00000E+00     0.14261E-03     0.56454E-05     0.00000E+00
     0.57649E+00     0.54925E-02    -0.60002E-03     0.47345E-03     0.00000E+00     0.00000E+00     0.15071E-03     0.52560E-05     0.00000E+00
     0.59112E+00     0.53344E-02    -0.57311E-03     0.44451E-03     0.00000E+00     0.00000E+00     0.15903E-03     0.51226E-05     0.00000E+00
     0.60584E+00     0.51786E-02    -0.54722E-03     0.41605E-03     0.00000E+00     0.00000E+00     0.16846E-03     0.45271E-05     0.00000E+00
     0.62064E+00     0.50248E-02    -0.52251E-03     0.38808E-03     0.00000E+00     0.00000E+00     0.17889E-03     0.36338E-05     0.00000E+00
     0.63552E+00     0.48727E-02    -0.49949E-03     0.36082E-03     0.00000E+00     0.00000E+00     0.18749E-03     0.41438E-05     0.00000E+00
     0.65047E+00     0.47225E-02    -0.47812E-03     0.33427E-03     0.00000E+00     0.00000E+00     0.19172E-03     0.61851E-05     0.00000E+00
     0.66550E+00     0.45757E-02    -0.45764E-03     0.30828E-03     0.00000E+00     0.00000E+00     0.19306E-03     0.78538E-05     0.00000E+00
     0.68060E+00     0.44333E-02    -0.43786E-03     0.28305E-03     0.00000E+00     0.00000E+00     0.19501E-03     0.78564E-05     0.00000E+00
     0.69576E+00     0.42955E-02    -0.41938E-03     0.25897E-03     0.00000E+00     0.00000E+00     0.19806E-03     0.73333E-05     0.00000E+00
     0.71099E+00     0.41620E-02    -0.40213E-03     0.23612E-03     0.00000E+00     0.00000E+00     0.20191E-03     0.68173E-05     0.00000E+00
     0.72628E+00     0.40327E-02    -0.38585E-03     0.21424E-03     0.00000E+00     0.00000E+00     0.20718E-03     0.62635E-05     0.00000E+00
     0.74162E+00     0.39072E-02    -0.37046E-03     0.19314E-03     0.00000E+00     0.00000E+00     0.21367E-03     0.62098E-05     0.00000E+00
     0.75702E+00     0.37856E-02    -0.35607E-03     0.17285E-03     0.00000E+00     0.00000E+00     0.22018E-03     0.69152E-05     0.00000E+00
     0.77247E+00     0.36684E-02    -0.34271E-03     0.15346E-03     0.00000E+00     0.00000E+00     0.22618E-03     0.76286E-05     0.00000E+00
     0.78796E+00     0.35562E-02    -0.33043E-03     0.13499E-03     0.00000E+00     0.00000E+00     0.23189E-03     0.82188E-05     0.00000E+00
     0.80350E+00     0.34494E-02    -0.31920E-03     0.11738E-03     0.00000E+00     0.00000E+00     0.23630E-03     0.88945E-05     0.00000E+00
     0.81907E+00     0.33487E-02    -0.30887E-03     0.10063E-03     0.00000E+00     0.00000E+00     0.23885E-03     0.96108E-05     0.00000E+00
     0.83469E+00     0.32544E-02    -0.29933E-03     0.84813E-04     0.00000E+00     0.00000E+00     0.24009E-03     0.10405E-04     0.00000E+00
     0.85033E+00     0.31674E-02    -0.29058E-03     0.70004E-04     0.00000E+00     0.00000E+00     0.24107E-03     0.10912E-04     0.00000E+00
     0.86601E+00     0.30879E-02    -0.28281E-03     0.56343E-04     0.00000E+00     0.00000E+00     0.24210E-03     0.11335E-04     0.00000E+00
     0.88171E+00     0.30164E-02    -0.27600E-03     0.43997E-04     0.00000E+00     0.00000E+00     0.24323E-03     0.11680E-04     0.00000E+00
     0.89744E+00     0.29532E-02    -0.27010E-03     0.33095E-04     0.00000E+00     0.00000E+00     0.24530E-03     0.11754E-04     0.00000E+00
     0.91319E+00     0.28983E-02    -0.26510E-03     0.23707E-04     0.00000E+00     0.00000E+00     0.24850E-03     0.11685E-04     0.00000E+00
     0.92895E+00     0.28517E-02    -0.26112E-03     0.15844E-04     0.00000E+00     0.00000E+00     0.25222E-03     0.11965E-04     0.00000E+00
     0.94473E+00     0.28137E-02    -0.25817E-03     0.95089E-05     0.00000E+00     0.00000E+00     0.25520E-03     0.12884E-04     0.00000E+00
     0.96051E+00     0.27850E-02    -0.25616E-03     0.47370E-05     0.00000E+00     0.00000E+00     0.25742E-03     0.14020E-04     0.00000E+00
     0.97631E+00     0.27664E-02    -0.25495E-03     0.15923E-05     0.00000E+00     0.00000E+00     0.25992E-03     0.14782E-04     0.00000E+00
     0.99210E+00     0.27585E-02    -0.25445E-03     0.11859E-06     0.00000E+00     0.00000E+00     0.26251E-03     0.14835E-04     0.00000E+00
     0.10079E+01     0.27612E-02    -0.25468E-03     0.32219E-06     0.00000E+00     0.00000E+00     0.26404E-03     0.14479E-04     0.00000E+00
     0.10237E+01     0.27744E-02    -0.25564E-03     0.21809E-05     0.00000E+00     0.00000E+00     0.26381E-03     0.13917E-04     0.00000E+00
     0.10395E+01     0.27977E-02    -0.25738E-03     0.56460E-05     0.00000E+00     0.00000E+00     0.26204E-03     0.13274E-04     0.00000E+00
     0.10553E+01     0.28305E-02    -0.25986E-03     0.10654E-04     0.00000E+00     0.00000E+00     0.25918E-03     0.12456E-04     0.00000E+00
     0.10711E+01     0.28724E-02    -0.26307E-03     0.17150E-04     0.00000E+00     0.00000E+00     0.25548E-03     0.11436E-04     0.00000E+00
     0.10868E+01     0.29226E-02    -0.26719E-03     0.25108E-04     0.00000E+00     0.00000E+00     0.25108E-03     0.10743E-04     0.00000E+00
     0.11026E+01     0.29804E-02    -0.27237E-03     0.34513E-04     0.00000E+00     0.00000E+00     0.24617E-03     0.10756E-04     0.00000E+00
     0.11183E+01     0.30459E-02    -0.27863E-03     0.45313E-04     0.00000E+00     0.00000E+00     0.24142E-03     0.11205E-04     0.00000E+00
     0.11340E+01     0.31193E-02    -0.28571E-03     0.57423E-04     0.00000E+00     0.00000E+00     0.23763E-03     0.11461E-04     0.00000E+00
     0.11497E+01     0.32006E-02    -0.29339E-03     0.70801E-04     0.00000E+00     0.00000E+00     0.23491E-03     0.11294E-04     0.00000E+00
     0.11653E+01     0.32898E-02    -0.30170E-03     0.85435E-04     0.00000E+00     0.00000E+00     0.23248E-03     0.10726E-04     0.00000E+00
     0.11809E+01     0.33864E-02    -0.31080E-03     0.10125E-03     0.00000E+00     0.00000E+00     0.22957E-03     0.10059E-04     0.00000E+00
     0.11965E+01     0.34899E-02    -0.32082E-03     0.11815E-03     0.00000E+00     0.00000E+00     0.22614E-03     0.93428E-05     0.00000E+00
     0.12120E+01     0.35997E-02    -0.33179E-03     0.13606E-03     0.00000E+00     0.00000E+00     0.22164E-03     0.85889E-05     0.00000E+00
     0.12275E+01     0.37151E-02    -0.34381E-03     0.15505E-03     0.00000E+00     0.00000E+00     0.21674E-03     0.82863E-05     0.00000E+00
     0.12430E+01     0.38360E-02    -0.35685E-03     0.17511E-03     0.00000E+00     0.00000E+00     0.21315E-03     0.80691E-05     0.00000E+00
     0.12584E+01     0.39621E-02    -0.37083E-03     0.19620E-03     0.00000E+00     0.00000E+00     0.21073E-03     0.73983E-05     0.00000E+00
     0.12737E+01     0.40927E-02    -0.38583E-03     0.21832E-03     0.00000E+00     0.00000E+00     0.20791E-03     0.64331E-05     0.00000E+00
     0.12890E+01     0.42273E-02    -0.40200E-03     0.24148E-03     0.00000E+00     0.00000E+00     0.20353E-03     0.58606E-05     0.00000E+00
     0.13042E+01     0.43653E-02    -0.41930E-03     0.26562E-03     0.00000E+00     0.00000E+00     0.19802E-03     0.52475E-05     0.00000E+00
     0.13194E+01     0.45062E-02    -0.43757E-03     0.29058E-03     0.00000E+00     0.00000E+00     0.19154E-03     0.40180E-05     0.00000E+00
     0.13345E+01     0.46490E-02    -0.45663E-03     0.31612E-03     0.00000E+00     0.00000E+00     0.18327E-03     0.24539E-05     0.00000E+00
     0.13495E+01     0.47929E-02    -0.47677E-03     0.34212E-03     0.00000E+00     0.00000E+00     0.17339E-03     0.18905E-05     0.00000E+00
     0.13645E+01     0.49373E-02    -0.49812E-03     0.36889E-03     0.00000E+00     0.00000E+00     0.16280E-03     0.25998E-05     0.00000E+00
     0.13794E+01     0.50827E-02    -0.52107E-03     0.39662E-03     0.00000E+00     0.00000E+00     0.15309E-03     0.40914E-05     0.00000E+00
     0.13942E+01     0.52298E-02    -0.54549E-03     0.42510E-03     0.00000E+00     0.00000E+00     0.14582E-03     0.53586E-05     0.00000E+00
     0.14089E+01     0.53794E-02    -0.57097E-03     0.45404E-03     0.00000E+00     0.00000E+00     0.14126E-03     0.56301E-05     0.00000E+00
     0.14235E+01     0.55315E-02    -0.59751E-03     0.48328E-03     0.00000E+00     0.00000E+00     0.13786E-03     0.49410E-05     0.00000E+00
     0.14380E+01     0.56856E-02    -0.62537E-03     0.51292E-03     0.00000E+00     0.00000E+00     0.13409E-03     0.42233E-05     0.00000E+00
     0.14525E+01     0.58413E-02    -0.65485E-03     0.54308E-03     0.00000E+00     0.00000E+00     0.12861E-03     0.38772E-05     0.00000E+00
     0.14668E+01     0.59983E-02    -0.68626E-03     0.57372E-03     0.00000E+00     0.00000E+00     0.12169E-03     0.50940E-05     0.00000E+00
     0.14811E+01     0.61573E-02    -0.71965E-03     0.60502E-03     0.00000E+00     0.00000E+00     0.11842E-03     0.75963E-05     0.00000E+00
     0.14952E+01     0.63193E-02    -0.75433E-03     0.63726E-03     0.00000E+00     0.00000E+00     0.12092E-03     0.87096E-05     0.00000E+00
     0.15093E+01     0.64851E-02    -0.79053E-03     0.67079E-03     0.00000E+00     0.00000E+00     0.12716E-03     0.87262E-05     0.00000E+00
     0.15232E+01     0.66544E-02    -0.82873E-03     0.70586E-03     0.00000E+00     0.00000E+00     0.13565E-03     0.84887E-05     0.00000E+00
     0.15370E+01     0.68271E-02    -0.86907E-03     0.74248E-03     0.00000E+00     0.00000E+00     0.14467E-03     0.83315E-05     0.00000E+00
     0.15507E+01     0.70028E-02    -0.91176E-03     0.78056E-03     0.00000E+00     0.00000E+00     0.15337E-03     0.88943E-05     0.00000E+00
     0.15643E+01     0.71817E-02    -0.95709E-03     0.81999E-03     0.00000E+00     0.00000E+00     0.16270E-03     0.95530E-05     0.00000E+00
     0.15778E+01     0.73639E-02    -0.10055E-02     0.86069E-03     0.00000E+00     0.00000E+00     0.17068E-03     0.98778E-05     0.00000E+00
     0.15911E+01     0.75495E-02    -0.10574E-02     0.90282E-03     0.00000E+00     0.00000E+00     0.17574E-03     0.11735E-04     0.00000E+00
     0.16043E+01     0.77391E-02    -0.11127E-02     0.94706E-03     0.00000E+00     0.00000E+00     0.18058E-03     0.14833E-04     0.00000E+00
     0.16174E+01     0.79341E-02    -0.11711E-02     0.99441E-03     0.00000E+00     0.00000E+00     0.18607E-03     0.16816E-04     0.00000E+00
     0.16303E+01     0.81351E-02    -0.12332E-02     0.10458E-02     0.00000E+00     0.00000E+00     0.19036E-03     0.17901E-04     0.00000E+00
     0.16431E+01     0.83425E-02    -0.13001E-02     0.11014E-02     0.00000E+00     0.00000E+00     0.19474E-03     0.19698E-04     0.00000E+00
     0.16558E+01     0.85566E-02    -0.13713E-02     0.11612E-02     0.00000E+00     0.00000E+00     0.20094E-03     0.20424E-04     0.00000E+00
     0.16683E+01     0.87773E-02    -0.14478E-02     0.12253E-02     0.00000E+00     0.00000E+00     0.20637E-03     0.21191E-04     0.00000E+00
     0.16806E+01     0.90049E-02    -0.15313E-02     0.12945E-02     0.00000E+00     0.00000E+00     0.21063E-03     0.24470E-04     0.00000E+00
     0.16928E+01     0.92400E-02    -0.16215E-02     0.13698E-02     0.00000E+00     0.00000E+00     0.21541E-03     0.27300E-04     0.00000E+00
     0.17049E+01     0.94835E-02    -0.17184E-02     0.14517E-02     0.00000E+00     0.00000E+00     0.21949E-03     0.30253E-04     0.00000E+00
     0.17167E+01     0.97360E-02    -0.18221E-02     0.15410E-02     0.00000E+00     0.00000E+00     0.22217E-03     0.35086E-04     0.00000E+00
     0.17285E+01     0.99990E-02    -0.19322E-02     0.16399E-02     0.00000E+00     0.00000E+00     0.22385E-03     0.39317E-04     0.00000E+00
     0.17400E+01     0.10273E-01    -0.20502E-02     0.17511E-02     0.00000E+00     0.00000E+00     0.22043E-03     0.43533E-04     0.00000E+00
     0.17514E+01     0.10560E-01    -0.21784E-02     0.18770E-02     0.00000E+00     0.00000E+00     0.21124E-03     0.50028E-04     0.00000E+00
     0.17626E+01     0.10860E-01    -0.23168E-02     0.20192E-02     0.00000E+00     0.00000E+00     0.19975E-03     0.58028E-04     0.00000E+00
     0.17737E+01     0.11176E-01    -0.24641E-02     0.21797E-02     0.00000E+00     0.00000E+00     0.18152E-03     0.66213E-04     0.00000E+00
     0.17845E+01     0.11510E-01    -0.26208E-02     0.23615E-02     0.00000E+00     0.00000E+00     0.15108E-03     0.75238E-04     0.00000E+00
     0.17952E+01     0.11863E-01    -0.27877E-02     0.25687E-02     0.00000E+00     0.00000E+00     0.10817E-03     0.83934E-04     0.00000E+00
     0.18057E+01     0.12237E-01    -0.29638E-02     0.28056E-02     0.00000E+00     0.00000E+00     0.51803E-04     0.87188E-04     0.00000E+00
     0.18160E+01     0.12631E-01    -0.31505E-02     0.30772E-02     0.00000E+00     0.00000E+00    -0.24684E-04     0.87766E-04     0.00000E+00
     0.18261E+01     0.13043E-01    -0.33488E-02     0.33888E-02     0.00000E+00     0.00000E+00    -0.12710E-03     0.88695E-04     0.00000E+00
     0.18360E+01     0.13474E-01    -0.35576E-02     0.37451E-02     0.00000E+00     0.00000E+00    -0.25715E-03     0.86886E-04     0.00000E+00
     0.18457E+01     0.13919E-01    -0.37744E-02     0.41510E-02     0.00000E+00     0.00000E+00    -0.41823E-03     0.77725E-04     0.00000E+00
     0.18552E+01     0.14376E-01    -0.39973E-02     0.46124E-02     0.00000E+00     0.00000E+00    -0.61665E-03     0.57948E-04     0.00000E+00
     0.18645E+01     0.14838E-01    -0.42245E-02     0.51360E-02     0.00000E+00     0.00000E+00    -0.85863E-03     0.23161E-04     0.00000E+00
     0.18736E+01     0.15295E-01    -0.44537E-02     0.57264E-02     0.00000E+00     0.00000E+00    -0.11463E-02    -0.35395E-04     0.00000E+00
     0.18825E+01     0.15733E-01    -0.46820E-02     0.63843E-02     0.00000E+00     0.00000E+00    -0.14775E-02    -0.12671E-03     0.00000E+00
     0.18912E+01     0.16132E-01    -0.49054E-02     0.71033E-02     0.00000E+00     0.00000E+00    -0.18414E-02    -0.26135E-03     0.00000E+00
     0.18996E+01     0.16466E-01    -0.51176E-02     0.78668E-02     0.00000E+00     0.00000E+00    -0.22141E-02    -0.45387E-03     0.00000E+00
     0.19078E+01     0.16702E-01    -0.53107E-02     0.86438E-02     0.00000E+00     0.00000E+00    -0.25603E-02    -0.71847E-03     0.00000E+00
     0.19158E+01     0.16795E-01    -0.54762E-02     0.93848E-02     0.00000E+00     0.00000E+00    -0.28289E-02    -0.10658E-02     0.00000E+00
     0.19236E+01     0.16696E-01    -0.56041E-02     0.10016E-01     0.00000E+00     0.00000E+00    -0.29518E-02    -0.15001E-02     0.00000E+00
     0.19311E+01     0.16350E-01    -0.56831E-02     0.10440E-01     0.00000E+00     0.00000E+00    -0.28476E-02    -0.20114E-02     0.00000E+00
     0.19384E+01     0.15700E-01    -0.57067E-02     0.10536E-01     0.00000E+00     0.00000E+00    -0.24413E-02    -0.25581E-02     0.00000E+00
     0.19455E+01     0.14697E-01    -0.56805E-02     0.10190E-01     0.00000E+00     0.00000E+00    -0.17000E-02    -0.30476E-02     0.00000E+00
     0.19523E+01     0.13314E-01    -0.56317E-02     0.93238E-02     0.00000E+00     0.00000E+00    -0.67611E-03    -0.33202E-02     0.00000E+00
     0.19589E+01     0.11563E-01    -0.56141E-02     0.79439E-02     0.00000E+00     0.00000E+00     0.45816E-03    -0.31547E-02     0.00000E+00
     0.19652E+01     0.95119E-02    -0.57003E-02     0.61782E-02     0.00000E+00     0.00000E+00     0.14188E-02    -0.23211E-02     0.00000E+00
     0.19713E+01     0.72955E-02    -0.59510E-02     0.42743E-02     0.00000E+00     0.00000E+00     0.19053E-02    -0.70462E-03     0.00000E+00
     0.19771E+01     0.51050E-02    -0.63609E-02     0.25383E-02     0.00000E+00     0.00000E+00     0.17718E-02     0.15333E-02     0.00000E+00
     0.19826E+01     0.31506E-02    -0.68460E-02     0.12243E-02     0.00000E+00     0.00000E+00     0.11820E-02     0.39032E-02     0.00000E+00
     0.19879E+01     0.16070E-02    -0.72963E-02     0.43232E-03     0.00000E+00     0.00000E+00     0.50659E-03     0.58263E-02     0.00000E+00
     0.19929E+01     0.57130E-03    -0.76414E-02     0.86063E-04     0.00000E+00     0.00000E+00     0.14386E-03     0.69982E-02     0.00000E+00
     0.19977E+01     0.62532E-04    -0.83063E-02     0.27985E-05     0.00000E+00     0.00000E+00    -0.95391E-04     0.84490E-02     0.00000E+00
