     0.23093E-02     0.32115E-06    -0.44323E-04     0.16714E-07     0.00000E+00     0.00000E+00    -0.72061E-07     0.37735E-04     0.11750E-04     0.38953E-03    -0.36832E-03     0.16929E-04     0.51790E-05
     0.70633E-02     0.20302E-05    -0.21971E-04     0.34396E-06     0.00000E+00     0.00000E+00     0.13590E-06     0.55491E-05     0.15748E-04     0.28562E-03    -0.27306E-03     0.48212E-04     0.32464E-04
     0.12087E-01     0.41609E-05    -0.10595E-04     0.11315E-05     0.00000E+00     0.00000E+00     0.42127E-06    -0.17289E-05     0.10733E-04     0.20618E-03    -0.19503E-03     0.76874E-04     0.66141E-04
     0.17376E-01     0.63447E-05    -0.68239E-05     0.23060E-05     0.00000E+00     0.00000E+00     0.93052E-06    -0.11344E-05     0.47938E-05     0.16411E-03    -0.15950E-03     0.10520E-03     0.10040E-03
     0.22928E-01     0.85714E-05    -0.51749E-05     0.38958E-05     0.00000E+00     0.00000E+00     0.15657E-05     0.36509E-06    -0.48353E-06     0.13939E-03    -0.14007E-03     0.13466E-03     0.13514E-03
     0.28739E-01     0.10926E-04    -0.46175E-05     0.60497E-05     0.00000E+00     0.00000E+00     0.23329E-05     0.16004E-05    -0.52274E-05     0.12724E-03    -0.13285E-03     0.16648E-03     0.17170E-03
     0.34807E-01     0.13499E-04    -0.44924E-05     0.89417E-05     0.00000E+00     0.00000E+00     0.32302E-05     0.23820E-05    -0.99336E-05     0.12086E-03    -0.13131E-03     0.20156E-03     0.21149E-03
     0.41127E-01     0.16367E-04    -0.46127E-05     0.12721E-04     0.00000E+00     0.00000E+00     0.42507E-05     0.28056E-05    -0.15030E-04     0.11758E-03    -0.13324E-03     0.24063E-03     0.25566E-03
     0.47696E-01     0.19588E-04    -0.48724E-05     0.17493E-04     0.00000E+00     0.00000E+00     0.53616E-05     0.30124E-05    -0.20803E-04     0.11556E-03    -0.13708E-03     0.28425E-03     0.30505E-03
     0.54512E-01     0.23208E-04    -0.52299E-05     0.23322E-04     0.00000E+00     0.00000E+00     0.65111E-05     0.30876E-05    -0.27418E-04     0.11400E-03    -0.14222E-03     0.33291E-03     0.36033E-03
     0.61570E-01     0.27263E-04    -0.56571E-05     0.30235E-04     0.00000E+00     0.00000E+00     0.76338E-05     0.30894E-05    -0.34953E-04     0.11250E-03    -0.14833E-03     0.38703E-03     0.42198E-03
     0.68868E-01     0.31783E-04    -0.61376E-05     0.38228E-04     0.00000E+00     0.00000E+00     0.86667E-05     0.30515E-05    -0.43425E-04     0.11087E-03    -0.15524E-03     0.44698E-03     0.49041E-03
     0.76401E-01     0.36796E-04    -0.66543E-05     0.47272E-04     0.00000E+00     0.00000E+00     0.95659E-05     0.29833E-05    -0.52815E-04     0.10899E-03    -0.16283E-03     0.51312E-03     0.56594E-03
     0.84168E-01     0.42323E-04    -0.71941E-05     0.57313E-04     0.00000E+00     0.00000E+00     0.10301E-04     0.28886E-05    -0.63072E-04     0.10682E-03    -0.17100E-03     0.58575E-03     0.64882E-03
     0.92164E-01     0.48382E-04    -0.77456E-05     0.68277E-04     0.00000E+00     0.00000E+00     0.10843E-04     0.27794E-05    -0.74116E-04     0.10432E-03    -0.17965E-03     0.66514E-03     0.73925E-03
     0.10039E+00     0.54989E-04    -0.82977E-05     0.80074E-04     0.00000E+00     0.00000E+00     0.11169E-04     0.26715E-05    -0.85849E-04     0.10151E-03    -0.18869E-03     0.75150E-03     0.83735E-03
     0.10883E+00     0.62156E-04    -0.88450E-05     0.92608E-04     0.00000E+00     0.00000E+00     0.11282E-04     0.25765E-05    -0.98173E-04     0.98439E-04    -0.19808E-03     0.84505E-03     0.94323E-03
     0.11749E+00     0.69898E-04    -0.93816E-05     0.10578E-03     0.00000E+00     0.00000E+00     0.11227E-04     0.24785E-05    -0.11100E-03     0.95112E-04    -0.20775E-03     0.94596E-03     0.10570E-02
     0.12637E+00     0.78224E-04    -0.99010E-05     0.11948E-03     0.00000E+00     0.00000E+00     0.11041E-04     0.23673E-05    -0.12426E-03     0.91538E-04    -0.21762E-03     0.10544E-02     0.11786E-02
     0.13547E+00     0.87142E-04    -0.10402E-04     0.13363E-03     0.00000E+00     0.00000E+00     0.10730E-04     0.22585E-05    -0.13783E-03     0.87736E-04    -0.22761E-03     0.11704E-02     0.13082E-02
     0.14477E+00     0.96658E-04    -0.10875E-04     0.14811E-03     0.00000E+00     0.00000E+00     0.10280E-04     0.21517E-05    -0.15164E-03     0.83747E-04    -0.23767E-03     0.12940E-02     0.14456E-02
     0.15428E+00     0.10678E-03    -0.11326E-04     0.16283E-03     0.00000E+00     0.00000E+00     0.97160E-05     0.20596E-05    -0.16558E-03     0.79630E-04    -0.24779E-03     0.14253E-02     0.15909E-02
     0.16399E+00     0.11750E-03    -0.11747E-04     0.17771E-03     0.00000E+00     0.00000E+00     0.90700E-05     0.19621E-05    -0.17960E-03     0.75427E-04    -0.25792E-03     0.15643E-02     0.17439E-02
     0.17390E+00     0.12883E-03    -0.12143E-04     0.19267E-03     0.00000E+00     0.00000E+00     0.83325E-05     0.18817E-05    -0.19362E-03     0.71221E-04    -0.26807E-03     0.17109E-02     0.19045E-02
     0.18401E+00     0.14077E-03    -0.12522E-04     0.20763E-03     0.00000E+00     0.00000E+00     0.75198E-05     0.18305E-05    -0.20756E-03     0.67071E-04    -0.27825E-03     0.18651E-02     0.20727E-02
     0.19431E+00     0.15333E-03    -0.12880E-04     0.22255E-03     0.00000E+00     0.00000E+00     0.67175E-05     0.17759E-05    -0.22143E-03     0.62943E-04    -0.28840E-03     0.20269E-02     0.22484E-02
     0.20480E+00     0.16652E-03    -0.13212E-04     0.23735E-03     0.00000E+00     0.00000E+00     0.59660E-05     0.17121E-05    -0.23521E-03     0.58797E-04    -0.29847E-03     0.21963E-02     0.24315E-02
     0.21547E+00     0.18033E-03    -0.13521E-04     0.25201E-03     0.00000E+00     0.00000E+00     0.52709E-05     0.16378E-05    -0.24888E-03     0.54629E-04    -0.30843E-03     0.23732E-02     0.26220E-02
     0.22633E+00     0.19476E-03    -0.13810E-04     0.26648E-03     0.00000E+00     0.00000E+00     0.46332E-05     0.15540E-05    -0.26239E-03     0.50471E-04    -0.31827E-03     0.25573E-02     0.28197E-02
     0.23737E+00     0.20982E-03    -0.14081E-04     0.28073E-03     0.00000E+00     0.00000E+00     0.40041E-05     0.14874E-05    -0.27568E-03     0.46379E-04    -0.32797E-03     0.27487E-02     0.30244E-02
     0.24859E+00     0.22549E-03    -0.14339E-04     0.29472E-03     0.00000E+00     0.00000E+00     0.33630E-05     0.14286E-05    -0.28872E-03     0.42394E-04    -0.33756E-03     0.29471E-02     0.32358E-02
     0.25997E+00     0.24178E-03    -0.14587E-04     0.30846E-03     0.00000E+00     0.00000E+00     0.27396E-05     0.13799E-05    -0.30150E-03     0.38518E-04    -0.34701E-03     0.31523E-02     0.34538E-02
     0.27153E+00     0.25869E-03    -0.14824E-04     0.32191E-03     0.00000E+00     0.00000E+00     0.21406E-05     0.13321E-05    -0.31402E-03     0.34716E-04    -0.35631E-03     0.33641E-02     0.36781E-02
     0.28325E+00     0.27620E-03    -0.15046E-04     0.33507E-03     0.00000E+00     0.00000E+00     0.15751E-05     0.12678E-05    -0.32628E-03     0.30976E-04    -0.36542E-03     0.35824E-02     0.39087E-02
     0.29514E+00     0.29432E-03    -0.15256E-04     0.34792E-03     0.00000E+00     0.00000E+00     0.10435E-05     0.12039E-05    -0.33827E-03     0.27307E-04    -0.37435E-03     0.38070E-02     0.41453E-02
     0.30719E+00     0.31303E-03    -0.15458E-04     0.36047E-03     0.00000E+00     0.00000E+00     0.49755E-06     0.11557E-05    -0.34995E-03     0.23735E-04    -0.38309E-03     0.40375E-02     0.43875E-02
     0.31939E+00     0.33234E-03    -0.15652E-04     0.37270E-03     0.00000E+00     0.00000E+00    -0.76944E-07     0.11054E-05    -0.36132E-03     0.20330E-04    -0.39170E-03     0.42738E-02     0.46351E-02
     0.33174E+00     0.35222E-03    -0.15846E-04     0.38462E-03     0.00000E+00     0.00000E+00    -0.66637E-06     0.10692E-05    -0.37236E-03     0.17113E-04    -0.40019E-03     0.45156E-02     0.48879E-02
     0.34425E+00     0.37269E-03    -0.16037E-04     0.39623E-03     0.00000E+00     0.00000E+00    -0.12663E-05     0.10462E-05    -0.38307E-03     0.14117E-04    -0.40858E-03     0.47626E-02     0.51457E-02
     0.35690E+00     0.39373E-03    -0.16229E-04     0.40753E-03     0.00000E+00     0.00000E+00    -0.18664E-05     0.10411E-05    -0.39348E-03     0.11343E-04    -0.41691E-03     0.50147E-02     0.54082E-02
     0.36969E+00     0.41536E-03    -0.16421E-04     0.41852E-03     0.00000E+00     0.00000E+00    -0.24181E-05     0.10231E-05    -0.40362E-03     0.87003E-05    -0.42512E-03     0.52718E-02     0.56754E-02
     0.38262E+00     0.43756E-03    -0.16616E-04     0.42922E-03     0.00000E+00     0.00000E+00    -0.29322E-05     0.10117E-05    -0.41354E-03     0.61858E-05    -0.43324E-03     0.55335E-02     0.59470E-02
     0.39569E+00     0.46035E-03    -0.16820E-04     0.43963E-03     0.00000E+00     0.00000E+00    -0.33995E-05     0.10090E-05    -0.42327E-03     0.38100E-05    -0.44131E-03     0.57998E-02     0.62231E-02
     0.40890E+00     0.48373E-03    -0.17026E-04     0.44977E-03     0.00000E+00     0.00000E+00    -0.37313E-05     0.98333E-06    -0.43284E-03     0.15122E-05    -0.44931E-03     0.60704E-02     0.65033E-02
     0.42223E+00     0.50769E-03    -0.17233E-04     0.45963E-03     0.00000E+00     0.00000E+00    -0.39061E-05     0.95831E-06    -0.44226E-03    -0.73579E-06    -0.45721E-03     0.63452E-02     0.67875E-02
     0.43569E+00     0.53223E-03    -0.17439E-04     0.46923E-03     0.00000E+00     0.00000E+00    -0.39641E-05     0.93627E-06    -0.45150E-03    -0.29430E-05    -0.46499E-03     0.66239E-02     0.70754E-02
     0.44927E+00     0.55734E-03    -0.17646E-04     0.47857E-03     0.00000E+00     0.00000E+00    -0.39368E-05     0.92676E-06    -0.46059E-03    -0.51156E-05    -0.47266E-03     0.69063E-02     0.73669E-02
     0.46297E+00     0.58302E-03    -0.17850E-04     0.48767E-03     0.00000E+00     0.00000E+00    -0.37974E-05     0.91475E-06    -0.46955E-03    -0.72820E-05    -0.48021E-03     0.71920E-02     0.76616E-02
     0.47679E+00     0.60927E-03    -0.18055E-04     0.49653E-03     0.00000E+00     0.00000E+00    -0.34952E-05     0.87666E-06    -0.47842E-03    -0.94668E-05    -0.48764E-03     0.74810E-02     0.79594E-02
     0.49072E+00     0.63609E-03    -0.18262E-04     0.50519E-03     0.00000E+00     0.00000E+00    -0.30624E-05     0.86764E-06    -0.48715E-03    -0.11608E-04    -0.49499E-03     0.77729E-02     0.82600E-02
     0.50476E+00     0.66346E-03    -0.18477E-04     0.51363E-03     0.00000E+00     0.00000E+00    -0.25071E-05     0.86177E-06    -0.49577E-03    -0.13665E-04    -0.50233E-03     0.80674E-02     0.85632E-02
     0.51891E+00     0.69138E-03    -0.18697E-04     0.52189E-03     0.00000E+00     0.00000E+00    -0.18275E-05     0.82409E-06    -0.50432E-03    -0.15631E-04    -0.50968E-03     0.83643E-02     0.88686E-02
     0.53316E+00     0.71985E-03    -0.18929E-04     0.52998E-03     0.00000E+00     0.00000E+00    -0.11062E-05     0.82164E-06    -0.51275E-03    -0.17465E-04    -0.51706E-03     0.86634E-02     0.91761E-02
     0.54751E+00     0.74886E-03    -0.19170E-04     0.53790E-03     0.00000E+00     0.00000E+00    -0.33049E-06     0.83793E-06    -0.52108E-03    -0.19201E-04    -0.52445E-03     0.89644E-02     0.94855E-02
     0.56196E+00     0.77842E-03    -0.19420E-04     0.54569E-03     0.00000E+00     0.00000E+00     0.59366E-06     0.83460E-06    -0.52941E-03    -0.20931E-04    -0.53184E-03     0.92671E-02     0.97965E-02
     0.57649E+00     0.80853E-03    -0.19677E-04     0.55337E-03     0.00000E+00     0.00000E+00     0.16991E-05     0.80790E-06    -0.53776E-03    -0.22682E-04    -0.53923E-03     0.95713E-02     0.10109E-01
     0.59112E+00     0.83917E-03    -0.19944E-04     0.56093E-03     0.00000E+00     0.00000E+00     0.28999E-05     0.80646E-06    -0.54610E-03    -0.24432E-04    -0.54662E-03     0.98767E-02     0.10423E-01
     0.60584E+00     0.87035E-03    -0.20221E-04     0.56843E-03     0.00000E+00     0.00000E+00     0.41626E-05     0.78754E-06    -0.55448E-03    -0.26157E-04    -0.55406E-03     0.10183E-01     0.10738E-01
     0.62064E+00     0.90205E-03    -0.20511E-04     0.57587E-03     0.00000E+00     0.00000E+00     0.54965E-05     0.78248E-06    -0.56286E-03    -0.27793E-04    -0.56160E-03     0.10490E-01     0.11053E-01
     0.63552E+00     0.93427E-03    -0.20815E-04     0.58329E-03     0.00000E+00     0.00000E+00     0.68585E-05     0.80085E-06    -0.57128E-03    -0.29352E-04    -0.56925E-03     0.10798E-01     0.11369E-01
     0.65047E+00     0.96703E-03    -0.21134E-04     0.59069E-03     0.00000E+00     0.00000E+00     0.82653E-05     0.81797E-06    -0.57979E-03    -0.30876E-04    -0.57703E-03     0.11106E-01     0.11686E-01
     0.66550E+00     0.10003E-02    -0.21471E-04     0.59812E-03     0.00000E+00     0.00000E+00     0.98189E-05     0.82106E-06    -0.58848E-03    -0.32407E-04    -0.58498E-03     0.11414E-01     0.12002E-01
     0.68060E+00     0.10341E-02    -0.21824E-04     0.60561E-03     0.00000E+00     0.00000E+00     0.11595E-04     0.80129E-06    -0.59737E-03    -0.33979E-04    -0.59307E-03     0.11722E-01     0.12319E-01
     0.69576E+00     0.10685E-02    -0.22193E-04     0.61319E-03     0.00000E+00     0.00000E+00     0.13514E-04     0.78862E-06    -0.60646E-03    -0.35603E-04    -0.60132E-03     0.12030E-01     0.12636E-01
     0.71099E+00     0.11033E-02    -0.22582E-04     0.62087E-03     0.00000E+00     0.00000E+00     0.15535E-04     0.76291E-06    -0.61575E-03    -0.37245E-04    -0.60973E-03     0.12337E-01     0.12952E-01
     0.72628E+00     0.11387E-02    -0.22994E-04     0.62870E-03     0.00000E+00     0.00000E+00     0.17627E-04     0.74338E-06    -0.62522E-03    -0.38831E-04    -0.61837E-03     0.12643E-01     0.13268E-01
     0.74162E+00     0.11745E-02    -0.23426E-04     0.63672E-03     0.00000E+00     0.00000E+00     0.19716E-04     0.73959E-06    -0.63485E-03    -0.40367E-04    -0.62722E-03     0.12947E-01     0.13582E-01
     0.75702E+00     0.12108E-02    -0.23876E-04     0.64497E-03     0.00000E+00     0.00000E+00     0.21774E-04     0.76335E-06    -0.64467E-03    -0.41918E-04    -0.63625E-03     0.13251E-01     0.13895E-01
     0.77247E+00     0.12476E-02    -0.24345E-04     0.65347E-03     0.00000E+00     0.00000E+00     0.23849E-04     0.78405E-06    -0.65478E-03    -0.43576E-04    -0.64545E-03     0.13553E-01     0.14207E-01
     0.78796E+00     0.12849E-02    -0.24837E-04     0.66229E-03     0.00000E+00     0.00000E+00     0.25999E-04     0.80298E-06    -0.66526E-03    -0.45365E-04    -0.65488E-03     0.13852E-01     0.14518E-01
     0.80350E+00     0.13227E-02    -0.25361E-04     0.67148E-03     0.00000E+00     0.00000E+00     0.28300E-04     0.80188E-06    -0.67616E-03    -0.47299E-04    -0.66459E-03     0.14150E-01     0.14826E-01
     0.81907E+00     0.13610E-02    -0.25912E-04     0.68106E-03     0.00000E+00     0.00000E+00     0.30781E-04     0.77636E-06    -0.68756E-03    -0.49450E-04    -0.67456E-03     0.14446E-01     0.15133E-01
     0.83469E+00     0.13998E-02    -0.26487E-04     0.69108E-03     0.00000E+00     0.00000E+00     0.33353E-04     0.75768E-06    -0.69948E-03    -0.51884E-04    -0.68477E-03     0.14739E-01     0.15438E-01
     0.85033E+00     0.14390E-02    -0.27089E-04     0.70157E-03     0.00000E+00     0.00000E+00     0.36039E-04     0.71442E-06    -0.71199E-03    -0.54654E-04    -0.69522E-03     0.15029E-01     0.15741E-01
     0.86601E+00     0.14787E-02    -0.27722E-04     0.71257E-03     0.00000E+00     0.00000E+00     0.38883E-04     0.63346E-06    -0.72513E-03    -0.57788E-04    -0.70593E-03     0.15315E-01     0.16040E-01
     0.88171E+00     0.15187E-02    -0.28384E-04     0.72410E-03     0.00000E+00     0.00000E+00     0.41851E-04     0.52660E-06    -0.73887E-03    -0.61281E-04    -0.71687E-03     0.15598E-01     0.16337E-01
     0.89744E+00     0.15590E-02    -0.29075E-04     0.73620E-03     0.00000E+00     0.00000E+00     0.44861E-04     0.43210E-06    -0.75318E-03    -0.65120E-04    -0.72803E-03     0.15876E-01     0.16629E-01
     0.91319E+00     0.15997E-02    -0.29795E-04     0.74887E-03     0.00000E+00     0.00000E+00     0.47916E-04     0.30831E-06    -0.76808E-03    -0.69317E-04    -0.73940E-03     0.16148E-01     0.16916E-01
     0.92895E+00     0.16405E-02    -0.30545E-04     0.76213E-03     0.00000E+00     0.00000E+00     0.51008E-04     0.14554E-06    -0.78356E-03    -0.73830E-04    -0.75101E-03     0.16415E-01     0.17198E-01
     0.94473E+00     0.16814E-02    -0.31330E-04     0.77599E-03     0.00000E+00     0.00000E+00     0.54033E-04    -0.47794E-07    -0.79954E-03    -0.78515E-04    -0.76292E-03     0.16674E-01     0.17473E-01
     0.96051E+00     0.17223E-02    -0.32155E-04     0.79044E-03     0.00000E+00     0.00000E+00     0.56899E-04    -0.25384E-06    -0.81589E-03    -0.83176E-04    -0.77520E-03     0.16925E-01     0.17741E-01
     0.97631E+00     0.17631E-02    -0.33027E-04     0.80549E-03     0.00000E+00     0.00000E+00     0.59507E-04    -0.41539E-06    -0.83249E-03    -0.87616E-04    -0.78793E-03     0.17168E-01     0.18000E-01
     0.99210E+00     0.18038E-02    -0.33948E-04     0.82114E-03     0.00000E+00     0.00000E+00     0.61826E-04    -0.56114E-06    -0.84929E-03    -0.91786E-04    -0.80112E-03     0.17401E-01     0.18250E-01
     0.10079E+01     0.18441E-02    -0.34917E-04     0.83739E-03     0.00000E+00     0.00000E+00     0.63802E-04    -0.72416E-06    -0.86631E-03    -0.95691E-04    -0.81476E-03     0.17623E-01     0.18489E-01
     0.10237E+01     0.18841E-02    -0.35943E-04     0.85425E-03     0.00000E+00     0.00000E+00     0.65322E-04    -0.89669E-06    -0.88352E-03    -0.99196E-04    -0.82896E-03     0.17834E-01     0.18718E-01
     0.10395E+01     0.19236E-02    -0.37033E-04     0.87174E-03     0.00000E+00     0.00000E+00     0.66334E-04    -0.10457E-05    -0.90086E-03    -0.10219E-03    -0.84376E-03     0.18034E-01     0.18935E-01
     0.10553E+01     0.19625E-02    -0.38189E-04     0.88987E-03     0.00000E+00     0.00000E+00     0.66796E-04    -0.11807E-05    -0.91829E-03    -0.10469E-03    -0.85913E-03     0.18221E-01     0.19139E-01
     0.10711E+01     0.20008E-02    -0.39405E-04     0.90865E-03     0.00000E+00     0.00000E+00     0.66626E-04    -0.13217E-05    -0.93582E-03    -0.10677E-03    -0.87498E-03     0.18395E-01     0.19331E-01
     0.10868E+01     0.20385E-02    -0.40671E-04     0.92807E-03     0.00000E+00     0.00000E+00     0.65807E-04    -0.14359E-05    -0.95346E-03    -0.10858E-03    -0.89118E-03     0.18556E-01     0.19509E-01
     0.11026E+01     0.20754E-02    -0.41982E-04     0.94812E-03     0.00000E+00     0.00000E+00     0.64475E-04    -0.15546E-05    -0.97125E-03    -0.11023E-03    -0.90764E-03     0.18703E-01     0.19674E-01
     0.11183E+01     0.21114E-02    -0.43341E-04     0.96878E-03     0.00000E+00     0.00000E+00     0.62760E-04    -0.16987E-05    -0.98919E-03    -0.11173E-03    -0.92437E-03     0.18836E-01     0.19825E-01
     0.11340E+01     0.21465E-02    -0.44756E-04     0.99005E-03     0.00000E+00     0.00000E+00     0.60587E-04    -0.18119E-05    -0.10072E-02    -0.11293E-03    -0.94144E-03     0.18954E-01     0.19961E-01
     0.11497E+01     0.21807E-02    -0.46244E-04     0.10120E-02     0.00000E+00     0.00000E+00     0.58062E-04    -0.18211E-05    -0.10254E-02    -0.11375E-03    -0.95894E-03     0.19058E-01     0.20084E-01
     0.11653E+01     0.22139E-02    -0.47814E-04     0.10345E-02     0.00000E+00     0.00000E+00     0.55563E-04    -0.18180E-05    -0.10438E-02    -0.11428E-03    -0.97693E-03     0.19148E-01     0.20191E-01
     0.11809E+01     0.22462E-02    -0.49466E-04     0.10578E-02     0.00000E+00     0.00000E+00     0.53267E-04    -0.18609E-05    -0.10626E-02    -0.11471E-03    -0.99538E-03     0.19223E-01     0.20285E-01
     0.11965E+01     0.22774E-02    -0.51200E-04     0.10817E-02     0.00000E+00     0.00000E+00     0.51213E-04    -0.19423E-05    -0.10820E-02    -0.11524E-03    -0.10142E-02     0.19283E-01     0.20365E-01
     0.12120E+01     0.23076E-02    -0.52999E-04     0.11063E-02     0.00000E+00     0.00000E+00     0.49367E-04    -0.21424E-05    -0.11019E-02    -0.11605E-03    -0.10333E-02     0.19329E-01     0.20431E-01
     0.12275E+01     0.23367E-02    -0.54844E-04     0.11315E-02     0.00000E+00     0.00000E+00     0.47324E-04    -0.24259E-05    -0.11223E-02    -0.11711E-03    -0.10525E-02     0.19360E-01     0.20482E-01
     0.12430E+01     0.23645E-02    -0.56757E-04     0.11573E-02     0.00000E+00     0.00000E+00     0.44723E-04    -0.26334E-05    -0.11429E-02    -0.11811E-03    -0.10719E-02     0.19376E-01     0.20519E-01
     0.12584E+01     0.23910E-02    -0.58760E-04     0.11837E-02     0.00000E+00     0.00000E+00     0.41724E-04    -0.27777E-05    -0.11637E-02    -0.11886E-03    -0.10916E-02     0.19376E-01     0.20540E-01
     0.12737E+01     0.24160E-02    -0.60847E-04     0.12107E-02     0.00000E+00     0.00000E+00     0.38498E-04    -0.29708E-05    -0.11845E-02    -0.11946E-03    -0.11116E-02     0.19360E-01     0.20545E-01
     0.12890E+01     0.24395E-02    -0.63003E-04     0.12382E-02     0.00000E+00     0.00000E+00     0.34817E-04    -0.32076E-05    -0.12055E-02    -0.12000E-03    -0.11317E-02     0.19329E-01     0.20534E-01
     0.13042E+01     0.24614E-02    -0.65236E-04     0.12662E-02     0.00000E+00     0.00000E+00     0.30470E-04    -0.33913E-05    -0.12265E-02    -0.12039E-03    -0.11519E-02     0.19281E-01     0.20507E-01
     0.13194E+01     0.24817E-02    -0.67552E-04     0.12946E-02     0.00000E+00     0.00000E+00     0.25557E-04    -0.35763E-05    -0.12474E-02    -0.12056E-03    -0.11722E-02     0.19217E-01     0.20464E-01
     0.13345E+01     0.25002E-02    -0.69938E-04     0.13233E-02     0.00000E+00     0.00000E+00     0.20081E-04    -0.38267E-05    -0.12683E-02    -0.12058E-03    -0.11925E-02     0.19137E-01     0.20405E-01
     0.13495E+01     0.25168E-02    -0.72379E-04     0.13522E-02     0.00000E+00     0.00000E+00     0.13858E-04    -0.41096E-05    -0.12888E-02    -0.12036E-03    -0.12127E-02     0.19040E-01     0.20329E-01
     0.13645E+01     0.25315E-02    -0.74903E-04     0.13814E-02     0.00000E+00     0.00000E+00     0.67560E-05    -0.43435E-05    -0.13090E-02    -0.11957E-03    -0.12330E-02     0.18927E-01     0.20236E-01
     0.13794E+01     0.25442E-02    -0.77528E-04     0.14106E-02     0.00000E+00     0.00000E+00    -0.11434E-05    -0.44934E-05    -0.13285E-02    -0.11801E-03    -0.12535E-02     0.18798E-01     0.20126E-01
     0.13942E+01     0.25548E-02    -0.80257E-04     0.14400E-02     0.00000E+00     0.00000E+00    -0.94805E-05    -0.45163E-05    -0.13476E-02    -0.11577E-03    -0.12741E-02     0.18653E-01     0.20000E-01
     0.14089E+01     0.25634E-02    -0.83085E-04     0.14694E-02     0.00000E+00     0.00000E+00    -0.17802E-04    -0.44782E-05    -0.13663E-02    -0.11310E-03    -0.12948E-02     0.18492E-01     0.19858E-01
     0.14235E+01     0.25699E-02    -0.86010E-04     0.14988E-02     0.00000E+00     0.00000E+00    -0.25821E-04    -0.44638E-05    -0.13848E-02    -0.11031E-03    -0.13153E-02     0.18316E-01     0.19701E-01
     0.14380E+01     0.25745E-02    -0.89040E-04     0.15281E-02     0.00000E+00     0.00000E+00    -0.33384E-04    -0.45270E-05    -0.14033E-02    -0.10763E-03    -0.13357E-02     0.18126E-01     0.19529E-01
     0.14525E+01     0.25772E-02    -0.92165E-04     0.15572E-02     0.00000E+00     0.00000E+00    -0.40477E-04    -0.46757E-05    -0.14219E-02    -0.10528E-03    -0.13557E-02     0.17922E-01     0.19344E-01
     0.14668E+01     0.25778E-02    -0.95352E-04     0.15860E-02     0.00000E+00     0.00000E+00    -0.47171E-04    -0.48517E-05    -0.14403E-02    -0.10345E-03    -0.13751E-02     0.17705E-01     0.19145E-01
     0.14811E+01     0.25765E-02    -0.98585E-04     0.16144E-02     0.00000E+00     0.00000E+00    -0.53592E-04    -0.50254E-05    -0.14586E-02    -0.10218E-03    -0.13937E-02     0.17475E-01     0.18933E-01
     0.14952E+01     0.25731E-02    -0.10188E-03     0.16423E-02     0.00000E+00     0.00000E+00    -0.59785E-04    -0.51841E-05    -0.14767E-02    -0.10132E-03    -0.14116E-02     0.17232E-01     0.18709E-01
     0.15093E+01     0.25676E-02    -0.10524E-03     0.16697E-02     0.00000E+00     0.00000E+00    -0.65547E-04    -0.53648E-05    -0.14945E-02    -0.10079E-03    -0.14289E-02     0.16977E-01     0.18471E-01
     0.15232E+01     0.25601E-02    -0.10867E-03     0.16964E-02     0.00000E+00     0.00000E+00    -0.70699E-04    -0.56749E-05    -0.15121E-02    -0.10061E-03    -0.14455E-02     0.16710E-01     0.18222E-01
     0.15370E+01     0.25504E-02    -0.11214E-03     0.17223E-02     0.00000E+00     0.00000E+00    -0.75345E-04    -0.61461E-05    -0.15292E-02    -0.10069E-03    -0.14614E-02     0.16430E-01     0.17960E-01
     0.15507E+01     0.25384E-02    -0.11568E-03     0.17472E-02     0.00000E+00     0.00000E+00    -0.79877E-04    -0.65566E-05    -0.15455E-02    -0.10066E-03    -0.14767E-02     0.16139E-01     0.17685E-01
     0.15643E+01     0.25241E-02    -0.11933E-03     0.17711E-02     0.00000E+00     0.00000E+00    -0.84287E-04    -0.69127E-05    -0.15609E-02    -0.10021E-03    -0.14914E-02     0.15836E-01     0.17397E-01
     0.15778E+01     0.25074E-02    -0.12305E-03     0.17937E-02     0.00000E+00     0.00000E+00    -0.88487E-04    -0.73799E-05    -0.15753E-02    -0.99351E-04    -0.15054E-02     0.15521E-01     0.17097E-01
     0.15911E+01     0.24881E-02    -0.12683E-03     0.18148E-02     0.00000E+00     0.00000E+00    -0.92621E-04    -0.79036E-05    -0.15884E-02    -0.98062E-04    -0.15186E-02     0.15195E-01     0.16783E-01
     0.16043E+01     0.24662E-02    -0.13064E-03     0.18345E-02     0.00000E+00     0.00000E+00    -0.96981E-04    -0.84017E-05    -0.15999E-02    -0.96124E-04    -0.15308E-02     0.14857E-01     0.16457E-01
     0.16174E+01     0.24416E-02    -0.13455E-03     0.18527E-02     0.00000E+00     0.00000E+00    -0.10189E-03    -0.86254E-05    -0.16096E-02    -0.93239E-04    -0.15422E-02     0.14507E-01     0.16117E-01
     0.16303E+01     0.24144E-02    -0.13856E-03     0.18694E-02     0.00000E+00     0.00000E+00    -0.10695E-03    -0.86220E-05    -0.16174E-02    -0.89454E-04    -0.15527E-02     0.14147E-01     0.15765E-01
     0.16431E+01     0.23845E-02    -0.14260E-03     0.18843E-02     0.00000E+00     0.00000E+00    -0.11155E-03    -0.86727E-05    -0.16235E-02    -0.85200E-04    -0.15619E-02     0.13777E-01     0.15401E-01
     0.16558E+01     0.23522E-02    -0.14667E-03     0.18973E-02     0.00000E+00     0.00000E+00    -0.11545E-03    -0.88512E-05    -0.16282E-02    -0.80672E-04    -0.15699E-02     0.13398E-01     0.15026E-01
     0.16683E+01     0.23174E-02    -0.15076E-03     0.19080E-02     0.00000E+00     0.00000E+00    -0.11863E-03    -0.91157E-05    -0.16312E-02    -0.75838E-04    -0.15766E-02     0.13011E-01     0.14642E-01
     0.16806E+01     0.22801E-02    -0.15484E-03     0.19164E-02     0.00000E+00     0.00000E+00    -0.12108E-03    -0.94207E-05    -0.16326E-02    -0.70890E-04    -0.15817E-02     0.12617E-01     0.14249E-01
     0.16928E+01     0.22405E-02    -0.15886E-03     0.19221E-02     0.00000E+00     0.00000E+00    -0.12267E-03    -0.97942E-05    -0.16322E-02    -0.66150E-04    -0.15849E-02     0.12215E-01     0.13847E-01
     0.17049E+01     0.21984E-02    -0.16274E-03     0.19249E-02     0.00000E+00     0.00000E+00    -0.12337E-03    -0.10331E-04    -0.16299E-02    -0.61677E-04    -0.15858E-02     0.11808E-01     0.13438E-01
     0.17167E+01     0.21540E-02    -0.16648E-03     0.19244E-02     0.00000E+00     0.00000E+00    -0.12347E-03    -0.10980E-04    -0.16252E-02    -0.57037E-04    -0.15846E-02     0.11395E-01     0.13020E-01
     0.17285E+01     0.21070E-02    -0.17013E-03     0.19207E-02     0.00000E+00     0.00000E+00    -0.12328E-03    -0.11504E-04    -0.16179E-02    -0.51647E-04    -0.15816E-02     0.10976E-01     0.12594E-01
     0.17400E+01     0.20576E-02    -0.17369E-03     0.19135E-02     0.00000E+00     0.00000E+00    -0.12272E-03    -0.11915E-04    -0.16076E-02    -0.45192E-04    -0.15767E-02     0.10554E-01     0.12161E-01
     0.17514E+01     0.20058E-02    -0.17713E-03     0.19026E-02     0.00000E+00     0.00000E+00    -0.12154E-03    -0.12292E-04    -0.15943E-02    -0.37590E-04    -0.15699E-02     0.10128E-01     0.11722E-01
     0.17626E+01     0.19515E-02    -0.18038E-03     0.18877E-02     0.00000E+00     0.00000E+00    -0.11964E-03    -0.12644E-04    -0.15778E-02    -0.28900E-04    -0.15611E-02     0.96985E-02     0.11276E-01
     0.17737E+01     0.18950E-02    -0.18338E-03     0.18686E-02     0.00000E+00     0.00000E+00    -0.11697E-03    -0.12916E-04    -0.15581E-02    -0.19301E-04    -0.15500E-02     0.92673E-02     0.10825E-01
     0.17845E+01     0.18363E-02    -0.18607E-03     0.18449E-02     0.00000E+00     0.00000E+00    -0.11329E-03    -0.13187E-04    -0.15351E-02    -0.89726E-05    -0.15364E-02     0.88350E-02     0.10370E-01
     0.17952E+01     0.17755E-02    -0.18844E-03     0.18165E-02     0.00000E+00     0.00000E+00    -0.10847E-03    -0.13470E-04    -0.15089E-02     0.20953E-05    -0.15204E-02     0.84025E-02     0.99114E-02
     0.18057E+01     0.17127E-02    -0.19052E-03     0.17830E-02     0.00000E+00     0.00000E+00    -0.10241E-03    -0.13782E-04    -0.14793E-02     0.14017E-04    -0.15019E-02     0.79708E-02     0.94501E-02
     0.18160E+01     0.16481E-02    -0.19229E-03     0.17444E-02     0.00000E+00     0.00000E+00    -0.94930E-04    -0.14139E-04    -0.14464E-02     0.26785E-04    -0.14810E-02     0.75408E-02     0.89872E-02
     0.18261E+01     0.15817E-02    -0.19361E-03     0.17002E-02     0.00000E+00     0.00000E+00    -0.85865E-04    -0.14529E-04    -0.14101E-02     0.40228E-04    -0.14573E-02     0.71134E-02     0.85235E-02
     0.18360E+01     0.15137E-02    -0.19442E-03     0.16505E-02     0.00000E+00     0.00000E+00    -0.75049E-04    -0.14981E-04    -0.13704E-02     0.54252E-04    -0.14309E-02     0.66895E-02     0.80599E-02
     0.18457E+01     0.14441E-02    -0.19466E-03     0.15950E-02     0.00000E+00     0.00000E+00    -0.62315E-04    -0.15575E-04    -0.13271E-02     0.69050E-04    -0.14017E-02     0.62700E-02     0.75971E-02
     0.18552E+01     0.13731E-02    -0.19434E-03     0.15337E-02     0.00000E+00     0.00000E+00    -0.47617E-04    -0.16384E-04    -0.12801E-02     0.85076E-04    -0.13702E-02     0.58557E-02     0.71358E-02
     0.18645E+01     0.13007E-02    -0.19348E-03     0.14667E-02     0.00000E+00     0.00000E+00    -0.31108E-04    -0.17389E-04    -0.12293E-02     0.10302E-03    -0.13367E-02     0.54473E-02     0.66766E-02
     0.18736E+01     0.12270E-02    -0.19218E-03     0.13938E-02     0.00000E+00     0.00000E+00    -0.13158E-04    -0.18435E-04    -0.11743E-02     0.12370E-03    -0.13019E-02     0.50455E-02     0.62199E-02
     0.18825E+01     0.11521E-02    -0.19049E-03     0.13154E-02     0.00000E+00     0.00000E+00     0.57251E-05    -0.19301E-04    -0.11151E-02     0.14786E-03    -0.12663E-02     0.46510E-02     0.57660E-02
     0.18912E+01     0.10760E-02    -0.18844E-03     0.12317E-02     0.00000E+00     0.00000E+00     0.24964E-04    -0.19806E-04    -0.10515E-02     0.17595E-03    -0.12303E-02     0.42644E-02     0.53159E-02
     0.18996E+01     0.99891E-03    -0.18600E-03     0.11431E-02     0.00000E+00     0.00000E+00     0.44027E-04    -0.19901E-04    -0.98373E-03     0.20808E-03    -0.11943E-02     0.38868E-02     0.48705E-02
     0.19078E+01     0.92110E-03    -0.18312E-03     0.10503E-02     0.00000E+00     0.00000E+00     0.62579E-04    -0.19727E-04    -0.91205E-03     0.24421E-03    -0.11583E-02     0.35190E-02     0.44311E-02
     0.19158E+01     0.84284E-03    -0.17983E-03     0.95438E-03     0.00000E+00     0.00000E+00     0.80153E-04    -0.19317E-04    -0.83675E-03     0.28435E-03    -0.11229E-02     0.31624E-02     0.39991E-02
     0.19236E+01     0.76443E-03    -0.17622E-03     0.85625E-03     0.00000E+00     0.00000E+00     0.95905E-04    -0.18536E-04    -0.75814E-03     0.32864E-03    -0.10882E-02     0.28180E-02     0.35761E-02
     0.19311E+01     0.68621E-03    -0.17238E-03     0.75719E-03     0.00000E+00     0.00000E+00     0.10904E-03    -0.17477E-04    -0.67659E-03     0.37731E-03    -0.10551E-02     0.24871E-02     0.31636E-02
     0.19384E+01     0.60851E-03    -0.16845E-03     0.65845E-03     0.00000E+00     0.00000E+00     0.11905E-03    -0.16484E-04    -0.59243E-03     0.43088E-03    -0.10243E-02     0.21709E-02     0.27633E-02
     0.19455E+01     0.53166E-03    -0.16483E-03     0.56125E-03     0.00000E+00     0.00000E+00     0.12553E-03    -0.15759E-04    -0.50589E-03     0.49051E-03    -0.99711E-03     0.18707E-02     0.23766E-02
     0.19523E+01     0.45595E-03    -0.16231E-03     0.46662E-03     0.00000E+00     0.00000E+00     0.12797E-03    -0.14906E-04    -0.41704E-03     0.55816E-03    -0.97572E-03     0.15876E-02     0.20046E-02
     0.19589E+01     0.38164E-03    -0.16236E-03     0.37545E-03     0.00000E+00     0.00000E+00     0.12554E-03    -0.12340E-04    -0.32605E-03     0.63649E-03    -0.96288E-03     0.13226E-02     0.16486E-02
     0.19652E+01     0.30917E-03    -0.16726E-03     0.28871E-03     0.00000E+00     0.00000E+00     0.11692E-03    -0.46142E-05    -0.23366E-03     0.72800E-03    -0.96187E-03     0.10768E-02     0.13104E-02
     0.19713E+01     0.23930E-03    -0.18031E-03     0.20794E-03     0.00000E+00     0.00000E+00     0.10072E-03     0.13685E-04    -0.14208E-03     0.83382E-03    -0.97611E-03     0.85137E-03     0.99345E-03
     0.19771E+01     0.17342E-03    -0.20526E-03     0.13573E-03     0.00000E+00     0.00000E+00     0.76626E-04     0.48799E-04    -0.55964E-04     0.95154E-03    -0.10077E-02     0.64758E-03     0.70355E-03
     0.19826E+01     0.11368E-03    -0.24641E-03     0.75904E-04     0.00000E+00     0.00000E+00     0.48128E-04     0.10538E-03     0.17007E-04     0.10751E-02    -0.10592E-02     0.46644E-03     0.44943E-03
     0.19879E+01     0.62976E-04    -0.30715E-03     0.32599E-04     0.00000E+00     0.00000E+00     0.21481E-04     0.18639E-03     0.66309E-04     0.11949E-02    -0.11281E-02     0.30810E-03     0.24179E-03
     0.19929E+01     0.24724E-04    -0.39804E-03     0.82121E-05     0.00000E+00     0.00000E+00     0.66504E-05     0.30610E-03     0.79616E-04     0.12952E-02    -0.12270E-02     0.17145E-03     0.91830E-04
     0.19977E+01     0.30175E-05    -0.52622E-03     0.33634E-06     0.00000E+00     0.00000E+00    -0.37909E-05     0.46241E-03     0.42224E-04     0.13960E-02    -0.13255E-02     0.53016E-04     0.10793E-04
