     0.23093E-02     0.21306E-06    -0.16742E-04     0.10261E-07     0.00000E+00     0.00000E+00    -0.34916E-07     0.14305E-04     0.38023E-05     0.16372E-03    -0.65879E-05     0.45561E-05     0.75383E-06
     0.70633E-02     0.14030E-05    -0.86729E-05     0.20072E-06     0.00000E+00     0.00000E+00     0.64891E-07     0.27922E-05     0.56780E-05     0.12203E-03    -0.49404E-05     0.10443E-04     0.47651E-05
     0.12087E-01     0.29464E-05    -0.43292E-05     0.64755E-06     0.00000E+00     0.00000E+00     0.20428E-06    -0.60135E-06     0.43520E-05     0.89226E-04    -0.35771E-05     0.14264E-04     0.99115E-05
     0.17376E-01     0.45367E-05    -0.26813E-05     0.12859E-05     0.00000E+00     0.00000E+00     0.46473E-06    -0.75826E-06     0.23597E-05     0.70077E-04    -0.28748E-05     0.17549E-04     0.15189E-04
     0.22928E-01     0.61260E-05    -0.19413E-05     0.20989E-05     0.00000E+00     0.00000E+00     0.80305E-06    -0.25223E-06     0.45198E-06     0.58407E-04    -0.24736E-05     0.20898E-04     0.20446E-04
     0.28739E-01     0.77594E-05    -0.16730E-05     0.31518E-05     0.00000E+00     0.00000E+00     0.12223E-05     0.30109E-06    -0.12672E-05     0.52414E-04    -0.23065E-05     0.24570E-04     0.25837E-04
     0.34807E-01     0.95044E-05    -0.16109E-05     0.45502E-05     0.00000E+00     0.00000E+00     0.17273E-05     0.71410E-06    -0.29139E-05     0.49481E-04    -0.22653E-05     0.28672E-04     0.31586E-04
     0.41127E-01     0.11426E-04    -0.16610E-05     0.64036E-05     0.00000E+00     0.00000E+00     0.23249E-05     0.97364E-06    -0.46392E-05     0.48296E-04    -0.23033E-05     0.33266E-04     0.37905E-04
     0.47696E-01     0.13576E-04    -0.17736E-05     0.88045E-05     0.00000E+00     0.00000E+00     0.30084E-05     0.11182E-05    -0.65695E-05     0.47910E-04    -0.23872E-05     0.38398E-04     0.44967E-04
     0.54512E-01     0.15997E-04    -0.19284E-05     0.11822E-04     0.00000E+00     0.00000E+00     0.37564E-05     0.11854E-05    -0.87923E-05     0.47840E-04    -0.25015E-05     0.44116E-04     0.52908E-04
     0.61570E-01     0.18722E-04    -0.21156E-05     0.15503E-04     0.00000E+00     0.00000E+00     0.45363E-05     0.12072E-05    -0.11360E-04     0.47819E-04    -0.26374E-05     0.50472E-04     0.61833E-04
     0.68868E-01     0.21775E-04    -0.23304E-05     0.19871E-04     0.00000E+00     0.00000E+00     0.53098E-05     0.12032E-05    -0.14300E-04     0.47733E-04    -0.27892E-05     0.57522E-04     0.71822E-04
     0.76401E-01     0.25180E-04    -0.25696E-05     0.24936E-04     0.00000E+00     0.00000E+00     0.60366E-05     0.11866E-05    -0.17618E-04     0.47538E-04    -0.29530E-05     0.65325E-04     0.82943E-04
     0.84168E-01     0.28953E-04    -0.28306E-05     0.30692E-04     0.00000E+00     0.00000E+00     0.66846E-05     0.11648E-05    -0.21311E-04     0.47227E-04    -0.31287E-05     0.73944E-04     0.95255E-04
     0.92164E-01     0.33113E-04    -0.31103E-05     0.37121E-04     0.00000E+00     0.00000E+00     0.72337E-05     0.11393E-05    -0.25367E-04     0.46800E-04    -0.33189E-05     0.83443E-04     0.10881E-03
     0.10039E+00     0.37676E-04    -0.34050E-05     0.44196E-04     0.00000E+00     0.00000E+00     0.76670E-05     0.11111E-05    -0.29768E-04     0.46265E-04    -0.35252E-05     0.93889E-04     0.12366E-03
     0.10883E+00     0.42656E-04    -0.37114E-05     0.51880E-04     0.00000E+00     0.00000E+00     0.79677E-05     0.10834E-05    -0.34488E-04     0.45633E-04    -0.37456E-05     0.10535E-03     0.13984E-03
     0.11749E+00     0.48065E-04    -0.40266E-05     0.60130E-04     0.00000E+00     0.00000E+00     0.81295E-05     0.10571E-05    -0.39502E-04     0.44916E-04    -0.39753E-05     0.11789E-03     0.15739E-03
     0.12637E+00     0.53919E-04    -0.43463E-05     0.68898E-04     0.00000E+00     0.00000E+00     0.81514E-05     0.10303E-05    -0.44781E-04     0.44118E-04    -0.42111E-05     0.13158E-03     0.17636E-03
     0.13547E+00     0.60229E-04    -0.46674E-05     0.78131E-04     0.00000E+00     0.00000E+00     0.80274E-05     0.10041E-05    -0.50296E-04     0.43248E-04    -0.44527E-05     0.14648E-03     0.19678E-03
     0.14477E+00     0.67006E-04    -0.49878E-05     0.87773E-04     0.00000E+00     0.00000E+00     0.77605E-05     0.98258E-06    -0.56014E-04     0.42327E-04    -0.47001E-05     0.16266E-03     0.21867E-03
     0.15428E+00     0.74263E-04    -0.53052E-05     0.97769E-04     0.00000E+00     0.00000E+00     0.73678E-05     0.96646E-06    -0.61906E-04     0.41369E-04    -0.49537E-05     0.18018E-03     0.24209E-03
     0.16399E+00     0.82013E-04    -0.56179E-05     0.10807E-03     0.00000E+00     0.00000E+00     0.68676E-05     0.95624E-06    -0.67945E-04     0.40385E-04    -0.52125E-05     0.19910E-03     0.26705E-03
     0.17390E+00     0.90272E-04    -0.59245E-05     0.11862E-03     0.00000E+00     0.00000E+00     0.62921E-05     0.95038E-06    -0.74114E-04     0.39384E-04    -0.54747E-05     0.21949E-03     0.29361E-03
     0.18401E+00     0.99054E-04    -0.62231E-05     0.12937E-03     0.00000E+00     0.00000E+00     0.56844E-05     0.94157E-06    -0.80398E-04     0.38356E-04    -0.57382E-05     0.24141E-03     0.32181E-03
     0.19431E+00     0.10837E-03    -0.65111E-05     0.14027E-03     0.00000E+00     0.00000E+00     0.50617E-05     0.92774E-06    -0.86779E-04     0.37286E-04    -0.60029E-05     0.26491E-03     0.35169E-03
     0.20480E+00     0.11825E-03    -0.67881E-05     0.15127E-03     0.00000E+00     0.00000E+00     0.44306E-05     0.91497E-06    -0.93232E-04     0.36183E-04    -0.62681E-05     0.29005E-03     0.38328E-03
     0.21547E+00     0.12868E-03    -0.70532E-05     0.16232E-03     0.00000E+00     0.00000E+00     0.37925E-05     0.90502E-06    -0.99730E-04     0.35066E-04    -0.65346E-05     0.31689E-03     0.41662E-03
     0.22633E+00     0.13969E-03    -0.73089E-05     0.17339E-03     0.00000E+00     0.00000E+00     0.31450E-05     0.90052E-06    -0.10625E-03     0.33960E-04    -0.68056E-05     0.34548E-03     0.45173E-03
     0.23737E+00     0.15129E-03    -0.75561E-05     0.18444E-03     0.00000E+00     0.00000E+00     0.24928E-05     0.90633E-06    -0.11277E-03     0.32890E-04    -0.70819E-05     0.37589E-03     0.48866E-03
     0.24859E+00     0.16350E-03    -0.77945E-05     0.19544E-03     0.00000E+00     0.00000E+00     0.18673E-05     0.91561E-06    -0.11930E-03     0.31862E-04    -0.73603E-05     0.40816E-03     0.52746E-03
     0.25997E+00     0.17634E-03    -0.80254E-05     0.20635E-03     0.00000E+00     0.00000E+00     0.12889E-05     0.92798E-06    -0.12582E-03     0.30876E-04    -0.76397E-05     0.44236E-03     0.56818E-03
     0.27153E+00     0.18984E-03    -0.82500E-05     0.21716E-03     0.00000E+00     0.00000E+00     0.78748E-06     0.94254E-06    -0.13234E-03     0.29926E-04    -0.79234E-05     0.47855E-03     0.61089E-03
     0.28325E+00     0.20400E-03    -0.84677E-05     0.22784E-03     0.00000E+00     0.00000E+00     0.40881E-06     0.95294E-06    -0.13887E-03     0.29001E-04    -0.82120E-05     0.51679E-03     0.65566E-03
     0.29514E+00     0.21887E-03    -0.86816E-05     0.23839E-03     0.00000E+00     0.00000E+00     0.14805E-06     0.96739E-06    -0.14541E-03     0.28107E-04    -0.85043E-05     0.55713E-03     0.70253E-03
     0.30719E+00     0.23446E-03    -0.88920E-05     0.24879E-03     0.00000E+00     0.00000E+00     0.90630E-08     0.98325E-06    -0.15194E-03     0.27240E-04    -0.87972E-05     0.59964E-03     0.75158E-03
     0.31939E+00     0.25080E-03    -0.90990E-05     0.25904E-03     0.00000E+00     0.00000E+00     0.90744E-08     0.10003E-05    -0.15849E-03     0.26387E-04    -0.90865E-05     0.64439E-03     0.80288E-03
     0.33174E+00     0.26791E-03    -0.93019E-05     0.26913E-03     0.00000E+00     0.00000E+00     0.14408E-06     0.10172E-05    -0.16505E-03     0.25553E-04    -0.93706E-05     0.69144E-03     0.85649E-03
     0.34425E+00     0.28583E-03    -0.95041E-05     0.27907E-03     0.00000E+00     0.00000E+00     0.41844E-06     0.10425E-05    -0.17162E-03     0.24758E-04    -0.96551E-05     0.74086E-03     0.91248E-03
     0.35690E+00     0.30457E-03    -0.97074E-05     0.28887E-03     0.00000E+00     0.00000E+00     0.86217E-06     0.10708E-05    -0.17821E-03     0.24011E-04    -0.99495E-05     0.79273E-03     0.97095E-03
     0.36969E+00     0.32418E-03    -0.99134E-05     0.29854E-03     0.00000E+00     0.00000E+00     0.14665E-05     0.11036E-05    -0.18484E-03     0.23291E-04    -0.10253E-04     0.84713E-03     0.10320E-02
     0.38262E+00     0.34469E-03    -0.10122E-04     0.30809E-03     0.00000E+00     0.00000E+00     0.22268E-05     0.11330E-05    -0.19152E-03     0.22565E-04    -0.10554E-04     0.90413E-03     0.10956E-02
     0.39569E+00     0.36615E-03    -0.10337E-04     0.31754E-03     0.00000E+00     0.00000E+00     0.31553E-05     0.11616E-05    -0.19828E-03     0.21829E-04    -0.10848E-04     0.96380E-03     0.11621E-02
     0.40890E+00     0.38857E-03    -0.10555E-04     0.32690E-03     0.00000E+00     0.00000E+00     0.42444E-05     0.11855E-05    -0.20513E-03     0.21067E-04    -0.11141E-04     0.10262E-02     0.12314E-02
     0.42223E+00     0.41200E-03    -0.10776E-04     0.33620E-03     0.00000E+00     0.00000E+00     0.54650E-05     0.12137E-05    -0.21206E-03     0.20253E-04    -0.11433E-04     0.10915E-02     0.13036E-02
     0.43569E+00     0.43648E-03    -0.11002E-04     0.34547E-03     0.00000E+00     0.00000E+00     0.68125E-05     0.12526E-05    -0.21910E-03     0.19396E-04    -0.11722E-04     0.11597E-02     0.13788E-02
     0.44927E+00     0.46204E-03    -0.11237E-04     0.35472E-03     0.00000E+00     0.00000E+00     0.83042E-05     0.13024E-05    -0.22625E-03     0.18497E-04    -0.12010E-04     0.12310E-02     0.14572E-02
     0.46297E+00     0.48874E-03    -0.11479E-04     0.36398E-03     0.00000E+00     0.00000E+00     0.10014E-04     0.13461E-05    -0.23358E-03     0.17513E-04    -0.12306E-04     0.13053E-02     0.15389E-02
     0.47679E+00     0.51662E-03    -0.11731E-04     0.37327E-03     0.00000E+00     0.00000E+00     0.12025E-04     0.13772E-05    -0.24112E-03     0.16418E-04    -0.12610E-04     0.13828E-02     0.16239E-02
     0.49072E+00     0.54573E-03    -0.11991E-04     0.38263E-03     0.00000E+00     0.00000E+00     0.14296E-04     0.14026E-05    -0.24888E-03     0.15189E-04    -0.12922E-04     0.14636E-02     0.17125E-02
     0.50476E+00     0.57611E-03    -0.12261E-04     0.39207E-03     0.00000E+00     0.00000E+00     0.16769E-04     0.14279E-05    -0.25687E-03     0.13834E-04    -0.13242E-04     0.15478E-02     0.18047E-02
     0.51891E+00     0.60778E-03    -0.12545E-04     0.40161E-03     0.00000E+00     0.00000E+00     0.19414E-04     0.14665E-05    -0.26510E-03     0.12375E-04    -0.13578E-04     0.16354E-02     0.19005E-02
     0.53316E+00     0.64080E-03    -0.12845E-04     0.41128E-03     0.00000E+00     0.00000E+00     0.22269E-04     0.14956E-05    -0.27360E-03     0.10790E-04    -0.13923E-04     0.17265E-02     0.20001E-02
     0.54751E+00     0.67519E-03    -0.13158E-04     0.42111E-03     0.00000E+00     0.00000E+00     0.25371E-04     0.15090E-05    -0.28238E-03     0.90700E-05    -0.14274E-04     0.18211E-02     0.21035E-02
     0.56196E+00     0.71100E-03    -0.13486E-04     0.43111E-03     0.00000E+00     0.00000E+00     0.28646E-04     0.15287E-05    -0.29145E-03     0.72241E-05    -0.14628E-04     0.19194E-02     0.22109E-02
     0.57649E+00     0.74824E-03    -0.13830E-04     0.44132E-03     0.00000E+00     0.00000E+00     0.32055E-04     0.15531E-05    -0.30081E-03     0.52382E-05    -0.14985E-04     0.20214E-02     0.23222E-02
     0.59112E+00     0.78696E-03    -0.14190E-04     0.45176E-03     0.00000E+00     0.00000E+00     0.35630E-04     0.15648E-05    -0.31049E-03     0.31174E-05    -0.15349E-04     0.21271E-02     0.24376E-02
     0.60584E+00     0.82717E-03    -0.14573E-04     0.46245E-03     0.00000E+00     0.00000E+00     0.39348E-04     0.15717E-05    -0.32050E-03     0.88944E-06    -0.15722E-04     0.22366E-02     0.25571E-02
     0.62064E+00     0.86889E-03    -0.14977E-04     0.47344E-03     0.00000E+00     0.00000E+00     0.43183E-04     0.15721E-05    -0.33082E-03    -0.14219E-05    -0.16107E-04     0.23498E-02     0.26806E-02
     0.63552E+00     0.91214E-03    -0.15406E-04     0.48475E-03     0.00000E+00     0.00000E+00     0.47113E-04     0.15745E-05    -0.34145E-03    -0.37772E-05    -0.16508E-04     0.24668E-02     0.28083E-02
     0.65047E+00     0.95694E-03    -0.15859E-04     0.49641E-03     0.00000E+00     0.00000E+00     0.51030E-04     0.15994E-05    -0.35236E-03    -0.61555E-05    -0.16920E-04     0.25876E-02     0.29400E-02
     0.66550E+00     0.10033E-02    -0.16340E-04     0.50848E-03     0.00000E+00     0.00000E+00     0.54954E-04     0.16252E-05    -0.36361E-03    -0.85794E-05    -0.17342E-04     0.27123E-02     0.30759E-02
     0.68060E+00     0.10513E-02    -0.16850E-04     0.52101E-03     0.00000E+00     0.00000E+00     0.58977E-04     0.16445E-05    -0.37523E-03    -0.11080E-04    -0.17777E-04     0.28408E-02     0.32160E-02
     0.69576E+00     0.11009E-02    -0.17389E-04     0.53402E-03     0.00000E+00     0.00000E+00     0.63051E-04     0.16710E-05    -0.38726E-03    -0.13726E-04    -0.18229E-04     0.29730E-02     0.33603E-02
     0.71099E+00     0.11521E-02    -0.17954E-04     0.54756E-03     0.00000E+00     0.00000E+00     0.67214E-04     0.16671E-05    -0.39978E-03    -0.16598E-04    -0.18698E-04     0.31091E-02     0.35089E-02
     0.72628E+00     0.12050E-02    -0.18548E-04     0.56167E-03     0.00000E+00     0.00000E+00     0.71456E-04     0.16377E-05    -0.41279E-03    -0.19694E-04    -0.19183E-04     0.32489E-02     0.36617E-02
     0.74162E+00     0.12595E-02    -0.19174E-04     0.57641E-03     0.00000E+00     0.00000E+00     0.75630E-04     0.16093E-05    -0.42627E-03    -0.22969E-04    -0.19688E-04     0.33924E-02     0.38187E-02
     0.75702E+00     0.13157E-02    -0.19837E-04     0.59179E-03     0.00000E+00     0.00000E+00     0.79707E-04     0.15787E-05    -0.44021E-03    -0.26370E-04    -0.20212E-04     0.35395E-02     0.39797E-02
     0.77247E+00     0.13735E-02    -0.20541E-04     0.60786E-03     0.00000E+00     0.00000E+00     0.83723E-04     0.15449E-05    -0.45460E-03    -0.29848E-04    -0.20743E-04     0.36900E-02     0.41446E-02
     0.78796E+00     0.14328E-02    -0.21289E-04     0.62465E-03     0.00000E+00     0.00000E+00     0.87635E-04     0.15010E-05    -0.46944E-03    -0.33395E-04    -0.21277E-04     0.38438E-02     0.43132E-02
     0.80350E+00     0.14936E-02    -0.22078E-04     0.64217E-03     0.00000E+00     0.00000E+00     0.91312E-04     0.14519E-05    -0.48473E-03    -0.37017E-04    -0.21819E-04     0.40008E-02     0.44855E-02
     0.81907E+00     0.15559E-02    -0.22910E-04     0.66045E-03     0.00000E+00     0.00000E+00     0.94631E-04     0.14114E-05    -0.50045E-03    -0.40713E-04    -0.22377E-04     0.41608E-02     0.46612E-02
     0.83469E+00     0.16197E-02    -0.23791E-04     0.67951E-03     0.00000E+00     0.00000E+00     0.97630E-04     0.13724E-05    -0.51663E-03    -0.44474E-04    -0.22958E-04     0.43236E-02     0.48402E-02
     0.85033E+00     0.16848E-02    -0.24724E-04     0.69940E-03     0.00000E+00     0.00000E+00     0.10044E-03     0.13232E-05    -0.53331E-03    -0.48329E-04    -0.23563E-04     0.44890E-02     0.50223E-02
     0.86601E+00     0.17513E-02    -0.25710E-04     0.72012E-03     0.00000E+00     0.00000E+00     0.10311E-03     0.12531E-05    -0.55052E-03    -0.52331E-04    -0.24190E-04     0.46568E-02     0.52073E-02
     0.88171E+00     0.18190E-02    -0.26746E-04     0.74167E-03     0.00000E+00     0.00000E+00     0.10569E-03     0.11565E-05    -0.56827E-03    -0.56554E-04    -0.24832E-04     0.48266E-02     0.53949E-02
     0.89744E+00     0.18880E-02    -0.27826E-04     0.76408E-03     0.00000E+00     0.00000E+00     0.10814E-03     0.10238E-05    -0.58657E-03    -0.61050E-04    -0.25484E-04     0.49983E-02     0.55849E-02
     0.91319E+00     0.19579E-02    -0.28950E-04     0.78732E-03     0.00000E+00     0.00000E+00     0.11034E-03     0.84934E-06    -0.60533E-03    -0.65764E-04    -0.26143E-04     0.51714E-02     0.57767E-02
     0.92895E+00     0.20287E-02    -0.30120E-04     0.81141E-03     0.00000E+00     0.00000E+00     0.11207E-03     0.65923E-06    -0.62445E-03    -0.70541E-04    -0.26813E-04     0.53455E-02     0.59700E-02
     0.94473E+00     0.21002E-02    -0.31347E-04     0.83633E-03     0.00000E+00     0.00000E+00     0.11312E-03     0.49343E-06    -0.64379E-03    -0.75193E-04    -0.27502E-04     0.55202E-02     0.61640E-02
     0.96051E+00     0.21722E-02    -0.32634E-04     0.86207E-03     0.00000E+00     0.00000E+00     0.11343E-03     0.34607E-06    -0.66330E-03    -0.79657E-04    -0.28219E-04     0.56950E-02     0.63583E-02
     0.97631E+00     0.22446E-02    -0.33986E-04     0.88860E-03     0.00000E+00     0.00000E+00     0.11315E-03     0.19817E-06    -0.68298E-03    -0.83925E-04    -0.28969E-04     0.58695E-02     0.65524E-02
     0.99210E+00     0.23171E-02    -0.35401E-04     0.91590E-03     0.00000E+00     0.00000E+00     0.11236E-03     0.62697E-10    -0.70285E-03    -0.88008E-04    -0.29754E-04     0.60431E-02     0.67459E-02
     0.10079E+01     0.23897E-02    -0.36878E-04     0.94393E-03     0.00000E+00     0.00000E+00     0.11077E-03    -0.21958E-06    -0.72282E-03    -0.91855E-04    -0.30565E-04     0.62154E-02     0.69382E-02
     0.10237E+01     0.24620E-02    -0.38427E-04     0.97266E-03     0.00000E+00     0.00000E+00     0.10824E-03    -0.39114E-06    -0.74277E-03    -0.95265E-04    -0.31403E-04     0.63859E-02     0.71286E-02
     0.10395E+01     0.25340E-02    -0.40053E-04     0.10021E-02     0.00000E+00     0.00000E+00     0.10500E-03    -0.51255E-06    -0.76266E-03    -0.98185E-04    -0.32264E-04     0.65541E-02     0.73168E-02
     0.10553E+01     0.26055E-02    -0.41752E-04     0.10321E-02     0.00000E+00     0.00000E+00     0.10129E-03    -0.62839E-06    -0.78256E-03    -0.10070E-03    -0.33134E-04     0.67196E-02     0.75022E-02
     0.10711E+01     0.26763E-02    -0.43528E-04     0.10628E-02     0.00000E+00     0.00000E+00     0.97171E-04    -0.75079E-06    -0.80250E-03    -0.10285E-03    -0.34002E-04     0.68821E-02     0.76846E-02
     0.10868E+01     0.27464E-02    -0.45385E-04     0.10940E-02     0.00000E+00     0.00000E+00     0.92612E-04    -0.87704E-06    -0.82249E-03    -0.10467E-03    -0.34852E-04     0.70411E-02     0.78636E-02
     0.11026E+01     0.28156E-02    -0.47312E-04     0.11258E-02     0.00000E+00     0.00000E+00     0.87489E-04    -0.10022E-05    -0.84254E-03    -0.10623E-03    -0.35672E-04     0.71963E-02     0.80388E-02
     0.11183E+01     0.28837E-02    -0.49314E-04     0.11580E-02     0.00000E+00     0.00000E+00     0.81831E-04    -0.11035E-05    -0.86265E-03    -0.10758E-03    -0.36487E-04     0.73473E-02     0.82100E-02
     0.11340E+01     0.29508E-02    -0.51394E-04     0.11906E-02     0.00000E+00     0.00000E+00     0.75929E-04    -0.12395E-05    -0.88291E-03    -0.10877E-03    -0.37330E-04     0.74938E-02     0.83768E-02
     0.11497E+01     0.30165E-02    -0.53555E-04     0.12235E-02     0.00000E+00     0.00000E+00     0.69788E-04    -0.14188E-05    -0.90331E-03    -0.10981E-03    -0.38205E-04     0.76355E-02     0.85388E-02
     0.11653E+01     0.30809E-02    -0.55806E-04     0.12566E-02     0.00000E+00     0.00000E+00     0.63363E-04    -0.15837E-05    -0.92380E-03    -0.11062E-03    -0.39106E-04     0.77719E-02     0.86957E-02
     0.11809E+01     0.31437E-02    -0.58145E-04     0.12899E-02     0.00000E+00     0.00000E+00     0.56785E-04    -0.17416E-05    -0.94437E-03    -0.11123E-03    -0.40026E-04     0.79026E-02     0.88470E-02
     0.11965E+01     0.32047E-02    -0.60572E-04     0.13234E-02     0.00000E+00     0.00000E+00     0.50177E-04    -0.19485E-05    -0.96504E-03    -0.11169E-03    -0.40966E-04     0.80273E-02     0.89923E-02
     0.12120E+01     0.32638E-02    -0.63077E-04     0.13569E-02     0.00000E+00     0.00000E+00     0.43236E-04    -0.22390E-05    -0.98573E-03    -0.11199E-03    -0.41926E-04     0.81455E-02     0.91313E-02
     0.12275E+01     0.33207E-02    -0.65652E-04     0.13903E-02     0.00000E+00     0.00000E+00     0.35527E-04    -0.24680E-05    -0.10062E-02    -0.11204E-03    -0.42904E-04     0.82569E-02     0.92631E-02
     0.12430E+01     0.33753E-02    -0.68289E-04     0.14236E-02     0.00000E+00     0.00000E+00     0.27206E-04    -0.26094E-05    -0.10263E-02    -0.11177E-03    -0.43884E-04     0.83611E-02     0.93874E-02
     0.12584E+01     0.34273E-02    -0.70988E-04     0.14568E-02     0.00000E+00     0.00000E+00     0.18599E-04    -0.27101E-05    -0.10460E-02    -0.11114E-03    -0.44848E-04     0.84578E-02     0.95038E-02
     0.12737E+01     0.34768E-02    -0.73791E-04     0.14899E-02     0.00000E+00     0.00000E+00     0.99534E-05    -0.27703E-05    -0.10653E-02    -0.10994E-03    -0.45805E-04     0.85469E-02     0.96122E-02
     0.12890E+01     0.35237E-02    -0.76717E-04     0.15231E-02     0.00000E+00     0.00000E+00     0.14475E-05    -0.28454E-05    -0.10844E-02    -0.10813E-03    -0.46787E-04     0.86282E-02     0.97126E-02
     0.13042E+01     0.35679E-02    -0.79749E-04     0.15561E-02     0.00000E+00     0.00000E+00    -0.70483E-05    -0.29594E-05    -0.11033E-02    -0.10591E-03    -0.47796E-04     0.87015E-02     0.98048E-02
     0.13194E+01     0.36093E-02    -0.82874E-04     0.15892E-02     0.00000E+00     0.00000E+00    -0.15956E-04    -0.30129E-05    -0.11219E-02    -0.10337E-03    -0.48816E-04     0.87668E-02     0.98887E-02
     0.13345E+01     0.36480E-02    -0.86117E-04     0.16222E-02     0.00000E+00     0.00000E+00    -0.25103E-04    -0.29738E-05    -0.11402E-02    -0.10046E-03    -0.49834E-04     0.88241E-02     0.99643E-02
     0.13495E+01     0.36840E-02    -0.89487E-04     0.16552E-02     0.00000E+00     0.00000E+00    -0.34066E-04    -0.29798E-05    -0.11585E-02    -0.97349E-04    -0.50836E-04     0.88734E-02     0.10032E-01
     0.13645E+01     0.37173E-02    -0.92968E-04     0.16880E-02     0.00000E+00     0.00000E+00    -0.43066E-04    -0.29950E-05    -0.11768E-02    -0.94259E-04    -0.51864E-04     0.89146E-02     0.10091E-01
     0.13794E+01     0.37480E-02    -0.96576E-04     0.17208E-02     0.00000E+00     0.00000E+00    -0.51943E-04    -0.29621E-05    -0.11953E-02    -0.91264E-04    -0.52925E-04     0.89480E-02     0.10143E-01
     0.13942E+01     0.37760E-02    -0.10032E-03     0.17534E-02     0.00000E+00     0.00000E+00    -0.60307E-04    -0.30396E-05    -0.12139E-02    -0.88472E-04    -0.54008E-04     0.89735E-02     0.10187E-01
     0.14089E+01     0.38014E-02    -0.10419E-03     0.17857E-02     0.00000E+00     0.00000E+00    -0.68545E-04    -0.32528E-05    -0.12326E-02    -0.85839E-04    -0.55108E-04     0.89913E-02     0.10224E-01
     0.14235E+01     0.38241E-02    -0.10821E-03     0.18177E-02     0.00000E+00     0.00000E+00    -0.77509E-04    -0.33995E-05    -0.12512E-02    -0.82941E-04    -0.56173E-04     0.90012E-02     0.10252E-01
     0.14380E+01     0.38439E-02    -0.11241E-03     0.18496E-02     0.00000E+00     0.00000E+00    -0.86958E-04    -0.32961E-05    -0.12696E-02    -0.79762E-04    -0.57179E-04     0.90034E-02     0.10273E-01
     0.14525E+01     0.38610E-02    -0.11673E-03     0.18811E-02     0.00000E+00     0.00000E+00    -0.95729E-04    -0.32657E-05    -0.12880E-02    -0.76779E-04    -0.58123E-04     0.89980E-02     0.10286E-01
     0.14668E+01     0.38754E-02    -0.12118E-03     0.19124E-02     0.00000E+00     0.00000E+00    -0.10399E-03    -0.32774E-05    -0.13064E-02    -0.74092E-04    -0.59029E-04     0.89850E-02     0.10291E-01
     0.14811E+01     0.38873E-02    -0.12581E-03     0.19435E-02     0.00000E+00     0.00000E+00    -0.11163E-03    -0.31189E-05    -0.13250E-02    -0.71720E-04    -0.59931E-04     0.89648E-02     0.10290E-01
     0.14952E+01     0.38967E-02    -0.13059E-03     0.19745E-02     0.00000E+00     0.00000E+00    -0.11780E-03    -0.31427E-05    -0.13442E-02    -0.70126E-04    -0.60844E-04     0.89373E-02     0.10281E-01
     0.15093E+01     0.39037E-02    -0.13550E-03     0.20051E-02     0.00000E+00     0.00000E+00    -0.12273E-03    -0.34238E-05    -0.13638E-02    -0.69462E-04    -0.61783E-04     0.89026E-02     0.10266E-01
     0.15232E+01     0.39081E-02    -0.14057E-03     0.20351E-02     0.00000E+00     0.00000E+00    -0.12689E-03    -0.38325E-05    -0.13838E-02    -0.69280E-04    -0.62769E-04     0.88607E-02     0.10244E-01
     0.15370E+01     0.39097E-02    -0.14585E-03     0.20648E-02     0.00000E+00     0.00000E+00    -0.13105E-03    -0.41776E-05    -0.14037E-02    -0.68997E-04    -0.63799E-04     0.88114E-02     0.10215E-01
     0.15507E+01     0.39084E-02    -0.15139E-03     0.20943E-02     0.00000E+00     0.00000E+00    -0.13550E-03    -0.43098E-05    -0.14232E-02    -0.68108E-04    -0.64842E-04     0.87547E-02     0.10178E-01
     0.15643E+01     0.39041E-02    -0.15722E-03     0.21239E-02     0.00000E+00     0.00000E+00    -0.13978E-03    -0.43113E-05    -0.14424E-02    -0.66545E-04    -0.65852E-04     0.86905E-02     0.10133E-01
     0.15778E+01     0.38969E-02    -0.16330E-03     0.21533E-02     0.00000E+00     0.00000E+00    -0.14333E-03    -0.42869E-05    -0.14616E-02    -0.64975E-04    -0.66782E-04     0.86188E-02     0.10080E-01
     0.15911E+01     0.38869E-02    -0.16955E-03     0.21822E-02     0.00000E+00     0.00000E+00    -0.14608E-03    -0.45042E-05    -0.14807E-02    -0.63961E-04    -0.67654E-04     0.85399E-02     0.10021E-01
     0.16043E+01     0.38741E-02    -0.17600E-03     0.22106E-02     0.00000E+00     0.00000E+00    -0.14844E-03    -0.48312E-05    -0.14997E-02    -0.63175E-04    -0.68451E-04     0.84537E-02     0.99534E-02
     0.16174E+01     0.38582E-02    -0.18270E-03     0.22386E-02     0.00000E+00     0.00000E+00    -0.15095E-03    -0.51616E-05    -0.15183E-02    -0.62075E-04    -0.69152E-04     0.83604E-02     0.98787E-02
     0.16303E+01     0.38393E-02    -0.18967E-03     0.22660E-02     0.00000E+00     0.00000E+00    -0.15430E-03    -0.53094E-05    -0.15364E-02    -0.60646E-04    -0.69854E-04     0.82599E-02     0.97963E-02
     0.16431E+01     0.38173E-02    -0.19688E-03     0.22930E-02     0.00000E+00     0.00000E+00    -0.15804E-03    -0.53555E-05    -0.15539E-02    -0.59217E-04    -0.70581E-04     0.81524E-02     0.97062E-02
     0.16558E+01     0.37923E-02    -0.20432E-03     0.23194E-02     0.00000E+00     0.00000E+00    -0.16146E-03    -0.54108E-05    -0.15710E-02    -0.58053E-04    -0.71278E-04     0.80379E-02     0.96088E-02
     0.16683E+01     0.37644E-02    -0.21197E-03     0.23449E-02     0.00000E+00     0.00000E+00    -0.16390E-03    -0.55872E-05    -0.15878E-02    -0.57583E-04    -0.71913E-04     0.79166E-02     0.95043E-02
     0.16806E+01     0.37336E-02    -0.21972E-03     0.23690E-02     0.00000E+00     0.00000E+00    -0.16559E-03    -0.59792E-05    -0.16043E-02    -0.58091E-04    -0.72502E-04     0.77886E-02     0.93929E-02
     0.16928E+01     0.36998E-02    -0.22764E-03     0.23919E-02     0.00000E+00     0.00000E+00    -0.16700E-03    -0.63930E-05    -0.16202E-02    -0.59029E-04    -0.73046E-04     0.76540E-02     0.92742E-02
     0.17049E+01     0.36630E-02    -0.23584E-03     0.24139E-02     0.00000E+00     0.00000E+00    -0.16798E-03    -0.69650E-05    -0.16354E-02    -0.59755E-04    -0.73574E-04     0.75129E-02     0.91483E-02
     0.17167E+01     0.36229E-02    -0.24428E-03     0.24346E-02     0.00000E+00     0.00000E+00    -0.16906E-03    -0.76552E-05    -0.16495E-02    -0.60023E-04    -0.74110E-04     0.73652E-02     0.90147E-02
     0.17285E+01     0.35794E-02    -0.25304E-03     0.24538E-02     0.00000E+00     0.00000E+00    -0.17060E-03    -0.81040E-05    -0.16623E-02    -0.59577E-04    -0.74646E-04     0.72108E-02     0.88731E-02
     0.17400E+01     0.35324E-02    -0.26202E-03     0.24714E-02     0.00000E+00     0.00000E+00    -0.17179E-03    -0.85394E-05    -0.16737E-02    -0.58745E-04    -0.75164E-04     0.70498E-02     0.87235E-02
     0.17514E+01     0.34820E-02    -0.27108E-03     0.24871E-02     0.00000E+00     0.00000E+00    -0.17288E-03    -0.90120E-05    -0.16836E-02    -0.57854E-04    -0.75624E-04     0.68822E-02     0.85658E-02
     0.17626E+01     0.34280E-02    -0.28034E-03     0.25008E-02     0.00000E+00     0.00000E+00    -0.17407E-03    -0.93051E-05    -0.16918E-02    -0.56701E-04    -0.76063E-04     0.67083E-02     0.84001E-02
     0.17737E+01     0.33706E-02    -0.28965E-03     0.25121E-02     0.00000E+00     0.00000E+00    -0.17432E-03    -0.97997E-05    -0.16985E-02    -0.55645E-04    -0.76463E-04     0.65281E-02     0.82266E-02
     0.17845E+01     0.33098E-02    -0.29887E-03     0.25204E-02     0.00000E+00     0.00000E+00    -0.17340E-03    -0.10520E-04    -0.17036E-02    -0.54986E-04    -0.76758E-04     0.63419E-02     0.80455E-02
     0.17952E+01     0.32454E-02    -0.30806E-03     0.25254E-02     0.00000E+00     0.00000E+00    -0.17124E-03    -0.11391E-04    -0.17068E-02    -0.54399E-04    -0.76949E-04     0.61498E-02     0.78566E-02
     0.18057E+01     0.31774E-02    -0.31725E-03     0.25268E-02     0.00000E+00     0.00000E+00    -0.16799E-03    -0.12547E-04    -0.17078E-02    -0.53394E-04    -0.77064E-04     0.59520E-02     0.76598E-02
     0.18160E+01     0.31056E-02    -0.32631E-03     0.25241E-02     0.00000E+00     0.00000E+00    -0.16412E-03    -0.13904E-04    -0.17062E-02    -0.51471E-04    -0.77101E-04     0.57484E-02     0.74547E-02
     0.18261E+01     0.30298E-02    -0.33511E-03     0.25164E-02     0.00000E+00     0.00000E+00    -0.15938E-03    -0.15372E-04    -0.17017E-02    -0.48627E-04    -0.77002E-04     0.55391E-02     0.72408E-02
     0.18360E+01     0.29497E-02    -0.34348E-03     0.25028E-02     0.00000E+00     0.00000E+00    -0.15318E-03    -0.17030E-04    -0.16937E-02    -0.44886E-04    -0.76712E-04     0.53242E-02     0.70179E-02
     0.18457E+01     0.28651E-02    -0.35133E-03     0.24829E-02     0.00000E+00     0.00000E+00    -0.14508E-03    -0.18867E-04    -0.16817E-02    -0.39806E-04    -0.76255E-04     0.51037E-02     0.67855E-02
     0.18552E+01     0.27759E-02    -0.35858E-03     0.24557E-02     0.00000E+00     0.00000E+00    -0.13490E-03    -0.20859E-04    -0.16655E-02    -0.32994E-04    -0.75638E-04     0.48777E-02     0.65432E-02
     0.18645E+01     0.26817E-02    -0.36509E-03     0.24202E-02     0.00000E+00     0.00000E+00    -0.12236E-03    -0.23139E-04    -0.16444E-02    -0.24185E-04    -0.74839E-04     0.46462E-02     0.62906E-02
     0.18736E+01     0.25824E-02    -0.37066E-03     0.23753E-02     0.00000E+00     0.00000E+00    -0.10663E-03    -0.25958E-04    -0.16182E-02    -0.12966E-04    -0.73857E-04     0.44093E-02     0.60275E-02
     0.18825E+01     0.24776E-02    -0.37524E-03     0.23197E-02     0.00000E+00     0.00000E+00    -0.87399E-04    -0.29282E-04    -0.15861E-02     0.14480E-05    -0.72742E-04     0.41672E-02     0.57533E-02
     0.18912E+01     0.23670E-02    -0.37867E-03     0.22523E-02     0.00000E+00     0.00000E+00    -0.64420E-04    -0.33177E-04    -0.15474E-02     0.19945E-04    -0.71520E-04     0.39200E-02     0.54673E-02
     0.18996E+01     0.22502E-02    -0.38077E-03     0.21717E-02     0.00000E+00     0.00000E+00    -0.37203E-04    -0.37703E-04    -0.15011E-02     0.43627E-04    -0.70199E-04     0.36679E-02     0.51690E-02
     0.19078E+01     0.21269E-02    -0.38141E-03     0.20766E-02     0.00000E+00     0.00000E+00    -0.56466E-05    -0.42666E-04    -0.14462E-02     0.73901E-04    -0.68797E-04     0.34114E-02     0.48576E-02
     0.19158E+01     0.19965E-02    -0.38052E-03     0.19660E-02     0.00000E+00     0.00000E+00     0.29993E-04    -0.47916E-04    -0.13817E-02     0.11227E-03    -0.67309E-04     0.31509E-02     0.45327E-02
     0.19236E+01     0.18589E-02    -0.37808E-03     0.18391E-02     0.00000E+00     0.00000E+00     0.68790E-04    -0.53064E-04    -0.13066E-02     0.16024E-03    -0.65750E-04     0.28873E-02     0.41939E-02
     0.19311E+01     0.17140E-02    -0.37398E-03     0.16956E-02     0.00000E+00     0.00000E+00     0.10960E-03    -0.57885E-04    -0.12201E-02     0.21919E-03    -0.64158E-04     0.26215E-02     0.38416E-02
     0.19384E+01     0.15618E-02    -0.36817E-03     0.15360E-02     0.00000E+00     0.00000E+00     0.15174E-03    -0.62474E-04    -0.11215E-02     0.29051E-03    -0.62564E-04     0.23549E-02     0.34765E-02
     0.19455E+01     0.14028E-02    -0.36084E-03     0.13618E-02     0.00000E+00     0.00000E+00     0.19408E-03    -0.66936E-04    -0.10104E-02     0.37620E-03    -0.61029E-04     0.20894E-02     0.30997E-02
     0.19523E+01     0.12375E-02    -0.35250E-03     0.11751E-02     0.00000E+00     0.00000E+00     0.23409E-03    -0.71147E-04    -0.88578E-03     0.47924E-03    -0.59669E-04     0.18272E-02     0.27130E-02
     0.19589E+01     0.10663E-02    -0.34434E-03     0.97929E-03     0.00000E+00     0.00000E+00     0.26782E-03    -0.74176E-04    -0.74680E-03     0.60419E-03    -0.58645E-04     0.15715E-02     0.23183E-02
     0.19652E+01     0.89043E-03    -0.33903E-03     0.77870E-03     0.00000E+00     0.00000E+00     0.28915E-03    -0.72384E-04    -0.59248E-03     0.75684E-03    -0.58153E-04     0.13258E-02     0.19183E-02
     0.19713E+01     0.71150E-03    -0.34239E-03     0.57965E-03     0.00000E+00     0.00000E+00     0.28925E-03    -0.57201E-04    -0.42325E-03     0.94341E-03    -0.58470E-04     0.10943E-02     0.15175E-02
     0.19771E+01     0.53300E-03    -0.36364E-03     0.39122E-03     0.00000E+00     0.00000E+00     0.25745E-03    -0.12678E-04    -0.24371E-03     0.11646E-02    -0.59834E-04     0.88031E-03     0.11240E-02
     0.19826E+01     0.36136E-03    -0.41830E-03     0.22633E-03     0.00000E+00     0.00000E+00     0.19054E-03     0.81465E-04    -0.66967E-04     0.14123E-02    -0.62587E-04     0.68526E-03     0.75223E-03
     0.19879E+01     0.20701E-03    -0.51920E-03     0.10047E-03     0.00000E+00     0.00000E+00     0.99061E-04     0.23947E-03     0.80565E-04     0.16585E-02    -0.66374E-04     0.50499E-03     0.42442E-03
     0.19929E+01     0.84177E-04    -0.69960E-03     0.26147E-04     0.00000E+00     0.00000E+00     0.33619E-04     0.48842E-03     0.15817E-03     0.18488E-02    -0.72389E-04     0.32767E-03     0.16950E-03
     0.19977E+01     0.10712E-04    -0.98058E-03     0.11011E-05     0.00000E+00     0.00000E+00    -0.16860E-04     0.81502E-03     0.10225E-03     0.20298E-02    -0.77018E-04     0.12335E-03     0.21093E-04
