     0.23093E-02     0.14581E-07    -0.25501E-04     0.22833E-01     0.99571E+00     0.10397E-03     0.45171E+01     0.30653E+02     0.72579E+01     0.30031E+02     0.21796E+03     0.22248E+03     0.47123E+00    -0.42251E-05    -0.15925E-04     0.33513E-08     0.14598E-04     0.63630E-04    -0.11120E-06     0.60103E+00
     0.70633E-02     0.93213E-07    -0.78800E-04     0.70346E-01     0.98907E+00     0.10388E-03     0.27135E+01     0.30328E+02     0.72949E+01     0.29956E+02     0.21853E+03     0.22124E+03     0.48786E+00    -0.46621E-05    -0.17191E-04     0.25039E-06     0.11887E-03     0.60495E-03    -0.34386E-05     0.60263E+00
     0.12087E-01     0.29793E-06    -0.13511E-03     0.12018E+00     0.98431E+00     0.10300E-03     0.15666E+01     0.30097E+02     0.73215E+01     0.29883E+02     0.21879E+03     0.22035E+03     0.49799E+00    -0.48658E-05    -0.18041E-04     0.17698E-05     0.29774E-03     0.17670E-02    -0.17685E-04     0.60379E+00
     0.17376E-01     0.68232E-06    -0.19427E-03     0.17205E+00     0.98075E+00     0.10038E-03     0.87886E+00     0.29925E+02     0.73415E+01     0.29805E+02     0.21881E+03     0.21969E+03     0.50443E+00    -0.51522E-05    -0.19043E-04     0.62135E-05     0.52471E-03     0.36060E-02    -0.52615E-04     0.60466E+00
     0.22928E-01     0.12929E-05    -0.25590E-03     0.22553E+00     0.97793E+00     0.94833E-04     0.47620E+00     0.29789E+02     0.73574E+01     0.29724E+02     0.21869E+03     0.21917E+03     0.50818E+00    -0.54695E-05    -0.20065E-04     0.15457E-04     0.77848E-03     0.61134E-02    -0.11798E-03     0.60534E+00
     0.28739E-01     0.21780E-05    -0.31929E-03     0.28002E+00     0.97553E+00     0.85265E-04     0.24582E+00     0.29674E+02     0.73710E+01     0.29640E+02     0.21848E+03     0.21872E+03     0.51029E+00    -0.58308E-05    -0.21145E-04     0.31317E-04     0.10434E-02     0.91887E-02    -0.22099E-03     0.60593E+00
     0.34807E-01     0.33897E-05    -0.38333E-03     0.33479E+00     0.97335E+00     0.70702E-04     0.11515E+00     0.29570E+02     0.73833E+01     0.29554E+02     0.21820E+03     0.21832E+03     0.51139E+00    -0.62340E-05    -0.22273E-04     0.55368E-04     0.13093E-02     0.12641E-01    -0.36422E-03     0.60646E+00
     0.41127E-01     0.49824E-05    -0.44639E-03     0.38906E+00     0.97129E+00     0.50374E-04     0.40392E-01     0.29471E+02     0.73951E+01     0.29465E+02     0.21790E+03     0.21794E+03     0.51188E+00    -0.66819E-05    -0.23451E-04     0.88860E-04     0.15705E-02     0.16221E-01    -0.54489E-03     0.60697E+00
     0.47696E-01     0.70075E-05    -0.50626E-03     0.44204E+00     0.96926E+00     0.23720E-04    -0.39674E-02     0.29374E+02     0.74066E+01     0.29375E+02     0.21757E+03     0.21756E+03     0.51199E+00    -0.71736E-05    -0.24681E-04     0.13269E-03     0.18242E-02     0.19675E-01    -0.75564E-03     0.60747E+00
     0.54512E-01     0.95095E-05    -0.56039E-03     0.49302E+00     0.96723E+00    -0.96133E-05    -0.32192E-01     0.29278E+02     0.74182E+01     0.29282E+02     0.21722E+03     0.21719E+03     0.51186E+00    -0.77023E-05    -0.25959E-04     0.18741E-03     0.20692E-02     0.22786E-01    -0.98620E-03     0.60797E+00
     0.61570E-01     0.12523E-04    -0.60614E-03     0.54145E+00     0.96517E+00    -0.49773E-04    -0.51956E-01     0.29180E+02     0.74300E+01     0.29187E+02     0.21686E+03     0.21681E+03     0.51156E+00    -0.82654E-05    -0.27282E-04     0.25324E-03     0.23048E-02     0.25404E-01    -0.12254E-02     0.60848E+00
     0.68868E-01     0.16071E-04    -0.64115E-03     0.58692E+00     0.96308E+00    -0.96705E-04    -0.67212E-01     0.29082E+02     0.74420E+01     0.29090E+02     0.21649E+03     0.21642E+03     0.51112E+00    -0.88599E-05    -0.28646E-04     0.33005E-03     0.25302E-02     0.27450E-01    -0.14629E-02     0.60900E+00
     0.76401E-01     0.20165E-04    -0.66361E-03     0.62919E+00     0.96094E+00    -0.15015E-03    -0.79903E-01     0.28981E+02     0.74543E+01     0.28992E+02     0.21611E+03     0.21603E+03     0.51055E+00    -0.94855E-05    -0.30045E-04     0.41738E-03     0.27444E-02     0.28909E-01    -0.16899E-02     0.60952E+00
     0.84168E-01     0.24804E-04    -0.67215E-03     0.66818E+00     0.95876E+00    -0.20967E-03    -0.90930E-01     0.28878E+02     0.74669E+01     0.28890E+02     0.21571E+03     0.21562E+03     0.50988E+00    -0.10146E-04    -0.31472E-04     0.51448E-03     0.29460E-02     0.29812E-01    -0.19004E-02     0.61007E+00
     0.92164E-01     0.29978E-04    -0.66582E-03     0.70390E+00     0.95653E+00    -0.27462E-03    -0.10068E+00     0.28774E+02     0.74797E+01     0.28787E+02     0.21531E+03     0.21521E+03     0.50910E+00    -0.10838E-04    -0.32913E-04     0.62028E-03     0.31339E-02     0.30221E-01    -0.20900E-02     0.61062E+00
     0.10039E+00     0.35667E-04    -0.64423E-03     0.73648E+00     0.95426E+00    -0.34424E-03    -0.10928E+00     0.28668E+02     0.74929E+01     0.28682E+02     0.21490E+03     0.21479E+03     0.50822E+00    -0.11566E-04    -0.34347E-04     0.73350E-03     0.33070E-02     0.30212E-01    -0.22568E-02     0.61119E+00
     0.10883E+00     0.41842E-04    -0.60790E-03     0.76611E+00     0.95194E+00    -0.41762E-03    -0.11678E+00     0.28559E+02     0.75064E+01     0.28575E+02     0.21448E+03     0.21437E+03     0.50726E+00    -0.12338E-04    -0.35751E-04     0.85263E-03     0.34650E-02     0.29863E-01    -0.24001E-02     0.61177E+00
     0.11749E+00     0.48466E-04    -0.55849E-03     0.79301E+00     0.94956E+00    -0.49377E-03    -0.12318E+00     0.28449E+02     0.75202E+01     0.28465E+02     0.21405E+03     0.21393E+03     0.50620E+00    -0.13155E-04    -0.37119E-04     0.97604E-03     0.36077E-02     0.29250E-01    -0.25205E-02     0.61236E+00
     0.12637E+00     0.55500E-04    -0.49879E-03     0.81741E+00     0.94714E+00    -0.57165E-03    -0.12849E+00     0.28337E+02     0.75343E+01     0.28354E+02     0.21362E+03     0.21349E+03     0.50507E+00    -0.14018E-04    -0.38427E-04     0.11020E-02     0.37352E-02     0.28439E-01    -0.26193E-02     0.61297E+00
     0.13547E+00     0.62895E-04    -0.43240E-03     0.83957E+00     0.94468E+00    -0.65018E-03    -0.13272E+00     0.28223E+02     0.75488E+01     0.28240E+02     0.21317E+03     0.21303E+03     0.50386E+00    -0.14933E-04    -0.39640E-04     0.12288E-02     0.38478E-02     0.27488E-01    -0.26985E-02     0.61358E+00
     0.14477E+00     0.70602E-04    -0.36349E-03     0.85970E+00     0.94216E+00    -0.72834E-03    -0.13590E+00     0.28107E+02     0.75636E+01     0.28125E+02     0.21271E+03     0.21257E+03     0.50260E+00    -0.15889E-04    -0.40755E-04     0.13547E-02     0.39457E-02     0.26445E-01    -0.27601E-02     0.61422E+00
     0.15428E+00     0.78570E-04    -0.29660E-03     0.87804E+00     0.93959E+00    -0.80517E-03    -0.13808E+00     0.27990E+02     0.75787E+01     0.28007E+02     0.21224E+03     0.21210E+03     0.50128E+00    -0.16884E-04    -0.41775E-04     0.14782E-02     0.40293E-02     0.25350E-01    -0.28062E-02     0.61486E+00
     0.16399E+00     0.86748E-04    -0.23636E-03     0.89476E+00     0.93698E+00    -0.87982E-03    -0.13933E+00     0.27870E+02     0.75941E+01     0.27888E+02     0.21176E+03     0.21163E+03     0.49991E+00    -0.17914E-04    -0.42705E-04     0.15979E-02     0.40991E-02     0.24233E-01    -0.28386E-02     0.61552E+00
     0.17390E+00     0.95090E-04    -0.18672E-03     0.91006E+00     0.93431E+00    -0.95156E-03    -0.13976E+00     0.27749E+02     0.76099E+01     0.27767E+02     0.21128E+03     0.21114E+03     0.49851E+00    -0.18969E-04    -0.43545E-04     0.17126E-02     0.41553E-02     0.23117E-01    -0.28590E-02     0.61620E+00
     0.18401E+00     0.10355E-03    -0.15032E-03     0.92410E+00     0.93160E+00    -0.10198E-02    -0.13944E+00     0.27625E+02     0.76260E+01     0.27643E+02     0.21078E+03     0.21064E+03     0.49708E+00    -0.20043E-04    -0.44291E-04     0.18213E-02     0.41982E-02     0.22018E-01    -0.28688E-02     0.61689E+00
     0.19431E+00     0.11209E-03    -0.12819E-03     0.93701E+00     0.92883E+00    -0.10839E-02    -0.13843E+00     0.27500E+02     0.76424E+01     0.27518E+02     0.21028E+03     0.21014E+03     0.49562E+00    -0.21145E-04    -0.44943E-04     0.19231E-02     0.42280E-02     0.20947E-01    -0.28693E-02     0.61759E+00
     0.20480E+00     0.12065E-03    -0.11983E-03     0.94893E+00     0.92602E+00    -0.11435E-02    -0.13677E+00     0.27373E+02     0.76593E+01     0.27390E+02     0.20976E+03     0.20963E+03     0.49416E+00    -0.22257E-04    -0.45506E-04     0.20174E-02     0.42456E-02     0.19912E-01    -0.28618E-02     0.61831E+00
     0.21547E+00     0.12920E-03    -0.12367E-03     0.95998E+00     0.92315E+00    -0.11983E-02    -0.13453E+00     0.27244E+02     0.76764E+01     0.27261E+02     0.20924E+03     0.20910E+03     0.49269E+00    -0.23370E-04    -0.45977E-04     0.21036E-02     0.42521E-02     0.18920E-01    -0.28471E-02     0.61904E+00
     0.22633E+00     0.13770E-03    -0.13778E-03     0.97026E+00     0.92023E+00    -0.12479E-02    -0.13179E+00     0.27114E+02     0.76940E+01     0.27130E+02     0.20871E+03     0.20857E+03     0.49122E+00    -0.24473E-04    -0.46338E-04     0.21814E-02     0.42483E-02     0.17973E-01    -0.28263E-02     0.61979E+00
     0.23737E+00     0.14611E-03    -0.16045E-03     0.97986E+00     0.91726E+00    -0.12922E-02    -0.12864E+00     0.26981E+02     0.77119E+01     0.26997E+02     0.20816E+03     0.20803E+03     0.48976E+00    -0.25566E-04    -0.46585E-04     0.22504E-02     0.42351E-02     0.17074E-01    -0.27999E-02     0.62055E+00
     0.24859E+00     0.15439E-03    -0.19058E-03     0.98886E+00     0.91424E+00    -0.13312E-02    -0.12514E+00     0.26847E+02     0.77302E+01     0.26862E+02     0.20761E+03     0.20749E+03     0.48832E+00    -0.26619E-04    -0.46758E-04     0.23105E-02     0.42129E-02     0.16223E-01    -0.27688E-02     0.62133E+00
     0.25997E+00     0.16253E-03    -0.22806E-03     0.99735E+00     0.91117E+00    -0.13648E-02    -0.12137E+00     0.26710E+02     0.77489E+01     0.26725E+02     0.20705E+03     0.20693E+03     0.48689E+00    -0.27659E-04    -0.46913E-04     0.23619E-02     0.41829E-02     0.15421E-01    -0.27334E-02     0.62212E+00
     0.27153E+00     0.17050E-03    -0.27412E-03     0.10054E+01     0.90804E+00    -0.13931E-02    -0.11743E+00     0.26572E+02     0.77679E+01     0.26587E+02     0.20648E+03     0.20636E+03     0.48549E+00    -0.28661E-04    -0.47055E-04     0.24045E-02     0.41464E-02     0.14668E-01    -0.26942E-02     0.62293E+00
     0.28325E+00     0.17828E-03    -0.33069E-03     0.10130E+01     0.90485E+00    -0.14163E-02    -0.11338E+00     0.26433E+02     0.77874E+01     0.26446E+02     0.20590E+03     0.20579E+03     0.48412E+00    -0.29618E-04    -0.47144E-04     0.24387E-02     0.41049E-02     0.13962E-01    -0.26516E-02     0.62376E+00
     0.29514E+00     0.18586E-03    -0.39890E-03     0.10202E+01     0.90162E+00    -0.14344E-02    -0.10928E+00     0.26291E+02     0.78073E+01     0.26304E+02     0.20531E+03     0.20520E+03     0.48277E+00    -0.30513E-04    -0.47167E-04     0.24648E-02     0.40594E-02     0.13301E-01    -0.26061E-02     0.62460E+00
     0.30719E+00     0.19324E-03    -0.47822E-03     0.10272E+01     0.89832E+00    -0.14478E-02    -0.10519E+00     0.26148E+02     0.78276E+01     0.26160E+02     0.20471E+03     0.20461E+03     0.48146E+00    -0.31311E-04    -0.47130E-04     0.24831E-02     0.40109E-02     0.12683E-01    -0.25581E-02     0.62546E+00
     0.31939E+00     0.20040E-03    -0.56675E-03     0.10339E+01     0.89497E+00    -0.14567E-02    -0.10116E+00     0.26002E+02     0.78483E+01     0.26014E+02     0.20411E+03     0.20401E+03     0.48018E+00    -0.31968E-04    -0.47083E-04     0.24941E-02     0.39597E-02     0.12105E-01    -0.25077E-02     0.62634E+00
     0.33174E+00     0.20735E-03    -0.66141E-03     0.10403E+01     0.89157E+00    -0.14613E-02    -0.97208E-01     0.25855E+02     0.78694E+01     0.25867E+02     0.20349E+03     0.20339E+03     0.47893E+00    -0.32469E-04    -0.47035E-04     0.24982E-02     0.39061E-02     0.11565E-01    -0.24554E-02     0.62723E+00
     0.34425E+00     0.21408E-03    -0.75777E-03     0.10465E+01     0.88811E+00    -0.14621E-02    -0.93403E-01     0.25706E+02     0.78910E+01     0.25717E+02     0.20287E+03     0.20277E+03     0.47771E+00    -0.32876E-04    -0.46966E-04     0.24961E-02     0.38502E-02     0.11061E-01    -0.24014E-02     0.62814E+00
     0.35690E+00     0.22061E-03    -0.85112E-03     0.10524E+01     0.88459E+00    -0.14592E-02    -0.89798E-01     0.25556E+02     0.79130E+01     0.25566E+02     0.20223E+03     0.20214E+03     0.47653E+00    -0.33194E-04    -0.46866E-04     0.24882E-02     0.37918E-02     0.10591E-01    -0.23458E-02     0.62907E+00
     0.36969E+00     0.22694E-03    -0.93855E-03     0.10582E+01     0.88101E+00    -0.14532E-02    -0.86445E-01     0.25403E+02     0.79355E+01     0.25413E+02     0.20159E+03     0.20150E+03     0.47538E+00    -0.33493E-04    -0.46726E-04     0.24752E-02     0.37308E-02     0.10150E-01    -0.22888E-02     0.63002E+00
     0.38262E+00     0.23309E-03    -0.10202E-02     0.10639E+01     0.87737E+00    -0.14444E-02    -0.83357E-01     0.25249E+02     0.79584E+01     0.25258E+02     0.20093E+03     0.20085E+03     0.47426E+00    -0.33758E-04    -0.46616E-04     0.24576E-02     0.36667E-02     0.97368E-02    -0.22305E-02     0.63099E+00
     0.39569E+00     0.23908E-03    -0.10985E-02     0.10693E+01     0.87368E+00    -0.14331E-02    -0.80528E-01     0.25093E+02     0.79818E+01     0.25102E+02     0.20027E+03     0.20019E+03     0.47317E+00    -0.33983E-04    -0.46526E-04     0.24362E-02     0.35994E-02     0.93475E-02    -0.21713E-02     0.63197E+00
     0.40890E+00     0.24491E-03    -0.11761E-02     0.10747E+01     0.86993E+00    -0.14197E-02    -0.77958E-01     0.24935E+02     0.80057E+01     0.24944E+02     0.19960E+03     0.19952E+03     0.47210E+00    -0.34169E-04    -0.46417E-04     0.24114E-02     0.35286E-02     0.89793E-02    -0.21113E-02     0.63298E+00
     0.42223E+00     0.25061E-03    -0.12556E-02     0.10798E+01     0.86611E+00    -0.14045E-02    -0.75658E-01     0.24776E+02     0.80300E+01     0.24784E+02     0.19892E+03     0.19884E+03     0.47106E+00    -0.34317E-04    -0.46298E-04     0.23838E-02     0.34544E-02     0.86290E-02    -0.20507E-02     0.63400E+00
     0.43569E+00     0.25619E-03    -0.13380E-02     0.10849E+01     0.86224E+00    -0.13879E-02    -0.73649E-01     0.24615E+02     0.80549E+01     0.24623E+02     0.19823E+03     0.19815E+03     0.47003E+00    -0.34486E-04    -0.46241E-04     0.23539E-02     0.33771E-02     0.82943E-02    -0.19894E-02     0.63504E+00
     0.44927E+00     0.26168E-03    -0.14227E-02     0.10898E+01     0.85831E+00    -0.13702E-02    -0.71956E-01     0.24452E+02     0.80802E+01     0.24459E+02     0.19752E+03     0.19745E+03     0.46901E+00    -0.34710E-04    -0.46210E-04     0.23223E-02     0.32973E-02     0.79741E-02    -0.19275E-02     0.63610E+00
     0.46297E+00     0.26710E-03    -0.15071E-02     0.10945E+01     0.85431E+00    -0.13516E-02    -0.70562E-01     0.24287E+02     0.81061E+01     0.24295E+02     0.19682E+03     0.19674E+03     0.46801E+00    -0.34989E-04    -0.46184E-04     0.22893E-02     0.32160E-02     0.76674E-02    -0.18648E-02     0.63719E+00
     0.47679E+00     0.27246E-03    -0.15875E-02     0.10992E+01     0.85026E+00    -0.13323E-02    -0.69440E-01     0.24121E+02     0.81324E+01     0.24128E+02     0.19610E+03     0.19603E+03     0.46702E+00    -0.35285E-04    -0.46157E-04     0.22553E-02     0.31334E-02     0.73730E-02    -0.18013E-02     0.63829E+00
     0.49072E+00     0.27778E-03    -0.16599E-02     0.11037E+01     0.84614E+00    -0.13126E-02    -0.68570E-01     0.23953E+02     0.81593E+01     0.23960E+02     0.19537E+03     0.19530E+03     0.46603E+00    -0.35641E-04    -0.46123E-04     0.22206E-02     0.30502E-02     0.70899E-02    -0.17370E-02     0.63941E+00
     0.50476E+00     0.28309E-03    -0.17210E-02     0.11081E+01     0.84196E+00    -0.12927E-02    -0.67931E-01     0.23784E+02     0.81868E+01     0.23791E+02     0.19463E+03     0.19456E+03     0.46504E+00    -0.36078E-04    -0.46097E-04     0.21855E-02     0.29668E-02     0.68170E-02    -0.16721E-02     0.64056E+00
     0.51891E+00     0.28840E-03    -0.17692E-02     0.11124E+01     0.83772E+00    -0.12726E-02    -0.67518E-01     0.23613E+02     0.82147E+01     0.23620E+02     0.19388E+03     0.19382E+03     0.46406E+00    -0.36565E-04    -0.46089E-04     0.21503E-02     0.28836E-02     0.65535E-02    -0.16068E-02     0.64172E+00
     0.53316E+00     0.29372E-03    -0.18037E-02     0.11165E+01     0.83342E+00    -0.12525E-02    -0.67308E-01     0.23441E+02     0.82432E+01     0.23448E+02     0.19313E+03     0.19306E+03     0.46307E+00    -0.37095E-04    -0.46101E-04     0.21151E-02     0.28010E-02     0.62985E-02    -0.15411E-02     0.64291E+00
     0.54751E+00     0.29907E-03    -0.18234E-02     0.11205E+01     0.82906E+00    -0.12326E-02    -0.67287E-01     0.23267E+02     0.82723E+01     0.23274E+02     0.19236E+03     0.19229E+03     0.46207E+00    -0.37620E-04    -0.46178E-04     0.20801E-02     0.27199E-02     0.60515E-02    -0.14751E-02     0.64412E+00
     0.56196E+00     0.30446E-03    -0.18268E-02     0.11244E+01     0.82464E+00    -0.12129E-02    -0.67471E-01     0.23092E+02     0.83019E+01     0.23098E+02     0.19159E+03     0.19152E+03     0.46106E+00    -0.38118E-04    -0.46305E-04     0.20455E-02     0.26410E-02     0.58121E-02    -0.14088E-02     0.64535E+00
     0.57649E+00     0.30991E-03    -0.18130E-02     0.11282E+01     0.82015E+00    -0.11935E-02    -0.67859E-01     0.22915E+02     0.83321E+01     0.22921E+02     0.19080E+03     0.19073E+03     0.46004E+00    -0.38619E-04    -0.46425E-04     0.20115E-02     0.25647E-02     0.55801E-02    -0.13422E-02     0.64660E+00
     0.59112E+00     0.31544E-03    -0.17833E-02     0.11319E+01     0.81560E+00    -0.11745E-02    -0.68442E-01     0.22737E+02     0.83629E+01     0.22743E+02     0.19001E+03     0.18994E+03     0.45900E+00    -0.39100E-04    -0.46519E-04     0.19780E-02     0.24911E-02     0.53555E-02    -0.12754E-02     0.64788E+00
     0.60584E+00     0.32107E-03    -0.17418E-02     0.11354E+01     0.81099E+00    -0.11559E-02    -0.69240E-01     0.22557E+02     0.83943E+01     0.22564E+02     0.18920E+03     0.18913E+03     0.45795E+00    -0.39500E-04    -0.46593E-04     0.19452E-02     0.24204E-02     0.51384E-02    -0.12083E-02     0.64917E+00
     0.62064E+00     0.32681E-03    -0.16939E-02     0.11388E+01     0.80631E+00    -0.11379E-02    -0.70279E-01     0.22376E+02     0.84263E+01     0.22383E+02     0.18839E+03     0.18832E+03     0.45687E+00    -0.39745E-04    -0.46704E-04     0.19134E-02     0.23521E-02     0.49293E-02    -0.11409E-02     0.65050E+00
     0.63552E+00     0.33269E-03    -0.16439E-02     0.11421E+01     0.80158E+00    -0.11206E-02    -0.71601E-01     0.22194E+02     0.84589E+01     0.22201E+02     0.18757E+03     0.18750E+03     0.45577E+00    -0.39869E-04    -0.46825E-04     0.18825E-02     0.22857E-02     0.47290E-02    -0.10734E-02     0.65184E+00
     0.65047E+00     0.33874E-03    -0.15936E-02     0.11452E+01     0.79678E+00    -0.11041E-02    -0.73256E-01     0.22011E+02     0.84921E+01     0.22018E+02     0.18674E+03     0.18667E+03     0.45463E+00    -0.39889E-04    -0.46931E-04     0.18530E-02     0.22206E-02     0.45375E-02    -0.10059E-02     0.65321E+00
     0.66550E+00     0.34499E-03    -0.15414E-02     0.11482E+01     0.79191E+00    -0.10886E-02    -0.75264E-01     0.21826E+02     0.85259E+01     0.21833E+02     0.18590E+03     0.18583E+03     0.45346E+00    -0.39827E-04    -0.47009E-04     0.18250E-02     0.21567E-02     0.43549E-02    -0.93852E-03     0.65460E+00
     0.68060E+00     0.35148E-03    -0.14839E-02     0.11510E+01     0.78699E+00    -0.10742E-02    -0.77643E-01     0.21641E+02     0.85604E+01     0.21648E+02     0.18505E+03     0.18498E+03     0.45225E+00    -0.39754E-04    -0.47081E-04     0.17988E-02     0.20946E-02     0.41812E-02    -0.87125E-03     0.65602E+00
     0.69576E+00     0.35825E-03    -0.14176E-02     0.11536E+01     0.78200E+00    -0.10612E-02    -0.80406E-01     0.21454E+02     0.85955E+01     0.21461E+02     0.18420E+03     0.18412E+03     0.45100E+00    -0.39654E-04    -0.47115E-04     0.17745E-02     0.20351E-02     0.40170E-02    -0.80409E-03     0.65746E+00
     0.71099E+00     0.36532E-03    -0.13400E-02     0.11561E+01     0.77695E+00    -0.10495E-02    -0.83502E-01     0.21266E+02     0.86313E+01     0.21273E+02     0.18333E+03     0.18325E+03     0.44968E+00    -0.39500E-04    -0.47115E-04     0.17525E-02     0.19790E-02     0.38630E-02    -0.73705E-03     0.65892E+00
     0.72628E+00     0.37272E-03    -0.12505E-02     0.11584E+01     0.77184E+00    -0.10394E-02    -0.86863E-01     0.21077E+02     0.86677E+01     0.21085E+02     0.18246E+03     0.18237E+03     0.44832E+00    -0.39338E-04    -0.47065E-04     0.17327E-02     0.19268E-02     0.37193E-02    -0.67015E-03     0.66042E+00
     0.74162E+00     0.38048E-03    -0.11507E-02     0.11605E+01     0.76666E+00    -0.10308E-02    -0.90450E-01     0.20887E+02     0.87048E+01     0.20895E+02     0.18158E+03     0.18149E+03     0.44688E+00    -0.39109E-04    -0.46927E-04     0.17151E-02     0.18790E-02     0.35865E-02    -0.60342E-03     0.66193E+00
     0.75702E+00     0.38861E-03    -0.10435E-02     0.11624E+01     0.76143E+00    -0.10237E-02    -0.94214E-01     0.20696E+02     0.87425E+01     0.20705E+02     0.18069E+03     0.18059E+03     0.44539E+00    -0.38843E-04    -0.46667E-04     0.16999E-02     0.18362E-02     0.34646E-02    -0.53690E-03     0.66347E+00
     0.77247E+00     0.39713E-03    -0.93189E-03     0.11641E+01     0.75613E+00    -0.10181E-02    -0.98141E-01     0.20505E+02     0.87809E+01     0.20513E+02     0.17979E+03     0.17969E+03     0.44383E+00    -0.38526E-04    -0.46311E-04     0.16868E-02     0.17986E-02     0.33541E-02    -0.47059E-03     0.66504E+00
     0.78796E+00     0.40604E-03    -0.81779E-03     0.11656E+01     0.75078E+00    -0.10140E-02    -0.10223E+00     0.20312E+02     0.88200E+01     0.20321E+02     0.17888E+03     0.17878E+03     0.44219E+00    -0.38180E-04    -0.45766E-04     0.16760E-02     0.17664E-02     0.32553E-02    -0.40441E-03     0.66663E+00
     0.80350E+00     0.41537E-03    -0.70242E-03     0.11669E+01     0.74537E+00    -0.10113E-02    -0.10647E+00     0.20119E+02     0.88598E+01     0.20129E+02     0.17797E+03     0.17786E+03     0.44048E+00    -0.37768E-04    -0.45011E-04     0.16673E-02     0.17394E-02     0.31687E-02    -0.33833E-03     0.66824E+00
     0.81907E+00     0.42513E-03    -0.58628E-03     0.11680E+01     0.73990E+00    -0.10101E-02    -0.11085E+00     0.19926E+02     0.89002E+01     0.19935E+02     0.17705E+03     0.17694E+03     0.43870E+00    -0.37243E-04    -0.44092E-04     0.16607E-02     0.17174E-02     0.30949E-02    -0.27235E-03     0.66988E+00
     0.83469E+00     0.43533E-03    -0.46930E-03     0.11688E+01     0.73438E+00    -0.10103E-02    -0.11535E+00     0.19731E+02     0.89414E+01     0.19742E+02     0.17612E+03     0.17600E+03     0.43684E+00    -0.36635E-04    -0.43029E-04     0.16561E-02     0.17000E-02     0.30345E-02    -0.20651E-03     0.67155E+00
     0.85033E+00     0.44599E-03    -0.35172E-03     0.11695E+01     0.72880E+00    -0.10118E-02    -0.12000E+00     0.19537E+02     0.89832E+01     0.19547E+02     0.17518E+03     0.17506E+03     0.43490E+00    -0.35955E-04    -0.41842E-04     0.16535E-02     0.16873E-02     0.29879E-02    -0.14090E-03     0.67324E+00
     0.86601E+00     0.45711E-03    -0.23529E-03     0.11699E+01     0.72316E+00    -0.10148E-02    -0.12484E+00     0.19342E+02     0.90257E+01     0.19353E+02     0.17424E+03     0.17412E+03     0.43288E+00    -0.35157E-04    -0.40623E-04     0.16529E-02     0.16792E-02     0.29554E-02    -0.75601E-04     0.67496E+00
     0.88171E+00     0.46873E-03    -0.12288E-03     0.11702E+01     0.71748E+00    -0.10191E-02    -0.12986E+00     0.19146E+02     0.90689E+01     0.19158E+02     0.17329E+03     0.17316E+03     0.43077E+00    -0.34264E-04    -0.39395E-04     0.16543E-02     0.16761E-02     0.29373E-02    -0.10664E-04     0.67670E+00
     0.89744E+00     0.48085E-03    -0.17519E-04     0.11702E+01     0.71174E+00    -0.10249E-02    -0.13500E+00     0.18951E+02     0.91128E+01     0.18963E+02     0.17234E+03     0.17220E+03     0.42858E+00    -0.33287E-04    -0.38163E-04     0.16577E-02     0.16780E-02     0.29335E-02     0.53896E-04     0.67847E+00
     0.91319E+00     0.49347E-03     0.77846E-04     0.11699E+01     0.70595E+00    -0.10320E-02    -0.14021E+00     0.18755E+02     0.91574E+01     0.18767E+02     0.17138E+03     0.17124E+03     0.42630E+00    -0.32196E-04    -0.36983E-04     0.16630E-02     0.16849E-02     0.29439E-02     0.11811E-03     0.68026E+00
     0.92895E+00     0.50661E-03     0.16100E-03     0.11695E+01     0.70011E+00    -0.10406E-02    -0.14542E+00     0.18559E+02     0.92027E+01     0.18572E+02     0.17041E+03     0.17027E+03     0.42393E+00    -0.31030E-04    -0.35904E-04     0.16703E-02     0.16967E-02     0.29679E-02     0.18208E-03     0.68207E+00
     0.94473E+00     0.52025E-03     0.23101E-03     0.11688E+01     0.69423E+00    -0.10506E-02    -0.15059E+00     0.18363E+02     0.92486E+01     0.18376E+02     0.16944E+03     0.16929E+03     0.42148E+00    -0.29773E-04    -0.34953E-04     0.16796E-02     0.17132E-02     0.30052E-02     0.24587E-03     0.68391E+00
     0.96051E+00     0.53437E-03     0.28802E-03     0.11679E+01     0.68830E+00    -0.10622E-02    -0.15567E+00     0.18168E+02     0.92953E+01     0.18181E+02     0.16847E+03     0.16831E+03     0.41893E+00    -0.28404E-04    -0.34202E-04     0.16910E-02     0.17338E-02     0.30553E-02     0.30954E-03     0.68578E+00
     0.97631E+00     0.54897E-03     0.33304E-03     0.11668E+01     0.68234E+00    -0.10753E-02    -0.16060E+00     0.17972E+02     0.93426E+01     0.17986E+02     0.16749E+03     0.16732E+03     0.41631E+00    -0.26932E-04    -0.33727E-04     0.17045E-02     0.17584E-02     0.31179E-02     0.37307E-03     0.68767E+00
     0.99210E+00     0.56403E-03     0.36732E-03     0.11655E+01     0.67633E+00    -0.10900E-02    -0.16535E+00     0.17777E+02     0.93905E+01     0.17791E+02     0.16650E+03     0.16634E+03     0.41361E+00    -0.25441E-04    -0.33592E-04     0.17201E-02     0.17869E-02     0.31923E-02     0.43642E-03     0.68958E+00
     0.10079E+01     0.57952E-03     0.39148E-03     0.11640E+01     0.67028E+00    -0.11061E-02    -0.16985E+00     0.17582E+02     0.94392E+01     0.17596E+02     0.16551E+03     0.16534E+03     0.41083E+00    -0.23903E-04    -0.33791E-04     0.17377E-02     0.18191E-02     0.32772E-02     0.49952E-03     0.69151E+00
     0.10237E+01     0.59541E-03     0.40550E-03     0.11623E+01     0.66420E+00    -0.11238E-02    -0.17408E+00     0.17387E+02     0.94885E+01     0.17402E+02     0.16452E+03     0.16435E+03     0.40797E+00    -0.22330E-04    -0.34240E-04     0.17572E-02     0.18551E-02     0.33717E-02     0.56231E-03     0.69347E+00
     0.10395E+01     0.61166E-03     0.40866E-03     0.11604E+01     0.65808E+00    -0.11428E-02    -0.17804E+00     0.17193E+02     0.95384E+01     0.17208E+02     0.16352E+03     0.16335E+03     0.40506E+00    -0.20723E-04    -0.34878E-04     0.17786E-02     0.18946E-02     0.34754E-02     0.62480E-03     0.69545E+00
     0.10553E+01     0.62826E-03     0.40019E-03     0.11584E+01     0.65192E+00    -0.11632E-02    -0.18176E+00     0.17000E+02     0.95890E+01     0.17015E+02     0.16253E+03     0.16234E+03     0.40208E+00    -0.19065E-04    -0.35704E-04     0.18017E-02     0.19376E-02     0.35876E-02     0.68704E-03     0.69745E+00
     0.10711E+01     0.64519E-03     0.38104E-03     0.11561E+01     0.64574E+00    -0.11849E-02    -0.18528E+00     0.16807E+02     0.96402E+01     0.16823E+02     0.16152E+03     0.16134E+03     0.39904E+00    -0.17410E-04    -0.36696E-04     0.18266E-02     0.19836E-02     0.37079E-02     0.74911E-03     0.69947E+00
     0.10868E+01     0.66241E-03     0.35346E-03     0.11537E+01     0.63952E+00    -0.12079E-02    -0.18860E+00     0.16615E+02     0.96921E+01     0.16631E+02     0.16052E+03     0.16033E+03     0.39595E+00    -0.15721E-04    -0.37735E-04     0.18532E-02     0.20324E-02     0.38356E-02     0.81099E-03     0.70152E+00
     0.11026E+01     0.67990E-03     0.31955E-03     0.11511E+01     0.63327E+00    -0.12324E-02    -0.19168E+00     0.16424E+02     0.97446E+01     0.16439E+02     0.15951E+03     0.15932E+03     0.39282E+00    -0.14015E-04    -0.38797E-04     0.18815E-02     0.20837E-02     0.39697E-02     0.87264E-03     0.70359E+00
     0.11183E+01     0.69764E-03     0.28100E-03     0.11484E+01     0.62700E+00    -0.12582E-02    -0.19448E+00     0.16233E+02     0.97978E+01     0.16249E+02     0.15851E+03     0.15831E+03     0.38964E+00    -0.12300E-04    -0.39910E-04     0.19116E-02     0.21375E-02     0.41089E-02     0.93397E-03     0.70567E+00
     0.11340E+01     0.71559E-03     0.23927E-03     0.11456E+01     0.62071E+00    -0.12854E-02    -0.19695E+00     0.16044E+02     0.98515E+01     0.16060E+02     0.15750E+03     0.15730E+03     0.38642E+00    -0.10689E-04    -0.41087E-04     0.19434E-02     0.21938E-02     0.42519E-02     0.99491E-03     0.70778E+00
     0.11497E+01     0.73370E-03     0.19542E-03     0.11426E+01     0.61439E+00    -0.13138E-02    -0.19902E+00     0.15855E+02     0.99059E+01     0.15871E+02     0.15649E+03     0.15629E+03     0.38318E+00    -0.91399E-05    -0.42255E-04     0.19767E-02     0.22526E-02     0.43976E-02     0.10554E-02     0.70991E+00
     0.11653E+01     0.75193E-03     0.15001E-03     0.11395E+01     0.60805E+00    -0.13435E-02    -0.20060E+00     0.15668E+02     0.99608E+01     0.15683E+02     0.15548E+03     0.15528E+03     0.37991E+00    -0.76448E-05    -0.43515E-04     0.20115E-02     0.23138E-02     0.45449E-02     0.11156E-02     0.71206E+00
     0.11809E+01     0.77022E-03     0.10383E-03     0.11363E+01     0.60170E+00    -0.13743E-02    -0.20164E+00     0.15481E+02     0.10016E+02     0.15497E+02     0.15447E+03     0.15427E+03     0.37662E+00    -0.61856E-05    -0.44827E-04     0.20477E-02     0.23774E-02     0.46934E-02     0.11754E-02     0.71423E+00
     0.11965E+01     0.78850E-03     0.57891E-04     0.11329E+01     0.59532E+00    -0.14062E-02    -0.20214E+00     0.15296E+02     0.10072E+02     0.15312E+02     0.15346E+03     0.15325E+03     0.37334E+00    -0.46971E-05    -0.46159E-04     0.20851E-02     0.24433E-02     0.48437E-02     0.12350E-02     0.71641E+00
     0.12120E+01     0.80673E-03     0.12030E-04     0.11295E+01     0.58894E+00    -0.14390E-02    -0.20210E+00     0.15112E+02     0.10129E+02     0.15127E+02     0.15244E+03     0.15224E+03     0.37006E+00    -0.32527E-05    -0.47484E-04     0.21236E-02     0.25110E-02     0.49961E-02     0.12944E-02     0.71861E+00
     0.12275E+01     0.82485E-03    -0.35085E-04     0.11260E+01     0.58254E+00    -0.14727E-02    -0.20145E+00     0.14929E+02     0.10186E+02     0.14944E+02     0.15143E+03     0.15123E+03     0.36679E+00    -0.18617E-05    -0.48728E-04     0.21629E-02     0.25805E-02     0.51508E-02     0.13534E-02     0.72084E+00
     0.12430E+01     0.84278E-03    -0.83849E-04     0.11224E+01     0.57612E+00    -0.15069E-02    -0.20015E+00     0.14748E+02     0.10244E+02     0.14762E+02     0.15042E+03     0.15022E+03     0.36356E+00    -0.54470E-06    -0.49820E-04     0.22027E-02     0.26519E-02     0.53074E-02     0.14118E-02     0.72307E+00
     0.12584E+01     0.86046E-03    -0.13236E-03     0.11187E+01     0.56970E+00    -0.15416E-02    -0.19823E+00     0.14568E+02     0.10303E+02     0.14582E+02     0.14941E+03     0.14922E+03     0.36036E+00     0.60058E-06    -0.50748E-04     0.22429E-02     0.27254E-02     0.54652E-02     0.14695E-02     0.72533E+00
     0.12737E+01     0.87784E-03    -0.17826E-03     0.11149E+01     0.56327E+00    -0.15765E-02    -0.19582E+00     0.14389E+02     0.10362E+02     0.14403E+02     0.14840E+03     0.14821E+03     0.35720E+00     0.16162E-05    -0.51573E-04     0.22831E-02     0.28011E-02     0.56240E-02     0.15266E-02     0.72761E+00
     0.12890E+01     0.89488E-03    -0.22113E-03     0.11111E+01     0.55682E+00    -0.16116E-02    -0.19312E+00     0.14211E+02     0.10421E+02     0.14225E+02     0.14740E+03     0.14720E+03     0.35411E+00     0.24459E-05    -0.52241E-04     0.23234E-02     0.28788E-02     0.57835E-02     0.15829E-02     0.72990E+00
     0.13042E+01     0.91158E-03    -0.26122E-03     0.11071E+01     0.55036E+00    -0.16470E-02    -0.19029E+00     0.14035E+02     0.10481E+02     0.14048E+02     0.14639E+03     0.14620E+03     0.35106E+00     0.31274E-05    -0.52631E-04     0.23638E-02     0.29578E-02     0.59438E-02     0.16386E-02     0.73221E+00
     0.13194E+01     0.92792E-03    -0.29788E-03     0.11031E+01     0.54389E+00    -0.16827E-02    -0.18738E+00     0.13860E+02     0.10542E+02     0.13872E+02     0.14538E+03     0.14520E+03     0.34808E+00     0.36398E-05    -0.52610E-04     0.24043E-02     0.30378E-02     0.61052E-02     0.16938E-02     0.73454E+00
     0.13345E+01     0.94391E-03    -0.32936E-03     0.10990E+01     0.53741E+00    -0.17187E-02    -0.18446E+00     0.13686E+02     0.10603E+02     0.13698E+02     0.14438E+03     0.14420E+03     0.34516E+00     0.40293E-05    -0.52123E-04     0.24451E-02     0.31185E-02     0.62682E-02     0.17484E-02     0.73688E+00
     0.13495E+01     0.95956E-03    -0.35334E-03     0.10948E+01     0.53092E+00    -0.17553E-02    -0.18163E+00     0.13514E+02     0.10665E+02     0.13525E+02     0.14338E+03     0.14320E+03     0.34230E+00     0.43801E-05    -0.51261E-04     0.24863E-02     0.31994E-02     0.64319E-02     0.18023E-02     0.73925E+00
     0.13645E+01     0.97486E-03    -0.36946E-03     0.10905E+01     0.52442E+00    -0.17924E-02    -0.17884E+00     0.13343E+02     0.10728E+02     0.13354E+02     0.14238E+03     0.14220E+03     0.33949E+00     0.47399E-05    -0.50369E-04     0.25280E-02     0.32802E-02     0.65955E-02     0.18554E-02     0.74163E+00
     0.13794E+01     0.98982E-03    -0.37837E-03     0.10862E+01     0.51791E+00    -0.18303E-02    -0.17598E+00     0.13173E+02     0.10791E+02     0.13184E+02     0.14138E+03     0.14120E+03     0.33675E+00     0.50275E-05    -0.49499E-04     0.25705E-02     0.33615E-02     0.67588E-02     0.19076E-02     0.74404E+00
     0.13942E+01     0.10044E-02    -0.37866E-03     0.10817E+01     0.51139E+00    -0.18690E-02    -0.17301E+00     0.13004E+02     0.10854E+02     0.13015E+02     0.14038E+03     0.14021E+03     0.33407E+00     0.52610E-05    -0.48732E-04     0.26137E-02     0.34440E-02     0.69224E-02     0.19590E-02     0.74646E+00
     0.14089E+01     0.10186E-02    -0.36761E-03     0.10772E+01     0.50486E+00    -0.19084E-02    -0.16975E+00     0.12837E+02     0.10919E+02     0.12847E+02     0.13938E+03     0.13921E+03     0.33146E+00     0.53804E-05    -0.47898E-04     0.26576E-02     0.35277E-02     0.70876E-02     0.20099E-02     0.74890E+00
     0.14235E+01     0.10324E-02    -0.34328E-03     0.10726E+01     0.49833E+00    -0.19483E-02    -0.16610E+00     0.12672E+02     0.10984E+02     0.12681E+02     0.13839E+03     0.13822E+03     0.32891E+00     0.53653E-05    -0.46955E-04     0.27019E-02     0.36124E-02     0.72555E-02     0.20604E-02     0.75135E+00
     0.14380E+01     0.10458E-02    -0.30610E-03     0.10679E+01     0.49179E+00    -0.19887E-02    -0.16203E+00     0.12507E+02     0.11049E+02     0.12516E+02     0.13740E+03     0.13723E+03     0.32644E+00     0.52093E-05    -0.45760E-04     0.27465E-02     0.36976E-02     0.74268E-02     0.21105E-02     0.75383E+00
     0.14525E+01     0.10586E-02    -0.25884E-03     0.10630E+01     0.48524E+00    -0.20292E-02    -0.15748E+00     0.12345E+02     0.11115E+02     0.12353E+02     0.13641E+03     0.13625E+03     0.32406E+00     0.48315E-05    -0.44258E-04     0.27911E-02     0.37827E-02     0.76012E-02     0.21600E-02     0.75632E+00
     0.14668E+01     0.10709E-02    -0.20697E-03     0.10582E+01     0.47869E+00    -0.20698E-02    -0.15239E+00     0.12183E+02     0.11182E+02     0.12191E+02     0.13542E+03     0.13526E+03     0.32176E+00     0.43266E-05    -0.42517E-04     0.28354E-02     0.38670E-02     0.77778E-02     0.22086E-02     0.75884E+00
     0.14811E+01     0.10826E-02    -0.15595E-03     0.10532E+01     0.47213E+00    -0.21103E-02    -0.14674E+00     0.12023E+02     0.11249E+02     0.12030E+02     0.13443E+03     0.13428E+03     0.31956E+00     0.37579E-05    -0.40875E-04     0.28792E-02     0.39508E-02     0.79558E-02     0.22564E-02     0.76137E+00
     0.14952E+01     0.10936E-02    -0.10803E-03     0.10481E+01     0.46556E+00    -0.21505E-02    -0.14059E+00     0.11865E+02     0.11317E+02     0.11871E+02     0.13345E+03     0.13330E+03     0.31746E+00     0.32574E-05    -0.39269E-04     0.29223E-02     0.40344E-02     0.81347E-02     0.23032E-02     0.76392E+00
     0.15093E+01     0.11040E-02    -0.63333E-04     0.10430E+01     0.45899E+00    -0.21904E-02    -0.13383E+00     0.11707E+02     0.11386E+02     0.11713E+02     0.13246E+03     0.13233E+03     0.31547E+00     0.27752E-05    -0.37659E-04     0.29648E-02     0.41179E-02     0.83132E-02     0.23489E-02     0.76648E+00
     0.15232E+01     0.11136E-02    -0.21919E-04     0.10378E+01     0.45242E+00    -0.22299E-02    -0.12628E+00     0.11552E+02     0.11455E+02     0.11556E+02     0.13148E+03     0.13135E+03     0.31360E+00     0.23400E-05    -0.36129E-04     0.30064E-02     0.42010E-02     0.84918E-02     0.23933E-02     0.76907E+00
     0.15370E+01     0.11224E-02     0.14462E-04     0.10325E+01     0.44584E+00    -0.22689E-02    -0.11783E+00     0.11397E+02     0.11525E+02     0.11401E+02     0.13050E+03     0.13038E+03     0.31187E+00     0.19598E-05    -0.34641E-04     0.30469E-02     0.42842E-02     0.86726E-02     0.24366E-02     0.77168E+00
     0.15507E+01     0.11303E-02     0.43233E-04     0.10271E+01     0.43925E+00    -0.23071E-02    -0.10852E+00     0.11244E+02     0.11596E+02     0.11247E+02     0.12952E+03     0.12941E+03     0.31027E+00     0.15988E-05    -0.33372E-04     0.30861E-02     0.43675E-02     0.88589E-02     0.24791E-02     0.77431E+00
     0.15643E+01     0.11373E-02     0.64194E-04     0.10217E+01     0.43265E+00    -0.23443E-02    -0.98570E-01     0.11092E+02     0.11667E+02     0.11094E+02     0.12854E+03     0.12845E+03     0.30882E+00     0.13447E-05    -0.32252E-04     0.31238E-02     0.44508E-02     0.90541E-02     0.25210E-02     0.77695E+00
     0.15778E+01     0.11433E-02     0.80010E-04     0.10162E+01     0.42604E+00    -0.23805E-02    -0.88099E-01     0.10942E+02     0.11739E+02     0.10943E+02     0.12757E+03     0.12748E+03     0.30753E+00     0.11093E-05    -0.31263E-04     0.31598E-02     0.45328E-02     0.92592E-02     0.25625E-02     0.77962E+00
     0.15911E+01     0.11483E-02     0.94036E-04     0.10107E+01     0.41942E+00    -0.24153E-02    -0.77003E-01     0.10792E+02     0.11812E+02     0.10792E+02     0.12659E+03     0.12652E+03     0.30639E+00     0.96676E-06    -0.30034E-04     0.31938E-02     0.46127E-02     0.94739E-02     0.26035E-02     0.78232E+00
     0.16043E+01     0.11523E-02     0.10848E-03     0.10051E+01     0.41278E+00    -0.24488E-02    -0.65108E-01     0.10644E+02     0.11885E+02     0.10643E+02     0.12562E+03     0.12555E+03     0.30543E+00     0.91814E-06    -0.28755E-04     0.32258E-02     0.46904E-02     0.96983E-02     0.26437E-02     0.78503E+00
     0.16174E+01     0.11551E-02     0.12448E-03     0.99939E+00     0.40613E+00    -0.24806E-02    -0.52310E-01     0.10497E+02     0.11960E+02     0.10495E+02     0.12464E+03     0.12459E+03     0.30464E+00     0.84448E-06    -0.27516E-04     0.32554E-02     0.47667E-02     0.99326E-02     0.26826E-02     0.78777E+00
     0.16303E+01     0.11568E-02     0.14234E-03     0.99363E+00     0.39947E+00    -0.25104E-02    -0.38530E-01     0.10351E+02     0.12035E+02     0.10347E+02     0.12367E+03     0.12363E+03     0.30403E+00     0.73914E-06    -0.26503E-04     0.32822E-02     0.48420E-02     0.10178E-01     0.27204E-02     0.79054E+00
     0.16431E+01     0.11573E-02     0.16018E-03     0.98778E+00     0.39278E+00    -0.25381E-02    -0.23744E-01     0.10206E+02     0.12111E+02     0.10201E+02     0.12270E+03     0.12267E+03     0.30361E+00     0.54810E-06    -0.25912E-04     0.33061E-02     0.49158E-02     0.10437E-01     0.27568E-02     0.79333E+00
     0.16558E+01     0.11564E-02     0.17417E-03     0.98184E+00     0.38608E+00    -0.25633E-02    -0.79294E-02     0.10062E+02     0.12188E+02     0.10056E+02     0.12172E+03     0.12171E+03     0.30340E+00     0.31281E-06    -0.25903E-04     0.33266E-02     0.49874E-02     0.10710E-01     0.27921E-02     0.79615E+00
     0.16683E+01     0.11543E-02     0.18257E-03     0.97579E+00     0.37935E+00    -0.25857E-02     0.90951E-02     0.99196E+01     0.12266E+02     0.99119E+01     0.12075E+03     0.12075E+03     0.30340E+00     0.11398E-06    -0.26219E-04     0.33434E-02     0.50564E-02     0.10998E-01     0.28261E-02     0.79900E+00
     0.16806E+01     0.11507E-02     0.18714E-03     0.96962E+00     0.37260E+00    -0.26049E-02     0.27743E-01     0.97778E+01     0.12345E+02     0.97685E+01     0.11977E+03     0.11980E+03     0.30362E+00     0.47122E-07    -0.26728E-04     0.33560E-02     0.51227E-02     0.11301E-01     0.28587E-02     0.80188E+00
     0.16928E+01     0.11455E-02     0.19075E-03     0.96333E+00     0.36582E+00    -0.26203E-02     0.48390E-01     0.96369E+01     0.12425E+02     0.96260E+01     0.11879E+03     0.11884E+03     0.30408E+00     0.28281E-06    -0.27645E-04     0.33637E-02     0.51864E-02     0.11621E-01     0.28894E-02     0.80479E+00
     0.17049E+01     0.11386E-02     0.19511E-03     0.95689E+00     0.35902E+00    -0.26314E-02     0.71098E-01     0.94969E+01     0.12506E+02     0.94842E+01     0.11781E+03     0.11788E+03     0.30480E+00     0.90024E-06    -0.28907E-04     0.33660E-02     0.52475E-02     0.11959E-01     0.29182E-02     0.80774E+00
     0.17167E+01     0.11299E-02     0.20073E-03     0.95030E+00     0.35218E+00    -0.26374E-02     0.95923E-01     0.93578E+01     0.12589E+02     0.93430E+01     0.11682E+03     0.11692E+03     0.30580E+00     0.17571E-05    -0.30231E-04     0.33618E-02     0.53063E-02     0.12318E-01     0.29453E-02     0.81071E+00
     0.17285E+01     0.11193E-02     0.20409E-03     0.94352E+00     0.34530E+00    -0.26377E-02     0.12295E+00     0.92194E+01     0.12672E+02     0.92025E+01     0.11583E+03     0.11596E+03     0.30708E+00     0.27251E-05    -0.31569E-04     0.33506E-02     0.53625E-02     0.12702E-01     0.29708E-02     0.81373E+00
     0.17400E+01     0.11067E-02     0.19788E-03     0.93653E+00     0.33839E+00    -0.26316E-02     0.15221E+00     0.90816E+01     0.12757E+02     0.90625E+01     0.11484E+03     0.11499E+03     0.30868E+00     0.37838E-05    -0.33122E-04     0.33316E-02     0.54149E-02     0.13119E-01     0.29945E-02     0.81679E+00
     0.17514E+01     0.10919E-02     0.17656E-03     0.92933E+00     0.33143E+00    -0.26186E-02     0.18388E+00     0.89445E+01     0.12843E+02     0.89229E+01     0.11384E+03     0.11403E+03     0.31061E+00     0.48958E-05    -0.35117E-04     0.33043E-02     0.54622E-02     0.13572E-01     0.30159E-02     0.81988E+00
     0.17626E+01     0.10748E-02     0.14102E-03     0.92187E+00     0.32441E+00    -0.25981E-02     0.21799E+00     0.88078E+01     0.12930E+02     0.87837E+01     0.11284E+03     0.11306E+03     0.31288E+00     0.59557E-05    -0.37320E-04     0.32680E-02     0.55035E-02     0.14065E-01     0.30345E-02     0.82303E+00
     0.17737E+01     0.10553E-02     0.97346E-04     0.91413E+00     0.31734E+00    -0.25695E-02     0.25451E+00     0.86715E+01     0.13020E+02     0.86447E+01     0.11183E+03     0.11209E+03     0.31550E+00     0.69327E-05    -0.39703E-04     0.32220E-02     0.55382E-02     0.14595E-01     0.30503E-02     0.82623E+00
     0.17845E+01     0.10333E-02     0.51020E-04     0.90605E+00     0.31020E+00    -0.25322E-02     0.29361E+00     0.85355E+01     0.13111E+02     0.85059E+01     0.11081E+03     0.11111E+03     0.31850E+00     0.77765E-05    -0.42219E-04     0.31659E-02     0.55656E-02     0.15166E-01     0.30632E-02     0.82948E+00
     0.17952E+01     0.10088E-02     0.52660E-05     0.89758E+00     0.30298E+00    -0.24857E-02     0.33542E+00     0.83997E+01     0.13203E+02     0.83670E+01     0.10979E+03     0.11012E+03     0.32187E+00     0.85097E-05    -0.44967E-04     0.30989E-02     0.55853E-02     0.15779E-01     0.30728E-02     0.83278E+00
     0.18057E+01     0.98153E-03    -0.40657E-04     0.88867E+00     0.29569E+00    -0.24294E-02     0.37989E+00     0.82640E+01     0.13298E+02     0.82281E+01     0.10875E+03     0.10913E+03     0.32565E+00     0.90464E-05    -0.48143E-04     0.30205E-02     0.55973E-02     0.16439E-01     0.30790E-02     0.83616E+00
     0.18160E+01     0.95150E-03    -0.90115E-04     0.87924E+00     0.28830E+00    -0.23628E-02     0.42681E+00     0.81282E+01     0.13395E+02     0.80891E+01     0.10770E+03     0.10813E+03     0.32983E+00     0.94541E-05    -0.51797E-04     0.29304E-02     0.56015E-02     0.17148E-01     0.30811E-02     0.83960E+00
     0.18261E+01     0.91863E-03    -0.14548E-03     0.86920E+00     0.28081E+00    -0.22857E-02     0.47592E+00     0.79921E+01     0.13494E+02     0.79497E+01     0.10665E+03     0.10712E+03     0.33442E+00     0.96936E-05    -0.55955E-04     0.28283E-02     0.55972E-02     0.17911E-01     0.30786E-02     0.84311E+00
     0.18360E+01     0.88289E-03    -0.20657E-03     0.85845E+00     0.27321E+00    -0.21979E-02     0.52698E+00     0.78557E+01     0.13596E+02     0.78098E+01     0.10558E+03     0.10610E+03     0.33941E+00     0.98152E-05    -0.60844E-04     0.27141E-02     0.55833E-02     0.18725E-01     0.30707E-02     0.84671E+00
     0.18457E+01     0.84425E-03    -0.26941E-03     0.84688E+00     0.26548E+00    -0.20992E-02     0.57955E+00     0.77188E+01     0.13701E+02     0.76694E+01     0.10449E+03     0.10507E+03     0.34482E+00     0.99061E-05    -0.66544E-04     0.25878E-02     0.55585E-02     0.19587E-01     0.30565E-02     0.85040E+00
     0.18552E+01     0.80274E-03    -0.32769E-03     0.83434E+00     0.25761E+00    -0.19897E-02     0.63291E+00     0.75812E+01     0.13809E+02     0.75284E+01     0.10339E+03     0.10403E+03     0.35061E+00     0.99781E-05    -0.73116E-04     0.24496E-02     0.55210E-02     0.20492E-01     0.30350E-02     0.85419E+00
     0.18645E+01     0.75843E-03    -0.37690E-03     0.82065E+00     0.24959E+00    -0.18695E-02     0.68620E+00     0.74427E+01     0.13920E+02     0.73865E+01     0.10228E+03     0.10297E+03     0.35678E+00     0.10166E-04    -0.80453E-04     0.22998E-02     0.54684E-02     0.21434E-01     0.30052E-02     0.85809E+00
     0.18736E+01     0.71144E-03    -0.41487E-03     0.80565E+00     0.24139E+00    -0.17393E-02     0.73825E+00     0.73031E+01     0.14035E+02     0.72438E+01     0.10115E+03     0.10189E+03     0.36329E+00     0.10573E-04    -0.88555E-04     0.21392E-02     0.53978E-02     0.22400E-01     0.29653E-02     0.86211E+00
     0.18825E+01     0.66196E-03    -0.44004E-03     0.78909E+00     0.23300E+00    -0.15997E-02     0.78759E+00     0.71622E+01     0.14154E+02     0.71000E+01     0.10000E+03     0.10079E+03     0.37009E+00     0.11117E-04    -0.97335E-04     0.19690E-02     0.53073E-02     0.23375E-01     0.29135E-02     0.86626E+00
     0.18912E+01     0.61023E-03    -0.45130E-03     0.77073E+00     0.22440E+00    -0.14521E-02     0.83228E+00     0.70199E+01     0.14278E+02     0.69552E+01     0.98837E+02     0.99669E+02     0.37714E+00     0.11812E-04    -0.10670E-03     0.17906E-02     0.51956E-02     0.24336E-01     0.28478E-02     0.87056E+00
     0.18996E+01     0.55660E-03    -0.44891E-03     0.75028E+00     0.21556E+00    -0.12980E-02     0.86991E+00     0.68757E+01     0.14407E+02     0.68091E+01     0.97655E+02     0.98525E+02     0.38437E+00     0.12590E-04    -0.11640E-03     0.16062E-02     0.50605E-02     0.25251E-01     0.27653E-02     0.87501E+00
     0.19078E+01     0.50153E-03    -0.43460E-03     0.72739E+00     0.20646E+00    -0.11397E-02     0.89748E+00     0.67296E+01     0.14541E+02     0.66619E+01     0.96456E+02     0.97354E+02     0.39167E+00     0.13332E-04    -0.12614E-03     0.14183E-02     0.48992E-02     0.26074E-01     0.26631E-02     0.87965E+00
     0.19158E+01     0.44555E-03    -0.41079E-03     0.70168E+00     0.19707E+00    -0.97971E-03     0.91140E+00     0.65812E+01     0.14682E+02     0.65135E+01     0.95241E+02     0.96153E+02     0.39893E+00     0.13909E-04    -0.13553E-03     0.12300E-02     0.47086E-02     0.26745E-01     0.25379E-02     0.88449E+00
     0.19236E+01     0.38930E-03    -0.38045E-03     0.67271E+00     0.18736E+00    -0.82113E-03     0.90723E+00     0.64304E+01     0.14829E+02     0.63639E+01     0.94011E+02     0.94919E+02     0.40603E+00     0.14334E-04    -0.14414E-03     0.10449E-02     0.44858E-02     0.27183E-01     0.23860E-02     0.88954E+00
     0.19311E+01     0.33352E-03    -0.34694E-03     0.64001E+00     0.17730E+00    -0.66711E-03     0.87934E+00     0.62767E+01     0.14984E+02     0.62131E+01     0.92769E+02     0.93648E+02     0.41279E+00     0.14616E-04    -0.15150E-03     0.86644E-03     0.42295E-02     0.27291E-01     0.22041E-02     0.89483E+00
     0.19384E+01     0.27902E-03    -0.31291E-03     0.60312E+00     0.16685E+00    -0.52089E-03     0.82039E+00     0.61200E+01     0.15148E+02     0.60613E+01     0.91517E+02     0.92337E+02     0.41903E+00     0.14739E-04    -0.15713E-03     0.69839E-03     0.39400E-02     0.26951E-01     0.19897E-02     0.90040E+00
     0.19455E+01     0.22667E-03    -0.27997E-03     0.56159E+00     0.15596E+00    -0.38563E-03     0.72035E+00     0.59598E+01     0.15321E+02     0.59088E+01     0.90261E+02     0.90982E+02     0.42450E+00     0.14710E-04    -0.16059E-03     0.54415E-03     0.36191E-02     0.26035E-01     0.17425E-02     0.90628E+00
     0.19523E+01     0.17742E-03    -0.24897E-03     0.51511E+00     0.14457E+00    -0.26417E-03     0.56511E+00     0.57956E+01     0.15505E+02     0.57557E+01     0.89009E+02     0.89575E+02     0.42891E+00     0.14495E-04    -0.16153E-03     0.40677E-03     0.32689E-02     0.24416E-01     0.14663E-02     0.91251E+00
     0.19589E+01     0.13228E-03    -0.21998E-03     0.46358E+00     0.13259E+00    -0.15886E-03     0.33438E+00     0.56267E+01     0.15703E+02     0.56025E+01     0.87773E+02     0.88107E+02     0.43189E+00     0.14107E-04    -0.15971E-03     0.28866E-03     0.28916E-02     0.22004E-01     0.11701E-02     0.91915E+00
     0.19652E+01     0.92346E-04    -0.19204E-03     0.40722E+00     0.11991E+00    -0.71408E-04    -0.13079E-02     0.54519E+01     0.15916E+02     0.54497E+01     0.86569E+02     0.86568E+02     0.43297E+00     0.13549E-04    -0.15509E-03     0.19148E-03     0.24882E-02     0.18793E-01     0.86972E-03     0.92629E+00
     0.19713E+01     0.58752E-04    -0.16376E-03     0.34670E+00     0.10636E+00    -0.27392E-05    -0.48464E+00     0.52698E+01     0.16149E+02     0.52982E+01     0.85423E+02     0.84939E+02     0.43151E+00     0.12856E-04    -0.14778E-03     0.11594E-03     0.20594E-02     0.14929E-01     0.58694E-03     0.93404E+00
     0.19771E+01     0.32580E-04    -0.13430E-03     0.28315E+00     0.91717E-01     0.47205E-04    -0.11773E+01     0.50782E+01     0.16407E+02     0.51491E+01     0.84374E+02     0.83196E+02     0.42670E+00     0.12054E-04    -0.13813E-03     0.61664E-04     0.16079E-02     0.10747E-01     0.34635E-03     0.94257E+00
     0.19826E+01     0.14534E-04    -0.10372E-03     0.21807E+00     0.75656E-01     0.79693E-04    -0.21683E+01     0.48744E+01     0.16698E+02     0.50041E+01     0.83477E+02     0.81308E+02     0.41744E+00     0.11204E-04    -0.12637E-03     0.26898E-04     0.11430E-02     0.67408E-02     0.16819E-03     0.95212E+00
     0.19879E+01     0.44061E-05    -0.72758E-04     0.15313E+00     0.57725E-01     0.97342E-04    -0.35818E+01     0.46546E+01     0.17032E+02     0.48652E+01     0.82811E+02     0.79229E+02     0.40232E+00     0.10258E-04    -0.11371E-03     0.83719E-05     0.68872E-03     0.34360E-02     0.60065E-04     0.96302E+00
     0.19929E+01     0.54095E-06    -0.42498E-04     0.89811E-01     0.37290E-01     0.10429E-03    -0.55958E+01     0.44138E+01     0.17426E+02     0.47355E+01     0.82492E+02     0.76897E+02     0.38013E+00     0.95614E-05    -0.98203E-04     0.13046E-05     0.29342E-03     0.11985E-02     0.12031E-04     0.97578E+00
     0.19977E+01     0.00000E+00    -0.13736E-04     0.29152E-01     0.13487E-01     0.10550E-03    -0.83358E+01     0.41459E+01     0.17905E+02     0.46119E+01     0.82566E+02     0.74230E+02     0.34860E+00     0.76457E-05    -0.83902E-04     0.20380E-07     0.38589E-04     0.12702E-03     0.39087E-06     0.99109E+00
