     0.23093E-02     0.46158E-03     0.47594E+00     0.22674E-01     0.87585E-01     0.48553E-02     0.58042E+00     0.15906E+00    -0.20321E-03     0.42403E-04     0.25628E-03    -0.10951E-05     0.10466E-04     0.30653E+02     0.99571E+00     0.72579E+01     0.30031E+02
     0.70633E-02     0.11845E-02     0.29847E+00     0.57707E-01     0.95924E-01     0.77083E-02     0.52827E+00     0.26054E+00    -0.60456E-03     0.26804E-03     0.58743E-03    -0.76112E-05     0.68354E-04     0.30328E+02     0.98907E+00     0.72949E+01     0.29956E+02
     0.12087E-01     0.17165E-02     0.20466E+00     0.83131E-01     0.10424E+00     0.10367E-01     0.50666E+00     0.34934E+00    -0.96487E-03     0.55752E-03     0.80232E-03    -0.16213E-04     0.14269E-03     0.30097E+02     0.98431E+00     0.73215E+01     0.29883E+02
     0.17376E-01     0.21299E-02     0.17589E+00     0.10269E+00     0.11319E+00     0.12567E-01     0.50837E+00     0.42112E+00    -0.13094E-02     0.85437E-03     0.98710E-03    -0.25162E-04     0.21873E-03     0.29925E+02     0.98075E+00     0.73415E+01     0.29805E+02
     0.22928E-01     0.24751E-02     0.18136E+00     0.11891E+00     0.12264E+00     0.14456E-01     0.52433E+00     0.48196E+00    -0.16570E-02     0.11501E-02     0.11755E-02    -0.34164E-04     0.29430E-03     0.29789E+02     0.97793E+00     0.73574E+01     0.29724E+02
     0.28739E-01     0.27856E-02     0.19868E+00     0.13342E+00     0.13257E+00     0.16185E-01     0.54911E+00     0.53713E+00    -0.20244E-02     0.14533E-02     0.13821E-02    -0.43462E-04     0.37164E-03     0.29674E+02     0.97553E+00     0.73710E+01     0.29640E+02
     0.34807E-01     0.30829E-02     0.21964E+00     0.14725E+00     0.14293E+00     0.17861E-01     0.57934E+00     0.59023E+00    -0.24246E-02     0.17767E-02     0.16128E-02    -0.53437E-04     0.45395E-03     0.29570E+02     0.97335E+00     0.73833E+01     0.29554E+02
     0.41127E-01     0.33802E-02     0.24261E+00     0.16102E+00     0.15373E+00     0.19552E-01     0.61313E+00     0.64348E+00    -0.28688E-02     0.21321E-02     0.18712E-02    -0.64459E-04     0.54426E-03     0.29471E+02     0.97129E+00     0.73951E+01     0.29465E+02
     0.47696E-01     0.36846E-02     0.26758E+00     0.17505E+00     0.16495E+00     0.21298E-01     0.64947E+00     0.69814E+00    -0.33657E-02     0.25294E-02     0.21599E-02    -0.76840E-04     0.64499E-03     0.29374E+02     0.96926E+00     0.74066E+01     0.29375E+02
     0.54512E-01     0.39997E-02     0.29462E+00     0.18952E+00     0.17660E+00     0.23118E-01     0.68788E+00     0.75482E+00    -0.39229E-02     0.29761E-02     0.24815E-02    -0.90828E-04     0.75803E-03     0.29278E+02     0.96723E+00     0.74182E+01     0.29282E+02
     0.61570E-01     0.43269E-02     0.32349E+00     0.20448E+00     0.18868E+00     0.25021E-01     0.72815E+00     0.81374E+00    -0.45467E-02     0.34781E-02     0.28391E-02    -0.10662E-03     0.88476E-03     0.29180E+02     0.96517E+00     0.74300E+01     0.29187E+02
     0.68868E-01     0.46664E-02     0.35382E+00     0.21993E+00     0.20119E+00     0.27008E-01     0.77021E+00     0.87493E+00    -0.52429E-02     0.40400E-02     0.32356E-02    -0.12439E-03     0.10263E-02     0.29082E+02     0.96308E+00     0.74420E+01     0.29090E+02
     0.76401E-01     0.50179E-02     0.38514E+00     0.23585E+00     0.21411E+00     0.29077E-01     0.81403E+00     0.93829E+00    -0.60169E-02     0.46655E-02     0.36745E-02    -0.14426E-03     0.11834E-02     0.28981E+02     0.96094E+00     0.74543E+01     0.28992E+02
     0.84168E-01     0.53808E-02     0.41696E+00     0.25219E+00     0.22745E+00     0.31226E-01     0.85963E+00     0.10037E+01    -0.68738E-02     0.53581E-02     0.41593E-02    -0.16637E-03     0.13570E-02     0.28878E+02     0.95876E+00     0.74669E+01     0.28890E+02
     0.92164E-01     0.57544E-02     0.44887E+00     0.26893E+00     0.24119E+00     0.33451E-01     0.90700E+00     0.10710E+01    -0.78187E-02     0.61206E-02     0.46937E-02    -0.19084E-03     0.15475E-02     0.28774E+02     0.95653E+00     0.74797E+01     0.28787E+02
     0.10039E+00     0.61381E-02     0.48050E+00     0.28602E+00     0.25533E+00     0.35750E-01     0.95617E+00     0.11401E+01    -0.88563E-02     0.69557E-02     0.52813E-02    -0.21778E-03     0.17556E-02     0.28668E+02     0.95426E+00     0.74929E+01     0.28682E+02
     0.10883E+00     0.65311E-02     0.51153E+00     0.30342E+00     0.26985E+00     0.38118E-01     0.10071E+01     0.12109E+01    -0.99915E-02     0.78659E-02     0.59259E-02    -0.24730E-03     0.19816E-02     0.28559E+02     0.95194E+00     0.75064E+01     0.28575E+02
     0.11749E+00     0.69329E-02     0.54169E+00     0.32111E+00     0.28474E+00     0.40553E-01     0.10599E+01     0.12831E+01    -0.11229E-01     0.88533E-02     0.66314E-02    -0.27949E-03     0.22262E-02     0.28449E+02     0.94956E+00     0.75202E+01     0.28465E+02
     0.12637E+00     0.73430E-02     0.57080E+00     0.33905E+00     0.29998E+00     0.43052E-01     0.11144E+01     0.13567E+01    -0.12573E-01     0.99203E-02     0.74014E-02    -0.31447E-03     0.24895E-02     0.28337E+02     0.94714E+00     0.75343E+01     0.28354E+02
     0.13547E+00     0.77607E-02     0.59873E+00     0.35720E+00     0.31556E+00     0.45614E-01     0.11708E+01     0.14317E+01    -0.14029E-01     0.11069E-01     0.82395E-02    -0.35233E-03     0.27721E-02     0.28223E+02     0.94468E+00     0.75488E+01     0.28240E+02
     0.14477E+00     0.81857E-02     0.62533E+00     0.37555E+00     0.33147E+00     0.48235E-01     0.12289E+01     0.15078E+01    -0.15600E-01     0.12300E-01     0.91496E-02    -0.39317E-03     0.30740E-02     0.28107E+02     0.94216E+00     0.75636E+01     0.28125E+02
     0.15428E+00     0.86176E-02     0.65052E+00     0.39407E+00     0.34768E+00     0.50916E-01     0.12889E+01     0.15850E+01    -0.17291E-01     0.13617E-01     0.10135E-01    -0.43710E-03     0.33958E-02     0.27990E+02     0.93959E+00     0.75787E+01     0.28007E+02
     0.16399E+00     0.90561E-02     0.67428E+00     0.41274E+00     0.36419E+00     0.53654E-01     0.13506E+01     0.16633E+01    -0.19106E-01     0.15022E-01     0.11200E-01    -0.48422E-03     0.37376E-02     0.27870E+02     0.93698E+00     0.75941E+01     0.27888E+02
     0.17390E+00     0.95011E-02     0.69661E+00     0.43155E+00     0.38098E+00     0.56450E-01     0.14141E+01     0.17426E+01    -0.21050E-01     0.16516E-01     0.12347E-01    -0.53466E-03     0.41000E-02     0.27749E+02     0.93431E+00     0.76099E+01     0.27767E+02
     0.18401E+00     0.99526E-02     0.71754E+00     0.45048E+00     0.39803E+00     0.59305E-01     0.14793E+01     0.18230E+01    -0.23128E-01     0.18102E-01     0.13579E-01    -0.58855E-03     0.44832E-02     0.27625E+02     0.93160E+00     0.76260E+01     0.27643E+02
     0.19431E+00     0.10410E-01     0.73715E+00     0.46954E+00     0.41534E+00     0.62219E-01     0.15462E+01     0.19043E+01    -0.25344E-01     0.19782E-01     0.14901E-01    -0.64602E-03     0.48877E-02     0.27500E+02     0.92883E+00     0.76424E+01     0.27518E+02
     0.20480E+00     0.10874E-01     0.75542E+00     0.48869E+00     0.43287E+00     0.65190E-01     0.16148E+01     0.19864E+01    -0.27702E-01     0.21560E-01     0.16315E-01    -0.70719E-03     0.53137E-02     0.27373E+02     0.92602E+00     0.76593E+01     0.27390E+02
     0.21547E+00     0.11344E-01     0.77236E+00     0.50792E+00     0.45063E+00     0.68220E-01     0.16850E+01     0.20695E+01    -0.30207E-01     0.23435E-01     0.17825E-01    -0.77216E-03     0.57614E-02     0.27244E+02     0.92315E+00     0.76764E+01     0.27261E+02
     0.22633E+00     0.11819E-01     0.78798E+00     0.52723E+00     0.46860E+00     0.71308E-01     0.17570E+01     0.21534E+01    -0.32861E-01     0.25410E-01     0.19433E-01    -0.84108E-03     0.62309E-02     0.27114E+02     0.92023E+00     0.76940E+01     0.27130E+02
     0.23737E+00     0.12300E-01     0.80230E+00     0.54659E+00     0.48675E+00     0.74455E-01     0.18305E+01     0.22380E+01    -0.35671E-01     0.27487E-01     0.21144E-01    -0.91407E-03     0.67226E-02     0.26981E+02     0.91726E+00     0.77119E+01     0.26997E+02
     0.24859E+00     0.12787E-01     0.81542E+00     0.56601E+00     0.50509E+00     0.77663E-01     0.19057E+01     0.23235E+01    -0.38641E-01     0.29670E-01     0.22959E-01    -0.99132E-03     0.72369E-02     0.26847E+02     0.91424E+00     0.77302E+01     0.26862E+02
     0.25997E+00     0.13279E-01     0.82744E+00     0.58549E+00     0.52360E+00     0.80933E-01     0.19824E+01     0.24098E+01    -0.41775E-01     0.31960E-01     0.24883E-01    -0.10730E-02     0.77743E-02     0.26710E+02     0.91117E+00     0.77489E+01     0.26725E+02
     0.27153E+00     0.13778E-01     0.83840E+00     0.60502E+00     0.54227E+00     0.84269E-01     0.20606E+01     0.24970E+01    -0.45081E-01     0.34363E-01     0.26919E-01    -0.11593E-02     0.83353E-02     0.26572E+02     0.90804E+00     0.77679E+01     0.26587E+02
     0.28325E+00     0.14283E-01     0.84843E+00     0.62461E+00     0.56109E+00     0.87672E-01     0.21403E+01     0.25850E+01    -0.48562E-01     0.36881E-01     0.29069E-01    -0.12504E-02     0.89205E-02     0.26433E+02     0.90485E+00     0.77874E+01     0.26446E+02
     0.29514E+00     0.14794E-01     0.85760E+00     0.64426E+00     0.58005E+00     0.91146E-01     0.22214E+01     0.26738E+01    -0.52226E-01     0.39517E-01     0.31338E-01    -0.13466E-02     0.95303E-02     0.26291E+02     0.90162E+00     0.78073E+01     0.26304E+02
     0.30719E+00     0.15312E-01     0.86596E+00     0.66395E+00     0.59914E+00     0.94691E-01     0.23040E+01     0.27636E+01    -0.56078E-01     0.42277E-01     0.33730E-01    -0.14481E-02     0.10165E-01     0.26148E+02     0.89832E+00     0.78276E+01     0.26160E+02
     0.31939E+00     0.15837E-01     0.87358E+00     0.68370E+00     0.61836E+00     0.98311E-01     0.23879E+01     0.28543E+01    -0.60124E-01     0.45162E-01     0.36247E-01    -0.15551E-02     0.10826E-01     0.26002E+02     0.89497E+00     0.78483E+01     0.26014E+02
     0.33174E+00     0.16368E-01     0.88054E+00     0.70349E+00     0.63769E+00     0.10201E+00     0.24733E+01     0.29458E+01    -0.64370E-01     0.48178E-01     0.38893E-01    -0.16678E-02     0.11513E-01     0.25855E+02     0.89157E+00     0.78694E+01     0.25867E+02
     0.34425E+00     0.16906E-01     0.88685E+00     0.72333E+00     0.65713E+00     0.10579E+00     0.25600E+01     0.30383E+01    -0.68824E-01     0.51327E-01     0.41673E-01    -0.17866E-02     0.12227E-01     0.25706E+02     0.88811E+00     0.78910E+01     0.25717E+02
     0.35690E+00     0.17452E-01     0.89257E+00     0.74322E+00     0.67668E+00     0.10965E+00     0.26481E+01     0.31318E+01    -0.73492E-01     0.54616E-01     0.44591E-01    -0.19116E-02     0.12969E-01     0.25556E+02     0.88459E+00     0.79130E+01     0.25566E+02
     0.36969E+00     0.18005E-01     0.89772E+00     0.76316E+00     0.69633E+00     0.11359E+00     0.27375E+01     0.32262E+01    -0.78383E-01     0.58048E-01     0.47651E-01    -0.20433E-02     0.13738E-01     0.25403E+02     0.88101E+00     0.79355E+01     0.25413E+02
     0.38262E+00     0.18566E-01     0.90246E+00     0.78315E+00     0.71607E+00     0.11763E+00     0.28282E+01     0.33217E+01    -0.83504E-01     0.61630E-01     0.50857E-01    -0.21820E-02     0.14537E-01     0.25249E+02     0.87737E+00     0.79584E+01     0.25258E+02
     0.39569E+00     0.19135E-01     0.90686E+00     0.80319E+00     0.73589E+00     0.12177E+00     0.29201E+01     0.34182E+01    -0.88864E-01     0.65367E-01     0.54214E-01    -0.23279E-02     0.15366E-01     0.25093E+02     0.87368E+00     0.79818E+01     0.25102E+02
     0.40890E+00     0.19712E-01     0.91094E+00     0.82329E+00     0.75580E+00     0.12599E+00     0.30133E+01     0.35158E+01    -0.94471E-01     0.69265E-01     0.57726E-01    -0.24815E-02     0.16226E-01     0.24935E+02     0.86993E+00     0.80057E+01     0.24944E+02
     0.42223E+00     0.20298E-01     0.91478E+00     0.84343E+00     0.77577E+00     0.13033E+00     0.31078E+01     0.36145E+01    -0.10033E+00     0.73327E-01     0.61398E-01    -0.26432E-02     0.17116E-01     0.24776E+02     0.86611E+00     0.80300E+01     0.24784E+02
     0.43569E+00     0.20892E-01     0.91842E+00     0.86362E+00     0.79582E+00     0.13476E+00     0.32035E+01     0.37143E+01    -0.10646E+00     0.77559E-01     0.65235E-01    -0.28132E-02     0.18039E-01     0.24615E+02     0.86224E+00     0.80549E+01     0.24623E+02
     0.44927E+00     0.21495E-01     0.92193E+00     0.88385E+00     0.81593E+00     0.13930E+00     0.33005E+01     0.38152E+01    -0.11286E+00     0.81968E-01     0.69242E-01    -0.29920E-02     0.18994E-01     0.24452E+02     0.85831E+00     0.80802E+01     0.24459E+02
     0.46297E+00     0.22107E-01     0.92547E+00     0.90414E+00     0.83610E+00     0.14396E+00     0.33986E+01     0.39173E+01    -0.11954E+00     0.86562E-01     0.73423E-01    -0.31801E-02     0.19983E-01     0.24287E+02     0.85431E+00     0.81061E+01     0.24295E+02
     0.47679E+00     0.22729E-01     0.92909E+00     0.92448E+00     0.85631E+00     0.14873E+00     0.34979E+01     0.40206E+01    -0.12652E+00     0.91347E-01     0.77784E-01    -0.33781E-02     0.21007E-01     0.24121E+02     0.85026E+00     0.81324E+01     0.24128E+02
     0.49072E+00     0.23361E-01     0.93278E+00     0.94486E+00     0.87657E+00     0.15362E+00     0.35983E+01     0.41252E+01    -0.13380E+00     0.96328E-01     0.82329E-01    -0.35862E-02     0.22066E-01     0.23953E+02     0.84614E+00     0.81593E+01     0.23960E+02
     0.50476E+00     0.24002E-01     0.93658E+00     0.96528E+00     0.89685E+00     0.15864E+00     0.36999E+01     0.42309E+01    -0.14139E+00     0.10151E+00     0.87062E-01    -0.38051E-02     0.23162E-01     0.23784E+02     0.84196E+00     0.81868E+01     0.23791E+02
     0.51891E+00     0.24653E-01     0.94052E+00     0.98573E+00     0.91716E+00     0.16379E+00     0.38025E+01     0.43378E+01    -0.14931E+00     0.10690E+00     0.91989E-01    -0.40350E-02     0.24293E-01     0.23613E+02     0.83772E+00     0.82147E+01     0.23620E+02
     0.53316E+00     0.25314E-01     0.94464E+00     0.10062E+01     0.93747E+00     0.16906E+00     0.39061E+01     0.44459E+01    -0.15755E+00     0.11250E+00     0.97113E-01    -0.42766E-02     0.25462E-01     0.23441E+02     0.83342E+00     0.82432E+01     0.23448E+02
     0.54751E+00     0.25984E-01     0.94891E+00     0.10267E+01     0.95778E+00     0.17447E+00     0.40108E+01     0.45552E+01    -0.16613E+00     0.11832E+00     0.10244E+00    -0.45303E-02     0.26667E-01     0.23267E+02     0.82906E+00     0.82723E+01     0.23274E+02
     0.56196E+00     0.26665E-01     0.95333E+00     0.10471E+01     0.97806E+00     0.18001E+00     0.41164E+01     0.46655E+01    -0.17505E+00     0.12436E+00     0.10797E+00    -0.47965E-02     0.27910E-01     0.23092E+02     0.82464E+00     0.83019E+01     0.23098E+02
     0.57649E+00     0.27354E-01     0.95802E+00     0.10676E+01     0.99831E+00     0.18568E+00     0.42229E+01     0.47769E+01    -0.18432E+00     0.13063E+00     0.11370E+00    -0.50757E-02     0.29190E-01     0.22915E+02     0.82015E+00     0.83321E+01     0.22921E+02
     0.59112E+00     0.28053E-01     0.96306E+00     0.10880E+01     0.10185E+01     0.19150E+00     0.43302E+01     0.48893E+01    -0.19395E+00     0.13712E+00     0.11965E+00    -0.53684E-02     0.30507E-01     0.22737E+02     0.81560E+00     0.83629E+01     0.22743E+02
     0.60584E+00     0.28761E-01     0.96842E+00     0.11083E+01     0.10386E+01     0.19745E+00     0.44383E+01     0.50026E+01    -0.20394E+00     0.14384E+00     0.12581E+00    -0.56750E-02     0.31860E-01     0.22557E+02     0.81099E+00     0.83943E+01     0.22564E+02
     0.62064E+00     0.29477E-01     0.97408E+00     0.11286E+01     0.10587E+01     0.20355E+00     0.45472E+01     0.51168E+01    -0.21430E+00     0.15079E+00     0.13218E+00    -0.59958E-02     0.33250E-01     0.22376E+02     0.80631E+00     0.84263E+01     0.22383E+02
     0.63552E+00     0.30202E-01     0.98002E+00     0.11487E+01     0.10786E+01     0.20978E+00     0.46568E+01     0.52318E+01    -0.22502E+00     0.15797E+00     0.13876E+00    -0.63313E-02     0.34675E-01     0.22194E+02     0.80158E+00     0.84589E+01     0.22201E+02
     0.65047E+00     0.30934E-01     0.98621E+00     0.11687E+01     0.10984E+01     0.21615E+00     0.47669E+01     0.53474E+01    -0.23612E+00     0.16538E+00     0.14556E+00    -0.66819E-02     0.36135E-01     0.22011E+02     0.79678E+00     0.84921E+01     0.22018E+02
     0.66550E+00     0.31675E-01     0.99274E+00     0.11886E+01     0.11180E+01     0.22267E+00     0.48776E+01     0.54638E+01    -0.24759E+00     0.17302E+00     0.15257E+00    -0.70481E-02     0.37628E-01     0.21826E+02     0.79191E+00     0.85259E+01     0.21833E+02
     0.68060E+00     0.32423E-01     0.99960E+00     0.12084E+01     0.11375E+01     0.22933E+00     0.49888E+01     0.55807E+01    -0.25944E+00     0.18090E+00     0.15979E+00    -0.74304E-02     0.39156E-01     0.21641E+02     0.78699E+00     0.85604E+01     0.21648E+02
     0.69576E+00     0.33179E-01     0.10068E+01     0.12280E+01     0.11568E+01     0.23614E+00     0.51002E+01     0.56983E+01    -0.27167E+00     0.18902E+00     0.16723E+00    -0.78293E-02     0.40718E-01     0.21454E+02     0.78200E+00     0.85955E+01     0.21461E+02
     0.71099E+00     0.33943E-01     0.10146E+01     0.12474E+01     0.11759E+01     0.24310E+00     0.52120E+01     0.58164E+01    -0.28429E+00     0.19737E+00     0.17489E+00    -0.82455E-02     0.42312E-01     0.21266E+02     0.77695E+00     0.86313E+01     0.21273E+02
     0.72628E+00     0.34713E-01     0.10229E+01     0.12666E+01     0.11948E+01     0.25022E+00     0.53238E+01     0.59349E+01    -0.29729E+00     0.20597E+00     0.18275E+00    -0.86793E-02     0.43939E-01     0.21077E+02     0.77184E+00     0.86677E+01     0.21085E+02
     0.74162E+00     0.35490E-01     0.10317E+01     0.12857E+01     0.12135E+01     0.25747E+00     0.54357E+01     0.60538E+01    -0.31067E+00     0.21480E+00     0.19082E+00    -0.91308E-02     0.45595E-01     0.20887E+02     0.76666E+00     0.87048E+01     0.20895E+02
     0.75702E+00     0.36273E-01     0.10410E+01     0.13044E+01     0.12319E+01     0.26488E+00     0.55476E+01     0.61729E+01    -0.32443E+00     0.22386E+00     0.19909E+00    -0.96004E-02     0.47280E-01     0.20696E+02     0.76143E+00     0.87425E+01     0.20705E+02
     0.77247E+00     0.37060E-01     0.10509E+01     0.13229E+01     0.12500E+01     0.27243E+00     0.56594E+01     0.62920E+01    -0.33855E+00     0.23313E+00     0.20756E+00    -0.10088E-01     0.48989E-01     0.20505E+02     0.75613E+00     0.87809E+01     0.20513E+02
     0.78796E+00     0.37852E-01     0.10613E+01     0.13411E+01     0.12677E+01     0.28011E+00     0.57708E+01     0.64111E+01    -0.35302E+00     0.24262E+00     0.21621E+00    -0.10594E-01     0.50722E-01     0.20312E+02     0.75078E+00     0.88200E+01     0.20321E+02
     0.80350E+00     0.38647E-01     0.10723E+01     0.13590E+01     0.12852E+01     0.28794E+00     0.58819E+01     0.65300E+01    -0.36784E+00     0.25231E+00     0.22504E+00    -0.11119E-01     0.52476E-01     0.20119E+02     0.74537E+00     0.88598E+01     0.20129E+02
     0.81907E+00     0.39445E-01     0.10839E+01     0.13765E+01     0.13022E+01     0.29589E+00     0.59925E+01     0.66485E+01    -0.38299E+00     0.26219E+00     0.23404E+00    -0.11662E-01     0.54248E-01     0.19926E+02     0.73990E+00     0.89002E+01     0.19935E+02
     0.83469E+00     0.40245E-01     0.10961E+01     0.13936E+01     0.13189E+01     0.30398E+00     0.61024E+01     0.67665E+01    -0.39845E+00     0.27226E+00     0.24320E+00    -0.12223E-01     0.56034E-01     0.19731E+02     0.73438E+00     0.89414E+01     0.19742E+02
     0.85033E+00     0.41046E-01     0.11088E+01     0.14103E+01     0.13351E+01     0.31220E+00     0.62114E+01     0.68840E+01    -0.41422E+00     0.28250E+00     0.25250E+00    -0.12803E-01     0.57834E-01     0.19537E+02     0.72880E+00     0.89832E+01     0.19547E+02
     0.86601E+00     0.41848E-01     0.11220E+01     0.14266E+01     0.13509E+01     0.32053E+00     0.63195E+01     0.70008E+01    -0.43027E+00     0.29291E+00     0.26194E+00    -0.13402E-01     0.59644E-01     0.19342E+02     0.72316E+00     0.90257E+01     0.19353E+02
     0.88171E+00     0.42650E-01     0.11358E+01     0.14425E+01     0.13662E+01     0.32899E+00     0.64264E+01     0.71167E+01    -0.44659E+00     0.30346E+00     0.27150E+00    -0.14019E-01     0.61461E-01     0.19146E+02     0.71748E+00     0.90689E+01     0.19158E+02
     0.89744E+00     0.43451E-01     0.11502E+01     0.14579E+01     0.13811E+01     0.33756E+00     0.65319E+01     0.72316E+01    -0.46314E+00     0.31415E+00     0.28116E+00    -0.14654E-01     0.63280E-01     0.18951E+02     0.71174E+00     0.91128E+01     0.18963E+02
     0.91319E+00     0.44248E-01     0.11651E+01     0.14727E+01     0.13953E+01     0.34624E+00     0.66359E+01     0.73451E+01    -0.47990E+00     0.32494E+00     0.29089E+00    -0.15306E-01     0.65097E-01     0.18755E+02     0.70595E+00     0.91574E+01     0.18767E+02
     0.92895E+00     0.45041E-01     0.11805E+01     0.14870E+01     0.14090E+01     0.35500E+00     0.67383E+01     0.74572E+01    -0.49682E+00     0.33581E+00     0.30069E+00    -0.15974E-01     0.66904E-01     0.18559E+02     0.70011E+00     0.92027E+01     0.18572E+02
     0.94473E+00     0.45828E-01     0.11960E+01     0.15007E+01     0.14221E+01     0.36383E+00     0.68389E+01     0.75673E+01    -0.51386E+00     0.34673E+00     0.31051E+00    -0.16657E-01     0.68697E-01     0.18363E+02     0.69423E+00     0.92486E+01     0.18376E+02
     0.96051E+00     0.46607E-01     0.12118E+01     0.15137E+01     0.14346E+01     0.37273E+00     0.69374E+01     0.76754E+01    -0.53098E+00     0.35766E+00     0.32034E+00    -0.17354E-01     0.70469E-01     0.18168E+02     0.68830E+00     0.92953E+01     0.18181E+02
     0.97631E+00     0.47377E-01     0.12278E+01     0.15261E+01     0.14464E+01     0.38168E+00     0.70337E+01     0.77813E+01    -0.54814E+00     0.36858E+00     0.33016E+00    -0.18064E-01     0.72216E-01     0.17972E+02     0.68234E+00     0.93426E+01     0.17986E+02
     0.99210E+00     0.48137E-01     0.12442E+01     0.15377E+01     0.14575E+01     0.39068E+00     0.71276E+01     0.78846E+01    -0.56529E+00     0.37946E+00     0.33992E+00    -0.18786E-01     0.73932E-01     0.17777E+02     0.67633E+00     0.93905E+01     0.17791E+02
     0.10079E+01     0.48884E-01     0.12611E+01     0.15486E+01     0.14679E+01     0.39970E+00     0.72189E+01     0.79853E+01    -0.58240E+00     0.39027E+00     0.34961E+00    -0.19518E-01     0.75611E-01     0.17582E+02     0.67028E+00     0.94392E+01     0.17596E+02
     0.10237E+01     0.49619E-01     0.12782E+01     0.15588E+01     0.14775E+01     0.40874E+00     0.73074E+01     0.80830E+01    -0.59940E+00     0.40099E+00     0.35921E+00    -0.20259E-01     0.77248E-01     0.17387E+02     0.66420E+00     0.94885E+01     0.17402E+02
     0.10395E+01     0.50339E-01     0.12957E+01     0.15682E+01     0.14863E+01     0.41778E+00     0.73931E+01     0.81777E+01    -0.61626E+00     0.41157E+00     0.36867E+00    -0.21007E-01     0.78838E-01     0.17193E+02     0.65808E+00     0.95384E+01     0.17208E+02
     0.10553E+01     0.51044E-01     0.13137E+01     0.15767E+01     0.14944E+01     0.42682E+00     0.74757E+01     0.82691E+01    -0.63294E+00     0.42200E+00     0.37798E+00    -0.21762E-01     0.80377E-01     0.17000E+02     0.65192E+00     0.95890E+01     0.17015E+02
     0.10711E+01     0.51733E-01     0.13321E+01     0.15845E+01     0.15017E+01     0.43585E+00     0.75551E+01     0.83574E+01    -0.64942E+00     0.43226E+00     0.38712E+00    -0.22522E-01     0.81862E-01     0.16807E+02     0.64574E+00     0.96402E+01     0.16823E+02
     0.10868E+01     0.52406E-01     0.13508E+01     0.15915E+01     0.15082E+01     0.44488E+00     0.76312E+01     0.84422E+01    -0.66564E+00     0.44233E+00     0.39606E+00    -0.23287E-01     0.83290E-01     0.16615E+02     0.63952E+00     0.96921E+01     0.16631E+02
     0.11026E+01     0.53062E-01     0.13697E+01     0.15977E+01     0.15139E+01     0.45388E+00     0.77039E+01     0.85237E+01    -0.68159E+00     0.45218E+00     0.40479E+00    -0.24055E-01     0.84657E-01     0.16424E+02     0.63327E+00     0.97446E+01     0.16439E+02
     0.11183E+01     0.53700E-01     0.13888E+01     0.16030E+01     0.15188E+01     0.46286E+00     0.77731E+01     0.86017E+01    -0.69723E+00     0.46181E+00     0.41329E+00    -0.24826E-01     0.85962E-01     0.16233E+02     0.62700E+00     0.97978E+01     0.16249E+02
     0.11340E+01     0.54321E-01     0.14080E+01     0.16076E+01     0.15229E+01     0.47180E+00     0.78385E+01     0.86762E+01    -0.71252E+00     0.47119E+00     0.42153E+00    -0.25598E-01     0.87202E-01     0.16044E+02     0.62071E+00     0.98515E+01     0.16060E+02
     0.11497E+01     0.54923E-01     0.14275E+01     0.16114E+01     0.15261E+01     0.48071E+00     0.79003E+01     0.87471E+01    -0.72744E+00     0.48031E+00     0.42950E+00    -0.26370E-01     0.88374E-01     0.15855E+02     0.61439E+00     0.99059E+01     0.15871E+02
     0.11653E+01     0.55506E-01     0.14469E+01     0.16144E+01     0.15286E+01     0.48956E+00     0.79581E+01     0.88143E+01    -0.74194E+00     0.48913E+00     0.43717E+00    -0.27140E-01     0.89475E-01     0.15668E+02     0.60805E+00     0.99608E+01     0.15683E+02
     0.11809E+01     0.56068E-01     0.14665E+01     0.16166E+01     0.15303E+01     0.49836E+00     0.80121E+01     0.88777E+01    -0.75599E+00     0.49764E+00     0.44452E+00    -0.27907E-01     0.90503E-01     0.15481E+02     0.60170E+00     0.10016E+02     0.15497E+02
     0.11965E+01     0.56610E-01     0.14865E+01     0.16180E+01     0.15311E+01     0.50708E+00     0.80620E+01     0.89372E+01    -0.76954E+00     0.50582E+00     0.45154E+00    -0.28669E-01     0.91454E-01     0.15296E+02     0.59532E+00     0.10072E+02     0.15312E+02
     0.12120E+01     0.57130E-01     0.15069E+01     0.16186E+01     0.15311E+01     0.51571E+00     0.81078E+01     0.89928E+01    -0.78256E+00     0.51363E+00     0.45819E+00    -0.29425E-01     0.92325E-01     0.15112E+02     0.58894E+00     0.10129E+02     0.15127E+02
     0.12275E+01     0.57626E-01     0.15274E+01     0.16183E+01     0.15303E+01     0.52425E+00     0.81496E+01     0.90441E+01    -0.79499E+00     0.52105E+00     0.46445E+00    -0.30171E-01     0.93111E-01     0.14929E+02     0.58254E+00     0.10186E+02     0.14944E+02
     0.12430E+01     0.58097E-01     0.15479E+01     0.16173E+01     0.15287E+01     0.53266E+00     0.81872E+01     0.90911E+01    -0.80679E+00     0.52804E+00     0.47031E+00    -0.30905E-01     0.93808E-01     0.14748E+02     0.57612E+00     0.10244E+02     0.14762E+02
     0.12584E+01     0.58543E-01     0.15683E+01     0.16154E+01     0.15263E+01     0.54094E+00     0.82206E+01     0.91337E+01    -0.81794E+00     0.53459E+00     0.47575E+00    -0.31626E-01     0.94416E-01     0.14568E+02     0.56970E+00     0.10303E+02     0.14582E+02
     0.12737E+01     0.58964E-01     0.15885E+01     0.16126E+01     0.15231E+01     0.54910E+00     0.82498E+01     0.91719E+01    -0.82841E+00     0.54069E+00     0.48076E+00    -0.32334E-01     0.94933E-01     0.14389E+02     0.56327E+00     0.10362E+02     0.14403E+02
     0.12890E+01     0.59360E-01     0.16087E+01     0.16091E+01     0.15190E+01     0.55712E+00     0.82747E+01     0.92059E+01    -0.83819E+00     0.54633E+00     0.48533E+00    -0.33026E-01     0.95361E-01     0.14211E+02     0.55682E+00     0.10421E+02     0.14225E+02
     0.13042E+01     0.59732E-01     0.16289E+01     0.16048E+01     0.15143E+01     0.56500E+00     0.82953E+01     0.92355E+01    -0.84727E+00     0.55152E+00     0.48946E+00    -0.33702E-01     0.95700E-01     0.14035E+02     0.55036E+00     0.10481E+02     0.14048E+02
     0.13194E+01     0.60078E-01     0.16491E+01     0.15998E+01     0.15087E+01     0.57275E+00     0.83116E+01     0.92609E+01    -0.85563E+00     0.55624E+00     0.49313E+00    -0.34362E-01     0.95950E-01     0.13860E+02     0.54389E+00     0.10542E+02     0.13872E+02
     0.13345E+01     0.60399E-01     0.16693E+01     0.15940E+01     0.15024E+01     0.58036E+00     0.83238E+01     0.92822E+01    -0.86328E+00     0.56049E+00     0.49636E+00    -0.35005E-01     0.96112E-01     0.13686E+02     0.53741E+00     0.10603E+02     0.13698E+02
     0.13495E+01     0.60696E-01     0.16899E+01     0.15875E+01     0.14954E+01     0.58783E+00     0.83318E+01     0.92993E+01    -0.87022E+00     0.56429E+00     0.49913E+00    -0.35629E-01     0.96191E-01     0.13514E+02     0.53092E+00     0.10665E+02     0.13525E+02
     0.13645E+01     0.60970E-01     0.17110E+01     0.15804E+01     0.14877E+01     0.59517E+00     0.83357E+01     0.93126E+01    -0.87644E+00     0.56765E+00     0.50145E+00    -0.36237E-01     0.96189E-01     0.13343E+02     0.52442E+00     0.10728E+02     0.13354E+02
     0.13794E+01     0.61221E-01     0.17325E+01     0.15726E+01     0.14794E+01     0.60237E+00     0.83355E+01     0.93220E+01    -0.88197E+00     0.57056E+00     0.50333E+00    -0.36826E-01     0.96108E-01     0.13173E+02     0.51791E+00     0.10791E+02     0.13184E+02
     0.13942E+01     0.61449E-01     0.17544E+01     0.15642E+01     0.14704E+01     0.60945E+00     0.83312E+01     0.93278E+01    -0.88679E+00     0.57304E+00     0.50476E+00    -0.37397E-01     0.95950E-01     0.13004E+02     0.51139E+00     0.10854E+02     0.13015E+02
     0.14089E+01     0.61656E-01     0.17766E+01     0.15552E+01     0.14608E+01     0.61640E+00     0.83230E+01     0.93299E+01    -0.89092E+00     0.57509E+00     0.50576E+00    -0.37950E-01     0.95718E-01     0.12837E+02     0.50486E+00     0.10919E+02     0.12847E+02
     0.14235E+01     0.61839E-01     0.17988E+01     0.15456E+01     0.14506E+01     0.62320E+00     0.83109E+01     0.93282E+01    -0.89434E+00     0.57670E+00     0.50632E+00    -0.38483E-01     0.95410E-01     0.12672E+02     0.49833E+00     0.10984E+02     0.12681E+02
     0.14380E+01     0.61999E-01     0.18209E+01     0.15355E+01     0.14398E+01     0.62984E+00     0.82950E+01     0.93228E+01    -0.89704E+00     0.57786E+00     0.50644E+00    -0.38994E-01     0.95027E-01     0.12507E+02     0.49179E+00     0.11049E+02     0.12516E+02
     0.14525E+01     0.62137E-01     0.18434E+01     0.15248E+01     0.14285E+01     0.63635E+00     0.82753E+01     0.93139E+01    -0.89903E+00     0.57858E+00     0.50614E+00    -0.39484E-01     0.94574E-01     0.12345E+02     0.48524E+00     0.11115E+02     0.12353E+02
     0.14668E+01     0.62253E-01     0.18661E+01     0.15136E+01     0.14166E+01     0.64270E+00     0.82518E+01     0.93015E+01    -0.90034E+00     0.57890E+00     0.50541E+00    -0.39953E-01     0.94054E-01     0.12183E+02     0.47869E+00     0.11182E+02     0.12191E+02
     0.14811E+01     0.62348E-01     0.18889E+01     0.15019E+01     0.14042E+01     0.64892E+00     0.82246E+01     0.92859E+01    -0.90096E+00     0.57880E+00     0.50427E+00    -0.40400E-01     0.93470E-01     0.12023E+02     0.47213E+00     0.11249E+02     0.12030E+02
     0.14952E+01     0.62424E-01     0.19123E+01     0.14897E+01     0.13913E+01     0.65501E+00     0.81937E+01     0.92671E+01    -0.90093E+00     0.57833E+00     0.50272E+00    -0.40829E-01     0.92827E-01     0.11865E+02     0.46556E+00     0.11317E+02     0.11871E+02
     0.15093E+01     0.62479E-01     0.19359E+01     0.14772E+01     0.13780E+01     0.66096E+00     0.81590E+01     0.92453E+01    -0.90025E+00     0.57749E+00     0.50077E+00    -0.41237E-01     0.92127E-01     0.11707E+02     0.45899E+00     0.11386E+02     0.11713E+02
     0.15232E+01     0.62515E-01     0.19598E+01     0.14642E+01     0.13641E+01     0.66677E+00     0.81205E+01     0.92203E+01    -0.89890E+00     0.57625E+00     0.49841E+00    -0.41623E-01     0.91369E-01     0.11552E+02     0.45242E+00     0.11455E+02     0.11556E+02
     0.15370E+01     0.62528E-01     0.19838E+01     0.14508E+01     0.13498E+01     0.67241E+00     0.80784E+01     0.91920E+01    -0.89685E+00     0.57460E+00     0.49564E+00    -0.41983E-01     0.90550E-01     0.11397E+02     0.44584E+00     0.11525E+02     0.11401E+02
     0.15507E+01     0.62517E-01     0.20079E+01     0.14369E+01     0.13350E+01     0.67787E+00     0.80328E+01     0.91600E+01    -0.89406E+00     0.57251E+00     0.49245E+00    -0.42317E-01     0.89666E-01     0.11244E+02     0.43925E+00     0.11596E+02     0.11247E+02
     0.15643E+01     0.62483E-01     0.20321E+01     0.14225E+01     0.13197E+01     0.68313E+00     0.79834E+01     0.91246E+01    -0.89054E+00     0.56998E+00     0.48884E+00    -0.42621E-01     0.88720E-01     0.11092E+02     0.43265E+00     0.11667E+02     0.11094E+02
     0.15778E+01     0.62426E-01     0.20566E+01     0.14077E+01     0.13040E+01     0.68819E+00     0.79305E+01     0.90856E+01    -0.88629E+00     0.56702E+00     0.48481E+00    -0.42898E-01     0.87714E-01     0.10942E+02     0.42604E+00     0.11739E+02     0.10943E+02
     0.15911E+01     0.62345E-01     0.20813E+01     0.13925E+01     0.12878E+01     0.69307E+00     0.78737E+01     0.90434E+01    -0.88134E+00     0.56366E+00     0.48037E+00    -0.43147E-01     0.86653E-01     0.10792E+02     0.41942E+00     0.11812E+02     0.10792E+02
     0.16043E+01     0.62242E-01     0.21059E+01     0.13768E+01     0.12712E+01     0.69776E+00     0.78132E+01     0.89977E+01    -0.87567E+00     0.55988E+00     0.47552E+00    -0.43366E-01     0.85536E-01     0.10644E+02     0.41278E+00     0.11885E+02     0.10643E+02
     0.16174E+01     0.62114E-01     0.21304E+01     0.13607E+01     0.12541E+01     0.70223E+00     0.77491E+01     0.89485E+01    -0.86928E+00     0.55568E+00     0.47027E+00    -0.43555E-01     0.84362E-01     0.10497E+02     0.40613E+00     0.11960E+02     0.10495E+02
     0.16303E+01     0.61962E-01     0.21545E+01     0.13441E+01     0.12366E+01     0.70648E+00     0.76813E+01     0.88957E+01    -0.86215E+00     0.55104E+00     0.46462E+00    -0.43711E-01     0.83131E-01     0.10351E+02     0.39947E+00     0.12035E+02     0.10347E+02
     0.16431E+01     0.61784E-01     0.21785E+01     0.13271E+01     0.12186E+01     0.71050E+00     0.76098E+01     0.88393E+01    -0.85430E+00     0.54598E+00     0.45857E+00    -0.43833E-01     0.81845E-01     0.10206E+02     0.39278E+00     0.12111E+02     0.10201E+02
     0.16558E+01     0.61581E-01     0.22025E+01     0.13098E+01     0.12002E+01     0.71428E+00     0.75347E+01     0.87794E+01    -0.84572E+00     0.54050E+00     0.45213E+00    -0.43922E-01     0.80508E-01     0.10062E+02     0.38608E+00     0.12188E+02     0.10056E+02
     0.16683E+01     0.61354E-01     0.22267E+01     0.12920E+01     0.11815E+01     0.71782E+00     0.74559E+01     0.87161E+01    -0.83645E+00     0.53462E+00     0.44531E+00    -0.43978E-01     0.79123E-01     0.99196E+01     0.37935E+00     0.12266E+02     0.99119E+01
     0.16806E+01     0.61103E-01     0.22509E+01     0.12738E+01     0.11623E+01     0.72114E+00     0.73733E+01     0.86493E+01    -0.82648E+00     0.52835E+00     0.43811E+00    -0.44000E-01     0.77690E-01     0.97778E+01     0.37260E+00     0.12345E+02     0.97685E+01
     0.16928E+01     0.60826E-01     0.22745E+01     0.12552E+01     0.11427E+01     0.72421E+00     0.72868E+01     0.85789E+01    -0.81580E+00     0.52168E+00     0.43054E+00    -0.43987E-01     0.76211E-01     0.96369E+01     0.36582E+00     0.12425E+02     0.96260E+01
     0.17049E+01     0.60522E-01     0.22973E+01     0.12362E+01     0.11226E+01     0.72701E+00     0.71965E+01     0.85049E+01    -0.80442E+00     0.51459E+00     0.42260E+00    -0.43937E-01     0.74683E-01     0.94969E+01     0.35902E+00     0.12506E+02     0.94842E+01
     0.17167E+01     0.60190E-01     0.23195E+01     0.12168E+01     0.11022E+01     0.72952E+00     0.71024E+01     0.84269E+01    -0.79230E+00     0.50708E+00     0.41429E+00    -0.43848E-01     0.73107E-01     0.93578E+01     0.35218E+00     0.12589E+02     0.93430E+01
     0.17285E+01     0.59828E-01     0.23408E+01     0.11969E+01     0.10813E+01     0.73171E+00     0.70043E+01     0.83448E+01    -0.77943E+00     0.49911E+00     0.40561E+00    -0.43715E-01     0.71479E-01     0.92194E+01     0.34530E+00     0.12672E+02     0.92025E+01
     0.17400E+01     0.59434E-01     0.23616E+01     0.11765E+01     0.10600E+01     0.73357E+00     0.69024E+01     0.82584E+01    -0.76580E+00     0.49070E+00     0.39655E+00    -0.43538E-01     0.69801E-01     0.90816E+01     0.33839E+00     0.12757E+02     0.90625E+01
     0.17514E+01     0.59008E-01     0.23817E+01     0.11557E+01     0.10382E+01     0.73507E+00     0.67966E+01     0.81676E+01    -0.75140E+00     0.48182E+00     0.38712E+00    -0.43315E-01     0.68073E-01     0.89445E+01     0.33143E+00     0.12843E+02     0.89229E+01
     0.17626E+01     0.58549E-01     0.24010E+01     0.11343E+01     0.10160E+01     0.73620E+00     0.66867E+01     0.80725E+01    -0.73626E+00     0.47250E+00     0.37734E+00    -0.43044E-01     0.66297E-01     0.88078E+01     0.32441E+00     0.12930E+02     0.87837E+01
     0.17737E+01     0.58057E-01     0.24195E+01     0.11125E+01     0.99329E+00     0.73696E+00     0.65728E+01     0.79728E+01    -0.72037E+00     0.46275E+00     0.36721E+00    -0.42727E-01     0.64476E-01     0.86715E+01     0.31734E+00     0.13020E+02     0.86447E+01
     0.17845E+01     0.57531E-01     0.24371E+01     0.10902E+01     0.97018E+00     0.73733E+00     0.64546E+01     0.78686E+01    -0.70375E+00     0.45256E+00     0.35673E+00    -0.42362E-01     0.62611E-01     0.85355E+01     0.31020E+00     0.13111E+02     0.85059E+01
     0.17952E+01     0.56968E-01     0.24534E+01     0.10674E+01     0.94660E+00     0.73729E+00     0.63321E+01     0.77597E+01    -0.68641E+00     0.44193E+00     0.34593E+00    -0.41946E-01     0.60704E-01     0.83997E+01     0.30298E+00     0.13203E+02     0.83670E+01
     0.18057E+01     0.56369E-01     0.24680E+01     0.10441E+01     0.92256E+00     0.73681E+00     0.62052E+01     0.76458E+01    -0.66833E+00     0.43086E+00     0.33480E+00    -0.41478E-01     0.58752E-01     0.82640E+01     0.29569E+00     0.13298E+02     0.82281E+01
     0.18160E+01     0.55728E-01     0.24807E+01     0.10201E+01     0.89803E+00     0.73584E+00     0.60737E+01     0.75265E+01    -0.64950E+00     0.41932E+00     0.32335E+00    -0.40953E-01     0.56756E-01     0.81282E+01     0.28830E+00     0.13395E+02     0.80891E+01
     0.18261E+01     0.55043E-01     0.24912E+01     0.99563E+00     0.87300E+00     0.73433E+00     0.59377E+01     0.74016E+01    -0.62989E+00     0.40730E+00     0.31158E+00    -0.40368E-01     0.54712E-01     0.79921E+01     0.28081E+00     0.13494E+02     0.79497E+01
     0.18360E+01     0.54311E-01     0.24993E+01     0.97045E+00     0.84744E+00     0.73222E+00     0.57969E+01     0.72704E+01    -0.60950E+00     0.39476E+00     0.29949E+00    -0.39717E-01     0.52620E-01     0.78557E+01     0.27321E+00     0.13596E+02     0.78098E+01
     0.18457E+01     0.53527E-01     0.25045E+01     0.94457E+00     0.82134E+00     0.72945E+00     0.56513E+01     0.71326E+01    -0.58829E+00     0.38168E+00     0.28709E+00    -0.38996E-01     0.50479E-01     0.77188E+01     0.26548E+00     0.13701E+02     0.76694E+01
     0.18552E+01     0.52686E-01     0.25066E+01     0.91792E+00     0.79467E+00     0.72594E+00     0.55007E+01     0.69876E+01    -0.56625E+00     0.36805E+00     0.27437E+00    -0.38200E-01     0.48286E-01     0.75812E+01     0.25761E+00     0.13809E+02     0.75284E+01
     0.18645E+01     0.51785E-01     0.25054E+01     0.89046E+00     0.76741E+00     0.72160E+00     0.53449E+01     0.68348E+01    -0.54337E+00     0.35385E+00     0.26135E+00    -0.37323E-01     0.46042E-01     0.74427E+01     0.24959E+00     0.13920E+02     0.73865E+01
     0.18736E+01     0.50817E-01     0.25007E+01     0.86213E+00     0.73953E+00     0.71636E+00     0.51838E+01     0.66736E+01    -0.51962E+00     0.33905E+00     0.24802E+00    -0.36360E-01     0.43745E-01     0.73031E+01     0.24139E+00     0.14035E+02     0.72438E+01
     0.18825E+01     0.49775E-01     0.24921E+01     0.83283E+00     0.71100E+00     0.71009E+00     0.50173E+01     0.65033E+01    -0.49500E+00     0.32362E+00     0.23440E+00    -0.35304E-01     0.41394E-01     0.71622E+01     0.23300E+00     0.14154E+02     0.71000E+01
     0.18912E+01     0.48652E-01     0.24789E+01     0.80247E+00     0.68178E+00     0.70264E+00     0.48453E+01     0.63227E+01    -0.46947E+00     0.30754E+00     0.22050E+00    -0.34147E-01     0.38986E-01     0.70199E+01     0.22440E+00     0.14278E+02     0.69552E+01
     0.18996E+01     0.47437E-01     0.24606E+01     0.77094E+00     0.65185E+00     0.69385E+00     0.46678E+01     0.61308E+01    -0.44301E+00     0.29075E+00     0.20632E+00    -0.32878E-01     0.36521E-01     0.68757E+01     0.21556E+00     0.14407E+02     0.68091E+01
     0.19078E+01     0.46118E-01     0.24362E+01     0.73810E+00     0.62117E+00     0.68350E+00     0.44850E+01     0.59262E+01    -0.41562E+00     0.27324E+00     0.19189E+00    -0.31488E-01     0.33994E-01     0.67296E+01     0.20646E+00     0.14541E+02     0.66619E+01
     0.19158E+01     0.44682E-01     0.24047E+01     0.70382E+00     0.58972E+00     0.67136E+00     0.42970E+01     0.57075E+01    -0.38729E+00     0.25496E+00     0.17724E+00    -0.29967E-01     0.31408E-01     0.65812E+01     0.19707E+00     0.14682E+02     0.65135E+01
     0.19236E+01     0.43115E-01     0.23651E+01     0.66793E+00     0.55749E+00     0.65712E+00     0.41042E+01     0.54728E+01    -0.35805E+00     0.23591E+00     0.16241E+00    -0.28304E-01     0.28763E-01     0.64304E+01     0.18736E+00     0.14829E+02     0.63639E+01
     0.19311E+01     0.41400E-01     0.23165E+01     0.63031E+00     0.52446E+00     0.64048E+00     0.39072E+01     0.52207E+01    -0.32795E+00     0.21609E+00     0.14746E+00    -0.26491E-01     0.26065E-01     0.62767E+01     0.17730E+00     0.14984E+02     0.62131E+01
     0.19384E+01     0.39520E-01     0.22577E+01     0.59081E+00     0.49066E+00     0.62106E+00     0.37068E+01     0.49492E+01    -0.29709E+00     0.19555E+00     0.13247E+00    -0.24522E-01     0.23323E-01     0.61200E+01     0.16685E+00     0.15148E+02     0.60613E+01
     0.19455E+01     0.37455E-01     0.21868E+01     0.54926E+00     0.45613E+00     0.59843E+00     0.35041E+01     0.46563E+01    -0.26562E+00     0.17436E+00     0.11753E+00    -0.22395E-01     0.20551E-01     0.59598E+01     0.15596E+00     0.15321E+02     0.59088E+01
     0.19523E+01     0.35177E-01     0.21007E+01     0.50544E+00     0.42092E+00     0.57201E+00     0.33006E+01     0.43391E+01    -0.23374E+00     0.15261E+00     0.10278E+00    -0.20106E-01     0.17763E-01     0.57956E+01     0.14457E+00     0.15505E+02     0.57557E+01
     0.19589E+01     0.32655E-01     0.19945E+01     0.45906E+00     0.38514E+00     0.54108E+00     0.30985E+01     0.39943E+01    -0.20168E+00     0.13040E+00     0.88397E-01    -0.17655E-01     0.14977E-01     0.56267E+01     0.13259E+00     0.15703E+02     0.56025E+01
     0.19652E+01     0.29840E-01     0.18613E+01     0.40971E+00     0.34894E+00     0.50462E+00     0.29009E+01     0.36169E+01    -0.16976E+00     0.10790E+00     0.74578E-01    -0.15047E-01     0.12216E-01     0.54519E+01     0.11991E+00     0.15916E+02     0.54497E+01
     0.19713E+01     0.26674E-01     0.16938E+01     0.35688E+00     0.31258E+00     0.46130E+00     0.27117E+01     0.32008E+01    -0.13839E+00     0.85360E-01     0.61552E-01    -0.12296E-01     0.95130E-02     0.52698E+01     0.10636E+00     0.16149E+02     0.52982E+01
     0.19771E+01     0.23087E-01     0.14916E+01     0.30008E+00     0.27640E+00     0.40940E+00     0.25370E+01     0.27393E+01    -0.10807E+00     0.63226E-01     0.49517E-01    -0.94454E-02     0.69241E-02     0.50782E+01     0.91717E-01     0.16407E+02     0.51491E+01
     0.19826E+01     0.19010E-01     0.12841E+01     0.23908E+00     0.24090E+00     0.34693E+00     0.23865E+01     0.22265E+01    -0.79452E-01     0.42313E-01     0.38546E-01    -0.65903E-02     0.45429E-02     0.48744E+01     0.75656E-01     0.16698E+02     0.50041E+01
     0.19879E+01     0.14388E-01     0.11816E+01     0.17418E+00     0.20671E+00     0.27155E+00     0.22761E+01     0.16600E+01    -0.53180E-01     0.23874E-01     0.28405E-01    -0.39036E-02     0.25054E-02     0.46546E+01     0.57725E-01     0.17032E+02     0.48652E+01
     0.19929E+01     0.91748E-02     0.13812E+01     0.10623E+00     0.17474E+00     0.18029E+00     0.22356E+01     0.10402E+01    -0.29803E-01     0.95343E-02     0.18431E-01    -0.16513E-02     0.97451E-03     0.44138E+01     0.37290E-01     0.17426E+02     0.47355E+01
     0.19977E+01     0.32729E-02     0.19439E+01     0.35963E-01     0.14379E+00     0.68169E-01     0.22770E+01     0.36511E+00    -0.91722E-02     0.11865E-02     0.69382E-02    -0.22047E-03     0.11770E-03     0.41459E+01     0.13487E-01     0.17905E+02     0.46119E+01
