     0.23093E-02     0.15742E-07    -0.89394E-03     0.23093E-01     0.55418E-01    -0.60750E-05    -0.42785E-05
     0.70633E-02     0.26950E-06    -0.77238E-03     0.23212E-01     0.55303E-01    -0.58461E-04    -0.14737E-04
     0.12087E-01     0.12958E-05    -0.66348E-03     0.23319E-01     0.55202E-01    -0.17254E-03    -0.28150E-04
     0.17376E-01     0.37178E-05    -0.56670E-03     0.23413E-01     0.55114E-01    -0.35370E-03    -0.45049E-04
     0.22928E-01     0.80032E-05    -0.48121E-03     0.23495E-01     0.55039E-01    -0.59708E-03    -0.65612E-04
     0.28739E-01     0.14276E-04    -0.40627E-03     0.23563E-01     0.54977E-01    -0.88518E-03    -0.89559E-04
     0.34807E-01     0.22281E-04    -0.34124E-03     0.23620E-01     0.54925E-01    -0.11913E-02    -0.11610E-03
     0.41127E-01     0.31503E-04    -0.28560E-03     0.23667E-01     0.54884E-01    -0.14872E-02    -0.14407E-03
     0.47696E-01     0.41357E-04    -0.23877E-03     0.23704E-01     0.54851E-01    -0.17503E-02    -0.17212E-03
     0.54512E-01     0.51358E-04    -0.20007E-03     0.23733E-01     0.54826E-01    -0.19675E-02    -0.19895E-03
     0.61570E-01     0.61208E-04    -0.16865E-03     0.23754E-01     0.54808E-01    -0.21352E-02    -0.22355E-03
     0.68868E-01     0.70811E-04    -0.14354E-03     0.23770E-01     0.54795E-01    -0.22563E-02    -0.24524E-03
     0.76401E-01     0.80220E-04    -0.12372E-03     0.23780E-01     0.54787E-01    -0.23376E-02    -0.26374E-03
     0.84168E-01     0.89574E-04    -0.10821E-03     0.23787E-01     0.54783E-01    -0.23866E-02    -0.27902E-03
     0.92164E-01     0.99038E-04    -0.96134E-04     0.23789E-01     0.54782E-01    -0.24105E-02    -0.29130E-03
     0.10039E+00     0.10876E-03    -0.86725E-04     0.23789E-01     0.54783E-01    -0.24152E-02    -0.30088E-03
     0.10883E+00     0.11884E-03    -0.79367E-04     0.23786E-01     0.54787E-01    -0.24054E-02    -0.30816E-03
     0.11749E+00     0.12934E-03    -0.73574E-04     0.23781E-01     0.54793E-01    -0.23848E-02    -0.31357E-03
     0.12637E+00     0.14026E-03    -0.68976E-04     0.23775E-01     0.54800E-01    -0.23561E-02    -0.31752E-03
     0.13547E+00     0.15158E-03    -0.65295E-04     0.23767E-01     0.54808E-01    -0.23216E-02    -0.32036E-03
     0.14477E+00     0.16322E-03    -0.62327E-04     0.23758E-01     0.54817E-01    -0.22831E-02    -0.32233E-03
     0.15428E+00     0.17512E-03    -0.59919E-04     0.23749E-01     0.54827E-01    -0.22419E-02    -0.32362E-03
     0.16399E+00     0.18720E-03    -0.57956E-04     0.23739E-01     0.54838E-01    -0.21994E-02    -0.32435E-03
     0.17390E+00     0.19937E-03    -0.56354E-04     0.23728E-01     0.54848E-01    -0.21566E-02    -0.32462E-03
     0.18401E+00     0.21155E-03    -0.55047E-04     0.23717E-01     0.54859E-01    -0.21144E-02    -0.32452E-03
     0.19431E+00     0.22365E-03    -0.53990E-04     0.23706E-01     0.54871E-01    -0.20731E-02    -0.32408E-03
     0.20480E+00     0.23559E-03    -0.53146E-04     0.23695E-01     0.54882E-01    -0.20330E-02    -0.32336E-03
     0.21547E+00     0.24731E-03    -0.52480E-04     0.23684E-01     0.54893E-01    -0.19941E-02    -0.32240E-03
     0.22633E+00     0.25875E-03    -0.51965E-04     0.23673E-01     0.54904E-01    -0.19565E-02    -0.32124E-03
     0.23737E+00     0.26986E-03    -0.51576E-04     0.23662E-01     0.54914E-01    -0.19203E-02    -0.31993E-03
     0.24859E+00     0.28060E-03    -0.51288E-04     0.23651E-01     0.54925E-01    -0.18856E-02    -0.31850E-03
     0.25997E+00     0.29094E-03    -0.51083E-04     0.23641E-01     0.54935E-01    -0.18526E-02    -0.31699E-03
     0.27153E+00     0.30088E-03    -0.50951E-04     0.23631E-01     0.54944E-01    -0.18213E-02    -0.31538E-03
     0.28325E+00     0.31039E-03    -0.50884E-04     0.23621E-01     0.54954E-01    -0.17914E-02    -0.31371E-03
     0.29514E+00     0.31946E-03    -0.50888E-04     0.23612E-01     0.54963E-01    -0.17627E-02    -0.31203E-03
     0.30719E+00     0.32809E-03    -0.50951E-04     0.23603E-01     0.54971E-01    -0.17348E-02    -0.31043E-03
     0.31939E+00     0.33632E-03    -0.51046E-04     0.23595E-01     0.54979E-01    -0.17077E-02    -0.30896E-03
     0.33174E+00     0.34417E-03    -0.51160E-04     0.23587E-01     0.54987E-01    -0.16812E-02    -0.30765E-03
     0.34425E+00     0.35164E-03    -0.51299E-04     0.23579E-01     0.54995E-01    -0.16553E-02    -0.30651E-03
     0.35690E+00     0.35871E-03    -0.51464E-04     0.23572E-01     0.55002E-01    -0.16292E-02    -0.30550E-03
     0.36969E+00     0.36539E-03    -0.51645E-04     0.23565E-01     0.55008E-01    -0.16031E-02    -0.30459E-03
     0.38262E+00     0.37169E-03    -0.51844E-04     0.23558E-01     0.55015E-01    -0.15768E-02    -0.30373E-03
     0.39569E+00     0.37763E-03    -0.52061E-04     0.23552E-01     0.55021E-01    -0.15503E-02    -0.30296E-03
     0.40890E+00     0.38323E-03    -0.52288E-04     0.23546E-01     0.55026E-01    -0.15238E-02    -0.30236E-03
     0.42223E+00     0.38854E-03    -0.52513E-04     0.23541E-01     0.55032E-01    -0.14971E-02    -0.30199E-03
     0.43569E+00     0.39358E-03    -0.52734E-04     0.23535E-01     0.55037E-01    -0.14701E-02    -0.30181E-03
     0.44927E+00     0.39834E-03    -0.52963E-04     0.23530E-01     0.55042E-01    -0.14428E-02    -0.30167E-03
     0.46297E+00     0.40284E-03    -0.53214E-04     0.23525E-01     0.55047E-01    -0.14152E-02    -0.30135E-03
     0.47679E+00     0.40707E-03    -0.53477E-04     0.23521E-01     0.55051E-01    -0.13871E-02    -0.30064E-03
     0.49072E+00     0.41110E-03    -0.53737E-04     0.23516E-01     0.55055E-01    -0.13582E-02    -0.29933E-03
     0.50476E+00     0.41495E-03    -0.54001E-04     0.23512E-01     0.55059E-01    -0.13285E-02    -0.29730E-03
     0.51891E+00     0.41862E-03    -0.54280E-04     0.23508E-01     0.55063E-01    -0.12979E-02    -0.29458E-03
     0.53316E+00     0.42213E-03    -0.54573E-04     0.23504E-01     0.55067E-01    -0.12662E-02    -0.29138E-03
     0.54751E+00     0.42550E-03    -0.54874E-04     0.23500E-01     0.55071E-01    -0.12333E-02    -0.28795E-03
     0.56196E+00     0.42877E-03    -0.55184E-04     0.23496E-01     0.55075E-01    -0.11995E-02    -0.28448E-03
     0.57649E+00     0.43196E-03    -0.55511E-04     0.23492E-01     0.55078E-01    -0.11648E-02    -0.28105E-03
     0.59112E+00     0.43509E-03    -0.55862E-04     0.23489E-01     0.55082E-01    -0.11294E-02    -0.27755E-03
     0.60584E+00     0.43820E-03    -0.56238E-04     0.23485E-01     0.55085E-01    -0.10933E-02    -0.27381E-03
     0.62064E+00     0.44133E-03    -0.56627E-04     0.23482E-01     0.55089E-01    -0.10559E-02    -0.26965E-03
     0.63552E+00     0.44453E-03    -0.57015E-04     0.23478E-01     0.55093E-01    -0.10172E-02    -0.26486E-03
     0.65047E+00     0.44782E-03    -0.57401E-04     0.23474E-01     0.55096E-01    -0.97696E-03    -0.25926E-03
     0.66550E+00     0.45121E-03    -0.57789E-04     0.23470E-01     0.55100E-01    -0.93526E-03    -0.25269E-03
     0.68060E+00     0.45472E-03    -0.58175E-04     0.23466E-01     0.55104E-01    -0.89193E-03    -0.24504E-03
     0.69576E+00     0.45836E-03    -0.58562E-04     0.23462E-01     0.55109E-01    -0.84672E-03    -0.23624E-03
     0.71099E+00     0.46217E-03    -0.58963E-04     0.23458E-01     0.55113E-01    -0.79946E-03    -0.22624E-03
     0.72628E+00     0.46615E-03    -0.59374E-04     0.23453E-01     0.55117E-01    -0.75001E-03    -0.21501E-03
     0.74162E+00     0.47034E-03    -0.59790E-04     0.23448E-01     0.55122E-01    -0.69826E-03    -0.20244E-03
     0.75702E+00     0.47475E-03    -0.60216E-04     0.23443E-01     0.55127E-01    -0.64407E-03    -0.18848E-03
     0.77247E+00     0.47944E-03    -0.60645E-04     0.23438E-01     0.55133E-01    -0.58742E-03    -0.17321E-03
     0.78796E+00     0.48444E-03    -0.61083E-04     0.23432E-01     0.55138E-01    -0.52834E-03    -0.15682E-03
     0.80350E+00     0.48975E-03    -0.61534E-04     0.23426E-01     0.55144E-01    -0.46677E-03    -0.13953E-03
     0.81907E+00     0.49535E-03    -0.61985E-04     0.23420E-01     0.55150E-01    -0.40275E-03    -0.12156E-03
     0.83469E+00     0.50127E-03    -0.62430E-04     0.23414E-01     0.55157E-01    -0.33639E-03    -0.10311E-03
     0.85033E+00     0.50750E-03    -0.62878E-04     0.23407E-01     0.55164E-01    -0.26762E-03    -0.84185E-04
     0.86601E+00     0.51405E-03    -0.63336E-04     0.23400E-01     0.55171E-01    -0.19640E-03    -0.64563E-04
     0.88171E+00     0.52096E-03    -0.63795E-04     0.23392E-01     0.55179E-01    -0.12285E-03    -0.44085E-04
     0.89744E+00     0.52826E-03    -0.64253E-04     0.23384E-01     0.55187E-01    -0.47231E-04    -0.22832E-04
     0.91319E+00     0.53593E-03    -0.64719E-04     0.23376E-01     0.55195E-01     0.30306E-04    -0.11185E-05
     0.92895E+00     0.54399E-03    -0.65200E-04     0.23367E-01     0.55204E-01     0.10979E-03     0.20691E-04
     0.94473E+00     0.55242E-03    -0.65696E-04     0.23358E-01     0.55213E-01     0.19126E-03     0.42383E-04
     0.96051E+00     0.56126E-03    -0.66208E-04     0.23348E-01     0.55223E-01     0.27468E-03     0.63932E-04
     0.97631E+00     0.57053E-03    -0.66743E-04     0.23338E-01     0.55233E-01     0.36008E-03     0.85389E-04
     0.99210E+00     0.58026E-03    -0.67283E-04     0.23328E-01     0.55243E-01     0.44761E-03     0.10679E-03
     0.10079E+01     0.59047E-03    -0.67816E-04     0.23317E-01     0.55254E-01     0.53720E-03     0.12818E-03
     0.10237E+01     0.60114E-03    -0.68342E-04     0.23306E-01     0.55265E-01     0.62863E-03     0.14968E-03
     0.10395E+01     0.61226E-03    -0.68849E-04     0.23294E-01     0.55277E-01     0.72164E-03     0.17138E-03
     0.10553E+01     0.62377E-03    -0.69337E-04     0.23282E-01     0.55289E-01     0.81568E-03     0.19321E-03
     0.10711E+01     0.63560E-03    -0.69817E-04     0.23270E-01     0.55301E-01     0.91022E-03     0.21496E-03
     0.10868E+01     0.64772E-03    -0.70308E-04     0.23257E-01     0.55314E-01     0.10048E-02     0.23646E-03
     0.11026E+01     0.66015E-03    -0.70807E-04     0.23244E-01     0.55327E-01     0.10994E-02     0.25761E-03
     0.11183E+01     0.67287E-03    -0.71304E-04     0.23230E-01     0.55341E-01     0.11937E-02     0.27832E-03
     0.11340E+01     0.68587E-03    -0.71814E-04     0.23216E-01     0.55355E-01     0.12878E-02     0.29859E-03
     0.11497E+01     0.69913E-03    -0.72365E-04     0.23202E-01     0.55369E-01     0.13814E-02     0.31855E-03
     0.11653E+01     0.71269E-03    -0.72957E-04     0.23188E-01     0.55383E-01     0.14749E-02     0.33830E-03
     0.11809E+01     0.72655E-03    -0.73546E-04     0.23173E-01     0.55397E-01     0.15684E-02     0.35789E-03
     0.11965E+01     0.74061E-03    -0.74110E-04     0.23159E-01     0.55412E-01     0.16618E-02     0.37738E-03
     0.12120E+01     0.75477E-03    -0.74680E-04     0.23144E-01     0.55427E-01     0.17545E-02     0.39679E-03
     0.12275E+01     0.76899E-03    -0.75276E-04     0.23128E-01     0.55442E-01     0.18467E-02     0.41607E-03
     0.12430E+01     0.78327E-03    -0.75897E-04     0.23113E-01     0.55457E-01     0.19382E-02     0.43515E-03
     0.12584E+01     0.79766E-03    -0.76532E-04     0.23098E-01     0.55472E-01     0.20296E-02     0.45396E-03
     0.12737E+01     0.81221E-03    -0.77164E-04     0.23082E-01     0.55487E-01     0.21213E-02     0.47231E-03
     0.12890E+01     0.82691E-03    -0.77789E-04     0.23067E-01     0.55503E-01     0.22137E-02     0.49001E-03
     0.13042E+01     0.84173E-03    -0.78406E-04     0.23051E-01     0.55518E-01     0.23069E-02     0.50695E-03
     0.13194E+01     0.85662E-03    -0.79011E-04     0.23036E-01     0.55534E-01     0.24011E-02     0.52326E-03
     0.13345E+01     0.87154E-03    -0.79621E-04     0.23020E-01     0.55549E-01     0.24963E-02     0.53913E-03
     0.13495E+01     0.88643E-03    -0.80256E-04     0.23005E-01     0.55564E-01     0.25925E-02     0.55468E-03
     0.13645E+01     0.90124E-03    -0.80914E-04     0.22989E-01     0.55579E-01     0.26897E-02     0.56986E-03
     0.13794E+01     0.91590E-03    -0.81559E-04     0.22974E-01     0.55594E-01     0.27873E-02     0.58446E-03
     0.13942E+01     0.93026E-03    -0.82155E-04     0.22959E-01     0.55608E-01     0.28855E-02     0.59834E-03
     0.14089E+01     0.94411E-03    -0.82730E-04     0.22945E-01     0.55623E-01     0.29845E-02     0.61139E-03
     0.14235E+01     0.95738E-03    -0.83322E-04     0.22931E-01     0.55637E-01     0.30841E-02     0.62356E-03
     0.14380E+01     0.97008E-03    -0.83939E-04     0.22917E-01     0.55650E-01     0.31840E-02     0.63493E-03
     0.14525E+01     0.98223E-03    -0.84606E-04     0.22903E-01     0.55663E-01     0.32842E-02     0.64553E-03
     0.14668E+01     0.99385E-03    -0.85337E-04     0.22891E-01     0.55675E-01     0.33845E-02     0.65530E-03
     0.14811E+01     0.10050E-02    -0.86101E-04     0.22878E-01     0.55687E-01     0.34851E-02     0.66406E-03
     0.14952E+01     0.10155E-02    -0.86859E-04     0.22867E-01     0.55698E-01     0.35864E-02     0.67168E-03
     0.15093E+01     0.10255E-02    -0.87614E-04     0.22856E-01     0.55709E-01     0.36884E-02     0.67818E-03
     0.15232E+01     0.10346E-02    -0.88399E-04     0.22846E-01     0.55718E-01     0.37909E-02     0.68375E-03
     0.15370E+01     0.10430E-02    -0.89246E-04     0.22836E-01     0.55727E-01     0.38933E-02     0.68862E-03
     0.15507E+01     0.10507E-02    -0.90152E-04     0.22828E-01     0.55735E-01     0.39957E-02     0.69296E-03
     0.15643E+01     0.10577E-02    -0.91059E-04     0.22820E-01     0.55742E-01     0.40988E-02     0.69691E-03
     0.15778E+01     0.10639E-02    -0.91937E-04     0.22813E-01     0.55749E-01     0.42031E-02     0.70069E-03
     0.15911E+01     0.10691E-02    -0.92816E-04     0.22808E-01     0.55754E-01     0.43089E-02     0.70439E-03
     0.16043E+01     0.10732E-02    -0.93702E-04     0.22803E-01     0.55758E-01     0.44172E-02     0.70795E-03
     0.16174E+01     0.10763E-02    -0.94581E-04     0.22799E-01     0.55761E-01     0.45288E-02     0.71121E-03
     0.16303E+01     0.10783E-02    -0.95464E-04     0.22796E-01     0.55763E-01     0.46440E-02     0.71411E-03
     0.16431E+01     0.10789E-02    -0.96389E-04     0.22795E-01     0.55764E-01     0.47629E-02     0.71677E-03
     0.16558E+01     0.10782E-02    -0.97378E-04     0.22794E-01     0.55764E-01     0.48853E-02     0.71935E-03
     0.16683E+01     0.10760E-02    -0.98458E-04     0.22795E-01     0.55762E-01     0.50116E-02     0.72199E-03
     0.16806E+01     0.10725E-02    -0.99640E-04     0.22798E-01     0.55759E-01     0.51436E-02     0.72463E-03
     0.16928E+01     0.10676E-02    -0.10095E-03     0.22801E-01     0.55755E-01     0.52826E-02     0.72715E-03
     0.17049E+01     0.10612E-02    -0.10243E-03     0.22806E-01     0.55749E-01     0.54290E-02     0.72932E-03
     0.17167E+01     0.10533E-02    -0.10406E-03     0.22813E-01     0.55742E-01     0.55833E-02     0.73103E-03
     0.17285E+01     0.10439E-02    -0.10588E-03     0.22820E-01     0.55734E-01     0.57466E-02     0.73251E-03
     0.17400E+01     0.10329E-02    -0.10793E-03     0.22829E-01     0.55724E-01     0.59214E-02     0.73406E-03
     0.17514E+01     0.10206E-02    -0.11019E-03     0.22839E-01     0.55713E-01     0.61103E-02     0.73591E-03
     0.17626E+01     0.10069E-02    -0.11270E-03     0.22851E-01     0.55702E-01     0.63141E-02     0.73810E-03
     0.17737E+01     0.99175E-03    -0.11553E-03     0.22863E-01     0.55689E-01     0.65328E-02     0.74081E-03
     0.17845E+01     0.97525E-03    -0.11873E-03     0.22876E-01     0.55675E-01     0.67675E-02     0.74429E-03
     0.17952E+01     0.95740E-03    -0.12239E-03     0.22891E-01     0.55660E-01     0.70208E-02     0.74874E-03
     0.18057E+01     0.93827E-03    -0.12662E-03     0.22906E-01     0.55645E-01     0.72945E-02     0.75423E-03
     0.18160E+01     0.91795E-03    -0.13155E-03     0.22921E-01     0.55629E-01     0.75901E-02     0.76067E-03
     0.18261E+01     0.89653E-03    -0.13733E-03     0.22937E-01     0.55614E-01     0.79090E-02     0.76777E-03
     0.18360E+01     0.87408E-03    -0.14417E-03     0.22952E-01     0.55598E-01     0.82525E-02     0.77513E-03
     0.18457E+01     0.85065E-03    -0.15232E-03     0.22968E-01     0.55583E-01     0.86208E-02     0.78247E-03
     0.18552E+01     0.82631E-03    -0.16210E-03     0.22982E-01     0.55569E-01     0.90134E-02     0.78964E-03
     0.18645E+01     0.80120E-03    -0.17387E-03     0.22995E-01     0.55556E-01     0.94285E-02     0.79649E-03
     0.18736E+01     0.77536E-03    -0.18814E-03     0.23007E-01     0.55546E-01     0.98634E-02     0.80279E-03
     0.18825E+01     0.74875E-03    -0.20555E-03     0.23016E-01     0.55538E-01     0.10313E-01     0.80813E-03
     0.18912E+01     0.72120E-03    -0.22700E-03     0.23022E-01     0.55534E-01     0.10771E-01     0.81191E-03
     0.18996E+01     0.69236E-03    -0.25368E-03     0.23024E-01     0.55534E-01     0.11224E-01     0.81316E-03
     0.19078E+01     0.66170E-03    -0.28712E-03     0.23022E-01     0.55539E-01     0.11656E-01     0.81062E-03
     0.19158E+01     0.62851E-03    -0.32925E-03     0.23012E-01     0.55552E-01     0.12042E-01     0.80280E-03
     0.19236E+01     0.59181E-03    -0.38254E-03     0.22996E-01     0.55573E-01     0.12348E-01     0.78807E-03
     0.19311E+01     0.55033E-03    -0.44994E-03     0.22970E-01     0.55604E-01     0.12527E-01     0.76479E-03
     0.19384E+01     0.50267E-03    -0.53485E-03     0.22932E-01     0.55648E-01     0.12521E-01     0.73143E-03
     0.19455E+01     0.44759E-03    -0.64079E-03     0.22881E-01     0.55706E-01     0.12257E-01     0.68683E-03
     0.19523E+01     0.38449E-03    -0.77086E-03     0.22814E-01     0.55782E-01     0.11656E-01     0.63032E-03
     0.19589E+01     0.31424E-03    -0.92695E-03     0.22728E-01     0.55878E-01     0.10651E-01     0.56211E-03
     0.19652E+01     0.23982E-03    -0.11089E-02     0.22620E-01     0.55997E-01     0.92178E-02     0.48348E-03
     0.19713E+01     0.16655E-03    -0.13142E-02     0.22488E-01     0.56142E-01     0.74098E-02     0.39719E-03
     0.19771E+01     0.10142E-03    -0.15382E-02     0.22329E-01     0.56315E-01     0.53881E-02     0.30766E-03
     0.19826E+01     0.51100E-04    -0.17760E-02     0.22142E-01     0.56517E-01     0.34077E-02     0.22052E-03
     0.19879E+01     0.19214E-04    -0.20250E-02     0.21924E-01     0.56750E-01     0.17484E-02     0.14146E-03
     0.19929E+01     0.42806E-05    -0.22872E-02     0.21679E-01     0.57012E-01     0.61288E-03     0.74759E-04
     0.19977E+01     0.26920E-06    -0.25679E-02     0.21401E-01     0.57304E-01     0.65154E-04     0.21398E-04
