     0.23093E-02     0.41838E-07     0.14153E-04     0.23152E-01     0.99210E+00     0.43307E-04     0.31172E+01     0.30476E+02     0.75258E+00     0.26334E+02     0.19818E+02     0.22935E+02     0.25979E+01     0.31185E-05    -0.68635E-04     0.37594E-08     0.15811E-04     0.66493E-04    -0.12137E-06     0.60190E+00
     0.70633E-02     0.39898E-06     0.43757E-04     0.71332E-01     0.97727E+00     0.43230E-04     0.26384E+01     0.29757E+02     0.76118E+00     0.26291E+02     0.20012E+02     0.22650E+02     0.26113E+01     0.31819E-05    -0.69250E-04     0.27951E-06     0.12837E-03     0.63213E-03    -0.37483E-05     0.60550E+00
     0.12087E-01     0.14823E-05     0.75173E-04     0.12187E+00     0.96378E+00     0.42283E-04     0.22057E+01     0.29114E+02     0.76912E+00     0.26246E+02     0.20186E+02     0.22392E+02     0.26234E+01     0.33213E-05    -0.69500E-04     0.19647E-05     0.32051E-03     0.18460E-02    -0.19227E-04     0.60882E+00
     0.17376E-01     0.36782E-05     0.10856E-03     0.17446E+00     0.95161E+00     0.39405E-04     0.18202E+01     0.28543E+02     0.77639E+00     0.26198E+02     0.20340E+02     0.22160E+02     0.26340E+01     0.34402E-05    -0.70291E-04     0.68579E-05     0.56288E-03     0.37648E-02    -0.57007E-04     0.61185E+00
     0.22928E-01     0.71962E-05     0.14408E-03     0.22864E+00     0.94072E+00     0.33287E-04     0.14812E+01     0.28040E+02     0.78297E+00     0.26147E+02     0.20472E+02     0.21954E+02     0.26431E+01     0.35565E-05    -0.70973E-04     0.16965E-04     0.83208E-03     0.63741E-02    -0.12729E-03     0.61458E+00
     0.28739E-01     0.11988E-04     0.18177E-03     0.28376E+00     0.93108E+00     0.22704E-04     0.11872E+01     0.27600E+02     0.78886E+00     0.26094E+02     0.20584E+02     0.21771E+02     0.26509E+01     0.36487E-05    -0.71780E-04     0.34192E-04     0.11113E-02     0.95603E-02    -0.23725E-03     0.61701E+00
     0.34807E-01     0.17783E-04     0.22154E-03     0.33905E+00     0.92260E+00     0.65924E-05     0.93588E+00     0.27217E+02     0.79410E+00     0.26037E+02     0.20676E+02     0.21612E+02     0.26573E+01     0.37165E-05    -0.72649E-04     0.60169E-04     0.13898E-02     0.13115E-01    -0.38890E-03     0.61918E+00
     0.41127E-01     0.24195E-04     0.26315E-03     0.39366E+00     0.91519E+00    -0.15874E-04     0.72412E+00     0.26886E+02     0.79871E+00     0.25978E+02     0.20748E+02     0.21473E+02     0.26625E+01     0.37721E-05    -0.73594E-04     0.96169E-04     0.16623E-02     0.16772E-01    -0.57852E-03     0.62108E+00
     0.47696E-01     0.30858E-04     0.30643E-03     0.44678E+00     0.90875E+00    -0.45280E-04     0.54827E+00     0.26601E+02     0.80275E+00     0.25916E+02     0.20804E+02     0.21352E+02     0.26667E+01     0.38158E-05    -0.74609E-04     0.14309E-03     0.19264E-02     0.20268E-01    -0.79763E-03     0.62274E+00
     0.54512E-01     0.37504E-04     0.35157E-03     0.49770E+00     0.90316E+00    -0.81971E-04     0.40418E+00     0.26355E+02     0.80628E+00     0.25851E+02     0.20843E+02     0.21247E+02     0.26699E+01     0.38218E-05    -0.75693E-04     0.20147E-03     0.21816E-02     0.23382E-01    -0.10350E-02     0.62419E+00
     0.61570E-01     0.44005E-04     0.39931E-03     0.54585E+00     0.89830E+00    -0.12606E-03     0.28748E+00     0.26143E+02     0.80937E+00     0.25785E+02     0.20869E+02     0.21157E+02     0.26724E+01     0.37547E-05    -0.76844E-04     0.27147E-03     0.24275E-02     0.25969E-01    -0.12788E-02     0.62545E+00
     0.68868E-01     0.50350E-04     0.45075E-03     0.59085E+00     0.89405E+00    -0.17742E-03     0.19390E+00     0.25958E+02     0.81208E+00     0.25716E+02     0.20883E+02     0.21077E+02     0.26741E+01     0.36036E-05    -0.78042E-04     0.35288E-03     0.26631E-02     0.27957E-01    -0.15183E-02     0.62656E+00
     0.76401E-01     0.56608E-04     0.50688E-03     0.63252E+00     0.89028E+00    -0.23573E-03     0.11943E+00     0.25795E+02     0.81450E+00     0.25645E+02     0.20888E+02     0.21007E+02     0.26753E+01     0.33810E-05    -0.79291E-04     0.44515E-03     0.28868E-02     0.29341E-01    -0.17452E-02     0.62755E+00
     0.84168E-01     0.62886E-04     0.56798E-03     0.67077E+00     0.88692E+00    -0.30044E-03     0.60534E-01     0.25650E+02     0.81666E+00     0.25573E+02     0.20884E+02     0.20945E+02     0.26760E+01     0.31162E-05    -0.80593E-04     0.54742E-03     0.30960E-02     0.30159E-01    -0.19535E-02     0.62844E+00
     0.92164E-01     0.69291E-04     0.63328E-03     0.70570E+00     0.88386E+00    -0.37082E-03     0.14186E-01     0.25519E+02     0.81864E+00     0.25499E+02     0.20874E+02     0.20888E+02     0.26763E+01     0.28659E-05    -0.81962E-04     0.65850E-03     0.32881E-02     0.30476E-01    -0.21398E-02     0.62924E+00
     0.10039E+00     0.75910E-04     0.70108E-03     0.73743E+00     0.88105E+00    -0.44602E-03    -0.22103E-01     0.25399E+02     0.82046E+00     0.25423E+02     0.20858E+02     0.20836E+02     0.26762E+01     0.26646E-05    -0.83380E-04     0.77702E-03     0.34609E-02     0.30371E-01    -0.23026E-02     0.62999E+00
     0.10883E+00     0.82797E-04     0.76927E-03     0.76618E+00     0.87842E+00    -0.52505E-03    -0.50341E-01     0.25287E+02     0.82216E+00     0.25345E+02     0.20838E+02     0.20787E+02     0.26759E+01     0.24950E-05    -0.84841E-04     0.90141E-03     0.36132E-02     0.29923E-01    -0.24417E-02     0.63068E+00
     0.11749E+00     0.89971E-04     0.83582E-03     0.79219E+00     0.87594E+00    -0.60688E-03    -0.72115E-01     0.25182E+02     0.82378E+00     0.25266E+02     0.20814E+02     0.20741E+02     0.26754E+01     0.23268E-05    -0.86339E-04     0.10300E-02     0.37449E-02     0.29211E-01    -0.25580E-02     0.63134E+00
     0.12637E+00     0.97423E-04     0.89897E-03     0.81571E+00     0.87357E+00    -0.69046E-03    -0.88675E-01     0.25082E+02     0.82533E+00     0.25186E+02     0.20786E+02     0.20698E+02     0.26747E+01     0.21279E-05    -0.87899E-04     0.11612E-02     0.38569E-02     0.28304E-01    -0.26531E-02     0.63197E+00
     0.13547E+00     0.10512E-03     0.95736E-03     0.83699E+00     0.87129E+00    -0.77473E-03    -0.10100E+00     0.24985E+02     0.82683E+00     0.25104E+02     0.20756E+02     0.20655E+02     0.26738E+01     0.18911E-05    -0.89533E-04     0.12933E-02     0.39512E-02     0.27264E-01    -0.27289E-02     0.63258E+00
     0.14477E+00     0.11302E-03     0.10102E-02     0.85628E+00     0.86906E+00    -0.85866E-03    -0.10987E+00     0.24892E+02     0.82829E+00     0.25021E+02     0.20724E+02     0.20614E+02     0.26728E+01     0.16263E-05    -0.91240E-04     0.14247E-02     0.40297E-02     0.26139E-01    -0.27875E-02     0.63318E+00
     0.15428E+00     0.12106E-03     0.10574E-02     0.87379E+00     0.86688E+00    -0.94129E-03    -0.11590E+00     0.24800E+02     0.82973E+00     0.24937E+02     0.20690E+02     0.20574E+02     0.26717E+01     0.13398E-05    -0.93006E-04     0.15537E-02     0.40945E-02     0.24971E-01    -0.28308E-02     0.63376E+00
     0.16399E+00     0.12919E-03     0.11001E-02     0.88973E+00     0.86474E+00    -0.10217E-02    -0.11960E+00     0.24711E+02     0.83114E+00     0.24851E+02     0.20654E+02     0.20535E+02     0.26706E+01     0.10169E-05    -0.94830E-04     0.16791E-02     0.41472E-02     0.23790E-01    -0.28608E-02     0.63433E+00
     0.17390E+00     0.13734E-03     0.11400E-02     0.90430E+00     0.86262E+00    -0.10990E-02    -0.12137E+00     0.24622E+02     0.83255E+00     0.24764E+02     0.20617E+02     0.20496E+02     0.26694E+01     0.61087E-06    -0.96714E-04     0.17994E-02     0.41899E-02     0.22622E-01    -0.28791E-02     0.63490E+00
     0.18401E+00     0.14547E-03     0.11791E-02     0.91764E+00     0.86051E+00    -0.11725E-02    -0.12156E+00     0.24535E+02     0.83395E+00     0.24677E+02     0.20578E+02     0.20457E+02     0.26682E+01     0.11964E-06    -0.98651E-04     0.19135E-02     0.42245E-02     0.21485E-01    -0.28872E-02     0.63547E+00
     0.19431E+00     0.15352E-03     0.12197E-02     0.92993E+00     0.85840E+00    -0.12414E-02    -0.12045E+00     0.24447E+02     0.83535E+00     0.24588E+02     0.20539E+02     0.20418E+02     0.26669E+01    -0.45202E-06    -0.10063E-03     0.20204E-02     0.42522E-02     0.20390E-01    -0.28863E-02     0.63604E+00
     0.20480E+00     0.16143E-03     0.12638E-02     0.94128E+00     0.85629E+00    -0.13053E-02    -0.11831E+00     0.24360E+02     0.83675E+00     0.24498E+02     0.20498E+02     0.20379E+02     0.26657E+01    -0.11119E-05    -0.10259E-03     0.21190E-02     0.42732E-02     0.19343E-01    -0.28774E-02     0.63661E+00
     0.21547E+00     0.16918E-03     0.13125E-02     0.95183E+00     0.85418E+00    -0.13636E-02    -0.11535E+00     0.24273E+02     0.83817E+00     0.24407E+02     0.20456E+02     0.20341E+02     0.26644E+01    -0.18498E-05    -0.10449E-03     0.22087E-02     0.42875E-02     0.18348E-01    -0.28616E-02     0.63718E+00
     0.22633E+00     0.17672E-03     0.13655E-02     0.96166E+00     0.85205E+00    -0.14159E-02    -0.11176E+00     0.24186E+02     0.83959E+00     0.24314E+02     0.20414E+02     0.20302E+02     0.26632E+01    -0.26327E-05    -0.10638E-03     0.22891E-02     0.42952E-02     0.17404E-01    -0.28398E-02     0.63776E+00
     0.23737E+00     0.18404E-03     0.14207E-02     0.97089E+00     0.84991E+00    -0.14621E-02    -0.10769E+00     0.24098E+02     0.84103E+00     0.24221E+02     0.20370E+02     0.20263E+02     0.26619E+01    -0.34355E-05    -0.10832E-03     0.23596E-02     0.42966E-02     0.16512E-01    -0.28129E-02     0.63834E+00
     0.24859E+00     0.19112E-03     0.14745E-02     0.97958E+00     0.84775E+00    -0.15021E-02    -0.10329E+00     0.24009E+02     0.84249E+00     0.24127E+02     0.20326E+02     0.20223E+02     0.26608E+01    -0.42473E-05    -0.11034E-03     0.24202E-02     0.42919E-02     0.15673E-01    -0.27819E-02     0.63893E+00
     0.25997E+00     0.19793E-03     0.15239E-02     0.98780E+00     0.84556E+00    -0.15358E-02    -0.98650E-01     0.23920E+02     0.84396E+00     0.24032E+02     0.20282E+02     0.20183E+02     0.26596E+01    -0.51089E-05    -0.11244E-03     0.24709E-02     0.42813E-02     0.14888E-01    -0.27474E-02     0.63953E+00
     0.27153E+00     0.20447E-03     0.15662E-02     0.99559E+00     0.84335E+00    -0.15633E-02    -0.93865E-01     0.23830E+02     0.84546E+00     0.23937E+02     0.20236E+02     0.20143E+02     0.26585E+01    -0.60119E-05    -0.11458E-03     0.25119E-02     0.42649E-02     0.14154E-01    -0.27100E-02     0.64013E+00
     0.28325E+00     0.21071E-03     0.16002E-02     0.10030E+01     0.84111E+00    -0.15850E-02    -0.89013E-01     0.23740E+02     0.84698E+00     0.23840E+02     0.20191E+02     0.20102E+02     0.26574E+01    -0.69494E-05    -0.11668E-03     0.25437E-02     0.42430E-02     0.13470E-01    -0.26698E-02     0.64074E+00
     0.29514E+00     0.21665E-03     0.16265E-02     0.10101E+01     0.83885E+00    -0.16012E-02    -0.84176E-01     0.23648E+02     0.84852E+00     0.23742E+02     0.20145E+02     0.20060E+02     0.26564E+01    -0.78914E-05    -0.11869E-03     0.25667E-02     0.42156E-02     0.12832E-01    -0.26270E-02     0.64136E+00
     0.30719E+00     0.22230E-03     0.16471E-02     0.10169E+01     0.83655E+00    -0.16122E-02    -0.79436E-01     0.23555E+02     0.85009E+00     0.23643E+02     0.20098E+02     0.20019E+02     0.26554E+01    -0.88049E-05    -0.12053E-03     0.25816E-02     0.41830E-02     0.12235E-01    -0.25816E-02     0.64200E+00
     0.31939E+00     0.22768E-03     0.16632E-02     0.10235E+01     0.83421E+00    -0.16185E-02    -0.74845E-01     0.23462E+02     0.85168E+00     0.23544E+02     0.20051E+02     0.19976E+02     0.26544E+01    -0.96529E-05    -0.12228E-03     0.25890E-02     0.41452E-02     0.11678E-01    -0.25339E-02     0.64264E+00
     0.33174E+00     0.23278E-03     0.16755E-02     0.10298E+01     0.83185E+00    -0.16203E-02    -0.70423E-01     0.23367E+02     0.85330E+00     0.23444E+02     0.20003E+02     0.19933E+02     0.26535E+01    -0.10434E-04    -0.12399E-03     0.25896E-02     0.41024E-02     0.11157E-01    -0.24842E-02     0.64329E+00
     0.34425E+00     0.23760E-03     0.16848E-02     0.10359E+01     0.82944E+00    -0.16182E-02    -0.66183E-01     0.23271E+02     0.85495E+00     0.23342E+02     0.19956E+02     0.19889E+02     0.26527E+01    -0.11154E-04    -0.12564E-03     0.25840E-02     0.40550E-02     0.10669E-01    -0.24328E-02     0.64396E+00
     0.35690E+00     0.24217E-03     0.16929E-02     0.10419E+01     0.82701E+00    -0.16126E-02    -0.62153E-01     0.23174E+02     0.85663E+00     0.23240E+02     0.19907E+02     0.19845E+02     0.26518E+01    -0.11800E-04    -0.12720E-03     0.25728E-02     0.40034E-02     0.10209E-01    -0.23799E-02     0.64463E+00
     0.36969E+00     0.24649E-03     0.17029E-02     0.10477E+01     0.82453E+00    -0.16040E-02    -0.58347E-01     0.23076E+02     0.85834E+00     0.23137E+02     0.19859E+02     0.19800E+02     0.26511E+01    -0.12368E-04    -0.12868E-03     0.25569E-02     0.39476E-02     0.97744E-02    -0.23257E-02     0.64532E+00
     0.38262E+00     0.25056E-03     0.17166E-02     0.10533E+01     0.82202E+00    -0.15928E-02    -0.54774E-01     0.22976E+02     0.86008E+00     0.23034E+02     0.19810E+02     0.19755E+02     0.26503E+01    -0.12897E-04    -0.13001E-03     0.25371E-02     0.38875E-02     0.93647E-02    -0.22705E-02     0.64602E+00
     0.39569E+00     0.25442E-03     0.17329E-02     0.10589E+01     0.81948E+00    -0.15795E-02    -0.51448E-01     0.22876E+02     0.86185E+00     0.22929E+02     0.19760E+02     0.19709E+02     0.26496E+01    -0.13409E-04    -0.13123E-03     0.25139E-02     0.38229E-02     0.89786E-02    -0.22143E-02     0.64673E+00
     0.40890E+00     0.25807E-03     0.17484E-02     0.10642E+01     0.81689E+00    -0.15644E-02    -0.48375E-01     0.22774E+02     0.86365E+00     0.22824E+02     0.19710E+02     0.19662E+02     0.26490E+01    -0.13887E-04    -0.13232E-03     0.24881E-02     0.37539E-02     0.86142E-02    -0.21572E-02     0.64745E+00
     0.42223E+00     0.26153E-03     0.17613E-02     0.10695E+01     0.81427E+00    -0.15479E-02    -0.45542E-01     0.22672E+02     0.86548E+00     0.22718E+02     0.19660E+02     0.19615E+02     0.26483E+01    -0.14324E-04    -0.13321E-03     0.24599E-02     0.36813E-02     0.82697E-02    -0.20993E-02     0.64818E+00
     0.43569E+00     0.26482E-03     0.17730E-02     0.10747E+01     0.81162E+00    -0.15301E-02    -0.42926E-01     0.22568E+02     0.86735E+00     0.22611E+02     0.19610E+02     0.19567E+02     0.26477E+01    -0.14703E-04    -0.13385E-03     0.24298E-02     0.36059E-02     0.79441E-02    -0.20407E-02     0.64893E+00
     0.44927E+00     0.26793E-03     0.17865E-02     0.10797E+01     0.80893E+00    -0.15112E-02    -0.40510E-01     0.22463E+02     0.86924E+00     0.22503E+02     0.19559E+02     0.19518E+02     0.26471E+01    -0.15053E-04    -0.13421E-03     0.23980E-02     0.35280E-02     0.76362E-02    -0.19814E-02     0.64969E+00
     0.46297E+00     0.27087E-03     0.18047E-02     0.10846E+01     0.80620E+00    -0.14915E-02    -0.38301E-01     0.22357E+02     0.87116E+00     0.22394E+02     0.19507E+02     0.19469E+02     0.26466E+01    -0.15387E-04    -0.13422E-03     0.23649E-02     0.34472E-02     0.73437E-02    -0.19217E-02     0.65046E+00
     0.47679E+00     0.27368E-03     0.18284E-02     0.10894E+01     0.80343E+00    -0.14711E-02    -0.36314E-01     0.22251E+02     0.87312E+00     0.22285E+02     0.19456E+02     0.19419E+02     0.26461E+01    -0.15716E-04    -0.13395E-03     0.23309E-02     0.33629E-02     0.70644E-02    -0.18615E-02     0.65124E+00
     0.49072E+00     0.27637E-03     0.18541E-02     0.10941E+01     0.80063E+00    -0.14505E-02    -0.34536E-01     0.22143E+02     0.87511E+00     0.22175E+02     0.19404E+02     0.19369E+02     0.26456E+01    -0.16021E-04    -0.13348E-03     0.22965E-02     0.32756E-02     0.67962E-02    -0.18007E-02     0.65203E+00
     0.50476E+00     0.27893E-03     0.18772E-02     0.10987E+01     0.79780E+00    -0.14297E-02    -0.32943E-01     0.22034E+02     0.87713E+00     0.22064E+02     0.19351E+02     0.19318E+02     0.26451E+01    -0.16329E-04    -0.13280E-03     0.22619E-02     0.31859E-02     0.65385E-02    -0.17391E-02     0.65284E+00
     0.51891E+00     0.28139E-03     0.18943E-02     0.11032E+01     0.79493E+00    -0.14090E-02    -0.31537E-01     0.21924E+02     0.87918E+00     0.21952E+02     0.19298E+02     0.19267E+02     0.26446E+01    -0.16646E-04    -0.13190E-03     0.22274E-02     0.30945E-02     0.62911E-02    -0.16769E-02     0.65366E+00
     0.53316E+00     0.28376E-03     0.19039E-02     0.11076E+01     0.79202E+00    -0.13884E-02    -0.30325E-01     0.21814E+02     0.88126E+00     0.21840E+02     0.19245E+02     0.19215E+02     0.26442E+01    -0.16942E-04    -0.13077E-03     0.21930E-02     0.30020E-02     0.60537E-02    -0.16141E-02     0.65449E+00
     0.54751E+00     0.28605E-03     0.19057E-02     0.11119E+01     0.78907E+00    -0.13678E-02    -0.29309E-01     0.21702E+02     0.88338E+00     0.21727E+02     0.19191E+02     0.19162E+02     0.26437E+01    -0.17187E-04    -0.12938E-03     0.21588E-02     0.29095E-02     0.58259E-02    -0.15508E-02     0.65533E+00
     0.56196E+00     0.28828E-03     0.19012E-02     0.11160E+01     0.78609E+00    -0.13474E-02    -0.28480E-01     0.21589E+02     0.88553E+00     0.21613E+02     0.19137E+02     0.19109E+02     0.26433E+01    -0.17407E-04    -0.12775E-03     0.21248E-02     0.28182E-02     0.56076E-02    -0.14873E-02     0.65618E+00
     0.57649E+00     0.29046E-03     0.18916E-02     0.11201E+01     0.78307E+00    -0.13270E-02    -0.27844E-01     0.21476E+02     0.88772E+00     0.21499E+02     0.19083E+02     0.19055E+02     0.26429E+01    -0.17578E-04    -0.12580E-03     0.20909E-02     0.27289E-02     0.53988E-02    -0.14239E-02     0.65705E+00
     0.59112E+00     0.29260E-03     0.18780E-02     0.11241E+01     0.78002E+00    -0.13068E-02    -0.27418E-01     0.21361E+02     0.88994E+00     0.21384E+02     0.19028E+02     0.19000E+02     0.26425E+01    -0.17737E-04    -0.12351E-03     0.20573E-02     0.26420E-02     0.51999E-02    -0.13606E-02     0.65793E+00
     0.60584E+00     0.29472E-03     0.18619E-02     0.11279E+01     0.77693E+00    -0.12868E-02    -0.27230E-01     0.21246E+02     0.89219E+00     0.21268E+02     0.18973E+02     0.18945E+02     0.26421E+01    -0.17839E-04    -0.12082E-03     0.20240E-02     0.25579E-02     0.50103E-02    -0.12975E-02     0.65883E+00
     0.62064E+00     0.29686E-03     0.18460E-02     0.11316E+01     0.77379E+00    -0.12671E-02    -0.27297E-01     0.21129E+02     0.89449E+00     0.21151E+02     0.18917E+02     0.18890E+02     0.26417E+01    -0.17903E-04    -0.11776E-03     0.19913E-02     0.24766E-02     0.48287E-02    -0.12345E-02     0.65974E+00
     0.63552E+00     0.29903E-03     0.18324E-02     0.11352E+01     0.77062E+00    -0.12480E-02    -0.27610E-01     0.21012E+02     0.89682E+00     0.21034E+02     0.18861E+02     0.18834E+02     0.26413E+01    -0.17933E-04    -0.11430E-03     0.19594E-02     0.23983E-02     0.46535E-02    -0.11714E-02     0.66066E+00
     0.65047E+00     0.30127E-03     0.18212E-02     0.11386E+01     0.76742E+00    -0.12295E-02    -0.28142E-01     0.20894E+02     0.89918E+00     0.20916E+02     0.18805E+02     0.18777E+02     0.26408E+01    -0.17975E-04    -0.11058E-03     0.19285E-02     0.23233E-02     0.44837E-02    -0.11083E-02     0.66160E+00
     0.66550E+00     0.30359E-03     0.18122E-02     0.11418E+01     0.76417E+00    -0.12117E-02    -0.28877E-01     0.20775E+02     0.90158E+00     0.20798E+02     0.18748E+02     0.18719E+02     0.26404E+01    -0.18121E-04    -0.10668E-03     0.18987E-02     0.22517E-02     0.43191E-02    -0.10452E-02     0.66255E+00
     0.68060E+00     0.30600E-03     0.18057E-02     0.11449E+01     0.76089E+00    -0.11947E-02    -0.29796E-01     0.20655E+02     0.90402E+00     0.20678E+02     0.18691E+02     0.18661E+02     0.26399E+01    -0.18416E-04    -0.10259E-03     0.18702E-02     0.21835E-02     0.41601E-02    -0.98216E-03     0.66351E+00
     0.69576E+00     0.30851E-03     0.18020E-02     0.11478E+01     0.75757E+00    -0.11788E-02    -0.30876E-01     0.20534E+02     0.90650E+00     0.20559E+02     0.18633E+02     0.18603E+02     0.26395E+01    -0.18855E-04    -0.98276E-04     0.18432E-02     0.21192E-02     0.40075E-02    -0.91907E-03     0.66449E+00
     0.71099E+00     0.31114E-03     0.18004E-02     0.11506E+01     0.75421E+00    -0.11639E-02    -0.32111E-01     0.20413E+02     0.90901E+00     0.20438E+02     0.18576E+02     0.18543E+02     0.26390E+01    -0.19453E-04    -0.93740E-04     0.18179E-02     0.20588E-02     0.38614E-02    -0.85593E-03     0.66548E+00
     0.72628E+00     0.31390E-03     0.17989E-02     0.11531E+01     0.75082E+00    -0.11503E-02    -0.33509E-01     0.20290E+02     0.91156E+00     0.20317E+02     0.18517E+02     0.18484E+02     0.26385E+01    -0.20166E-04    -0.89000E-04     0.17944E-02     0.20025E-02     0.37220E-02    -0.79276E-03     0.66648E+00
     0.74162E+00     0.31681E-03     0.17948E-02     0.11555E+01     0.74739E+00    -0.11380E-02    -0.35063E-01     0.20167E+02     0.91415E+00     0.20195E+02     0.18458E+02     0.18423E+02     0.26379E+01    -0.20981E-04    -0.84044E-04     0.17729E-02     0.19508E-02     0.35897E-02    -0.72955E-03     0.66750E+00
     0.75702E+00     0.31988E-03     0.17845E-02     0.11578E+01     0.74393E+00    -0.11269E-02    -0.36766E-01     0.20043E+02     0.91677E+00     0.20073E+02     0.18399E+02     0.18363E+02     0.26374E+01    -0.21859E-04    -0.78783E-04     0.17533E-02     0.19042E-02     0.34652E-02    -0.66632E-03     0.66853E+00
     0.77247E+00     0.32313E-03     0.17636E-02     0.11598E+01     0.74043E+00    -0.11172E-02    -0.38613E-01     0.19919E+02     0.91944E+00     0.19950E+02     0.18340E+02     0.18301E+02     0.26368E+01    -0.22804E-04    -0.73174E-04     0.17357E-02     0.18627E-02     0.33497E-02    -0.60307E-03     0.66958E+00
     0.78796E+00     0.32656E-03     0.17294E-02     0.11616E+01     0.73689E+00    -0.11088E-02    -0.40592E-01     0.19794E+02     0.92214E+00     0.19827E+02     0.18280E+02     0.18239E+02     0.26361E+01    -0.23863E-04    -0.67297E-04     0.17199E-02     0.18266E-02     0.32444E-02    -0.53977E-03     0.67064E+00
     0.80350E+00     0.33019E-03     0.16826E-02     0.11633E+01     0.73332E+00    -0.11016E-02    -0.42709E-01     0.19668E+02     0.92488E+00     0.19703E+02     0.18220E+02     0.18177E+02     0.26355E+01    -0.25000E-04    -0.61169E-04     0.17061E-02     0.17958E-02     0.31498E-02    -0.47645E-03     0.67172E+00
     0.81907E+00     0.33404E-03     0.16268E-02     0.11648E+01     0.72971E+00    -0.10957E-02    -0.44957E-01     0.19542E+02     0.92766E+00     0.19579E+02     0.18159E+02     0.18114E+02     0.26348E+01    -0.26233E-04    -0.54881E-04     0.16942E-02     0.17696E-02     0.30662E-02    -0.41313E-03     0.67280E+00
     0.83469E+00     0.33812E-03     0.15675E-02     0.11660E+01     0.72607E+00    -0.10911E-02    -0.47310E-01     0.19415E+02     0.93048E+00     0.19454E+02     0.18098E+02     0.18051E+02     0.26340E+01    -0.27512E-04    -0.48422E-04     0.16842E-02     0.17476E-02     0.29935E-02    -0.34986E-03     0.67391E+00
     0.85033E+00     0.34243E-03     0.15101E-02     0.11670E+01     0.72239E+00    -0.10878E-02    -0.49742E-01     0.19287E+02     0.93334E+00     0.19329E+02     0.18036E+02     0.17987E+02     0.26333E+01    -0.28930E-04    -0.41845E-04     0.16761E-02     0.17291E-02     0.29313E-02    -0.28667E-03     0.67502E+00
     0.86601E+00     0.34698E-03     0.14575E-02     0.11679E+01     0.71868E+00    -0.10859E-02    -0.52249E-01     0.19159E+02     0.93623E+00     0.19203E+02     0.17974E+02     0.17922E+02     0.26325E+01    -0.30471E-04    -0.35198E-04     0.16699E-02     0.17137E-02     0.28799E-02    -0.22365E-03     0.67615E+00
     0.88171E+00     0.35178E-03     0.14101E-02     0.11685E+01     0.71494E+00    -0.10853E-02    -0.54824E-01     0.19030E+02     0.93917E+00     0.19077E+02     0.17912E+02     0.17857E+02     0.26316E+01    -0.32135E-04    -0.28593E-04     0.16657E-02     0.17009E-02     0.28397E-02    -0.16084E-03     0.67730E+00
     0.89744E+00     0.35682E-03     0.13666E-02     0.11689E+01     0.71116E+00    -0.10861E-02    -0.57443E-01     0.18901E+02     0.94214E+00     0.18950E+02     0.17849E+02     0.17792E+02     0.26307E+01    -0.33976E-04    -0.22043E-04     0.16635E-02     0.16907E-02     0.28112E-02    -0.98242E-04     0.67846E+00
     0.91319E+00     0.36211E-03     0.13258E-02     0.11690E+01     0.70736E+00    -0.10881E-02    -0.60094E-01     0.18772E+02     0.94516E+00     0.18823E+02     0.17786E+02     0.17726E+02     0.26298E+01    -0.35924E-04    -0.15570E-04     0.16631E-02     0.16830E-02     0.27945E-02    -0.35783E-04     0.67963E+00
     0.92895E+00     0.36765E-03     0.12872E-02     0.11690E+01     0.70352E+00    -0.10915E-02    -0.62780E-01     0.18642E+02     0.94821E+00     0.18695E+02     0.17723E+02     0.17660E+02     0.26288E+01    -0.37939E-04    -0.91330E-05     0.16646E-02     0.16784E-02     0.27891E-02     0.26609E-04     0.68082E+00
     0.94473E+00     0.37343E-03     0.12509E-02     0.11687E+01     0.69964E+00    -0.10961E-02    -0.65512E-01     0.18512E+02     0.95130E+00     0.18567E+02     0.17659E+02     0.17593E+02     0.26277E+01    -0.39894E-04    -0.27044E-05     0.16679E-02     0.16777E-02     0.27949E-02     0.88956E-04     0.68202E+00
     0.96051E+00     0.37947E-03     0.12184E-02     0.11682E+01     0.69574E+00    -0.11019E-02    -0.68296E-01     0.18381E+02     0.95443E+00     0.18439E+02     0.17594E+02     0.17526E+02     0.26267E+01    -0.41836E-04     0.36793E-05     0.16729E-02     0.16817E-02     0.28120E-02     0.15127E-03     0.68323E+00
     0.97631E+00     0.38577E-03     0.11927E-02     0.11675E+01     0.69180E+00    -0.11089E-02    -0.71152E-01     0.18250E+02     0.95761E+00     0.18311E+02     0.17530E+02     0.17458E+02     0.26255E+01    -0.43688E-04     0.10154E-04     0.16796E-02     0.16909E-02     0.28408E-02     0.21354E-03     0.68446E+00
     0.99210E+00     0.39234E-03     0.11761E-02     0.11666E+01     0.68783E+00    -0.11172E-02    -0.74090E-01     0.18119E+02     0.96082E+00     0.18182E+02     0.17464E+02     0.17390E+02     0.26244E+01    -0.45503E-04     0.16721E-04     0.16882E-02     0.17054E-02     0.28817E-02     0.27570E-03     0.68571E+00
     0.10079E+01     0.39920E-03     0.11689E-02     0.11655E+01     0.68383E+00    -0.11268E-02    -0.77082E-01     0.17987E+02     0.96408E+00     0.18053E+02     0.17399E+02     0.17322E+02     0.26232E+01    -0.47309E-04     0.23364E-04     0.16985E-02     0.17252E-02     0.29348E-02     0.33776E-03     0.68697E+00
     0.10237E+01     0.40634E-03     0.11697E-02     0.11642E+01     0.67980E+00    -0.11377E-02    -0.80097E-01     0.17855E+02     0.96738E+00     0.17923E+02     0.17333E+02     0.17253E+02     0.26219E+01    -0.49171E-04     0.30083E-04     0.17107E-02     0.17500E-02     0.30001E-02     0.39973E-03     0.68824E+00
     0.10395E+01     0.41378E-03     0.11761E-02     0.11627E+01     0.67574E+00    -0.11500E-02    -0.83091E-01     0.17723E+02     0.97072E+00     0.17793E+02     0.17267E+02     0.17184E+02     0.26206E+01    -0.51162E-04     0.36793E-04     0.17248E-02     0.17793E-02     0.30774E-02     0.46166E-03     0.68953E+00
     0.10553E+01     0.42149E-03     0.11858E-02     0.11609E+01     0.67165E+00    -0.11637E-02    -0.86006E-01     0.17590E+02     0.97410E+00     0.17663E+02     0.17200E+02     0.17114E+02     0.26192E+01    -0.53263E-04     0.43356E-04     0.17408E-02     0.18125E-02     0.31660E-02     0.52353E-03     0.69083E+00
     0.10711E+01     0.42947E-03     0.11968E-02     0.11591E+01     0.66753E+00    -0.11787E-02    -0.88795E-01     0.17458E+02     0.97751E+00     0.17533E+02     0.17133E+02     0.17044E+02     0.26178E+01    -0.55487E-04     0.49679E-04     0.17586E-02     0.18490E-02     0.32647E-02     0.58529E-03     0.69215E+00
     0.10868E+01     0.43767E-03     0.12064E-02     0.11570E+01     0.66339E+00    -0.11949E-02    -0.91441E-01     0.17325E+02     0.98097E+00     0.17402E+02     0.17066E+02     0.16974E+02     0.26164E+01    -0.57779E-04     0.55666E-04     0.17780E-02     0.18888E-02     0.33729E-02     0.64686E-03     0.69348E+00
     0.11026E+01     0.44609E-03     0.12122E-02     0.11548E+01     0.65922E+00    -0.12122E-02    -0.93948E-01     0.17192E+02     0.98446E+00     0.17272E+02     0.16998E+02     0.16904E+02     0.26149E+01    -0.60104E-04     0.61212E-04     0.17990E-02     0.19316E-02     0.34901E-02     0.70823E-03     0.69482E+00
     0.11183E+01     0.45472E-03     0.12128E-02     0.11524E+01     0.65503E+00    -0.12306E-02    -0.96297E-01     0.17060E+02     0.98799E+00     0.17141E+02     0.16929E+02     0.16833E+02     0.26134E+01    -0.62506E-04     0.66321E-04     0.18213E-02     0.19772E-02     0.36155E-02     0.76947E-03     0.69617E+00
     0.11340E+01     0.46352E-03     0.12076E-02     0.11499E+01     0.65082E+00    -0.12499E-02    -0.98473E-01     0.16927E+02     0.99156E+00     0.17010E+02     0.16860E+02     0.16762E+02     0.26118E+01    -0.64958E-04     0.71150E-04     0.18449E-02     0.20257E-02     0.37479E-02     0.83065E-03     0.69754E+00
     0.11497E+01     0.47246E-03     0.11978E-02     0.11473E+01     0.64658E+00    -0.12700E-02    -0.10050E+00     0.16795E+02     0.99517E+00     0.16879E+02     0.16791E+02     0.16690E+02     0.26103E+01    -0.67424E-04     0.75776E-04     0.18696E-02     0.20770E-02     0.38864E-02     0.89179E-03     0.69892E+00
     0.11653E+01     0.48154E-03     0.11855E-02     0.11445E+01     0.64232E+00    -0.12911E-02    -0.10245E+00     0.16662E+02     0.99882E+00     0.16748E+02     0.16721E+02     0.16619E+02     0.26086E+01    -0.69866E-04     0.80140E-04     0.18954E-02     0.21313E-02     0.40302E-02     0.95285E-03     0.70031E+00
     0.11809E+01     0.49079E-03     0.11734E-02     0.11415E+01     0.63803E+00    -0.13131E-02    -0.10433E+00     0.16530E+02     0.10025E+01     0.16616E+02     0.16651E+02     0.16547E+02     0.26070E+01    -0.72236E-04     0.84222E-04     0.19225E-02     0.21883E-02     0.41783E-02     0.10137E-02     0.70172E+00
     0.11965E+01     0.50019E-03     0.11638E-02     0.11385E+01     0.63372E+00    -0.13361E-02    -0.10608E+00     0.16397E+02     0.10062E+01     0.16485E+02     0.16581E+02     0.16475E+02     0.26053E+01    -0.74516E-04     0.87995E-04     0.19507E-02     0.22480E-02     0.43298E-02     0.10742E-02     0.70314E+00
     0.12120E+01     0.50970E-03     0.11575E-02     0.11353E+01     0.62938E+00    -0.13600E-02    -0.10766E+00     0.16265E+02     0.10100E+01     0.16353E+02     0.16510E+02     0.16403E+02     0.26037E+01    -0.76596E-04     0.91451E-04     0.19802E-02     0.23105E-02     0.44837E-02     0.11342E-02     0.70458E+00
     0.12275E+01     0.51929E-03     0.11536E-02     0.11320E+01     0.62503E+00    -0.13848E-02    -0.10908E+00     0.16133E+02     0.10138E+01     0.16222E+02     0.16439E+02     0.16330E+02     0.26020E+01    -0.78393E-04     0.94570E-04     0.20109E-02     0.23757E-02     0.46396E-02     0.11934E-02     0.70603E+00
     0.12430E+01     0.52895E-03     0.11504E-02     0.11286E+01     0.62065E+00    -0.14107E-02    -0.11035E+00     0.16001E+02     0.10177E+01     0.16090E+02     0.16367E+02     0.16257E+02     0.26002E+01    -0.79987E-04     0.97243E-04     0.20427E-02     0.24435E-02     0.47972E-02     0.12521E-02     0.70749E+00
     0.12584E+01     0.53868E-03     0.11457E-02     0.11251E+01     0.61625E+00    -0.14375E-02    -0.11149E+00     0.15869E+02     0.10216E+01     0.15959E+02     0.16296E+02     0.16184E+02     0.25985E+01    -0.81385E-04     0.99534E-04     0.20759E-02     0.25137E-02     0.49564E-02     0.13102E-02     0.70896E+00
     0.12737E+01     0.54846E-03     0.11367E-02     0.11215E+01     0.61182E+00    -0.14654E-02    -0.11249E+00     0.15737E+02     0.10255E+01     0.15827E+02     0.16223E+02     0.16111E+02     0.25968E+01    -0.82651E-04     0.10157E-03     0.21103E-02     0.25859E-02     0.51175E-02     0.13679E-02     0.71045E+00
     0.12890E+01     0.55829E-03     0.11211E-02     0.11177E+01     0.60738E+00    -0.14943E-02    -0.11330E+00     0.15606E+02     0.10295E+01     0.15696E+02     0.16151E+02     0.16038E+02     0.25950E+01    -0.83725E-04     0.10342E-03     0.21460E-02     0.26596E-02     0.52807E-02     0.14252E-02     0.71195E+00
     0.13042E+01     0.56813E-03     0.10982E-02     0.11139E+01     0.60292E+00    -0.15243E-02    -0.11388E+00     0.15475E+02     0.10335E+01     0.15565E+02     0.16078E+02     0.15964E+02     0.25933E+01    -0.84646E-04     0.10508E-03     0.21831E-02     0.27343E-02     0.54465E-02     0.14820E-02     0.71347E+00
     0.13194E+01     0.57796E-03     0.10695E-02     0.11100E+01     0.59845E+00    -0.15554E-02    -0.11420E+00     0.15344E+02     0.10375E+01     0.15433E+02     0.16005E+02     0.15890E+02     0.25915E+01    -0.85376E-04     0.10647E-03     0.22216E-02     0.28100E-02     0.56153E-02     0.15386E-02     0.71499E+00
     0.13345E+01     0.58774E-03     0.10370E-02     0.11059E+01     0.59396E+00    -0.15876E-02    -0.11421E+00     0.15213E+02     0.10416E+01     0.15302E+02     0.15931E+02     0.15817E+02     0.25898E+01    -0.85864E-04     0.10768E-03     0.22613E-02     0.28873E-02     0.57871E-02     0.15950E-02     0.71653E+00
     0.13495E+01     0.59742E-03     0.10021E-02     0.11018E+01     0.58945E+00    -0.16209E-02    -0.11391E+00     0.15084E+02     0.10457E+01     0.15171E+02     0.15857E+02     0.15743E+02     0.25880E+01    -0.86179E-04     0.10854E-03     0.23024E-02     0.29662E-02     0.59617E-02     0.16514E-02     0.71808E+00
     0.13645E+01     0.60699E-03     0.96587E-03     0.10976E+01     0.58493E+00    -0.16551E-02    -0.11333E+00     0.14954E+02     0.10498E+01     0.15040E+02     0.15782E+02     0.15669E+02     0.25863E+01    -0.86266E-04     0.10893E-03     0.23446E-02     0.30469E-02     0.61390E-02     0.17078E-02     0.71964E+00
     0.13794E+01     0.61645E-03     0.92801E-03     0.10933E+01     0.58040E+00    -0.16901E-02    -0.11244E+00     0.14825E+02     0.10540E+01     0.14910E+02     0.15707E+02     0.15595E+02     0.25846E+01    -0.86189E-04     0.10892E-03     0.23877E-02     0.31292E-02     0.63184E-02     0.17641E-02     0.72121E+00
     0.13942E+01     0.62578E-03     0.88502E-03     0.10889E+01     0.57586E+00    -0.17256E-02    -0.11116E+00     0.14696E+02     0.10583E+01     0.14779E+02     0.15632E+02     0.15521E+02     0.25829E+01    -0.85992E-04     0.10865E-03     0.24312E-02     0.32130E-02     0.64995E-02     0.18202E-02     0.72280E+00
     0.14089E+01     0.63490E-03     0.83223E-03     0.10844E+01     0.57131E+00    -0.17614E-02    -0.10939E+00     0.14568E+02     0.10625E+01     0.14649E+02     0.15556E+02     0.15447E+02     0.25813E+01    -0.85713E-04     0.10808E-03     0.24749E-02     0.32985E-02     0.66823E-02     0.18757E-02     0.72439E+00
     0.14235E+01     0.64375E-03     0.76684E-03     0.10799E+01     0.56675E+00    -0.17973E-02    -0.10710E+00     0.14441E+02     0.10668E+01     0.14519E+02     0.15480E+02     0.15373E+02     0.25797E+01    -0.85327E-04     0.10725E-03     0.25187E-02     0.33856E-02     0.68671E-02     0.19304E-02     0.72599E+00
     0.14380E+01     0.65228E-03     0.68897E-03     0.10753E+01     0.56219E+00    -0.18333E-02    -0.10430E+00     0.14315E+02     0.10711E+01     0.14389E+02     0.15404E+02     0.15299E+02     0.25781E+01    -0.84911E-04     0.10610E-03     0.25624E-02     0.34737E-02     0.70543E-02     0.19840E-02     0.72760E+00
     0.14525E+01     0.66042E-03     0.60146E-03     0.10706E+01     0.55763E+00    -0.18696E-02    -0.10101E+00     0.14189E+02     0.10754E+01     0.14259E+02     0.15327E+02     0.15226E+02     0.25766E+01    -0.84512E-04     0.10471E-03     0.26063E-02     0.35621E-02     0.72451E-02     0.20364E-02     0.72922E+00
     0.14668E+01     0.66816E-03     0.50922E-03     0.10659E+01     0.55306E+00    -0.19062E-02    -0.97300E-01     0.14064E+02     0.10798E+01     0.14130E+02     0.15249E+02     0.15152E+02     0.25752E+01    -0.84148E-04     0.10314E-03     0.26504E-02     0.36505E-02     0.74401E-02     0.20877E-02     0.73084E+00
     0.14811E+01     0.67549E-03     0.41696E-03     0.10611E+01     0.54848E+00    -0.19429E-02    -0.93209E-01     0.13939E+02     0.10842E+01     0.14001E+02     0.15172E+02     0.15078E+02     0.25738E+01    -0.83725E-04     0.10151E-03     0.26944E-02     0.37389E-02     0.76387E-02     0.21378E-02     0.73248E+00
     0.14952E+01     0.68239E-03     0.32600E-03     0.10562E+01     0.54389E+00    -0.19795E-02    -0.88717E-01     0.13815E+02     0.10886E+01     0.13872E+02     0.15094E+02     0.15005E+02     0.25725E+01    -0.83191E-04     0.99734E-04     0.27380E-02     0.38271E-02     0.78403E-02     0.21869E-02     0.73413E+00
     0.15093E+01     0.68882E-03     0.23557E-03     0.10513E+01     0.53929E+00    -0.20157E-02    -0.83768E-01     0.13692E+02     0.10931E+01     0.13744E+02     0.15015E+02     0.14931E+02     0.25713E+01    -0.82493E-04     0.97723E-04     0.27810E-02     0.39144E-02     0.80455E-02     0.22353E-02     0.73579E+00
     0.15232E+01     0.69471E-03     0.14601E-03     0.10463E+01     0.53470E+00    -0.20514E-02    -0.78343E-01     0.13569E+02     0.10976E+01     0.13616E+02     0.14936E+02     0.14858E+02     0.25701E+01    -0.81538E-04     0.95404E-04     0.28231E-02     0.39995E-02     0.82549E-02     0.22829E-02     0.73745E+00
     0.15370E+01     0.70003E-03     0.58766E-04     0.10413E+01     0.53009E+00    -0.20866E-02    -0.72467E-01     0.13447E+02     0.11021E+01     0.13488E+02     0.14857E+02     0.14785E+02     0.25691E+01    -0.80401E-04     0.92726E-04     0.28643E-02     0.40815E-02     0.84686E-02     0.23296E-02     0.73913E+00
     0.15507E+01     0.70476E-03    -0.24852E-04     0.10361E+01     0.52549E+00    -0.21212E-02    -0.66194E-01     0.13326E+02     0.11067E+01     0.13361E+02     0.14778E+02     0.14712E+02     0.25681E+01    -0.79045E-04     0.89717E-04     0.29045E-02     0.41603E-02     0.86861E-02     0.23756E-02     0.74081E+00
     0.15643E+01     0.70893E-03    -0.10397E-03     0.10309E+01     0.52087E+00    -0.21552E-02    -0.59525E-01     0.13205E+02     0.11113E+01     0.13234E+02     0.14698E+02     0.14638E+02     0.25673E+01    -0.77596E-04     0.86199E-04     0.29436E-02     0.42370E-02     0.89073E-02     0.24210E-02     0.74251E+00
     0.15778E+01     0.71250E-03    -0.17811E-03     0.10256E+01     0.51625E+00    -0.21883E-02    -0.52380E-01     0.13085E+02     0.11159E+01     0.13107E+02     0.14618E+02     0.14565E+02     0.25665E+01    -0.76093E-04     0.82142E-04     0.29814E-02     0.43135E-02     0.91331E-02     0.24658E-02     0.74421E+00
     0.15911E+01     0.71542E-03    -0.24798E-03     0.10202E+01     0.51163E+00    -0.22202E-02    -0.44685E-01     0.12966E+02     0.11206E+01     0.12981E+02     0.14537E+02     0.14492E+02     0.25658E+01    -0.74430E-04     0.77586E-04     0.30175E-02     0.43915E-02     0.93652E-02     0.25102E-02     0.74592E+00
     0.16043E+01     0.71766E-03    -0.31602E-03     0.10148E+01     0.50702E+00    -0.22507E-02    -0.36404E-01     0.12847E+02     0.11252E+01     0.12855E+02     0.14456E+02     0.14420E+02     0.25653E+01    -0.72582E-04     0.72628E-04     0.30514E-02     0.44715E-02     0.96064E-02     0.25541E-02     0.74764E+00
     0.16174E+01     0.71918E-03    -0.38509E-03     0.10092E+01     0.50240E+00    -0.22794E-02    -0.27484E-01     0.12730E+02     0.11299E+01     0.12729E+02     0.14375E+02     0.14347E+02     0.25649E+01    -0.70656E-04     0.67280E-04     0.30828E-02     0.45529E-02     0.98594E-02     0.25973E-02     0.74937E+00
     0.16303E+01     0.71994E-03    -0.45587E-03     0.10035E+01     0.49780E+00    -0.23059E-02    -0.17868E-01     0.12613E+02     0.11347E+01     0.12604E+02     0.14293E+02     0.14275E+02     0.25646E+01    -0.68564E-04     0.61579E-04     0.31112E-02     0.46333E-02     0.10126E-01     0.26398E-02     0.75110E+00
     0.16431E+01     0.71986E-03    -0.52817E-03     0.99771E+00     0.49319E+00    -0.23301E-02    -0.75357E-02     0.12498E+02     0.11394E+01     0.12479E+02     0.14211E+02     0.14203E+02     0.25644E+01    -0.66411E-04     0.55592E-04     0.31363E-02     0.47102E-02     0.10409E-01     0.26810E-02     0.75284E+00
     0.16558E+01     0.71891E-03    -0.60147E-03     0.99181E+00     0.48860E+00    -0.23514E-02     0.34941E-02     0.12383E+02     0.11442E+01     0.12355E+02     0.14128E+02     0.14131E+02     0.25644E+01    -0.64241E-04     0.49558E-04     0.31575E-02     0.47823E-02     0.10708E-01     0.27205E-02     0.75458E+00
     0.16683E+01     0.71704E-03    -0.67307E-03     0.98579E+00     0.48401E+00    -0.23696E-02     0.15178E-01     0.12270E+02     0.11490E+01     0.12231E+02     0.14045E+02     0.14060E+02     0.25645E+01    -0.62077E-04     0.43553E-04     0.31744E-02     0.48501E-02     0.11024E-01     0.27581E-02     0.75633E+00
     0.16806E+01     0.71421E-03    -0.73846E-03     0.97966E+00     0.47942E+00    -0.23840E-02     0.27444E-01     0.12157E+02     0.11538E+01     0.12107E+02     0.13961E+02     0.13989E+02     0.25647E+01    -0.59957E-04     0.37611E-04     0.31863E-02     0.49147E-02     0.11358E-01     0.27938E-02     0.75808E+00
     0.16928E+01     0.71039E-03    -0.79285E-03     0.97340E+00     0.47483E+00    -0.23942E-02     0.40220E-01     0.12045E+02     0.11586E+01     0.11984E+02     0.13877E+02     0.13917E+02     0.25652E+01    -0.57908E-04     0.31697E-04     0.31926E-02     0.49762E-02     0.11714E-01     0.28277E-02     0.75985E+00
     0.17049E+01     0.70556E-03    -0.83379E-03     0.96698E+00     0.47024E+00    -0.23997E-02     0.53384E-01     0.11933E+02     0.11635E+01     0.11862E+02     0.13793E+02     0.13847E+02     0.25657E+01    -0.55881E-04     0.25763E-04     0.31927E-02     0.50340E-02     0.12094E-01     0.28600E-02     0.76162E+00
     0.17167E+01     0.69974E-03    -0.86169E-03     0.96038E+00     0.46564E+00    -0.23997E-02     0.66806E-01     0.11822E+02     0.11684E+01     0.11740E+02     0.13709E+02     0.13776E+02     0.25664E+01    -0.53805E-04     0.19814E-04     0.31856E-02     0.50879E-02     0.12498E-01     0.28904E-02     0.76340E+00
     0.17285E+01     0.69290E-03    -0.88004E-03     0.95357E+00     0.46102E+00    -0.23938E-02     0.80373E-01     0.11712E+02     0.11734E+01     0.11618E+02     0.13624E+02     0.13705E+02     0.25673E+01    -0.51635E-04     0.13758E-04     0.31708E-02     0.51378E-02     0.12931E-01     0.29190E-02     0.76520E+00
     0.17400E+01     0.68508E-03    -0.89370E-03     0.94651E+00     0.45639E+00    -0.23814E-02     0.93927E-01     0.11602E+02     0.11784E+01     0.11497E+02     0.13540E+02     0.13634E+02     0.25683E+01    -0.49457E-04     0.73656E-05     0.31474E-02     0.51823E-02     0.13398E-01     0.29461E-02     0.76702E+00
     0.17514E+01     0.67630E-03    -0.90590E-03     0.93919E+00     0.45173E+00    -0.23619E-02     0.10731E+00     0.11492E+02     0.11835E+01     0.11376E+02     0.13455E+02     0.13562E+02     0.25694E+01    -0.47340E-04     0.57327E-06     0.31150E-02     0.52199E-02     0.13905E-01     0.29716E-02     0.76885E+00
     0.17626E+01     0.66659E-03    -0.91869E-03     0.93155E+00     0.44705E+00    -0.23349E-02     0.12036E+00     0.11382E+02     0.11886E+01     0.11255E+02     0.13370E+02     0.13491E+02     0.25707E+01    -0.45197E-04    -0.64766E-05     0.30730E-02     0.52505E-02     0.14453E-01     0.29952E-02     0.77070E+00
     0.17737E+01     0.65597E-03    -0.93404E-03     0.92358E+00     0.44232E+00    -0.23000E-02     0.13289E+00     0.11272E+02     0.11938E+01     0.11135E+02     0.13286E+02     0.13419E+02     0.25721E+01    -0.42922E-04    -0.13690E-04     0.30209E-02     0.52742E-02     0.15043E-01     0.30161E-02     0.77258E+00
     0.17845E+01     0.64446E-03    -0.95226E-03     0.91521E+00     0.43756E+00    -0.22569E-02     0.14465E+00     0.11163E+02     0.11991E+01     0.11016E+02     0.13202E+02     0.13346E+02     0.25736E+01    -0.40451E-04    -0.21024E-04     0.29584E-02     0.52915E-02     0.15677E-01     0.30335E-02     0.77448E+00
     0.17952E+01     0.63210E-03    -0.96962E-03     0.90640E+00     0.43273E+00    -0.22052E-02     0.15533E+00     0.11052E+02     0.12045E+01     0.10897E+02     0.13118E+02     0.13273E+02     0.25752E+01    -0.37893E-04    -0.28520E-04     0.28849E-02     0.53020E-02     0.16360E-01     0.30468E-02     0.77642E+00
     0.18057E+01     0.61892E-03    -0.97989E-03     0.89706E+00     0.42784E+00    -0.21444E-02     0.16454E+00     0.10941E+02     0.12100E+01     0.10779E+02     0.13035E+02     0.13199E+02     0.25769E+01    -0.35320E-04    -0.36092E-04     0.28001E-02     0.53050E-02     0.17095E-01     0.30554E-02     0.77840E+00
     0.18160E+01     0.60498E-03    -0.97699E-03     0.88713E+00     0.42285E+00    -0.20743E-02     0.17182E+00     0.10829E+02     0.12157E+01     0.10661E+02     0.12953E+02     0.13124E+02     0.25786E+01    -0.32814E-04    -0.43715E-04     0.27036E-02     0.52994E-02     0.17883E-01     0.30590E-02     0.78042E+00
     0.18261E+01     0.59032E-03    -0.95767E-03     0.87650E+00     0.41776E+00    -0.19947E-02     0.17659E+00     0.10715E+02     0.12215E+01     0.10544E+02     0.12871E+02     0.13048E+02     0.25804E+01    -0.30404E-04    -0.51352E-04     0.25954E-02     0.52847E-02     0.18725E-01     0.30568E-02     0.78250E+00
     0.18360E+01     0.57500E-03    -0.92330E-03     0.86507E+00     0.41253E+00    -0.19056E-02     0.17815E+00     0.10599E+02     0.12275E+01     0.10427E+02     0.12791E+02     0.12970E+02     0.25821E+01    -0.28192E-04    -0.59056E-04     0.24755E-02     0.52607E-02     0.19622E-01     0.30482E-02     0.78464E+00
     0.18457E+01     0.55905E-03    -0.87816E-03     0.85269E+00     0.40714E+00    -0.18074E-02     0.17566E+00     0.10480E+02     0.12337E+01     0.10311E+02     0.12713E+02     0.12889E+02     0.25838E+01    -0.26100E-04    -0.66897E-04     0.23444E-02     0.52271E-02     0.20569E-01     0.30322E-02     0.78687E+00
     0.18552E+01     0.54255E-03    -0.82779E-03     0.83921E+00     0.40154E+00    -0.17004E-02     0.16806E+00     0.10358E+02     0.12403E+01     0.10195E+02     0.12638E+02     0.12806E+02     0.25855E+01    -0.24155E-04    -0.74921E-04     0.22026E-02     0.51824E-02     0.21556E-01     0.30076E-02     0.78919E+00
     0.18645E+01     0.52553E-03    -0.77796E-03     0.82447E+00     0.39569E+00    -0.15853E-02     0.15410E+00     0.10232E+02     0.12472E+01     0.10081E+02     0.12565E+02     0.12719E+02     0.25870E+01    -0.22277E-04    -0.83078E-04     0.20513E-02     0.51236E-02     0.22571E-01     0.29731E-02     0.79164E+00
     0.18736E+01     0.50801E-03    -0.73359E-03     0.80824E+00     0.38952E+00    -0.14630E-02     0.13226E+00     0.10101E+02     0.12545E+01     0.99665E+01     0.12496E+02     0.12628E+02     0.25883E+01    -0.20454E-04    -0.91342E-04     0.18915E-02     0.50475E-02     0.23594E-01     0.29270E-02     0.79423E+00
     0.18825E+01     0.48992E-03    -0.69781E-03     0.79031E+00     0.38298E+00    -0.13348E-02     0.10070E+00     0.99622E+01     0.12623E+01     0.98532E+01     0.12431E+02     0.12532E+02     0.25893E+01    -0.18619E-04    -0.99634E-04     0.17250E-02     0.49511E-02     0.24603E-01     0.28670E-02     0.79700E+00
     0.18912E+01     0.47112E-03    -0.67167E-03     0.77041E+00     0.37597E+00    -0.12021E-02     0.57092E-01     0.98155E+01     0.12708E+01     0.97408E+01     0.12372E+02     0.12429E+02     0.25900E+01    -0.16805E-04    -0.10791E-03     0.15534E-02     0.48323E-02     0.25566E-01     0.27907E-02     0.79999E+00
     0.18996E+01     0.45132E-03    -0.65407E-03     0.74822E+00     0.36837E+00    -0.10664E-02    -0.14698E-02     0.96586E+01     0.12801E+01     0.96293E+01     0.12319E+02     0.12318E+02     0.25902E+01    -0.14993E-04    -0.11616E-03     0.13791E-02     0.46887E-02     0.26443E-01     0.26954E-02     0.80326E+00
     0.19078E+01     0.43013E-03    -0.64221E-03     0.72341E+00     0.36006E+00    -0.92985E-03    -0.78659E-01     0.94888E+01     0.12904E+01     0.95187E+01     0.12276E+02     0.12197E+02     0.25899E+01    -0.13309E-04    -0.12434E-03     0.12046E-02     0.45179E-02     0.27176E-01     0.25782E-02     0.80687E+00
     0.19158E+01     0.40695E-03    -0.63230E-03     0.69562E+00     0.35085E+00    -0.79476E-03    -0.17907E+00     0.93034E+01     0.13019E+01     0.94092E+01     0.12243E+02     0.12064E+02     0.25889E+01    -0.11891E-04    -0.13239E-03     0.10329E-02     0.43178E-02     0.27695E-01     0.24363E-02     0.81090E+00
     0.19236E+01     0.38102E-03    -0.62066E-03     0.66446E+00     0.34051E+00    -0.66358E-03    -0.30839E+00     0.90985E+01     0.13150E+01     0.93007E+01     0.12223E+02     0.11915E+02     0.25870E+01    -0.10759E-04    -0.14022E-03     0.86692E-03     0.40873E-02     0.27914E-01     0.22670E-02     0.81547E+00
     0.19311E+01     0.35141E-03    -0.60452E-03     0.62954E+00     0.32880E+00    -0.53882E-03    -0.47359E+00     0.88700E+01     0.13301E+01     0.91935E+01     0.12221E+02     0.11747E+02     0.25841E+01    -0.98761E-05    -0.14775E-03     0.70991E-03     0.38260E-02     0.27732E-01     0.20685E-02     0.82071E+00
     0.19384E+01     0.31720E-03    -0.58193E-03     0.59049E+00     0.31537E+00    -0.42286E-03    -0.68303E+00     0.86132E+01     0.13476E+01     0.90876E+01     0.12240E+02     0.11557E+02     0.25799E+01    -0.91570E-05    -0.15491E-03     0.56474E-03     0.35349E-02     0.27037E-01     0.18404E-02     0.82679E+00
     0.19455E+01     0.27773E-03    -0.55145E-03     0.54704E+00     0.29987E+00    -0.31781E-03    -0.94634E+00     0.83232E+01     0.13683E+01     0.89830E+01     0.12285E+02     0.11338E+02     0.25741E+01    -0.85318E-05    -0.16165E-03     0.43395E-03     0.32165E-02     0.25722E-01     0.15848E-02     0.83391E+00
     0.19523E+01     0.23304E-03    -0.51238E-03     0.49907E+00     0.28190E+00    -0.22539E-03    -0.12741E+01     0.79954E+01     0.13928E+01     0.88799E+01     0.12361E+02     0.11087E+02     0.25666E+01    -0.79668E-05    -0.16783E-03     0.31960E-03     0.28743E-02     0.23699E-01     0.13078E-02     0.84232E+00
     0.19589E+01     0.18437E-03    -0.46500E-03     0.44669E+00     0.26105E+00    -0.14682E-03    -0.16770E+01     0.76266E+01     0.14220E+01     0.87783E+01     0.12477E+02     0.10800E+02     0.25569E+01    -0.74069E-05    -0.17325E-03     0.22314E-03     0.25120E-02     0.20936E-01     0.10209E-02     0.85226E+00
     0.19652E+01     0.13450E-03    -0.41052E-03     0.39032E+00     0.23699E+00    -0.82761E-04    -0.21649E+01     0.72160E+01     0.14567E+01     0.86785E+01     0.12637E+02     0.10472E+02     0.25448E+01    -0.68439E-05    -0.17774E-03     0.14535E-03     0.21328E-02     0.17504E-01     0.74040E-03     0.86402E+00
     0.19713E+01     0.87678E-04    -0.35068E-03     0.33073E+00     0.20948E+00    -0.33275E-04    -0.27454E+01     0.67664E+01     0.14980E+01     0.85805E+01     0.12849E+02     0.10103E+02     0.25299E+01    -0.62577E-05    -0.18111E-03     0.86191E-04     0.17395E-02     0.13608E-01     0.48667E-03     0.87786E+00
     0.19771E+01     0.48698E-04    -0.28737E-03     0.26906E+00     0.17844E+00     0.22368E-05    -0.34229E+01     0.62842E+01     0.15466E+01     0.84844E+01     0.13118E+02     0.96953E+01     0.25120E+01    -0.56985E-05    -0.18335E-03     0.44731E-04     0.13365E-02     0.96015E-02     0.27947E-03     0.89399E+00
     0.19826E+01     0.21269E-04    -0.22222E-03     0.20665E+00     0.14398E+00     0.25115E-04    -0.41986E+01     0.57797E+01     0.16035E+01     0.83905E+01     0.13451E+02     0.92524E+01     0.24909E+01    -0.52069E-05    -0.18403E-03     0.18963E-04     0.93374E-03     0.59247E-02     0.13219E-03     0.91263E+00
     0.19879E+01     0.61805E-05    -0.15665E-03     0.14487E+00     0.10633E+00     0.37503E-04    -0.50710E+01     0.52646E+01     0.16694E+01     0.82988E+01     0.13852E+02     0.87809E+01     0.24665E+01    -0.47783E-05    -0.18470E-03     0.57161E-05     0.55244E-03     0.29869E-02     0.46139E-04     0.93393E+00
     0.19929E+01     0.72277E-06    -0.92078E-04     0.84913E-01     0.65757E-01     0.42471E-04    -0.60396E+01     0.47502E+01     0.17453E+01     0.82099E+01     0.14327E+02     0.82879E+01     0.24389E+01    -0.44808E-05    -0.18064E-03     0.86147E-06     0.23101E-03     0.10360E-02     0.90914E-05     0.95805E+00
     0.19977E+01     0.00000E+00    -0.29886E-04     0.27560E-01     0.22536E-01     0.43407E-04    -0.70998E+01     0.42460E+01     0.18323E+01     0.81208E+01     0.14880E+02     0.77798E+01     0.24076E+01    -0.49084E-05    -0.17624E-03     0.12883E-07     0.29825E-04     0.10947E-03     0.29149E-06     0.98520E+00
