     0.23093E-02     0.55670E-03     0.29689E-01     0.27217E-01     0.41807E-01     0.32722E-03     0.29271E-01     0.10931E-01    -0.52330E-05     0.59774E-05     0.22221E-05    -0.17828E-06     0.15152E-04     0.30476E+02     0.99210E+00     0.75258E+00     0.26334E+02
     0.70633E-02     0.17141E-02     0.54629E-01     0.82217E-01     0.43012E-01     0.10053E-02     0.32590E-01     0.32932E-01    -0.17688E-04     0.56340E-04    -0.22068E-04    -0.17192E-05     0.14092E-03     0.29757E+02     0.97727E+00     0.76118E+00     0.26291E+02
     0.12087E-01     0.29228E-02     0.91903E-01     0.13776E+00     0.44343E-01     0.17385E-02     0.43629E-01     0.55801E-01    -0.33181E-04     0.16299E-03    -0.90084E-04    -0.50773E-05     0.40264E-03     0.29114E+02     0.96378E+00     0.76912E+00     0.26246E+02
     0.17376E-01     0.41479E-02     0.13184E+00     0.19241E+00     0.45845E-01     0.25009E-02     0.58582E-01     0.78800E-01    -0.52186E-04     0.32675E-03    -0.20403E-03    -0.10369E-04     0.79810E-03     0.28543E+02     0.95161E+00     0.77639E+00     0.26198E+02
     0.22928E-01     0.53269E-02     0.17081E+00     0.24365E+00     0.47512E-01     0.32513E-02     0.74486E-01     0.10077E+00    -0.74569E-04     0.53669E-03    -0.35641E-03    -0.17315E-04     0.12979E-02     0.28040E+02     0.94072E+00     0.78297E+00     0.26147E+02
     0.28739E-01     0.63918E-02     0.20602E+00     0.28882E+00     0.49326E-01     0.39431E-02     0.89369E-01     0.12048E+00    -0.99548E-04     0.76999E-03    -0.52931E-03    -0.25199E-04     0.18460E-02     0.27600E+02     0.93108E+00     0.78886E+00     0.26094E+02
     0.34807E-01     0.72919E-02     0.23554E+00     0.32608E+00     0.51262E-01     0.45396E-02     0.10199E+00     0.13703E+00    -0.12589E-03     0.99908E-03    -0.70005E-03    -0.33097E-04     0.23777E-02     0.27217E+02     0.92260E+00     0.79410E+00     0.26037E+02
     0.41127E-01     0.80056E-02     0.25852E+00     0.35484E+00     0.53288E-01     0.50227E-02     0.11177E+00     0.15004E+00    -0.15227E-03     0.12011E-02    -0.84928E-03    -0.40205E-04     0.28406E-02     0.26886E+02     0.91519E+00     0.79871E+00     0.25978E+02
     0.47696E-01     0.85400E-02     0.27520E+00     0.37568E+00     0.55373E-01     0.53934E-02     0.11872E+00     0.15970E+00    -0.17765E-03     0.13638E-02    -0.96635E-03    -0.46054E-04     0.32082E-02     0.26601E+02     0.90875E+00     0.80275E+00     0.25916E+02
     0.54512E-01     0.89225E-02     0.28654E+00     0.38998E+00     0.57494E-01     0.56669E-02     0.12322E+00     0.16654E+00    -0.20144E-03     0.14858E-02    -0.10499E-02    -0.50558E-04     0.34795E-02     0.26355E+02     0.90316E+00     0.80628E+00     0.25851E+02
     0.61570E-01     0.91902E-02     0.29384E+00     0.39944E+00     0.59634E-01     0.58657E-02     0.12587E+00     0.17125E+00    -0.22356E-03     0.15738E-02    -0.11049E-02    -0.53901E-04     0.36708E-02     0.26143E+02     0.89830E+00     0.80937E+00     0.25785E+02
     0.68868E-01     0.93809E-02     0.29845E+00     0.40571E+00     0.61783E-01     0.60134E-02     0.12727E+00     0.17455E+00    -0.24426E-03     0.16373E-02    -0.11397E-02    -0.56405E-04     0.38057E-02     0.25958E+02     0.89405E+00     0.81208E+00     0.25716E+02
     0.76401E-01     0.95269E-02     0.30150E+00     0.41019E+00     0.63939E-01     0.61308E-02     0.12795E+00     0.17703E+00    -0.26401E-03     0.16865E-02    -0.11622E-02    -0.58401E-04     0.39077E-02     0.25795E+02     0.89028E+00     0.81450E+00     0.25645E+02
     0.84168E-01     0.96529E-02     0.30385E+00     0.41394E+00     0.66106E-01     0.62340E-02     0.12831E+00     0.17916E+00    -0.28333E-03     0.17293E-02    -0.11790E-02    -0.60170E-04     0.39955E-02     0.25650E+02     0.88692E+00     0.81666E+00     0.25573E+02
     0.92164E-01     0.97758E-02     0.30609E+00     0.41764E+00     0.68289E-01     0.63342E-02     0.12861E+00     0.18124E+00    -0.30269E-03     0.17717E-02    -0.11949E-02    -0.61916E-04     0.40826E-02     0.25519E+02     0.88386E+00     0.81864E+00     0.25499E+02
     0.10039E+00     0.99058E-02     0.30857E+00     0.42170E+00     0.70495E-01     0.64383E-02     0.12902E+00     0.18346E+00    -0.32249E-03     0.18172E-02    -0.12126E-02    -0.63770E-04     0.41771E-02     0.25399E+02     0.88105E+00     0.82046E+00     0.25423E+02
     0.10883E+00     0.10048E-01     0.31145E+00     0.42633E+00     0.72732E-01     0.65499E-02     0.12961E+00     0.18591E+00    -0.34302E-03     0.18679E-02    -0.12336E-02    -0.65806E-04     0.42835E-02     0.25287E+02     0.87842E+00     0.82216E+00     0.25345E+02
     0.11749E+00     0.10204E-01     0.31481E+00     0.43158E+00     0.75006E-01     0.66703E-02     0.13041E+00     0.18862E+00    -0.36447E-03     0.19246E-02    -0.12585E-02    -0.68058E-04     0.44037E-02     0.25182E+02     0.87594E+00     0.82378E+00     0.25266E+02
     0.12637E+00     0.10374E-01     0.31861E+00     0.43742E+00     0.77322E-01     0.67996E-02     0.13140E+00     0.19158E+00    -0.38697E-03     0.19873E-02    -0.12872E-02    -0.70533E-04     0.45375E-02     0.25082E+02     0.87357E+00     0.82533E+00     0.25186E+02
     0.13547E+00     0.10556E-01     0.32279E+00     0.44376E+00     0.79684E-01     0.69370E-02     0.13257E+00     0.19477E+00    -0.41058E-03     0.20558E-02    -0.13194E-02    -0.73219E-04     0.46841E-02     0.24985E+02     0.87129E+00     0.82683E+00     0.25104E+02
     0.14477E+00     0.10748E-01     0.32729E+00     0.45053E+00     0.82093E-01     0.70811E-02     0.13386E+00     0.19814E+00    -0.43532E-03     0.21295E-02    -0.13545E-02    -0.76100E-04     0.48420E-02     0.24892E+02     0.86906E+00     0.82829E+00     0.25021E+02
     0.15428E+00     0.10948E-01     0.33202E+00     0.45763E+00     0.84550E-01     0.72310E-02     0.13525E+00     0.20166E+00    -0.46123E-03     0.22077E-02    -0.13921E-02    -0.79159E-04     0.50099E-02     0.24800E+02     0.86688E+00     0.82973E+00     0.24937E+02
     0.16399E+00     0.11156E-01     0.33697E+00     0.46501E+00     0.87053E-01     0.73862E-02     0.13673E+00     0.20531E+00    -0.48832E-03     0.22903E-02    -0.14319E-02    -0.82391E-04     0.51873E-02     0.24711E+02     0.86474E+00     0.83114E+00     0.24851E+02
     0.17390E+00     0.11370E-01     0.34210E+00     0.47264E+00     0.89602E-01     0.75462E-02     0.13827E+00     0.20908E+00    -0.51663E-03     0.23772E-02    -0.14737E-02    -0.85793E-04     0.53737E-02     0.24622E+02     0.86262E+00     0.83255E+00     0.24764E+02
     0.18401E+00     0.11590E-01     0.34738E+00     0.48048E+00     0.92196E-01     0.77106E-02     0.13988E+00     0.21296E+00    -0.54620E-03     0.24681E-02    -0.15173E-02    -0.89359E-04     0.55686E-02     0.24535E+02     0.86051E+00     0.83395E+00     0.24677E+02
     0.19431E+00     0.11815E-01     0.35277E+00     0.48848E+00     0.94833E-01     0.78788E-02     0.14151E+00     0.21691E+00    -0.57706E-03     0.25627E-02    -0.15625E-02    -0.93079E-04     0.57710E-02     0.24447E+02     0.85840E+00     0.83535E+00     0.24588E+02
     0.20480E+00     0.12044E-01     0.35822E+00     0.49658E+00     0.97513E-01     0.80501E-02     0.14316E+00     0.22093E+00    -0.60927E-03     0.26606E-02    -0.16087E-02    -0.96941E-04     0.59801E-02     0.24360E+02     0.85629E+00     0.83675E+00     0.24498E+02
     0.21547E+00     0.12275E-01     0.36371E+00     0.50475E+00     0.10023E+00     0.82242E-02     0.14480E+00     0.22499E+00    -0.64284E-03     0.27615E-02    -0.16558E-02    -0.10094E-03     0.61952E-02     0.24273E+02     0.85418E+00     0.83817E+00     0.24407E+02
     0.22633E+00     0.12508E-01     0.36921E+00     0.51297E+00     0.10299E+00     0.84007E-02     0.14642E+00     0.22908E+00    -0.67783E-03     0.28653E-02    -0.17035E-02    -0.10507E-03     0.64159E-02     0.24186E+02     0.85205E+00     0.83959E+00     0.24314E+02
     0.23737E+00     0.12744E-01     0.37471E+00     0.52120E+00     0.10580E+00     0.85793E-02     0.14802E+00     0.23320E+00    -0.71425E-03     0.29717E-02    -0.17516E-02    -0.10932E-03     0.66415E-02     0.24098E+02     0.84991E+00     0.84103E+00     0.24221E+02
     0.24859E+00     0.12981E-01     0.38018E+00     0.52942E+00     0.10863E+00     0.87598E-02     0.14959E+00     0.23734E+00    -0.75212E-03     0.30807E-02    -0.18000E-02    -0.11370E-03     0.68717E-02     0.24009E+02     0.84775E+00     0.84249E+00     0.24127E+02
     0.25997E+00     0.13219E-01     0.38562E+00     0.53763E+00     0.11151E+00     0.89420E-02     0.15113E+00     0.24149E+00    -0.79142E-03     0.31919E-02    -0.18485E-02    -0.11819E-03     0.71060E-02     0.23920E+02     0.84556E+00     0.84396E+00     0.24032E+02
     0.27153E+00     0.13457E-01     0.39101E+00     0.54579E+00     0.11442E+00     0.91256E-02     0.15262E+00     0.24563E+00    -0.83214E-03     0.33052E-02    -0.18971E-02    -0.12279E-03     0.73439E-02     0.23830E+02     0.84335E+00     0.84546E+00     0.23937E+02
     0.28325E+00     0.13695E-01     0.39635E+00     0.55389E+00     0.11737E+00     0.93104E-02     0.15408E+00     0.24977E+00    -0.87427E-03     0.34204E-02    -0.19454E-02    -0.12749E-03     0.75848E-02     0.23740E+02     0.84111E+00     0.84698E+00     0.23840E+02
     0.29514E+00     0.13933E-01     0.40159E+00     0.56188E+00     0.12035E+00     0.94958E-02     0.15548E+00     0.25388E+00    -0.91778E-03     0.35371E-02    -0.19931E-02    -0.13229E-03     0.78277E-02     0.23648E+02     0.83885E+00     0.84852E+00     0.23742E+02
     0.30719E+00     0.14169E-01     0.40673E+00     0.56974E+00     0.12337E+00     0.96816E-02     0.15682E+00     0.25796E+00    -0.96264E-03     0.36548E-02    -0.20401E-02    -0.13716E-03     0.80718E-02     0.23555E+02     0.83655E+00     0.85009E+00     0.23643E+02
     0.31939E+00     0.14405E-01     0.41179E+00     0.57751E+00     0.12641E+00     0.98682E-02     0.15811E+00     0.26201E+00    -0.10089E-02     0.37740E-02    -0.20867E-02    -0.14213E-03     0.83179E-02     0.23462E+02     0.83421E+00     0.85168E+00     0.23544E+02
     0.33174E+00     0.14640E-01     0.41681E+00     0.58521E+00     0.12948E+00     0.10056E-01     0.15938E+00     0.26606E+00    -0.10565E-02     0.38950E-02    -0.21330E-02    -0.14721E-03     0.85666E-02     0.23367E+02     0.83185E+00     0.85330E+00     0.23444E+02
     0.34425E+00     0.14876E-01     0.42175E+00     0.59280E+00     0.13257E+00     0.10245E-01     0.16061E+00     0.27008E+00    -0.11056E-02     0.40174E-02    -0.21788E-02    -0.15238E-03     0.88171E-02     0.23271E+02     0.82944E+00     0.85495E+00     0.23342E+02
     0.35690E+00     0.15109E-01     0.42657E+00     0.60024E+00     0.13569E+00     0.10435E-01     0.16177E+00     0.27406E+00    -0.11560E-02     0.41406E-02    -0.22236E-02    -0.15764E-03     0.90680E-02     0.23174E+02     0.82701E+00     0.85663E+00     0.23240E+02
     0.36969E+00     0.15341E-01     0.43128E+00     0.60753E+00     0.13883E+00     0.10624E-01     0.16287E+00     0.27800E+00    -0.12078E-02     0.42646E-02    -0.22673E-02    -0.16297E-03     0.93189E-02     0.23076E+02     0.82453E+00     0.85834E+00     0.23137E+02
     0.38262E+00     0.15571E-01     0.43585E+00     0.61465E+00     0.14198E+00     0.10814E-01     0.16390E+00     0.28189E+00    -0.12610E-02     0.43889E-02    -0.23096E-02    -0.16836E-03     0.95692E-02     0.22976E+02     0.82202E+00     0.86008E+00     0.23034E+02
     0.39569E+00     0.15798E-01     0.44027E+00     0.62158E+00     0.14515E+00     0.11003E-01     0.16485E+00     0.28571E+00    -0.13156E-02     0.45133E-02    -0.23504E-02    -0.17380E-03     0.98182E-02     0.22876E+02     0.81948E+00     0.86185E+00     0.22929E+02
     0.40890E+00     0.16023E-01     0.44457E+00     0.62835E+00     0.14833E+00     0.11193E-01     0.16573E+00     0.28949E+00    -0.13715E-02     0.46381E-02    -0.23898E-02    -0.17931E-03     0.10066E-01     0.22774E+02     0.81689E+00     0.86365E+00     0.22824E+02
     0.42223E+00     0.16246E-01     0.44875E+00     0.63497E+00     0.15152E+00     0.11383E-01     0.16655E+00     0.29322E+00    -0.14289E-02     0.47635E-02    -0.24279E-02    -0.18490E-03     0.10314E-01     0.22672E+02     0.81427E+00     0.86548E+00     0.22718E+02
     0.43569E+00     0.16470E-01     0.45287E+00     0.64149E+00     0.15473E+00     0.11574E-01     0.16734E+00     0.29694E+00    -0.14877E-02     0.48902E-02    -0.24655E-02    -0.19059E-03     0.10563E-01     0.22568E+02     0.81162E+00     0.86735E+00     0.22611E+02
     0.44927E+00     0.16693E-01     0.45695E+00     0.64792E+00     0.15794E+00     0.11767E-01     0.16809E+00     0.30064E+00    -0.15481E-02     0.50184E-02    -0.25025E-02    -0.19640E-03     0.10814E-01     0.22463E+02     0.80893E+00     0.86924E+00     0.22503E+02
     0.46297E+00     0.16917E-01     0.46095E+00     0.65426E+00     0.16116E+00     0.11962E-01     0.16881E+00     0.30433E+00    -0.16102E-02     0.51479E-02    -0.25387E-02    -0.20233E-03     0.11066E-01     0.22357E+02     0.80620E+00     0.87116E+00     0.22394E+02
     0.47679E+00     0.17139E-01     0.46488E+00     0.66047E+00     0.16438E+00     0.12159E-01     0.16947E+00     0.30800E+00    -0.16739E-02     0.52785E-02    -0.25741E-02    -0.20836E-03     0.11318E-01     0.22251E+02     0.80343E+00     0.87312E+00     0.22285E+02
     0.49072E+00     0.17362E-01     0.46876E+00     0.66660E+00     0.16760E+00     0.12357E-01     0.17010E+00     0.31165E+00    -0.17392E-02     0.54106E-02    -0.26087E-02    -0.21451E-03     0.11572E-01     0.22143E+02     0.80063E+00     0.87511E+00     0.22175E+02
     0.50476E+00     0.17586E-01     0.47257E+00     0.67262E+00     0.17083E+00     0.12557E-01     0.17069E+00     0.31529E+00    -0.18063E-02     0.55441E-02    -0.26427E-02    -0.22079E-03     0.11826E-01     0.22034E+02     0.79780E+00     0.87713E+00     0.22064E+02
     0.51891E+00     0.17808E-01     0.47629E+00     0.67851E+00     0.17405E+00     0.12759E-01     0.17122E+00     0.31889E+00    -0.18750E-02     0.56784E-02    -0.26754E-02    -0.22717E-03     0.12080E-01     0.21924E+02     0.79493E+00     0.87918E+00     0.21952E+02
     0.53316E+00     0.18029E-01     0.47992E+00     0.68427E+00     0.17727E+00     0.12962E-01     0.17170E+00     0.32247E+00    -0.19453E-02     0.58134E-02    -0.27070E-02    -0.23365E-03     0.12334E-01     0.21814E+02     0.79202E+00     0.88126E+00     0.21840E+02
     0.54751E+00     0.18250E-01     0.48349E+00     0.68992E+00     0.18049E+00     0.13167E-01     0.17214E+00     0.32603E+00    -0.20172E-02     0.59496E-02    -0.27378E-02    -0.24025E-03     0.12589E-01     0.21702E+02     0.78907E+00     0.88338E+00     0.21727E+02
     0.56196E+00     0.18472E-01     0.48705E+00     0.69552E+00     0.18371E+00     0.13375E-01     0.17258E+00     0.32959E+00    -0.20908E-02     0.60878E-02    -0.27685E-02    -0.24701E-03     0.12845E-01     0.21589E+02     0.78609E+00     0.88553E+00     0.21613E+02
     0.57649E+00     0.18697E-01     0.49066E+00     0.70111E+00     0.18692E+00     0.13586E-01     0.17305E+00     0.33317E+00    -0.21661E-02     0.62289E-02    -0.27997E-02    -0.25396E-03     0.13106E-01     0.21476E+02     0.78307E+00     0.88772E+00     0.21499E+02
     0.59112E+00     0.18925E-01     0.49436E+00     0.70674E+00     0.19012E+00     0.13802E-01     0.17357E+00     0.33681E+00    -0.22432E-02     0.63738E-02    -0.28321E-02    -0.26116E-03     0.13372E-01     0.21361E+02     0.78002E+00     0.88994E+00     0.21384E+02
     0.60584E+00     0.19158E-01     0.49814E+00     0.71241E+00     0.19332E+00     0.14023E-01     0.17412E+00     0.34050E+00    -0.23224E-02     0.65227E-02    -0.28658E-02    -0.26860E-03     0.13645E-01     0.21246E+02     0.77693E+00     0.89219E+00     0.21268E+02
     0.62064E+00     0.19394E-01     0.50202E+00     0.71811E+00     0.19650E+00     0.14250E-01     0.17473E+00     0.34424E+00    -0.24036E-02     0.66757E-02    -0.29008E-02    -0.27630E-03     0.13923E-01     0.21129E+02     0.77379E+00     0.89449E+00     0.21151E+02
     0.63552E+00     0.19635E-01     0.50601E+00     0.72386E+00     0.19968E+00     0.14482E-01     0.17538E+00     0.34804E+00    -0.24870E-02     0.68332E-02    -0.29373E-02    -0.28429E-03     0.14209E-01     0.21012E+02     0.77062E+00     0.89682E+00     0.21034E+02
     0.65047E+00     0.19880E-01     0.51009E+00     0.72966E+00     0.20285E+00     0.14720E-01     0.17608E+00     0.35191E+00    -0.25726E-02     0.69953E-02    -0.29754E-02    -0.29257E-03     0.14502E-01     0.20894E+02     0.76742E+00     0.89918E+00     0.20916E+02
     0.66550E+00     0.20129E-01     0.51426E+00     0.73549E+00     0.20600E+00     0.14964E-01     0.17680E+00     0.35582E+00    -0.26605E-02     0.71617E-02    -0.30148E-02    -0.30113E-03     0.14800E-01     0.20775E+02     0.76417E+00     0.90158E+00     0.20798E+02
     0.68060E+00     0.20382E-01     0.51849E+00     0.74135E+00     0.20913E+00     0.15213E-01     0.17756E+00     0.35978E+00    -0.27507E-02     0.73323E-02    -0.30553E-02    -0.30998E-03     0.15106E-01     0.20655E+02     0.76089E+00     0.90402E+00     0.20678E+02
     0.69576E+00     0.20639E-01     0.52283E+00     0.74725E+00     0.21225E+00     0.15467E-01     0.17835E+00     0.36379E+00    -0.28430E-02     0.75077E-02    -0.30975E-02    -0.31914E-03     0.15418E-01     0.20534E+02     0.75757E+00     0.90650E+00     0.20559E+02
     0.71099E+00     0.20900E-01     0.52726E+00     0.75318E+00     0.21534E+00     0.15727E-01     0.17919E+00     0.36786E+00    -0.29376E-02     0.76877E-02    -0.31413E-02    -0.32861E-03     0.15737E-01     0.20413E+02     0.75421E+00     0.90901E+00     0.20438E+02
     0.72628E+00     0.21165E-01     0.53178E+00     0.75912E+00     0.21840E+00     0.15993E-01     0.18007E+00     0.37197E+00    -0.30342E-02     0.78720E-02    -0.31866E-02    -0.33839E-03     0.16061E-01     0.20290E+02     0.75082E+00     0.91156E+00     0.20317E+02
     0.74162E+00     0.21433E-01     0.53640E+00     0.76507E+00     0.22144E+00     0.16264E-01     0.18101E+00     0.37613E+00    -0.31329E-02     0.80610E-02    -0.32339E-02    -0.34850E-03     0.16393E-01     0.20167E+02     0.74739E+00     0.91415E+00     0.20195E+02
     0.75702E+00     0.21706E-01     0.54113E+00     0.77106E+00     0.22445E+00     0.16542E-01     0.18202E+00     0.38033E+00    -0.32336E-02     0.82550E-02    -0.32832E-02    -0.35896E-03     0.16731E-01     0.20043E+02     0.74393E+00     0.91677E+00     0.20073E+02
     0.77247E+00     0.21984E-01     0.54600E+00     0.77709E+00     0.22743E+00     0.16826E-01     0.18309E+00     0.38461E+00    -0.33366E-02     0.84546E-02    -0.33350E-02    -0.36980E-03     0.17078E-01     0.19919E+02     0.74043E+00     0.91944E+00     0.19950E+02
     0.78796E+00     0.22267E-01     0.55100E+00     0.78318E+00     0.23037E+00     0.17117E-01     0.18424E+00     0.38895E+00    -0.34418E-02     0.86599E-02    -0.33894E-02    -0.38103E-03     0.17433E-01     0.19794E+02     0.73689E+00     0.92214E+00     0.19827E+02
     0.80350E+00     0.22553E-01     0.55609E+00     0.78926E+00     0.23327E+00     0.17414E-01     0.18542E+00     0.39332E+00    -0.35491E-02     0.88699E-02    -0.34456E-02    -0.39262E-03     0.17794E-01     0.19668E+02     0.73332E+00     0.92488E+00     0.19703E+02
     0.81907E+00     0.22842E-01     0.56123E+00     0.79531E+00     0.23614E+00     0.17716E-01     0.18665E+00     0.39772E+00    -0.36582E-02     0.90838E-02    -0.35033E-02    -0.40453E-03     0.18159E-01     0.19542E+02     0.72971E+00     0.92766E+00     0.19579E+02
     0.83469E+00     0.23133E-01     0.56643E+00     0.80131E+00     0.23896E+00     0.18022E-01     0.18793E+00     0.40213E+00    -0.37689E-02     0.93016E-02    -0.35627E-02    -0.41677E-03     0.18529E-01     0.19415E+02     0.72607E+00     0.93048E+00     0.19454E+02
     0.85033E+00     0.23425E-01     0.57168E+00     0.80727E+00     0.24173E+00     0.18333E-01     0.18923E+00     0.40656E+00    -0.38812E-02     0.95230E-02    -0.36234E-02    -0.42933E-03     0.18903E-01     0.19287E+02     0.72239E+00     0.93334E+00     0.19329E+02
     0.86601E+00     0.23720E-01     0.57696E+00     0.81317E+00     0.24446E+00     0.18649E-01     0.19056E+00     0.41100E+00    -0.39952E-02     0.97481E-02    -0.36855E-02    -0.44222E-03     0.19281E-01     0.19159E+02     0.71868E+00     0.93623E+00     0.19203E+02
     0.88171E+00     0.24019E-01     0.58235E+00     0.81908E+00     0.24714E+00     0.18971E-01     0.19194E+00     0.41548E+00    -0.41112E-02     0.99785E-02    -0.37500E-02    -0.45552E-03     0.19666E-01     0.19030E+02     0.71494E+00     0.93917E+00     0.19077E+02
     0.89744E+00     0.24322E-01     0.58787E+00     0.82502E+00     0.24976E+00     0.19301E-01     0.19340E+00     0.42002E+00    -0.42292E-02     0.10215E-01    -0.38176E-02    -0.46928E-03     0.20058E-01     0.18901E+02     0.71116E+00     0.94214E+00     0.18950E+02
     0.91319E+00     0.24630E-01     0.59352E+00     0.83096E+00     0.25233E+00     0.19637E-01     0.19494E+00     0.42460E+00    -0.43490E-02     0.10457E-01    -0.38884E-02    -0.48350E-03     0.20458E-01     0.18772E+02     0.70736E+00     0.94516E+00     0.18823E+02
     0.92895E+00     0.24941E-01     0.59928E+00     0.83687E+00     0.25484E+00     0.19980E-01     0.19655E+00     0.42922E+00    -0.44702E-02     0.10704E-01    -0.39622E-02    -0.49815E-03     0.20863E-01     0.18642E+02     0.70352E+00     0.94821E+00     0.18695E+02
     0.94473E+00     0.25254E-01     0.60514E+00     0.84276E+00     0.25729E+00     0.20329E-01     0.19824E+00     0.43386E+00    -0.45928E-02     0.10956E-01    -0.40388E-02    -0.51323E-03     0.21274E-01     0.18512E+02     0.69964E+00     0.95130E+00     0.18567E+02
     0.96051E+00     0.25573E-01     0.61114E+00     0.84865E+00     0.25968E+00     0.20686E-01     0.20001E+00     0.43855E+00    -0.47170E-02     0.11214E-01    -0.41190E-02    -0.52880E-03     0.21693E-01     0.18381E+02     0.69574E+00     0.95443E+00     0.18439E+02
     0.97631E+00     0.25896E-01     0.61729E+00     0.85457E+00     0.26200E+00     0.21050E-01     0.20187E+00     0.44329E+00    -0.48430E-02     0.11478E-01    -0.42032E-02    -0.54491E-03     0.22120E-01     0.18250E+02     0.69180E+00     0.95761E+00     0.18311E+02
     0.99210E+00     0.26224E-01     0.62361E+00     0.86054E+00     0.26425E+00     0.21423E-01     0.20382E+00     0.44810E+00    -0.49707E-02     0.11750E-01    -0.42920E-02    -0.56159E-03     0.22557E-01     0.18119E+02     0.68783E+00     0.96082E+00     0.18182E+02
     0.10079E+01     0.26557E-01     0.63005E+00     0.86649E+00     0.26643E+00     0.21803E-01     0.20585E+00     0.45296E+00    -0.50998E-02     0.12028E-01    -0.43846E-02    -0.57880E-03     0.23001E-01     0.17987E+02     0.68383E+00     0.96408E+00     0.18053E+02
     0.10237E+01     0.26891E-01     0.63657E+00     0.87239E+00     0.26854E+00     0.22189E-01     0.20793E+00     0.45782E+00    -0.52300E-02     0.12310E-01    -0.44801E-02    -0.59648E-03     0.23449E-01     0.17855E+02     0.67980E+00     0.96738E+00     0.17923E+02
     0.10395E+01     0.27229E-01     0.64316E+00     0.87824E+00     0.27056E+00     0.22581E-01     0.21005E+00     0.46270E+00    -0.53612E-02     0.12597E-01    -0.45786E-02    -0.61462E-03     0.23902E-01     0.17723E+02     0.67574E+00     0.97072E+00     0.17793E+02
     0.10553E+01     0.27567E-01     0.64979E+00     0.88399E+00     0.27250E+00     0.22978E-01     0.21221E+00     0.46757E+00    -0.54928E-02     0.12888E-01    -0.46796E-02    -0.63318E-03     0.24357E-01     0.17590E+02     0.67165E+00     0.97410E+00     0.17663E+02
     0.10711E+01     0.27903E-01     0.65638E+00     0.88957E+00     0.27436E+00     0.23378E-01     0.21438E+00     0.47239E+00    -0.56243E-02     0.13180E-01    -0.47818E-02    -0.65206E-03     0.24810E-01     0.17458E+02     0.66753E+00     0.97751E+00     0.17533E+02
     0.10868E+01     0.28237E-01     0.66289E+00     0.89495E+00     0.27613E+00     0.23779E-01     0.21654E+00     0.47713E+00    -0.57555E-02     0.13472E-01    -0.48845E-02    -0.67120E-03     0.25258E-01     0.17325E+02     0.66339E+00     0.98097E+00     0.17402E+02
     0.11026E+01     0.28571E-01     0.66941E+00     0.90020E+00     0.27781E+00     0.24185E-01     0.21873E+00     0.48185E+00    -0.58863E-02     0.13765E-01    -0.49892E-02    -0.69070E-03     0.25706E-01     0.17192E+02     0.65922E+00     0.98446E+00     0.17272E+02
     0.11183E+01     0.28904E-01     0.67595E+00     0.90533E+00     0.27939E+00     0.24594E-01     0.22096E+00     0.48654E+00    -0.60168E-02     0.14062E-01    -0.50964E-02    -0.71059E-03     0.26155E-01     0.17060E+02     0.65503E+00     0.98799E+00     0.17141E+02
     0.11340E+01     0.29237E-01     0.68248E+00     0.91034E+00     0.28088E+00     0.25007E-01     0.22321E+00     0.49120E+00    -0.61467E-02     0.14360E-01    -0.52056E-02    -0.73083E-03     0.26602E-01     0.16927E+02     0.65082E+00     0.99156E+00     0.17010E+02
     0.11497E+01     0.29570E-01     0.68902E+00     0.91521E+00     0.28226E+00     0.25424E-01     0.22548E+00     0.49582E+00    -0.62760E-02     0.14660E-01    -0.53170E-02    -0.75146E-03     0.27049E-01     0.16795E+02     0.64658E+00     0.99517E+00     0.16879E+02
     0.11653E+01     0.29903E-01     0.69561E+00     0.91999E+00     0.28355E+00     0.25846E-01     0.22779E+00     0.50043E+00    -0.64050E-02     0.14963E-01    -0.54316E-02    -0.77254E-03     0.27496E-01     0.16662E+02     0.64232E+00     0.99882E+00     0.16748E+02
     0.11809E+01     0.30238E-01     0.70228E+00     0.92469E+00     0.28474E+00     0.26274E-01     0.23018E+00     0.50504E+00    -0.65334E-02     0.15270E-01    -0.55504E-02    -0.79414E-03     0.27947E-01     0.16530E+02     0.63803E+00     0.10025E+01     0.16616E+02
     0.11965E+01     0.30573E-01     0.70899E+00     0.92928E+00     0.28583E+00     0.26706E-01     0.23262E+00     0.50963E+00    -0.66605E-02     0.15579E-01    -0.56724E-02    -0.81616E-03     0.28396E-01     0.16397E+02     0.63372E+00     0.10062E+01     0.16485E+02
     0.12120E+01     0.30905E-01     0.71565E+00     0.93368E+00     0.28681E+00     0.27140E-01     0.23507E+00     0.51414E+00    -0.67857E-02     0.15888E-01    -0.57956E-02    -0.83842E-03     0.28840E-01     0.16265E+02     0.62938E+00     0.10100E+01     0.16353E+02
     0.12275E+01     0.31234E-01     0.72224E+00     0.93789E+00     0.28769E+00     0.27576E-01     0.23752E+00     0.51858E+00    -0.69087E-02     0.16196E-01    -0.59200E-02    -0.86094E-03     0.29279E-01     0.16133E+02     0.62503E+00     0.10138E+01     0.16222E+02
     0.12430E+01     0.31561E-01     0.72877E+00     0.94192E+00     0.28845E+00     0.28013E-01     0.23997E+00     0.52295E+00    -0.70298E-02     0.16503E-01    -0.60455E-02    -0.88371E-03     0.29712E-01     0.16001E+02     0.62065E+00     0.10177E+01     0.16090E+02
     0.12584E+01     0.31885E-01     0.73529E+00     0.94581E+00     0.28911E+00     0.28453E-01     0.24243E+00     0.52727E+00    -0.71490E-02     0.16810E-01    -0.61733E-02    -0.90682E-03     0.30141E-01     0.15869E+02     0.61625E+00     0.10216E+01     0.15959E+02
     0.12737E+01     0.32210E-01     0.74183E+00     0.94956E+00     0.28966E+00     0.28897E-01     0.24493E+00     0.53155E+00    -0.72663E-02     0.17119E-01    -0.63044E-02    -0.93036E-03     0.30568E-01     0.15737E+02     0.61182E+00     0.10255E+01     0.15827E+02
     0.12890E+01     0.32532E-01     0.74834E+00     0.95315E+00     0.29009E+00     0.29344E-01     0.24743E+00     0.53578E+00    -0.73814E-02     0.17428E-01    -0.64375E-02    -0.95421E-03     0.30991E-01     0.15606E+02     0.60738E+00     0.10295E+01     0.15696E+02
     0.13042E+01     0.32851E-01     0.75477E+00     0.95654E+00     0.29041E+00     0.29793E-01     0.24992E+00     0.53993E+00    -0.74940E-02     0.17735E-01    -0.65718E-02    -0.97831E-03     0.31406E-01     0.15475E+02     0.60292E+00     0.10335E+01     0.15565E+02
     0.13194E+01     0.33168E-01     0.76114E+00     0.95974E+00     0.29061E+00     0.30244E-01     0.25239E+00     0.54400E+00    -0.76041E-02     0.18041E-01    -0.67073E-02    -0.10027E-02     0.31814E-01     0.15344E+02     0.59845E+00     0.10375E+01     0.15433E+02
     0.13345E+01     0.33480E-01     0.76741E+00     0.96273E+00     0.29070E+00     0.30697E-01     0.25484E+00     0.54798E+00    -0.77112E-02     0.18344E-01    -0.68438E-02    -0.10273E-02     0.32214E-01     0.15213E+02     0.59396E+00     0.10416E+01     0.15302E+02
     0.13495E+01     0.33787E-01     0.77357E+00     0.96548E+00     0.29066E+00     0.31149E-01     0.25725E+00     0.55186E+00    -0.78149E-02     0.18644E-01    -0.69805E-02    -0.10520E-02     0.32602E-01     0.15084E+02     0.58945E+00     0.10457E+01     0.15171E+02
     0.13645E+01     0.34089E-01     0.77962E+00     0.96798E+00     0.29050E+00     0.31601E-01     0.25965E+00     0.55563E+00    -0.79142E-02     0.18939E-01    -0.71176E-02    -0.10768E-02     0.32978E-01     0.14954E+02     0.58493E+00     0.10498E+01     0.15040E+02
     0.13794E+01     0.34386E-01     0.78558E+00     0.97024E+00     0.29021E+00     0.32052E-01     0.26206E+00     0.55928E+00    -0.80087E-02     0.19229E-01    -0.72557E-02    -0.11016E-02     0.33343E-01     0.14825E+02     0.58040E+00     0.10540E+01     0.14910E+02
     0.13942E+01     0.34674E-01     0.79134E+00     0.97219E+00     0.28979E+00     0.32500E-01     0.26441E+00     0.56278E+00    -0.80980E-02     0.19512E-01    -0.73920E-02    -0.11264E-02     0.33690E-01     0.14696E+02     0.57586E+00     0.10583E+01     0.14779E+02
     0.14089E+01     0.34951E-01     0.79679E+00     0.97377E+00     0.28924E+00     0.32941E-01     0.26664E+00     0.56607E+00    -0.81814E-02     0.19782E-01    -0.75241E-02    -0.11508E-02     0.34013E-01     0.14568E+02     0.57131E+00     0.10625E+01     0.14649E+02
     0.14235E+01     0.35218E-01     0.80202E+00     0.97502E+00     0.28855E+00     0.33377E-01     0.26879E+00     0.56920E+00    -0.82592E-02     0.20044E-01    -0.76534E-02    -0.11749E-02     0.34317E-01     0.14441E+02     0.56675E+00     0.10668E+01     0.14519E+02
     0.14380E+01     0.35477E-01     0.80703E+00     0.97597E+00     0.28773E+00     0.33809E-01     0.27085E+00     0.57216E+00    -0.83314E-02     0.20296E-01    -0.77805E-02    -0.11989E-02     0.34603E-01     0.14315E+02     0.56219E+00     0.10711E+01     0.14389E+02
     0.14525E+01     0.35726E-01     0.81182E+00     0.97660E+00     0.28678E+00     0.34236E-01     0.27283E+00     0.57496E+00    -0.83976E-02     0.20539E-01    -0.79049E-02    -0.12225E-02     0.34869E-01     0.14189E+02     0.55763E+00     0.10754E+01     0.14259E+02
     0.14668E+01     0.35965E-01     0.81637E+00     0.97691E+00     0.28568E+00     0.34657E-01     0.27474E+00     0.57757E+00    -0.84573E-02     0.20770E-01    -0.80265E-02    -0.12459E-02     0.35113E-01     0.14064E+02     0.55306E+00     0.10798E+01     0.14130E+02
     0.14811E+01     0.36196E-01     0.82076E+00     0.97692E+00     0.28445E+00     0.35074E-01     0.27662E+00     0.58003E+00    -0.85100E-02     0.20992E-01    -0.81468E-02    -0.12689E-02     0.35338E-01     0.13939E+02     0.54848E+00     0.10842E+01     0.14001E+02
     0.14952E+01     0.36417E-01     0.82496E+00     0.97662E+00     0.28307E+00     0.35486E-01     0.27848E+00     0.58232E+00    -0.85554E-02     0.21204E-01    -0.82657E-02    -0.12916E-02     0.35543E-01     0.13815E+02     0.54389E+00     0.10886E+01     0.13872E+02
     0.15093E+01     0.36627E-01     0.82893E+00     0.97596E+00     0.28156E+00     0.35890E-01     0.28028E+00     0.58440E+00    -0.85927E-02     0.21402E-01    -0.83816E-02    -0.13139E-02     0.35724E-01     0.13692E+02     0.53929E+00     0.10931E+01     0.13744E+02
     0.15232E+01     0.36823E-01     0.83261E+00     0.97489E+00     0.27990E+00     0.36285E-01     0.28202E+00     0.58626E+00    -0.86214E-02     0.21585E-01    -0.84932E-02    -0.13354E-02     0.35875E-01     0.13569E+02     0.53470E+00     0.10976E+01     0.13616E+02
     0.15370E+01     0.37003E-01     0.83592E+00     0.97336E+00     0.27811E+00     0.36668E-01     0.28365E+00     0.58784E+00    -0.86407E-02     0.21749E-01    -0.85982E-02    -0.13561E-02     0.35994E-01     0.13447E+02     0.53009E+00     0.11021E+01     0.13488E+02
     0.15507E+01     0.37167E-01     0.83889E+00     0.97140E+00     0.27617E+00     0.37039E-01     0.28519E+00     0.58916E+00    -0.86507E-02     0.21895E-01    -0.86973E-02    -0.13759E-02     0.36081E-01     0.13326E+02     0.52549E+00     0.11067E+01     0.13361E+02
     0.15643E+01     0.37320E-01     0.84164E+00     0.96908E+00     0.27410E+00     0.37401E-01     0.28671E+00     0.59027E+00    -0.86515E-02     0.22026E-01    -0.87934E-02    -0.13951E-02     0.36142E-01     0.13205E+02     0.52087E+00     0.11113E+01     0.13234E+02
     0.15778E+01     0.37460E-01     0.84417E+00     0.96642E+00     0.27190E+00     0.37756E-01     0.28821E+00     0.59119E+00    -0.86438E-02     0.22143E-01    -0.88870E-02    -0.14136E-02     0.36178E-01     0.13085E+02     0.51625E+00     0.11159E+01     0.13107E+02
     0.15911E+01     0.37589E-01     0.84647E+00     0.96343E+00     0.26958E+00     0.38102E-01     0.28965E+00     0.59190E+00    -0.86276E-02     0.22246E-01    -0.89768E-02    -0.14315E-02     0.36190E-01     0.12966E+02     0.51163E+00     0.11206E+01     0.12981E+02
     0.16043E+01     0.37706E-01     0.84853E+00     0.96011E+00     0.26714E+00     0.38440E-01     0.29104E+00     0.59242E+00    -0.86036E-02     0.22335E-01    -0.90629E-02    -0.14487E-02     0.36178E-01     0.12847E+02     0.50702E+00     0.11252E+01     0.12855E+02
     0.16174E+01     0.37814E-01     0.85039E+00     0.95655E+00     0.26459E+00     0.38771E-01     0.29237E+00     0.59278E+00    -0.85724E-02     0.22413E-01    -0.91461E-02    -0.14653E-02     0.36146E-01     0.12730E+02     0.50240E+00     0.11299E+01     0.12729E+02
     0.16303E+01     0.37914E-01     0.85211E+00     0.95278E+00     0.26194E+00     0.39098E-01     0.29366E+00     0.59301E+00    -0.85350E-02     0.22481E-01    -0.92274E-02    -0.14816E-02     0.36099E-01     0.12613E+02     0.49780E+00     0.11347E+01     0.12604E+02
     0.16431E+01     0.38005E-01     0.85359E+00     0.94877E+00     0.25920E+00     0.39418E-01     0.29484E+00     0.59308E+00    -0.84919E-02     0.22537E-01    -0.93044E-02    -0.14973E-02     0.36032E-01     0.12498E+02     0.49319E+00     0.11394E+01     0.12479E+02
     0.16558E+01     0.38085E-01     0.85482E+00     0.94450E+00     0.25636E+00     0.39731E-01     0.29592E+00     0.59299E+00    -0.84430E-02     0.22581E-01    -0.93765E-02    -0.15123E-02     0.35946E-01     0.12383E+02     0.48860E+00     0.11442E+01     0.12355E+02
     0.16683E+01     0.38157E-01     0.85586E+00     0.94001E+00     0.25344E+00     0.40037E-01     0.29692E+00     0.59275E+00    -0.83885E-02     0.22615E-01    -0.94449E-02    -0.15269E-02     0.35843E-01     0.12270E+02     0.48401E+00     0.11490E+01     0.12231E+02
     0.16806E+01     0.38224E-01     0.85680E+00     0.93539E+00     0.25045E+00     0.40342E-01     0.29788E+00     0.59243E+00    -0.83295E-02     0.22642E-01    -0.95125E-02    -0.15412E-02     0.35729E-01     0.12157E+02     0.47942E+00     0.11538E+01     0.12107E+02
     0.16928E+01     0.38290E-01     0.85773E+00     0.93071E+00     0.24739E+00     0.40649E-01     0.29886E+00     0.59207E+00    -0.82667E-02     0.22667E-01    -0.95815E-02    -0.15556E-02     0.35611E-01     0.12045E+02     0.47483E+00     0.11586E+01     0.11984E+02
     0.17049E+01     0.38354E-01     0.85867E+00     0.92598E+00     0.24426E+00     0.40959E-01     0.29985E+00     0.59168E+00    -0.82005E-02     0.22690E-01    -0.96525E-02    -0.15700E-02     0.35489E-01     0.11933E+02     0.47024E+00     0.11635E+01     0.11862E+02
     0.17167E+01     0.38416E-01     0.85959E+00     0.92117E+00     0.24108E+00     0.41270E-01     0.30085E+00     0.59124E+00    -0.81306E-02     0.22710E-01    -0.97244E-02    -0.15845E-02     0.35361E-01     0.11822E+02     0.46564E+00     0.11684E+01     0.11740E+02
     0.17285E+01     0.38476E-01     0.86048E+00     0.91629E+00     0.23784E+00     0.41583E-01     0.30184E+00     0.59075E+00    -0.80577E-02     0.22727E-01    -0.97968E-02    -0.15990E-02     0.35229E-01     0.11712E+02     0.46102E+00     0.11734E+01     0.11618E+02
     0.17400E+01     0.38540E-01     0.86151E+00     0.91146E+00     0.23457E+00     0.41906E-01     0.30290E+00     0.59031E+00    -0.79832E-02     0.22748E-01    -0.98744E-02    -0.16141E-02     0.35101E-01     0.11602E+02     0.45639E+00     0.11784E+01     0.11497E+02
     0.17514E+01     0.38614E-01     0.86282E+00     0.90680E+00     0.23126E+00     0.42245E-01     0.30410E+00     0.58999E+00    -0.79084E-02     0.22779E-01    -0.99614E-02    -0.16303E-02     0.34988E-01     0.11492E+02     0.45173E+00     0.11835E+01     0.11376E+02
     0.17626E+01     0.38698E-01     0.86444E+00     0.90230E+00     0.22792E+00     0.42603E-01     0.30545E+00     0.58981E+00    -0.78341E-02     0.22822E-01    -0.10059E-01    -0.16477E-02     0.34890E-01     0.11382E+02     0.44705E+00     0.11886E+01     0.11255E+02
     0.17737E+01     0.38795E-01     0.86641E+00     0.89798E+00     0.22456E+00     0.42982E-01     0.30697E+00     0.58978E+00    -0.77603E-02     0.22877E-01    -0.10167E-01    -0.16665E-02     0.34810E-01     0.11272E+02     0.44232E+00     0.11938E+01     0.11135E+02
     0.17845E+01     0.38907E-01     0.86880E+00     0.89392E+00     0.22119E+00     0.43387E-01     0.30869E+00     0.58995E+00    -0.76878E-02     0.22950E-01    -0.10289E-01    -0.16870E-02     0.34752E-01     0.11163E+02     0.43756E+00     0.11991E+01     0.11016E+02
     0.17952E+01     0.39037E-01     0.87171E+00     0.89016E+00     0.21782E+00     0.43822E-01     0.31067E+00     0.59036E+00    -0.76172E-02     0.23043E-01    -0.10428E-01    -0.17096E-02     0.34722E-01     0.11052E+02     0.43273E+00     0.12045E+01     0.10897E+02
     0.18057E+01     0.39191E-01     0.87524E+00     0.88676E+00     0.21444E+00     0.44293E-01     0.31295E+00     0.59107E+00    -0.75493E-02     0.23161E-01    -0.10586E-01    -0.17348E-02     0.34725E-01     0.10941E+02     0.42784E+00     0.12100E+01     0.10779E+02
     0.18160E+01     0.39372E-01     0.87952E+00     0.88381E+00     0.21106E+00     0.44808E-01     0.31559E+00     0.59214E+00    -0.74854E-02     0.23311E-01    -0.10768E-01    -0.17631E-02     0.34769E-01     0.10829E+02     0.42285E+00     0.12157E+01     0.10661E+02
     0.18261E+01     0.39586E-01     0.88467E+00     0.88138E+00     0.20769E+00     0.45375E-01     0.31864E+00     0.59365E+00    -0.74264E-02     0.23497E-01    -0.10979E-01    -0.17951E-02     0.34861E-01     0.10715E+02     0.41776E+00     0.12215E+01     0.10544E+02
     0.18360E+01     0.39835E-01     0.89075E+00     0.87950E+00     0.20432E+00     0.45999E-01     0.32214E+00     0.59561E+00    -0.73731E-02     0.23723E-01    -0.11220E-01    -0.18312E-02     0.35006E-01     0.10599E+02     0.41253E+00     0.12275E+01     0.10427E+02
     0.18457E+01     0.40124E-01     0.89787E+00     0.87817E+00     0.20097E+00     0.46688E-01     0.32614E+00     0.59807E+00    -0.73260E-02     0.23994E-01    -0.11497E-01    -0.18721E-02     0.35205E-01     0.10480E+02     0.40714E+00     0.12337E+01     0.10311E+02
     0.18552E+01     0.40454E-01     0.90610E+00     0.87740E+00     0.19762E+00     0.47449E-01     0.33071E+00     0.60106E+00    -0.72854E-02     0.24312E-01    -0.11812E-01    -0.19182E-02     0.35464E-01     0.10358E+02     0.40154E+00     0.12403E+01     0.10195E+02
     0.18645E+01     0.40829E-01     0.91551E+00     0.87716E+00     0.19429E+00     0.48289E-01     0.33590E+00     0.60458E+00    -0.72514E-02     0.24681E-01    -0.12171E-01    -0.19703E-02     0.35782E-01     0.10232E+02     0.39569E+00     0.12472E+01     0.10081E+02
     0.18736E+01     0.41250E-01     0.92617E+00     0.87742E+00     0.19095E+00     0.49215E-01     0.34177E+00     0.60865E+00    -0.72239E-02     0.25104E-01    -0.12578E-01    -0.20287E-02     0.36161E-01     0.10101E+02     0.38952E+00     0.12545E+01     0.99665E+01
     0.18825E+01     0.41719E-01     0.93817E+00     0.87813E+00     0.18761E+00     0.50237E-01     0.34841E+00     0.61327E+00    -0.72026E-02     0.25582E-01    -0.13039E-01    -0.20944E-02     0.36602E-01     0.99622E+01     0.38298E+00     0.12623E+01     0.98532E+01
     0.18912E+01     0.42235E-01     0.95150E+00     0.87913E+00     0.18426E+00     0.51359E-01     0.35587E+00     0.61838E+00    -0.71861E-02     0.26114E-01    -0.13557E-01    -0.21676E-02     0.37096E-01     0.98155E+01     0.37597E+00     0.12708E+01     0.97408E+01
     0.18996E+01     0.42790E-01     0.96597E+00     0.88011E+00     0.18087E+00     0.52580E-01     0.36413E+00     0.62382E+00    -0.71722E-02     0.26689E-01    -0.14131E-01    -0.22483E-02     0.37624E-01     0.96586E+01     0.36837E+00     0.12801E+01     0.96293E+01
     0.19078E+01     0.43367E-01     0.98127E+00     0.88059E+00     0.17742E+00     0.53893E-01     0.37317E+00     0.62931E+00    -0.71568E-02     0.27287E-01    -0.14756E-01    -0.23355E-02     0.38152E-01     0.94888E+01     0.36006E+00     0.12904E+01     0.95187E+01
     0.19158E+01     0.43940E-01     0.99683E+00     0.87985E+00     0.17389E+00     0.55279E-01     0.38284E+00     0.63443E+00    -0.71341E-02     0.27873E-01    -0.15418E-01    -0.24272E-02     0.38623E-01     0.93034E+01     0.35085E+00     0.13019E+01     0.94092E+01
     0.19236E+01     0.44469E-01     0.10117E+01     0.87684E+00     0.17024E+00     0.56704E-01     0.39291E+00     0.63849E+00    -0.70952E-02     0.28389E-01    -0.16091E-01    -0.25197E-02     0.38954E-01     0.90985E+01     0.34051E+00     0.13150E+01     0.93007E+01
     0.19311E+01     0.44887E-01     0.10244E+01     0.87006E+00     0.16643E+00     0.58103E-01     0.40291E+00     0.64050E+00    -0.70273E-02     0.28746E-01    -0.16726E-01    -0.26061E-02     0.39015E-01     0.88700E+01     0.32880E+00     0.13301E+01     0.91935E+01
     0.19384E+01     0.45096E-01     0.10326E+01     0.85739E+00     0.16243E+00     0.59370E-01     0.41205E+00     0.63897E+00    -0.69135E-02     0.28811E-01    -0.17243E-01    -0.26753E-02     0.38626E-01     0.86132E+01     0.31537E+00     0.13476E+01     0.90876E+01
     0.19455E+01     0.44956E-01     0.10329E+01     0.83599E+00     0.15819E+00     0.60342E-01     0.41906E+00     0.63184E+00    -0.67315E-02     0.28400E-01    -0.17518E-01    -0.27106E-02     0.37543E-01     0.83232E+01     0.29987E+00     0.13683E+01     0.89830E+01
     0.19523E+01     0.44272E-01     0.10207E+01     0.80238E+00     0.15367E+00     0.60774E-01     0.42209E+00     0.61638E+00    -0.64553E-02     0.27284E-01    -0.17382E-01    -0.26885E-02     0.35485E-01     0.79954E+01     0.28190E+00     0.13928E+01     0.88799E+01
     0.19589E+01     0.42810E-01     0.99023E+00     0.75274E+00     0.14885E+00     0.60341E-01     0.41865E+00     0.58939E+00    -0.60587E-02     0.25228E-01    -0.16631E-01    -0.25811E-02     0.32190E-01     0.76266E+01     0.26105E+00     0.14220E+01     0.87783E+01
     0.19652E+01     0.40317E-01     0.93506E+00     0.68376E+00     0.14373E+00     0.58642E-01     0.40579E+00     0.54766E+00    -0.55214E-02     0.22077E-01    -0.15078E-01    -0.23624E-02     0.27537E-01     0.72160E+01     0.23699E+00     0.14567E+01     0.86785E+01
     0.19713E+01     0.36580E-01     0.84977E+00     0.59399E+00     0.13835E+00     0.55254E-01     0.38064E+00     0.48889E+00    -0.48377E-02     0.17881E-01    -0.12645E-01    -0.20197E-02     0.21706E-01     0.67664E+01     0.20948E+00     0.14980E+01     0.85805E+01
     0.19771E+01     0.31512E-01     0.73187E+00     0.48552E+00     0.13277E+00     0.49813E-01     0.34142E+00     0.41289E+00    -0.40240E-02     0.13009E-01    -0.94750E-02    -0.15686E-02     0.15285E-01     0.62842E+01     0.17844E+00     0.15466E+01     0.84844E+01
     0.19826E+01     0.25238E-01     0.58432E+00     0.36505E+00     0.12710E+00     0.42133E-01     0.28903E+00     0.32281E+00    -0.31212E-02     0.81462E-02    -0.59965E-02    -0.10628E-02     0.92058E-02     0.57797E+01     0.14398E+00     0.16035E+01     0.83905E+01
     0.19879E+01     0.18132E-01     0.41799E+00     0.24339E+00     0.12145E+00     0.32289E-01     0.22994E+00     0.22532E+00    -0.21864E-02     0.40850E-02    -0.28514E-02    -0.58522E-03     0.44107E-02     0.52646E+01     0.10633E+00     0.16694E+01     0.82988E+01
     0.19929E+01     0.10723E-01     0.25653E+00     0.13214E+00     0.11600E+00     0.20574E-01     0.18194E+00     0.12884E+00    -0.12760E-02     0.13815E-02    -0.66640E-03    -0.22058E-03     0.14166E-02     0.47502E+01     0.65757E-01     0.17453E+01     0.82099E+01
     0.19977E+01     0.34849E-02     0.17408E+00     0.39076E-01     0.11043E+00     0.72720E-02     0.17946E+00     0.40309E-01    -0.41016E-03     0.14045E-03     0.15308E-03    -0.25335E-04     0.13617E-03     0.42460E+01     0.22536E-01     0.18323E+01     0.81208E+01
