        0.0000000000	        0.0000000000	        1.0000000000	        0.0000000000	        0.0000000000	        0.0000000000	        0.0000000000	        0.0000000000	        0.0000000000	        0.0000000000	        0.0056236201	        0.0000000000	        0.0000000000	        0.0010000000
        0.0006386460	        0.0059690702	        0.9976232017	        0.0000000000	        0.0000000000	        0.0000000000	        0.0000000000	        0.0000000001	        0.0000000002	        0.0000051608	        0.0054934341	        0.0000000002	        0.1000000000	        0.0010000000
        0.0013591019	        0.0126985752	        0.9949415435	        0.0000000000	        0.0000000000	        0.0000000000	        0.0000000005	        0.0000000005	        0.0000000019	        0.0000170341	        0.0053532888	        0.0000000020	        0.1000000000	        0.0010000000
        0.0021717769	        0.0202839536	        0.9919161968	        0.0000000000	        0.0000000000	        0.0000000000	        0.0000000021	        0.0000000023	        0.0000000088	        0.0000379394	        0.0052034442	        0.0000000091	        0.1000000000	        0.0010000000
        0.0030883849	        0.0288321834	        0.9885034823	        0.0000000000	        0.0000000000	        0.0000000000	        0.0000000072	        0.0000000080	        0.0000000297	        0.0000708196	        0.0050445025	        0.0000000304	        0.1000000000	        0.0010000000
        0.0041221033	        0.0384629950	        0.9846543179	        0.0000000000	        0.0000000000	        0.0000000000	        0.0000000200	        0.0000000222	        0.0000000828	        0.0001193839	        0.0048775031	        0.0000000832	        0.1000000000	        0.0010000000
        0.0052877492	        0.0493100961	        0.9803136462	        0.0000000000	        0.0000000000	        0.0000000000	        0.0000000489	        0.0000000543	        0.0000002027	        0.0001882790	        0.0047040335	        0.0000002000	        0.1000000000	        0.0010000000
        0.0066019743	        0.0615223122	        0.9754198807	        0.0000000000	        0.0000000000	        0.0000000000	        0.0000001090	        0.0000001211	        0.0000004521	        0.0002832892	        0.0045263593	        0.0000004372	        0.1000000000	        0.0010000000
        0.0080834821	        0.0752644641	        0.9699044438	        0.0000000000	        0.0000000000	        0.0000000000	        0.0000002265	        0.0000002517	        0.0000009389	        0.0004115651	        0.0043475740	        0.0000008891	        0.1000000000	        0.0010000000
        0.0097532660	        0.0907176794	        0.9636915266	        0.0000000000	        0.0000000000	        0.0000000000	        0.0000004447	        0.0000004941	        0.0000018416	        0.0005818725	        0.0041717643	        0.0000017076	        0.1000000000	        0.0010000000
        0.0116348733	        0.1080786484	        0.9566982824	        0.0000000000	        0.0000000000	        0.0000000000	        0.0000008325	        0.0000009250	        0.0000034422	        0.0008048367	        0.0040041834	        0.0000031276	        0.1000000000	        0.0010000000
        0.0137546927	        0.1275571039	        0.9488357709	        0.0000000000	        0.0000000000	        0.0000000000	        0.0000014955	        0.0000016617	        0.0000061661	        0.0010931312	        0.0038514053	        0.0000055014	        0.1000000000	        0.0010000000
        0.0161422702	        0.1493705935	        0.9400110678	        0.0000000000	        0.0000000000	        0.0000000000	        0.0000025872	        0.0000028746	        0.0000106173	        0.0014615083	        0.0037214113	        0.0000093383	        0.1000000000	        0.0010000000
        0.0188306506	        0.1737356007	        0.9301309621	        0.0000000000	        0.0000000000	        0.0000000000	        0.0000043180	        0.0000047978	        0.0000175903	        0.0019265042	        0.0036235147	        0.0000153483	        0.1000000000	        0.0010000000
        0.0218567475	        0.2008545657	        0.9191074399	        0.0000000000	        0.0000000000	        0.0000000000	        0.0000069568	        0.0000077298	        0.0000280281	        0.0025055864	        0.0035679867	        0.0000244821	        0.1000000000	        0.0010000000
        0.0252617393	        0.2308996331	        0.9068645675	        0.0000000000	        0.0000000000	        0.0000000000	        0.0000108179	        0.0000120199	        0.0000428969	        0.0032155047	        0.0035652123	        0.0000379585	        0.1000000000	        0.0010000000
        0.0290914903	        0.2639958243	        0.8933455259	        0.0000000000	        0.0000000000	        0.0000000000	        0.0000162330	        0.0000180366	        0.0000629856	        0.0040697521	        0.0036242479	        0.0000572671	        0.1000000000	        0.0010000000
        0.0333969940	        0.3002076303	        0.8785179474	        0.0000000000	        0.0000000000	        0.0000000000	        0.0000235168	        0.0000261298	        0.0000886965	        0.0050753826	        0.0037508099	        0.0000841376	        0.1000000000	        0.0010000000
        0.0382348325	        0.3395321179	        0.8623761399	        0.0000000000	        0.0000000000	        0.0000000000	        0.0000329461	        0.0000366068	        0.0001199340	        0.0062298571	        0.0039450025	        0.0001204755	        0.1000000000	        0.0010000000
        0.0436676462	        0.3818983363	        0.8449403343	        0.0000000000	        0.0000000000	        0.0000000000	        0.0000447662	        0.0000497402	        0.0001554388	        0.0075188101	        0.0041993819	        0.0001682693	        0.1000000000	        0.0010000000
        0.0497646022	        0.4267993695	        0.8264210841	        0.0000000000	        0.0000000000	        0.0000000000	        0.0000643155	        0.0000714617	        0.0002087190	        0.0089065155	        0.0044986598	        0.0002290159	        0.1000000000	        0.0010000000
        0.0566018496	        0.4732383705	        0.8072409324	        0.0000000000	        0.0000000000	        0.0000000000	        0.0000931821	        0.0001035357	        0.0002766002	        0.0103118557	        0.0047970728	        0.0003030756	        0.1000000000	        0.0010000000
        0.0642629411	        0.5203207201	        0.7877659151	        0.0000000000	        0.0000000000	        0.0000000000	        0.0001299721	        0.0001444135	        0.0003472980	        0.0116353811	        0.0050373102	        0.0003900910	        0.1000000000	        0.0010000000
        0.0728392004	        0.5673425964	        0.7682683541	        0.0000000000	        0.0000000000	        0.0000000000	        0.0001758375	        0.0001953750	        0.0004178990	        0.0127908939	        0.0051764210	        0.0004891259	        0.1000000000	        0.0010000000
        0.0824300053	        0.6136778712	        0.7489810844	        0.0000000000	        0.0000000000	        0.0000000000	        0.0002319948	        0.0002577720	        0.0004856551	        0.0137128679	        0.0051905550	        0.0005984608	        0.1000000000	        0.0010000000
        0.0931429507	        0.6588136966	        0.7300852598	        0.0000000000	        0.0000000000	        0.0000000000	        0.0002996645	        0.0003329606	        0.0005485783	        0.0143639529	        0.0050766873	        0.0007157302	        0.1000000000	        0.0010000000
        0.1050938490	        0.7023664029	        0.7117064898	        0.0000000000	        0.0000000000	        0.0000000000	        0.0003799940	        0.0004222156	        0.0006054650	        0.0147351947	        0.0048491790	        0.0008381132	        0.1000000000	        0.0010000000
        0.1184065179	        0.7440792438	        0.6939178781	        0.0000000000	        0.0000000000	        0.0000000000	        0.0004739720	        0.0005266356	        0.0006558004	        0.0148407591	        0.0045332765	        0.0009625321	        0.1000000000	        0.0010000000
        0.1332122955	        0.7838068217	        0.6767475872	        0.0000000000	        0.0000000000	        0.0000000000	        0.0005823416	        0.0006470462	        0.0006995986	        0.0147101142	        0.0041582002	        0.0010858286	        0.1000000000	        0.0010000000
        0.1496492201	        0.8214920709	        0.6601885170	        0.0000000000	        0.0000000000	        0.0000000000	        0.0007055241	        0.0007839156	        0.0007372298	        0.0143802953	        0.0037517349	        0.0012049080	        0.1000000000	        0.0010000000
        0.1678608015	        0.8571408793	        0.6442082641	        0.0000000000	        0.0000000000	        0.0000000000	        0.0008435702	        0.0009373002	        0.0007692676	        0.0138898165	        0.0033370373	        0.0013168576	        0.1000000000	        0.0010000000
        0.1879943127	        0.8907977753	        0.6287582990	        0.0000000000	        0.0000000000	        0.0000000000	        0.0009961601	        0.0011068445	        0.0007963733	        0.0132747296	        0.0029314550	        0.0014190545	        0.1000000000	        0.0010000000
        0.2101985296	        0.9225244101	        0.6137819893	        0.0000000000	        0.0000000000	        0.0000000000	        0.0011626795	        0.0012918662	        0.0008192169	        0.0125666475	        0.0025467276	        0.0015092783	        0.1000000000	        0.0010000000
        0.2346208557	        0.9523812883	        0.5992216019	        0.0000000000	        0.0000000000	        0.0000000000	        0.0013424064	        0.0014915627	        0.0008384311	        0.0117922586	        0.0021899197	        0.0015858407	        0.1000000000	        0.0010000000
        0.2614037844	        0.9804124925	        0.5850247149	        0.0000000000	        0.0000000000	        0.0000000000	        0.0015348458	        0.0017053843	        0.0008545901	        0.0109738429	        0.0018645995	        0.0016477406	        0.1000000000	        0.0010000000
        0.2906806794	        1.0066330357	        0.5711505796	        0.0000000000	        0.0000000000	        0.0000000000	        0.0017402539	        0.0019336154	        0.0008682065	        0.0101303966	        0.0015719750	        0.0016948432	        0.1000000000	        0.0010000000
        0.3225708876	        1.0310189663	        0.5575768427	        0.0000000000	        0.0000000000	        0.0000000000	        0.0019603690	        0.0021781878	        0.0008797425	        0.0092790718	        0.0013118496	        0.0017280626	        0.1000000000	        0.0010000000
        0.3571742551	        1.0535014947	        0.5443065599	        0.0000000000	        0.0000000000	        0.0000000000	        0.0021993179	        0.0024436866	        0.0008896305	        0.0084366790	        0.0010833448	        0.0017495053	        0.1000000000	        0.0010000000
        0.3945651751	        1.0739681081	        0.5313743925	        0.0000000000	        0.0000000000	        0.0000000000	        0.0024645315	        0.0027383683	        0.0008983002	        0.0076209298	        0.0008853663	        0.0017624851	        0.1000000000	        0.0010000000
        0.4347863703	        1.0922751891	        0.5188492496	        0.0000000000	        0.0000000000	        0.0000000000	        0.0027672703	        0.0030747448	        0.0009061964	        0.0068509615	        0.0007168026	        0.0017712895	        0.1000000000	        0.0010000000
        0.4778426900	        1.1082760872	        0.5068290750	        0.0000000000	        0.0000000000	        0.0000000000	        0.0031220275	        0.0034689195	        0.0009137609	        0.0061466109	        0.0005764561	        0.0017805890	        0.1000000000	        0.0010000000
        0.5236952751	        1.1218630301	        0.4954239545	        0.0000000000	        0.0000000000	        0.0000000000	        0.0035438365	        0.0039375962	        0.0009213510	        0.0055261942	        0.0004627845	        0.0017945169	        0.1000000000	        0.0010000000
        0.5722565058	        1.1330104649	        0.4847285194	        0.0000000000	        0.0000000000	        0.0000000000	        0.0040427993	        0.0044919992	        0.0009291125	        0.0050033738	        0.0003736280	        0.0018157072	        0.1000000000	        0.0010000000
        0.6233861842	        1.1417988578	        0.4747926318	        0.0000000000	        0.0000000000	        0.0000000000	        0.0046164363	        0.0051293737	        0.0009368919	        0.0045846250	        0.0003061475	        0.0018447659	        0.1000000000	        0.0010000000
        0.6768894010	        1.1484034836	        0.4656035333	        0.0000000000	        0.0000000000	        0.0000000000	        0.0052425339	        0.0058250377	        0.0009442782	        0.0042688350	        0.0002570738	        0.0018804928	        0.1000000000	        0.0010000000
        0.7325164896	        1.1530523718	        0.4570869211	        0.0000000000	        0.0000000000	        0.0000000000	        0.0058766943	        0.0065296603	        0.0009507522	        0.0040493016	        0.0002231566	        0.0019206971	        0.1000000000	        0.0010000000
        0.7899653716	        1.1559740890	        0.4491232137	        0.0000000000	        0.0000000000	        0.0000000000	        0.0064580519	        0.0071756132	        0.0009558496	        0.0039169577	        0.0002015893	        0.0019631141	        0.1000000000	        0.0010000000
        0.8488864424	        1.1573556724	        0.4415690131	        0.0000000000	        0.0000000000	        0.0000000000	        0.0069230836	        0.0076923151	        0.0009592699	        0.0038633161	        0.0001902648	        0.0020060270	        0.1000000000	        0.0010000000
        0.9088899606	        1.1573193470	        0.4342758027	        0.0000000000	        0.0000000000	        0.0000000000	        0.0072228191	        0.0080253545	        0.0009609258	        0.0038822979	        0.0001878520	        0.0020485105	        0.1000000000	        0.0010000000
        0.9695556872	        1.1559166582	        0.4271032812	        0.0000000000	        0.0000000000	        0.0000000000	        0.0073361537	        0.0081512819	        0.0009609437	        0.0039708636	        0.0001937575	        0.0020904175	        0.1000000000	        0.0010000000
        1.0304443128	        1.1531354484	        0.4199284300	        0.0000000000	        0.0000000000	        0.0000000000	        0.0072735373	        0.0080817081	        0.0009596260	        0.0041287011	        0.0002080332	        0.0021322399	        0.1000000000	        0.0010000000
        1.0911100394	        1.1489161064	        0.4126522390	        0.0000000000	        0.0000000000	        0.0000000000	        0.0070702163	        0.0078557959	        0.0009573808	        0.0043572346	        0.0002312572	        0.0021748987	        0.1000000000	        0.0010000000
        1.1511135576	        1.1431746922	        0.4052049886	        0.0000000000	        0.0000000000	        0.0000000000	        0.0067731475	        0.0075257195	        0.0009546377	        0.0046581846	        0.0002643897	        0.0022194537	        0.1000000000	        0.0010000000
        1.2100346284	        1.1358298320	        0.3975494375	        0.0000000000	        0.0000000000	        0.0000000000	        0.0064276636	        0.0071418485	        0.0009517639	        0.0050319782	        0.0003086062	        0.0022667219	        0.1000000000	        0.0010000000
        1.2674835104	        1.1268281433	        0.3896803602	        0.0000000000	        0.0000000000	        0.0000000000	        0.0060684968	        0.0067427743	        0.0009490023	        0.0054764334	        0.0003651246	        0.0023168547	        0.1000000000	        0.0010000000
        1.3231105990	        1.1161616841	        0.3816193749	        0.0000000000	        0.0000000000	        0.0000000000	        0.0057166239	        0.0063518043	        0.0009464459	        0.0059861544	        0.0004350667	        0.0023690016	        0.1000000000	        0.0010000000
        1.3766138158	        1.1038727681	        0.3734057415	        0.0000000000	        0.0000000000	        0.0000000000	        0.0053807417	        0.0059786019	        0.0009440548	        0.0065528450	        0.0005193979	        0.0024211981	        0.1000000000	        0.0010000000
        1.4277434942	        1.0900461316	        0.3650855424	        0.0000000000	        0.0000000000	        0.0000000000	        0.0050610765	        0.0056234183	        0.0009417008	        0.0071663634	        0.0006189594	        0.0024705353	        0.1000000000	        0.0010000000
        1.4763047249	        1.0747929616	        0.3567021050	        0.0000000000	        0.0000000000	        0.0000000000	        0.0047534856	        0.0052816506	        0.0009392189	        0.0078160564	        0.0007345714	        0.0025135457	        0.1000000000	        0.0010000000
        1.5221573100	        1.0582329318	        0.3482895221	        0.0000000000	        0.0000000000	        0.0000000000	        0.0044526810	        0.0049474233	        0.0009364422	        0.0084919034	        0.0008671606	        0.0025466667	        0.1000000000	        0.0010000000
        1.5652136297	        1.0404789798	        0.3398696047	        0.0000000000	        0.0000000000	        0.0000000000	        0.0041542277	        0.0046158085	        0.0009332178	        0.0091852011	        0.0010178700	        0.0025666523	        0.1000000000	        0.0010000000
        1.6054348249	        1.0216269089	        0.3314515171	        0.0000000000	        0.0000000000	        0.0000000000	        0.0038554652	        0.0042838502	        0.0009294071	        0.0098887572	        0.0011881249	        0.0025708614	        0.1000000000	        0.0010000000
        1.6428257449	        1.0017497367	        0.3230329967	        0.0000000000	        0.0000000000	        0.0000000000	        0.0035556792	        0.0039507546	        0.0009248772	        0.0105967059	        0.0013796485	        0.0025574122	        0.1000000000	        0.0010000000
        1.6774291124	        0.9808956620	        0.3146022203	        0.0000000000	        0.0000000000	        0.0000000000	        0.0032558411	        0.0036176012	        0.0009194905	        0.0113040902	        0.0015944289	        0.0025252259	        0.1000000000	        0.0010000000
        1.7093193206	        0.9590883482	        0.3061397208	        0.0000000000	        0.0000000000	        0.0000000000	        0.0029581542	        0.0032868380	        0.0009130940	        0.0120063286	        0.0018346389	        0.0024739937	        0.1000000000	        0.0010000000
        1.7385962156	        0.9363284874	        0.2976200607	        0.0000000000	        0.0000000000	        0.0000000000	        0.0026655594	        0.0029617326	        0.0009055093	        0.0126986360	        0.0021025048	        0.0024040985	        0.1000000000	        0.0010000000
        1.7653791443	        0.9125959824	        0.2890131792	        0.0000000000	        0.0000000000	        0.0000000000	        0.0023812867	        0.0026458742	        0.0008965233	        0.0133754304	        0.0024001117	        0.0023165143	        0.1000000000	        0.0010000000
        1.7898014704	        0.8878524126	        0.2802854438	        0.0000000000	        0.0000000000	        0.0000000000	        0.0021084935	        0.0023427706	        0.0008858797	        0.0140297326	        0.0027291275	        0.0022126993	        0.1000000000	        0.0010000000
        1.8120056873	        0.8620437064	        0.2714004961	        0.0000000000	        0.0000000000	        0.0000000000	        0.0018500000	        0.0020555555	        0.0008732695	        0.0146525598	        0.0030904206	        0.0020944917	        0.1000000000	        0.0010000000
        1.8321391985	        0.8351031182	        0.2623200067	        0.0000000000	        0.0000000000	        0.0000000000	        0.0016081189	        0.0017867988	        0.0008583236	        0.0152323199	        0.0034835473	        0.0019640143	        0.1000000000	        0.0010000000
        1.8503507799	        0.8069547449	        0.2530044676	        0.0000000000	        0.0000000000	        0.0000000000	        0.0013845662	        0.0015384069	        0.0008406057	        0.0157542352	        0.0039060884	        0.0018235915	        0.1000000000	        0.0010000000
        1.8667877045	        0.7775179200	        0.2434141632	        0.0000000000	        0.0000000000	        0.0000000000	        0.0011804362	        0.0013115958	        0.0008196086	        0.0161998556	        0.0043528400	        0.0016756786	        0.1000000000	        0.0010000000
        1.8815934821	        0.7467128938	        0.2335104688	        0.0000000000	        0.0000000000	        0.0000000000	        0.0009962245	        0.0011069161	        0.0007947566	        0.0165467780	        0.0048149052	        0.0015228041	        0.1000000000	        0.0010000000
        1.8949061510	        0.7144682431	        0.2232576357	        0.0000000000	        0.0000000000	        0.0000000000	        0.0008318849	        0.0009243166	        0.0007654171	        0.0167687508	        0.0052788098	        0.0013675236	        0.1000000000	        0.0010000000
        1.9068570493	        0.6807304077	        0.2126252167	        0.0000000000	        0.0000000000	        0.0000000000	        0.0006869070	        0.0007632300	        0.0007309280	        0.0168364186	        0.0057258808	        0.0012123804	        0.1000000000	        0.0010000000
        1.9175699947	        0.6454755918	        0.2015912558	        0.0000000000	        0.0000000000	        0.0000000000	        0.0005604043	        0.0006226715	        0.0006906459	        0.0167190155	        0.0061322628	        0.0010598706	        0.1000000000	        0.0010000000
        1.9271607996	        0.6087239347	        0.1901462994	        0.0000000000	        0.0000000000	        0.0000000000	        0.0004512074	        0.0005013416	        0.0006440233	        0.0163873074	        0.0064700635	        0.0009124048	        0.1000000000	        0.0010000000
        1.9357370589	        0.5705553178	        0.1782981538	        0.0000000000	        0.0000000000	        0.0000000000	        0.0003579550	        0.0003977278	        0.0005907211	        0.0158179425	        0.0067101236	        0.0007722611	        0.1000000000	        0.0010000000
        1.9433981504	        0.5311254538	        0.1660771265	        0.0000000000	        0.0000000000	        0.0000000000	        0.0002791806	        0.0003102007	        0.0005307554	        0.0149990205	        0.0068266671	        0.0006415231	        0.1000000000	        0.0010000000
        1.9502353978	        0.4906800999	        0.1535412363	        0.0000000000	        0.0000000000	        0.0000000000	        0.0002133921	        0.0002371024	        0.0004646765	        0.0139361118	        0.0068035049	        0.0005220001	        0.1000000000	        0.0010000000
        1.9563323538	        0.4495645670	        0.1407806055	        0.0000000000	        0.0000000000	        0.0000000000	        0.0001591415	        0.0001768239	        0.0003937609	        0.0126572481	        0.0066405972	        0.0004151335	        0.1000000000	        0.0010000000
        1.9617651675	        0.4082253651	        0.1279199939	        0.0000000000	        0.0000000000	        0.0000000000	        0.0001150833	        0.0001278703	        0.0003201826	        0.0112148509	        0.0063589498	        0.0003219017	        0.1000000000	        0.0010000000
        1.9666030060	        0.3672008620	        0.1151182001	        0.0000000000	        0.0000000000	        0.0000000000	        0.0000800168	        0.0000889075	        0.0002471041	        0.0096826189	        0.0060016009	        0.0002427424	        0.1000000000	        0.0010000000
        1.9709085097	        0.3270976696	        0.1025626935	        0.0000000000	        0.0000000000	        0.0000000000	        0.0000528981	        0.0000587757	        0.0001780677	        0.0081464480	        0.0056293527	        0.0001775136	        0.1000000000	        0.0010000000
        1.9747382607	        0.2887481828	        0.0905257445	        0.0000000000	        0.0000000000	        0.0000000000	        0.0000361220	        0.0000401356	        0.0001294584	        0.0066994127	        0.0053149262	        0.0001258018	        0.1000000000	        0.0010000000
        1.9781432525	        0.2529548284	        0.0792787823	        0.0000000000	        0.0000000000	        0.0000000000	        0.0000254467	        0.0000282741	        0.0000951980	        0.0054031622	        0.0051000243	        0.0000865053	        0.1000000000	        0.0010000000
        1.9811693494	        0.2200035797	        0.0689211943	        0.0000000000	        0.0000000000	        0.0000000000	        0.0000171986	        0.0000191096	        0.0000664254	        0.0042782882	        0.0049934943	        0.0000576624	        0.1000000000	        0.0010000000
        1.9838577298	        0.1899063440	        0.0594602586	        0.0000000000	        0.0000000000	        0.0000000000	        0.0000111180	        0.0000123534	        0.0000439983	        0.0033265514	        0.0049942548	        0.0000371661	        0.1000000000	        0.0010000000
        1.9862453073	        0.1626149336	        0.0508838993	        0.0000000000	        0.0000000000	        0.0000000000	        0.0000068613	        0.0000076236	        0.0000276332	        0.0025397222	        0.0050932713	        0.0000230987	        0.1000000000	        0.0010000000
        1.9883651267	        0.1380213375	        0.0431601122	        0.0000000000	        0.0000000000	        0.0000000000	        0.0000040358	        0.0000044842	        0.0000164489	        0.0019025411	        0.0052764976	        0.0000137944	        0.1000000000	        0.0010000000
        1.9902467340	        0.1159681261	        0.0362400936	        0.0000000000	        0.0000000000	        0.0000000000	        0.0000022571	        0.0000025078	        0.0000092698	        0.0013960444	        0.0055277244	        0.0000078785	        0.1000000000	        0.0010000000
        1.9919165179	        0.0962652162	        0.0300637681	        0.0000000000	        0.0000000000	        0.0000000000	        0.0000011948	        0.0000013275	        0.0000049295	        0.0010003698	        0.0058307372	        0.0000042746	        0.1000000000	        0.0010000000
        1.9933980257	        0.0787072719	        0.0245656679	        0.0000000000	        0.0000000000	        0.0000000000	        0.0000005939	        0.0000006599	        0.0000024567	        0.0006966308	        0.0061706246	        0.0000021819	        0.1000000000	        0.0010000000
        1.9947122508	        0.0630877554	        0.0196797180	        0.0000000000	        0.0000000000	        0.0000000000	        0.0000002736	        0.0000003040	        0.0000011332	        0.0004679001	        0.0065343832	        0.0000010327	        0.1000000000	        0.0010000000
        1.9958778967	        0.0492083406	        0.0153424439	        0.0000000000	        0.0000000000	        0.0000000000	        0.0000001143	        0.0000001270	        0.0000004739	        0.0002995589	        0.0069110708	        0.0000004432	        0.1000000000	        0.0010000000
        1.9969116151	        0.0368841990	        0.0114947647	        0.0000000000	        0.0000000000	        0.0000000000	        0.0000000418	        0.0000000465	        0.0000001733	        0.0001792784	        0.0072917188	        0.0000001663	        0.1000000000	        0.0010000000
        1.9978282231	        0.0259463150	        0.0080827684	        0.0000000000	        0.0000000000	        0.0000000000	        0.0000000125	        0.0000000139	        0.0000000520	        0.0000968235	        0.0076691424	        0.0000000511	        0.1000000000	        0.0010000000
        1.9986408981	        0.0162419374	        0.0050578534	        0.0000000000	        0.0000000000	        0.0000000000	        0.0000000027	        0.0000000030	        0.0000000112	        0.0000437937	        0.0080377224	        0.0000000113	        0.1000000000	        0.0010000000
        1.9993613540	        0.0076339938	        0.0023765209	        0.0000000000	        0.0000000000	        0.0000000000	        0.0000000003	        0.0000000003	        0.0000000012	        0.0000133563	        0.0083931900	        0.0000000013	        0.1000000000	        0.0010000000
        2.0000000000	        0.0000000000	        0.0000000000	        0.0000000000	        0.0000000000	        0.0000000000	        0.0000000000	        0.0000000000	        0.0000000000	        0.0000000000	        0.0087324267	        0.0000000000	        0.0000000000	        0.0010000000
