        0.0000000000	        0.0000000000	        1.0000000000	        1.0667014828	        0.0000000000	        0.0000000000	        0.0000000000	        0.0000000000	        0.0000000000	        0.0000000000	        0.0070930286	        0.0000000000	        0.0000000000	        0.0010000000
        0.0006386460	        0.0067163277	        0.9974662033	        1.0542578773	        0.0000000000	        0.0000000000	        0.0000000002	        0.0000000002	        0.0000000007	        0.0000083898	        0.0068786014	        0.0000000005	        0.1000000000	        0.0010000000
        0.0013591019	        0.0142889910	        0.9946245993	        1.0403457631	        0.0000000000	        0.0000000000	        0.0000000014	        0.0000000016	        0.0000000063	        0.0000276111	        0.0066504682	        0.0000000048	        0.1000000000	        0.0010000000
        0.0021717769	        0.0228256218	        0.9914404073	        1.0248120191	        0.0000000000	        0.0000000000	        0.0000000067	        0.0000000075	        0.0000000292	        0.0000612969	        0.0064097866	        0.0000000219	        0.1000000000	        0.0010000000
        0.0030883849	        0.0324468322	        0.9878756241	        1.0074932996	        0.0000000000	        0.0000000000	        0.0000000226	        0.0000000251	        0.0000000974	        0.0001140089	        0.0061583755	        0.0000000723	        0.1000000000	        0.0010000000
        0.0041221033	        0.0432874666	        0.9838889681	        0.9882171521	        0.0000000000	        0.0000000000	        0.0000000625	        0.0000000694	        0.0000002670	        0.0001914337	        0.0058988629	        0.0000001958	        0.1000000000	        0.0010000000
        0.0052877492	        0.0554977220	        0.9794359588	        0.9668038732	        0.0000000000	        0.0000000000	        0.0000001515	        0.0000001683	        0.0000006409	        0.0003006089	        0.0056348526	        0.0000004640	        0.1000000000	        0.0010000000
        0.0066019743	        0.0692439015	        0.9744692316	        0.9430693300	        0.0000000000	        0.0000000000	        0.0000003341	        0.0000003712	        0.0000013969	        0.0004501740	        0.0053711114	        0.0000009988	        0.1000000000	        0.0010000000
        0.0080834821	        0.0847083992	        0.9689392394	        0.9168290254	        0.0000000000	        0.0000000000	        0.0000006847	        0.0000007608	        0.0000028248	        0.0006506300	        0.0051137671	        0.0000019975	        0.1000000000	        0.0010000000
        0.0097532660	        0.1020882757	        0.9627955672	        0.8879037476	        0.0000000000	        0.0000000000	        0.0000013226	        0.0000014695	        0.0000053711	        0.0009145715	        0.0048705010	        0.0000037655	        0.1000000000	        0.0010000000
        0.0116348733	        0.1215915230	        0.9559891486	        0.8561272098	        0.0000000000	        0.0000000000	        0.0000024288	        0.0000026986	        0.0000096801	        0.0012568082	        0.0046506894	        0.0000067573	        0.1000000000	        0.0010000000
        0.0137546927	        0.1434299499	        0.9484756724	        0.8213579167	        0.0000000000	        0.0000000000	        0.0000042630	        0.0000047367	        0.0000166095	        0.0016942377	        0.0044654091	        0.0000116219	        0.1000000000	        0.0010000000
        0.0161422702	        0.1678078483	        0.9402202961	        0.7835087697	        0.0000000000	        0.0000000000	        0.0000071722	        0.0000079691	        0.0000271796	        0.0022452483	        0.0043271634	        0.0000192478	        0.1000000000	        0.0010000000
        0.0188306506	        0.1949066401	        0.9312032964	        0.7425709946	        0.0000000000	        0.0000000000	        0.0000115810	        0.0000128677	        0.0000424181	        0.0029283937	        0.0042491332	        0.0000307978	        0.1000000000	        0.0010000000
        0.0218567475	        0.2248676954	        0.9214255125	        0.6986360949	        0.0000000000	        0.0000000000	        0.0000179561	        0.0000199512	        0.0000630926	        0.0037601578	        0.0042437676	        0.0000477213	        0.1000000000	        0.0010000000
        0.0252617393	        0.2577776335	        0.9109117681	        0.6519325112	        0.0000000000	        0.0000000000	        0.0000267508	        0.0000297231	        0.0000894121	        0.0047519231	        0.0043206709	        0.0000717361	        0.1000000000	        0.0010000000
        0.0290914903	        0.2936606378	        0.8997106856	        0.6028672653	        0.0000000000	        0.0000000000	        0.0000383539	        0.0000426154	        0.0001208580	        0.0059067132	        0.0044840436	        0.0001047778	        0.1000000000	        0.0010000000
        0.0333969940	        0.3324791485	        0.8878908113	        0.5520528745	        0.0000000000	        0.0000000000	        0.0000530768	        0.0000589742	        0.0001555554	        0.0072166123	        0.0047302826	        0.0001489270	        0.1000000000	        0.0010000000
        0.0382348325	        0.3738013282	        0.8756457707	        0.5002705308	        0.0000000000	        0.0000000000	        0.0000776561	        0.0000862846	        0.0002070536	        0.0086519561	        0.0050468661	        0.0002059019	        0.1000000000	        0.0010000000
        0.0436676462	        0.4167247106	        0.8632973834	        0.4484814357	        0.0000000000	        0.0000000000	        0.0001144691	        0.0001271879	        0.0002712552	        0.0101381628	        0.0053861372	        0.0002764291	        0.1000000000	        0.0010000000
        0.0497646022	        0.4604247857	        0.8511076827	        0.3977371138	        0.0000000000	        0.0000000000	        0.0001616170	        0.0001795745	        0.0003344936	        0.0115799958	        0.0056845524	        0.0003606221	        0.1000000000	        0.0010000000
        0.0566018496	        0.5042599660	        0.8392543518	        0.3490698221	        0.0000000000	        0.0000000000	        0.0002205525	        0.0002450583	        0.0003935425	        0.0128916330	        0.0058914979	        0.0004581493	        0.1000000000	        0.0010000000
        0.0642629411	        0.5476602211	        0.8278713731	        0.3034006428	        0.0000000000	        0.0000000000	        0.0002928844	        0.0003254271	        0.0004459433	        0.0140037210	        0.0059747679	        0.0005680037	        0.1000000000	        0.0010000000
        0.0728392004	        0.5901554304	        0.8170473197	        0.2614162304	        0.0000000000	        0.0000000000	        0.0003803282	        0.0004225868	        0.0004904010	        0.0148715173	        0.0059234241	        0.0006885783	        0.1000000000	        0.0010000000
        0.0824300053	        0.6313877962	        0.8068289939	        0.2235572962	        0.0000000000	        0.0000000000	        0.0004846283	        0.0005384759	        0.0005265853	        0.0154765463	        0.0057455208	        0.0008177894	        0.1000000000	        0.0010000000
        0.0931429507	        0.6711103872	        0.7972283378	        0.1899913575	        0.0000000000	        0.0000000000	        0.0006074633	        0.0006749593	        0.0005548619	        0.0158230691	        0.0054623997	        0.0009532134	        0.1000000000	        0.0010000000
        0.1050938490	        0.7091754976	        0.7882306411	        0.1606321273	        0.0000000000	        0.0000000000	        0.0007503364	        0.0008337071	        0.0005760285	        0.0159317537	        0.0051019680	        0.0010922133	        0.1000000000	        0.0010000000
        0.1184065179	        0.7455171077	        0.7798025365	        0.1352533888	        0.0000000000	        0.0000000000	        0.0009144592	        0.0010160657	        0.0005910937	        0.0158328289	        0.0046929130	        0.0012320423	        0.1000000000	        0.0010000000
        0.1332122955	        0.7801312644	        0.7718989613	        0.1135336194	        0.0000000000	        0.0000000000	        0.0011006354	        0.0012229282	        0.0006011147	        0.0155602310	        0.0042608067	        0.0013699243	        0.1000000000	        0.0010000000
        0.1496492201	        0.8130571280	        0.7644686992	        0.0950650792	        0.0000000000	        0.0000000000	        0.0013091546	        0.0014546163	        0.0006070955	        0.0151473925	        0.0038261593	        0.0015031192	        0.1000000000	        0.0010000000
        0.1678608015	        0.8443602504	        0.7574584171	        0.0794440228	        0.0000000000	        0.0000000000	        0.0015397094	        0.0017107883	        0.0006099335	        0.0146246874	        0.0034039771	        0.0016289814	        0.1000000000	        0.0010000000
        0.1879943127	        0.8741186671	        0.7508154847	        0.0662439034	        0.0000000000	        0.0000000000	        0.0017913517	        0.0019903908	        0.0006104002	        0.0140182234	        0.0030042459	        0.0017450211	        0.1000000000	        0.0010000000
        0.2101985296	        0.9024117224	        0.7444897590	        0.0550695480	        0.0000000000	        0.0000000000	        0.0020625105	        0.0022916783	        0.0006091460	        0.0133495849	        0.0026328462	        0.0018489757	        0.1000000000	        0.0010000000
        0.2346208557	        0.9293111797	        0.7384346961	        0.0456326161	        0.0000000000	        0.0000000000	        0.0023510964	        0.0026123293	        0.0006067063	        0.0126361722	        0.0022925693	        0.0019388967	        0.1000000000	        0.0010000000
        0.2614037844	        0.9548740462	        0.7326082286	        0.0376596908	        0.0000000000	        0.0000000000	        0.0026547219	        0.0029496910	        0.0006035120	        0.0118918794	        0.0019840498	        0.0020132534	        0.1000000000	        0.0010000000
        0.2906806794	        0.9791365926	        0.7269734448	        0.0309505988	        0.0000000000	        0.0000000000	        0.0029710680	        0.0033011867	        0.0005999046	        0.0111279440	        0.0017065402	        0.0020710543	        0.1000000000	        0.0010000000
        0.3225708876	        1.0021092374	        0.7214994117	        0.0253771708	        0.0000000000	        0.0000000000	        0.0032984177	        0.0036649086	        0.0005961380	        0.0103538774	        0.0014585123	        0.0021119812	        0.1000000000	        0.0010000000
        0.3571742551	        1.0237723132	        0.7161623183	        0.0207244288	        0.0000000000	        0.0000000000	        0.0036363575	        0.0040403972	        0.0005924047	        0.0095784192	        0.0012381039	        0.0021365209	        0.1000000000	        0.0010000000
        0.3945651751	        1.0440732534	        0.7109465024	        0.0167931235	        0.0000000000	        0.0000000000	        0.0039865970	        0.0044295523	        0.0005888748	        0.0088104672	        0.0010434314	        0.0021460736	        0.1000000000	        0.0010000000
        0.4347863703	        1.0629264576	        0.7058454952	        0.0134181224	        0.0000000000	        0.0000000000	        0.0043537669	        0.0048375187	        0.0005857174	        0.0080598923	        0.0008727856	        0.0021429933	        0.1000000000	        0.0010000000
        0.4778426900	        1.0802178635	        0.7008627814	        0.0103773547	        0.0000000000	        0.0000000000	        0.0047458969	        0.0052732187	        0.0005831369	        0.0073380757	        0.0007247178	        0.0021305040	        0.1000000000	        0.0010000000
        0.5236952751	        1.0958165954	        0.6960112395	        0.0075692619	        0.0000000000	        0.0000000000	        0.0051740685	        0.0057489650	        0.0005813827	        0.0066579313	        0.0005980146	        0.0021124282	        0.1000000000	        0.0010000000
        0.5722565058	        1.1095950282	        0.6913110591	        0.0048296517	        0.0000000000	        0.0000000000	        0.0056505330	        0.0062783700	        0.0005807433	        0.0060331719	        0.0004915706	        0.0020926999	        0.1000000000	        0.0010000000
        0.6233861842	        1.1214552756	        0.6867847649	        0.0020048062	        0.0000000000	        0.0000000000	        0.0061846078	        0.0068717864	        0.0005815447	        0.0054767746	        0.0004041997	        0.0020747255	        0.1000000000	        0.0010000000
        0.6768894010	        1.1313549909	        0.6824499230	       -0.0011575929	        0.0000000000	        0.0000000000	        0.0067762374	        0.0075291527	        0.0005841457	        0.0049990131	        0.0003344647	        0.0020607815	        0.1000000000	        0.0010000000
        0.7325164896	        1.1393218008	        0.6783107891	       -0.0047779835	        0.0000000000	        0.0000000000	        0.0074084646	        0.0082316273	        0.0005889055	        0.0046058406	        0.0002806195	        0.0020517028	        0.1000000000	        0.0010000000
        0.7899653716	        1.1454481355	        0.6743524644	       -0.0090215728	        0.0000000000	        0.0000000000	        0.0080418868	        0.0089354298	        0.0005961552	        0.0042984296	        0.0002407104	        0.0020470120	        0.1000000000	        0.0010000000
        0.8488864424	        1.1498668939	        0.6705385434	       -0.0139343587	        0.0000000000	        0.0000000000	        0.0086152938	        0.0095725486	        0.0006061995	        0.0040741302	        0.0002127984	        0.0020454128	        0.1000000000	        0.0010000000
        0.9088899606	        1.1527171135	        0.6668127490	       -0.0197567038	        0.0000000000	        0.0000000000	        0.0090555471	        0.0100617190	        0.0006193763	        0.0039283876	        0.0001952089	        0.0020453954	        0.1000000000	        0.0010000000
        0.9695556872	        1.1541111707	        0.6631015537	       -0.0264223552	        0.0000000000	        0.0000000000	        0.0092957791	        0.0103286435	        0.0006360547	        0.0038568200	        0.0001867297	        0.0020457245	        0.1000000000	        0.0010000000
        1.0304443128	        1.1541111707	        0.6593180959	       -0.0335839295	        0.0000000000	        0.0000000000	        0.0092957791	        0.0103286435	        0.0006564517	        0.0038568200	        0.0001867297	        0.0020457245	        0.1000000000	        0.0010000000
        1.0911100394	        1.1527171135	        0.6553665626	       -0.0409112047	        0.0000000000	        0.0000000000	        0.0090555471	        0.0100617190	        0.0006805468	        0.0039283876	        0.0001952089	        0.0020453954	        0.1000000000	        0.0010000000
        1.1511135576	        1.1498668939	        0.6511466181	       -0.0483876830	        0.0000000000	        0.0000000000	        0.0086152938	        0.0095725486	        0.0007082064	        0.0040741302	        0.0002127984	        0.0020454128	        0.1000000000	        0.0010000000
        1.2100346284	        1.1454481355	        0.6465581181	       -0.0558755866	        0.0000000000	        0.0000000000	        0.0080418868	        0.0089354298	        0.0007392537	        0.0042984296	        0.0002407104	        0.0020470120	        0.1000000000	        0.0010000000
        1.2674835104	        1.1393218008	        0.6415087561	       -0.0631702482	        0.0000000000	        0.0000000000	        0.0074084646	        0.0082316273	        0.0007733991	        0.0046058406	        0.0002806195	        0.0020517028	        0.1000000000	        0.0010000000
        1.3231105990	        1.1313549909	        0.6359238688	       -0.0701377139	        0.0000000000	        0.0000000000	        0.0067762374	        0.0075291527	        0.0008102209	        0.0049990131	        0.0003344647	        0.0020607815	        0.1000000000	        0.0010000000
        1.3766138158	        1.1214552756	        0.6297551956	       -0.0770249057	        0.0000000000	        0.0000000000	        0.0061846078	        0.0068717864	        0.0008492615	        0.0054767746	        0.0004041997	        0.0020747255	        0.1000000000	        0.0010000000
        1.4277434942	        1.1095950282	        0.6229834672	       -0.0841138125	        0.0000000000	        0.0000000000	        0.0056505330	        0.0062783700	        0.0008900852	        0.0060331719	        0.0004915706	        0.0020926999	        0.1000000000	        0.0010000000
        1.4763047249	        1.0958165954	        0.6156140982	       -0.0916488965	        0.0000000000	        0.0000000000	        0.0051740685	        0.0057489650	        0.0009322312	        0.0066579313	        0.0005980146	        0.0021124282	        0.1000000000	        0.0010000000
        1.5221573100	        1.0802178635	        0.6076675439	       -0.0994801236	        0.0000000000	        0.0000000000	        0.0047458969	        0.0052732187	        0.0009751105	        0.0073380757	        0.0007247178	        0.0021305040	        0.1000000000	        0.0010000000
        1.5652136297	        1.0629264576	        0.5991694418	       -0.1077887058	        0.0000000000	        0.0000000000	        0.0043537669	        0.0048375187	        0.0010180436	        0.0080598923	        0.0008727856	        0.0021429933	        0.1000000000	        0.0010000000
        1.6054348249	        1.0440732534	        0.5901408862	       -0.1168572826	        0.0000000000	        0.0000000000	        0.0039865970	        0.0044295523	        0.0010604038	        0.0088104672	        0.0010434314	        0.0021460736	        0.1000000000	        0.0010000000
        1.6428257449	        1.0237723132	        0.5805916395	       -0.1268308014	        0.0000000000	        0.0000000000	        0.0036363575	        0.0040403972	        0.0011016095	        0.0095784192	        0.0012381039	        0.0021365209	        0.1000000000	        0.0010000000
        1.6774291124	        1.0021092374	        0.5705171644	       -0.1377438108	        0.0000000000	        0.0000000000	        0.0032984177	        0.0036649086	        0.0011410550	        0.0103538774	        0.0014585123	        0.0021119812	        0.1000000000	        0.0010000000
        1.7093193206	        0.9791365926	        0.5598982931	       -0.1497133681	        0.0000000000	        0.0000000000	        0.0029710680	        0.0033011867	        0.0011780842	        0.0111279440	        0.0017065402	        0.0020710543	        0.1000000000	        0.0010000000
        1.7385962156	        0.9548740462	        0.5487018256	       -0.1628801243	        0.0000000000	        0.0000000000	        0.0026547219	        0.0029496910	        0.0012119829	        0.0118918794	        0.0019840498	        0.0020132534	        0.1000000000	        0.0010000000
        1.7653791443	        0.9293111797	        0.5368816180	       -0.1775102083	        0.0000000000	        0.0000000000	        0.0023510964	        0.0026123293	        0.0012419657	        0.0126361722	        0.0022925693	        0.0019388967	        0.1000000000	        0.0010000000
        1.7898014704	        0.9024117224	        0.5243795887	       -0.1938957873	        0.0000000000	        0.0000000000	        0.0020625105	        0.0022916783	        0.0012671542	        0.0133495849	        0.0026328462	        0.0018489757	        0.1000000000	        0.0010000000
        1.8120056873	        0.8741186671	        0.5111269276	       -0.2123228245	        0.0000000000	        0.0000000000	        0.0017913517	        0.0019903908	        0.0012865325	        0.0140182234	        0.0030042459	        0.0017450211	        0.1000000000	        0.0010000000
        1.8321391985	        0.8443602504	        0.4970457194	       -0.2331789598	        0.0000000000	        0.0000000000	        0.0015397094	        0.0017107883	        0.0012989157	        0.0146246874	        0.0034039771	        0.0016289814	        0.1000000000	        0.0010000000
        1.8503507799	        0.8130571280	        0.4820510148	       -0.2568559708	        0.0000000000	        0.0000000000	        0.0013091546	        0.0014546163	        0.0013029253	        0.0151473925	        0.0038261593	        0.0015031192	        0.1000000000	        0.0010000000
        1.8667877045	        0.7801312644	        0.4660539732	       -0.2837321862	        0.0000000000	        0.0000000000	        0.0011006354	        0.0012229282	        0.0012969717	        0.0155602310	        0.0042608067	        0.0013699243	        0.1000000000	        0.0010000000
        1.8815934821	        0.7455171077	        0.4489665567	       -0.3140825056	        0.0000000000	        0.0000000000	        0.0009144592	        0.0010160657	        0.0012792653	        0.0158328289	        0.0046929130	        0.0012320423	        0.1000000000	        0.0010000000
        1.8949061510	        0.7091754976	        0.4307083927	       -0.3481544248	        0.0000000000	        0.0000000000	        0.0007503364	        0.0008337071	        0.0012478839	        0.0159317537	        0.0051019680	        0.0010922133	        0.1000000000	        0.0010000000
        1.9068570493	        0.6711103872	        0.4112160357	       -0.3862210895	        0.0000000000	        0.0000000000	        0.0006074633	        0.0006749593	        0.0012009257	        0.0158230691	        0.0054623997	        0.0009532134	        0.1000000000	        0.0010000000
        1.9175699947	        0.6313877962	        0.3904547013	       -0.4276788102	        0.0000000000	        0.0000000000	        0.0004846283	        0.0005384759	        0.0011367237	        0.0154765463	        0.0057455208	        0.0008177894	        0.1000000000	        0.0010000000
        1.9271607996	        0.5901554304	        0.3684333954	       -0.4722074971	        0.0000000000	        0.0000000000	        0.0003803282	        0.0004225868	        0.0010542015	        0.0148715173	        0.0059234241	        0.0006885783	        0.1000000000	        0.0010000000
        1.9357370589	        0.5476602211	        0.3452204769	       -0.5192677786	        0.0000000000	        0.0000000000	        0.0002928844	        0.0003254271	        0.0009533554	        0.0140037210	        0.0059747679	        0.0005680037	        0.1000000000	        0.0010000000
        1.9433981504	        0.5042599660	        0.3209583148	       -0.5671530899	        0.0000000000	        0.0000000000	        0.0002205525	        0.0002450583	        0.0008357428	        0.0128916330	        0.0058914979	        0.0004581493	        0.1000000000	        0.0010000000
        1.9502353978	        0.4604247857	        0.2958749036	       -0.6154717717	        0.0000000000	        0.0000000000	        0.0001616170	        0.0001795745	        0.0007049684	        0.0115799958	        0.0056845524	        0.0003606221	        0.1000000000	        0.0010000000
        1.9563323538	        0.4167247106	        0.2702859683	       -0.6624731939	        0.0000000000	        0.0000000000	        0.0001144691	        0.0001271879	        0.0005669607	        0.0101381628	        0.0053861372	        0.0002764291	        0.1000000000	        0.0010000000
        1.9617651675	        0.3738013282	        0.2445869143	       -0.7074693036	        0.0000000000	        0.0000000000	        0.0000776561	        0.0000862846	        0.0004289818	        0.0086519561	        0.0050468661	        0.0002059019	        0.1000000000	        0.0010000000
        1.9666030060	        0.3324791485	        0.2193323275	       -0.7495394426	        0.0000000000	        0.0000000000	        0.0000530768	        0.0000589742	        0.0003193782	        0.0072166123	        0.0047302826	        0.0001489270	        0.1000000000	        0.0010000000
        1.9709085097	        0.2936606378	        0.1951780793	       -0.7878003374	        0.0000000000	        0.0000000000	        0.0000383539	        0.0000426154	        0.0002458806	        0.0059067132	        0.0044840436	        0.0001047778	        0.1000000000	        0.0010000000
        1.9747382607	        0.2577776335	        0.1724971373	       -0.8225068712	        0.0000000000	        0.0000000000	        0.0000267508	        0.0000297231	        0.0001802646	        0.0047519231	        0.0043206709	        0.0000717361	        0.1000000000	        0.0010000000
        1.9781432525	        0.2248676954	        0.1513985830	       -0.8537066495	        0.0000000000	        0.0000000000	        0.0000179561	        0.0000199512	        0.0001260837	        0.0037601578	        0.0042437676	        0.0000477213	        0.1000000000	        0.0010000000
        1.9811693494	        0.1949066401	        0.1319467055	       -0.8813734313	        0.0000000000	        0.0000000000	        0.0000115810	        0.0000128677	        0.0000840521	        0.0029283937	        0.0042491332	        0.0000307978	        0.1000000000	        0.0010000000
        1.9838577298	        0.1678078483	        0.1141564233	       -0.9055092863	        0.0000000000	        0.0000000000	        0.0000071722	        0.0000079691	        0.0000534247	        0.0022452483	        0.0043271634	        0.0000192478	        0.1000000000	        0.0010000000
        1.9862453073	        0.1434299499	        0.0979957676	       -0.9264908932	        0.0000000000	        0.0000000000	        0.0000042630	        0.0000047367	        0.0000324015	        0.0016942377	        0.0044654091	        0.0000116219	        0.1000000000	        0.0010000000
        1.9883651267	        0.1215915230	        0.0833947486	       -0.9448511856	        0.0000000000	        0.0000000000	        0.0000024288	        0.0000026986	        0.0000187510	        0.0012568082	        0.0046506894	        0.0000067573	        0.1000000000	        0.0010000000
        1.9902467340	        0.1020882757	        0.0702573641	       -0.9609598363	        0.0000000000	        0.0000000000	        0.0000013226	        0.0000014695	        0.0000103362	        0.0009145715	        0.0048705010	        0.0000037655	        0.1000000000	        0.0010000000
        1.9919165179	        0.0847083992	        0.0584732776	       -0.9750438222	        0.0000000000	        0.0000000000	        0.0000006847	        0.0000007608	        0.0000054035	        0.0006506300	        0.0051137671	        0.0000019975	        0.1000000000	        0.0010000000
        1.9933980257	        0.0692439015	        0.0479270866	       -0.9873215140	        0.0000000000	        0.0000000000	        0.0000003341	        0.0000003712	        0.0000026574	        0.0004501740	        0.0053711114	        0.0000009988	        0.1000000000	        0.0010000000
        1.9947122508	        0.0554977220	        0.0385046750	       -0.9980048334	        0.0000000000	        0.0000000000	        0.0000001515	        0.0000001683	        0.0000012132	        0.0003006089	        0.0056348526	        0.0000004640	        0.1000000000	        0.0010000000
        1.9958778967	        0.0432874666	        0.0300970639	       -1.0072913469	        0.0000000000	        0.0000000000	        0.0000000625	        0.0000000694	        0.0000005031	        0.0001914337	        0.0058988629	        0.0000001958	        0.1000000000	        0.0010000000
        1.9969116151	        0.0324468322	        0.0226024510	       -1.0153604942	        0.0000000000	        0.0000000000	        0.0000000226	        0.0000000251	        0.0000001828	        0.0001140089	        0.0061583755	        0.0000000723	        0.1000000000	        0.0010000000
        1.9978282231	        0.0228256218	        0.0159270737	       -1.0223723852	        0.0000000000	        0.0000000000	        0.0000000067	        0.0000000075	        0.0000000546	        0.0000612969	        0.0064097866	        0.0000000219	        0.1000000000	        0.0010000000
        1.9986408981	        0.0142889910	        0.0099853640	       -1.0284681259	        0.0000000000	        0.0000000000	        0.0000000014	        0.0000000016	        0.0000000117	        0.0000276111	        0.0066504682	        0.0000000048	        0.1000000000	        0.0010000000
        1.9993613540	        0.0067163277	        0.0046997079	       -1.0337709976	        0.0000000000	        0.0000000000	        0.0000000002	        0.0000000002	        0.0000000013	        0.0000083898	        0.0068786014	        0.0000000005	        0.1000000000	        0.0010000000
        2.0000000000	        0.0000000000	        0.0000000000	       -1.0383880573	        0.0000000000	        0.0000000000	        0.0000000000	        0.0000000000	        0.0000000000	        0.0000000000	        0.0070930286	        0.0000000000	        0.0000000000	        0.0010000000
