        0.0000000000	        0.0000000000	        1.0000000000	        7.4793462837	        0.0000000000	        0.0000000000	        0.0000000000	        0.0000000000	        0.0000000000	        0.0000000000	        0.0070930286	        0.0000000000	        0.0000000000	        0.0010000000
        0.0006386460	        0.0067163277	        0.9977900229	        6.9413002515	        0.0000000000	        0.0000000000	        0.0000000002	        0.0000000002	        0.0000000006	        0.0000083898	        0.0068786014	        0.0000000005	        0.1000000000	        0.0010000000
        0.0013591019	        0.0142889910	        0.9954097403	        6.3732754848	        0.0000000000	        0.0000000000	        0.0000000014	        0.0000000016	        0.0000000052	        0.0000276111	        0.0066504682	        0.0000000048	        0.1000000000	        0.0010000000
        0.0021717769	        0.0228256218	        0.9928566094	        5.7799908901	        0.0000000000	        0.0000000000	        0.0000000067	        0.0000000075	        0.0000000228	        0.0000612969	        0.0064097866	        0.0000000219	        0.1000000000	        0.0010000000
        0.0030883849	        0.0324468322	        0.9901291541	        5.1681709464	        0.0000000000	        0.0000000000	        0.0000000226	        0.0000000251	        0.0000000726	        0.0001140089	        0.0061583755	        0.0000000723	        0.1000000000	        0.0010000000
        0.0041221033	        0.0432874666	        0.9872264974	        4.5467767429	        0.0000000000	        0.0000000000	        0.0000000625	        0.0000000694	        0.0000001892	        0.0001914337	        0.0058988629	        0.0000001958	        0.1000000000	        0.0010000000
        0.0052877492	        0.0554977220	        0.9841475961	        3.9270845715	        0.0000000000	        0.0000000000	        0.0000001515	        0.0000001683	        0.0000004311	        0.0003006089	        0.0056348526	        0.0000004640	        0.1000000000	        0.0010000000
        0.0066019743	        0.0692439015	        0.9808901860	        3.3224691620	        0.0000000000	        0.0000000000	        0.0000003341	        0.0000003712	        0.0000008914	        0.0004501740	        0.0053711114	        0.0000009988	        0.1000000000	        0.0010000000
        0.0080834821	        0.0847083992	        0.9774495359	        2.7476663092	        0.0000000000	        0.0000000000	        0.0000006847	        0.0000007608	        0.0000017115	        0.0006506300	        0.0051137671	        0.0000019975	        0.1000000000	        0.0010000000
        0.0097532660	        0.1020882757	        0.9738172279	        2.2171671738	        0.0000000000	        0.0000000000	        0.0000013226	        0.0000014695	        0.0000030979	        0.0009145715	        0.0048705010	        0.0000037655	        0.1000000000	        0.0010000000
        0.0116348733	        0.1215915230	        0.9699802781	        1.7422161453	        0.0000000000	        0.0000000000	        0.0000024288	        0.0000026986	        0.0000053379	        0.0012568082	        0.0046506894	        0.0000067573	        0.1000000000	        0.0010000000
        0.0137546927	        0.1434299499	        0.9659208096	        1.3272513510	        0.0000000000	        0.0000000000	        0.0000042630	        0.0000047367	        0.0000088101	        0.0016942377	        0.0044654091	        0.0000116219	        0.1000000000	        0.0010000000
        0.0161422702	        0.1678078483	        0.9616160333	        0.9766460072	        0.0000000000	        0.0000000000	        0.0000071722	        0.0000079691	        0.0000139755	        0.0022452483	        0.0043271634	        0.0000192478	        0.1000000000	        0.0010000000
        0.0188306506	        0.1949066401	        0.9570394981	        0.6886947443	        0.0000000000	        0.0000000000	        0.0000115810	        0.0000128677	        0.0000213355	        0.0029283937	        0.0042491332	        0.0000307978	        0.1000000000	        0.0010000000
        0.0218567475	        0.2248676954	        0.9521626156	        0.4588672329	        0.0000000000	        0.0000000000	        0.0000179561	        0.0000199512	        0.0000313519	        0.0037601578	        0.0042437676	        0.0000477213	        0.1000000000	        0.0010000000
        0.0252617393	        0.2577776335	        0.9469562501	        0.2820532920	        0.0000000000	        0.0000000000	        0.0000267508	        0.0000297231	        0.0000443467	        0.0047519231	        0.0043206709	        0.0000717361	        0.1000000000	        0.0010000000
        0.0290914903	        0.2936606378	        0.9413924702	        0.1503367429	        0.0000000000	        0.0000000000	        0.0000383539	        0.0000426154	        0.0000604307	        0.0059067132	        0.0044840436	        0.0001047778	        0.1000000000	        0.0010000000
        0.0333969940	        0.3324791485	        0.9354454407	        0.0533369272	        0.0000000000	        0.0000000000	        0.0000530768	        0.0000589742	        0.0000791528	        0.0072166123	        0.0047302826	        0.0001489270	        0.1000000000	        0.0010000000
        0.0382348325	        0.3738013282	        0.9291472698	       -0.0177607079	        0.0000000000	        0.0000000000	        0.0000776561	        0.0000862846	        0.0001081487	        0.0086519561	        0.0050468661	        0.0002059019	        0.1000000000	        0.0010000000
        0.0436676462	        0.4167247106	        0.9225997428	       -0.0710993961	        0.0000000000	        0.0000000000	        0.0001144691	        0.0001271879	        0.0001466034	        0.0101381628	        0.0053861372	        0.0002764291	        0.1000000000	        0.0010000000
        0.0497646022	        0.4604247857	        0.9158853413	       -0.1131881867	        0.0000000000	        0.0000000000	        0.0001616170	        0.0001795745	        0.0001884727	        0.0115799958	        0.0056845524	        0.0003606221	        0.1000000000	        0.0010000000
        0.0566018496	        0.5042599660	        0.9090525352	       -0.1484256017	        0.0000000000	        0.0000000000	        0.0002205525	        0.0002450583	        0.0002328659	        0.0128916330	        0.0058914979	        0.0004581493	        0.1000000000	        0.0010000000
        0.0642629411	        0.5476602211	        0.9021360174	       -0.1793355345	        0.0000000000	        0.0000000000	        0.0002928844	        0.0003254271	        0.0002791070	        0.0140037210	        0.0059747679	        0.0005680037	        0.1000000000	        0.0010000000
        0.0728392004	        0.5901554304	        0.8951535967	       -0.2069069184	        0.0000000000	        0.0000000000	        0.0003803282	        0.0004225868	        0.0003269814	        0.0148715173	        0.0059234241	        0.0006885783	        0.1000000000	        0.0010000000
        0.0824300053	        0.6313877962	        0.8881057287	       -0.2310807800	        0.0000000000	        0.0000000000	        0.0004846283	        0.0005384759	        0.0003766622	        0.0154765463	        0.0057455208	        0.0008177894	        0.1000000000	        0.0010000000
        0.0931429507	        0.6711103872	        0.8809772385	       -0.2512302950	        0.0000000000	        0.0000000000	        0.0006074633	        0.0006749593	        0.0004285718	        0.0158230691	        0.0054623997	        0.0009532134	        0.1000000000	        0.0010000000
        0.1050938490	        0.7091754976	        0.8737404798	       -0.2664971365	        0.0000000000	        0.0000000000	        0.0007503364	        0.0008337071	        0.0004832144	        0.0159317537	        0.0051019680	        0.0010922133	        0.1000000000	        0.0010000000
        0.1184065179	        0.7455171077	        0.8663592151	       -0.2760478959	        0.0000000000	        0.0000000000	        0.0009144592	        0.0010160657	        0.0005410082	        0.0158328289	        0.0046929130	        0.0012320423	        0.1000000000	        0.0010000000
        0.1332122955	        0.7801312644	        0.8587926445	       -0.2793460163	        0.0000000000	        0.0000000000	        0.0011006354	        0.0012229282	        0.0006021465	        0.0155602310	        0.0042608067	        0.0013699243	        0.1000000000	        0.0010000000
        0.1496492201	        0.8130571280	        0.8509990572	       -0.2762104857	        0.0000000000	        0.0000000000	        0.0013091546	        0.0014546163	        0.0006665048	        0.0151473925	        0.0038261593	        0.0015031192	        0.1000000000	        0.0010000000
        0.1678608015	        0.8443602504	        0.8429389750	       -0.2667894819	        0.0000000000	        0.0000000000	        0.0015397094	        0.0017107883	        0.0007335873	        0.0146246874	        0.0034039771	        0.0016289814	        0.1000000000	        0.0010000000
        0.1879943127	        0.8741186671	        0.8345778820	       -0.2519084945	        0.0000000000	        0.0000000000	        0.0017913517	        0.0019903908	        0.0008025510	        0.0140182234	        0.0030042459	        0.0017450211	        0.1000000000	        0.0010000000
        0.2101985296	        0.9024117224	        0.8258878520	       -0.2329632929	        0.0000000000	        0.0000000000	        0.0020625105	        0.0022916783	        0.0008723220	        0.0133495849	        0.0026328462	        0.0018489757	        0.1000000000	        0.0010000000
        0.2346208557	        0.9293111797	        0.8168480870	       -0.2112908156	        0.0000000000	        0.0000000000	        0.0023510964	        0.0026123293	        0.0009417144	        0.0126361722	        0.0022925693	        0.0019388967	        0.1000000000	        0.0010000000
        0.2614037844	        0.9548740462	        0.8074456357	       -0.1878238633	        0.0000000000	        0.0000000000	        0.0026547219	        0.0029496910	        0.0010094698	        0.0118918794	        0.0019840498	        0.0020132534	        0.1000000000	        0.0010000000
        0.2906806794	        0.9791365926	        0.7976773225	       -0.1635226444	        0.0000000000	        0.0000000000	        0.0029710680	        0.0033011867	        0.0010743056	        0.0111279440	        0.0017065402	        0.0020710543	        0.1000000000	        0.0010000000
        0.3225708876	        1.0021092374	        0.7875520319	       -0.1401075067	        0.0000000000	        0.0000000000	        0.0032984177	        0.0036649086	        0.0011351552	        0.0103538774	        0.0014585123	        0.0021119812	        0.1000000000	        0.0010000000
        0.3571742551	        1.0237723132	        0.7770909696	       -0.1189374837	        0.0000000000	        0.0000000000	        0.0036363575	        0.0040403972	        0.0011914127	        0.0095784192	        0.0012381039	        0.0021365209	        0.1000000000	        0.0010000000
        0.3945651751	        1.0440732534	        0.7663285844	       -0.0998027602	        0.0000000000	        0.0000000000	        0.0039865970	        0.0044295523	        0.0012427653	        0.0088104672	        0.0010434314	        0.0021460736	        0.1000000000	        0.0010000000
        0.4347863703	        1.0629264576	        0.7553182763	       -0.0825152677	        0.0000000000	        0.0000000000	        0.0043537669	        0.0048375187	        0.0012889862	        0.0080598923	        0.0008727856	        0.0021429933	        0.1000000000	        0.0010000000
        0.4778426900	        1.0802178635	        0.7441373731	       -0.0672305150	        0.0000000000	        0.0000000000	        0.0047458969	        0.0052732187	        0.0013300398	        0.0073380757	        0.0007247178	        0.0021305040	        0.1000000000	        0.0010000000
        0.5236952751	        1.0958165954	        0.7328879501	       -0.0547618063	        0.0000000000	        0.0000000000	        0.0051740685	        0.0057489650	        0.0013663579	        0.0066579313	        0.0005980146	        0.0021124282	        0.1000000000	        0.0010000000
        0.5722565058	        1.1095950282	        0.7216890431	       -0.0456972185	        0.0000000000	        0.0000000000	        0.0056505330	        0.0062783700	        0.0013990003	        0.0060331719	        0.0004915706	        0.0020926999	        0.1000000000	        0.0010000000
        0.6233861842	        1.1214552756	        0.7106615374	       -0.0401929652	        0.0000000000	        0.0000000000	        0.0061846078	        0.0068717864	        0.0014294838	        0.0054767746	        0.0004041997	        0.0020747255	        0.1000000000	        0.0010000000
        0.6768894010	        1.1313549909	        0.6999076541	       -0.0377004092	        0.0000000000	        0.0000000000	        0.0067762374	        0.0075291527	        0.0014593607	        0.0049990131	        0.0003344647	        0.0020607815	        0.1000000000	        0.0010000000
        0.7325164896	        1.1393218008	        0.6894911569	       -0.0389747523	        0.0000000000	        0.0000000000	        0.0074084646	        0.0082316273	        0.0014902421	        0.0046058406	        0.0002806195	        0.0020517028	        0.1000000000	        0.0010000000
        0.7899653716	        1.1454481355	        0.6794168033	       -0.0420413989	        0.0000000000	        0.0000000000	        0.0080418868	        0.0089354298	        0.0015232872	        0.0042984296	        0.0002407104	        0.0020470120	        0.1000000000	        0.0010000000
        0.8488864424	        1.1498668939	        0.6696316269	       -0.0482556418	        0.0000000000	        0.0000000000	        0.0086152938	        0.0095725486	        0.0015593460	        0.0040741302	        0.0002127984	        0.0020454128	        0.1000000000	        0.0010000000
        0.9088899606	        1.1527171135	        0.6600221564	       -0.0578107238	        0.0000000000	        0.0000000000	        0.0090555471	        0.0100617190	        0.0015997515	        0.0039283876	        0.0001952089	        0.0020453954	        0.1000000000	        0.0010000000
        0.9695556872	        1.1541111707	        0.6504230527	       -0.0709300749	        0.0000000000	        0.0000000000	        0.0092957791	        0.0103286435	        0.0016460446	        0.0038568200	        0.0001867297	        0.0020457245	        0.1000000000	        0.0010000000
        1.0304443128	        1.1541111707	        0.6406267602	       -0.0870553526	        0.0000000000	        0.0000000000	        0.0092957791	        0.0103286435	        0.0016997470	        0.0038568200	        0.0001867297	        0.0020457245	        0.1000000000	        0.0010000000
        1.0911100394	        1.1527171135	        0.6303948801	       -0.1034807818	        0.0000000000	        0.0000000000	        0.0090555471	        0.0100617190	        0.0017613367	        0.0039283876	        0.0001952089	        0.0020453954	        0.1000000000	        0.0010000000
        1.1511135576	        1.1498668939	        0.6194779964	       -0.1182856791	        0.0000000000	        0.0000000000	        0.0086152938	        0.0095725486	        0.0018297908	        0.0040741302	        0.0002127984	        0.0020454128	        0.1000000000	        0.0010000000
        1.2100346284	        1.1454481355	        0.6076365280	       -0.1290033203	        0.0000000000	        0.0000000000	        0.0080418868	        0.0089354298	        0.0019027659	        0.0042984296	        0.0002407104	        0.0020470120	        0.1000000000	        0.0010000000
        1.2674835104	        1.1393218008	        0.5946710947	       -0.1336144372	        0.0000000000	        0.0000000000	        0.0074084646	        0.0082316273	        0.0019767334	        0.0046058406	        0.0002806195	        0.0020517028	        0.1000000000	        0.0010000000
        1.3231105990	        1.1313549909	        0.5804564143	       -0.1323881164	        0.0000000000	        0.0000000000	        0.0067762374	        0.0075291527	        0.0020479991	        0.0049990131	        0.0003344647	        0.0020607815	        0.1000000000	        0.0010000000
        1.3766138158	        1.1214552756	        0.5649615649	       -0.1248361423	        0.0000000000	        0.0000000000	        0.0061846078	        0.0068717864	        0.0021131474	        0.0054767746	        0.0004041997	        0.0020747255	        0.1000000000	        0.0010000000
        1.4277434942	        1.1095950282	        0.5482578781	       -0.1089256673	        0.0000000000	        0.0000000000	        0.0056505330	        0.0062783700	        0.0021683256	        0.0060331719	        0.0004915706	        0.0020926999	        0.1000000000	        0.0010000000
        1.4763047249	        1.0958165954	        0.5305126096	       -0.0871213446	        0.0000000000	        0.0000000000	        0.0051740685	        0.0057489650	        0.0022101574	        0.0066579313	        0.0005980146	        0.0021124282	        0.1000000000	        0.0010000000
        1.5221573100	        1.0802178635	        0.5119464968	       -0.0617435454	        0.0000000000	        0.0000000000	        0.0047458969	        0.0052732187	        0.0022369081	        0.0073380757	        0.0007247178	        0.0021305040	        0.1000000000	        0.0010000000
        1.5652136297	        1.0629264576	        0.4927884912	       -0.0318844093	        0.0000000000	        0.0000000000	        0.0043537669	        0.0048375187	        0.0022475884	        0.0080598923	        0.0008727856	        0.0021429933	        0.1000000000	        0.0010000000
        1.6054348249	        1.0440732534	        0.4732519721	        0.0044851291	        0.0000000000	        0.0000000000	        0.0039865970	        0.0044295523	        0.0022410410	        0.0088104672	        0.0010434314	        0.0021460736	        0.1000000000	        0.0010000000
        1.6428257449	        1.0237723132	        0.4535264526	        0.0485208432	        0.0000000000	        0.0000000000	        0.0036363575	        0.0040403972	        0.0022160959	        0.0095784192	        0.0012381039	        0.0021365209	        0.1000000000	        0.0010000000
        1.6774291124	        1.0021092374	        0.4337751450	        0.0993484704	        0.0000000000	        0.0000000000	        0.0032984177	        0.0036649086	        0.0021722490	        0.0103538774	        0.0014585123	        0.0021119812	        0.1000000000	        0.0010000000
        1.7093193206	        0.9791365926	        0.4141321179	        0.1572535431	        0.0000000000	        0.0000000000	        0.0029710680	        0.0033011867	        0.0021097533	        0.0111279440	        0.0017065402	        0.0020710543	        0.1000000000	        0.0010000000
        1.7385962156	        0.9548740462	        0.3947074926	        0.2231295050	        0.0000000000	        0.0000000000	        0.0026547219	        0.0029496910	        0.0020292044	        0.0118918794	        0.0019840498	        0.0020132534	        0.1000000000	        0.0010000000
        1.7653791443	        0.9293111797	        0.3755956510	        0.2960077239	        0.0000000000	        0.0000000000	        0.0023510964	        0.0026123293	        0.0019316693	        0.0126361722	        0.0022925693	        0.0019388967	        0.1000000000	        0.0010000000
        1.7898014704	        0.9024117224	        0.3568783328	        0.3734530046	        0.0000000000	        0.0000000000	        0.0020625105	        0.0022916783	        0.0018190050	        0.0133495849	        0.0026328462	        0.0018489757	        0.1000000000	        0.0010000000
        1.8120056873	        0.8741186671	        0.3386246873	        0.4504632442	        0.0000000000	        0.0000000000	        0.0017913517	        0.0019903908	        0.0016940380	        0.0140182234	        0.0030042459	        0.0017450211	        0.1000000000	        0.0010000000
        1.8321391985	        0.8443602504	        0.3208865387	        0.5224028370	        0.0000000000	        0.0000000000	        0.0015397094	        0.0017107883	        0.0015603663	        0.0146246874	        0.0034039771	        0.0016289814	        0.1000000000	        0.0010000000
        1.8503507799	        0.8130571280	        0.3036962651	        0.5847909647	        0.0000000000	        0.0000000000	        0.0013091546	        0.0014546163	        0.0014218502	        0.0151473925	        0.0038261593	        0.0015031192	        0.1000000000	        0.0010000000
        1.8667877045	        0.7801312644	        0.2870660093	        0.6332867854	        0.0000000000	        0.0000000000	        0.0011006354	        0.0012229282	        0.0012822345	        0.0155602310	        0.0042608067	        0.0013699243	        0.1000000000	        0.0010000000
        1.8815934821	        0.7455171077	        0.2709877402	        0.6643157188	        0.0000000000	        0.0000000000	        0.0009144592	        0.0010160657	        0.0011448228	        0.0158328289	        0.0046929130	        0.0012320423	        0.1000000000	        0.0010000000
        1.8949061510	        0.7091754976	        0.2554350212	        0.6754297353	        0.0000000000	        0.0000000000	        0.0007503364	        0.0008337071	        0.0010122091	        0.0159317537	        0.0051019680	        0.0010922133	        0.1000000000	        0.0010000000
        1.9068570493	        0.6711103872	        0.2403667657	        0.6646146710	        0.0000000000	        0.0000000000	        0.0006074633	        0.0006749593	        0.0008861662	        0.0158230691	        0.0054623997	        0.0009532134	        0.1000000000	        0.0010000000
        1.9175699947	        0.6313877962	        0.2257317176	        0.6301175461	        0.0000000000	        0.0000000000	        0.0004846283	        0.0005384759	        0.0007676828	        0.0154765463	        0.0057455208	        0.0008177894	        0.1000000000	        0.0010000000
        1.9271607996	        0.5901554304	        0.2114736443	        0.5699519223	        0.0000000000	        0.0000000000	        0.0003803282	        0.0004225868	        0.0006570917	        0.0148715173	        0.0059234241	        0.0006885783	        0.1000000000	        0.0010000000
        1.9357370589	        0.5476602211	        0.1975368890	        0.4813013381	        0.0000000000	        0.0000000000	        0.0002928844	        0.0003254271	        0.0005542747	        0.0140037210	        0.0059747679	        0.0005680037	        0.1000000000	        0.0010000000
        1.9433981504	        0.5042599660	        0.1838719371	        0.3630432329	        0.0000000000	        0.0000000000	        0.0002205525	        0.0002450583	        0.0004588610	        0.0128916330	        0.0058914979	        0.0004581493	        0.1000000000	        0.0010000000
        1.9502353978	        0.4604247857	        0.1704439165	        0.2103768383	        0.0000000000	        0.0000000000	        0.0001616170	        0.0001795745	        0.0003705448	        0.0115799958	        0.0056845524	        0.0003606221	        0.1000000000	        0.0010000000
        1.9563323538	        0.4167247106	        0.1572375912	        0.0232850216	        0.0000000000	        0.0000000000	        0.0001144691	        0.0001271879	        0.0002893790	        0.0101381628	        0.0053861372	        0.0002764291	        0.1000000000	        0.0010000000
        1.9617651675	        0.3738013282	        0.1442663253	       -0.2015579258	        0.0000000000	        0.0000000000	        0.0000776561	        0.0000862846	        0.0002156229	        0.0086519561	        0.0050468661	        0.0002059019	        0.1000000000	        0.0010000000
        1.9666030060	        0.3324791485	        0.1316263147	       -0.4627542568	        0.0000000000	        0.0000000000	        0.0000530768	        0.0000589742	        0.0001601752	        0.0072166123	        0.0047302826	        0.0001489270	        0.1000000000	        0.0010000000
        1.9709085097	        0.2936606378	        0.1194867071	       -0.7562373415	        0.0000000000	        0.0000000000	        0.0000383539	        0.0000426154	        0.0001244655	        0.0059067132	        0.0044840436	        0.0001047778	        0.1000000000	        0.0010000000
        1.9747382607	        0.2577776335	        0.1079182057	       -1.0813658317	        0.0000000000	        0.0000000000	        0.0000267508	        0.0000297231	        0.0000929886	        0.0047519231	        0.0043206709	        0.0000717361	        0.1000000000	        0.0010000000
        1.9781432525	        0.2248676954	        0.0969032846	       -1.4365084329	        0.0000000000	        0.0000000000	        0.0000179561	        0.0000199512	        0.0000667785	        0.0037601578	        0.0042437676	        0.0000477213	        0.1000000000	        0.0010000000
        1.9811693494	        0.1949066401	        0.0864412361	       -1.8139986535	        0.0000000000	        0.0000000000	        0.0000115810	        0.0000128677	        0.0000459584	        0.0029283937	        0.0042491332	        0.0000307978	        0.1000000000	        0.0010000000
        1.9838577298	        0.1678078483	        0.0765398549	       -2.2022062523	        0.0000000000	        0.0000000000	        0.0000071722	        0.0000079691	        0.0000302640	        0.0022452483	        0.0043271634	        0.0000192478	        0.1000000000	        0.0010000000
        1.9862453073	        0.1434299499	        0.0672087376	       -2.5963518710	        0.0000000000	        0.0000000000	        0.0000042630	        0.0000047367	        0.0000190505	        0.0016942377	        0.0044654091	        0.0000116219	        0.1000000000	        0.0010000000
        1.9883651267	        0.1215915230	        0.0584535450	       -2.9950588057	        0.0000000000	        0.0000000000	        0.0000024288	        0.0000026986	        0.0000114482	        0.0012568082	        0.0046506894	        0.0000067573	        0.1000000000	        0.0010000000
        1.9902467340	        0.1020882757	        0.0502732987	       -3.3927229594	        0.0000000000	        0.0000000000	        0.0000013226	        0.0000014695	        0.0000065501	        0.0009145715	        0.0048705010	        0.0000037655	        0.1000000000	        0.0010000000
        1.9919165179	        0.0847083992	        0.0426606657	       -3.7808623234	        0.0000000000	        0.0000000000	        0.0000006847	        0.0000007608	        0.0000035499	        0.0006506300	        0.0051137671	        0.0000019975	        0.1000000000	        0.0010000000
        1.9933980257	        0.0692439015	        0.0356031940	       -4.1532222158	        0.0000000000	        0.0000000000	        0.0000003341	        0.0000003712	        0.0000018068	        0.0004501740	        0.0053711114	        0.0000009988	        0.1000000000	        0.0010000000
        1.9947122508	        0.0554977220	        0.0290842820	       -4.5057287068	        0.0000000000	        0.0000000000	        0.0000001515	        0.0000001683	        0.0000008518	        0.0003006089	        0.0056348526	        0.0000004640	        0.1000000000	        0.0010000000
        1.9958778967	        0.0432874666	        0.0230839275	       -4.8359578314	        0.0000000000	        0.0000000000	        0.0000000625	        0.0000000694	        0.0000003640	        0.0001914337	        0.0058988629	        0.0000001958	        0.1000000000	        0.0010000000
        1.9969116151	        0.0324468322	        0.0175793658	       -5.1427160253	        0.0000000000	        0.0000000000	        0.0000000226	        0.0000000251	        0.0000001360	        0.0001140089	        0.0061583755	        0.0000000723	        0.1000000000	        0.0010000000
        1.9978282231	        0.0228256218	        0.0125456666	       -5.4257111386	        0.0000000000	        0.0000000000	        0.0000000067	        0.0000000075	        0.0000000416	        0.0000612969	        0.0064097866	        0.0000000219	        0.1000000000	        0.0010000000
        1.9986408981	        0.0142889910	        0.0079563138	       -5.6852965901	        0.0000000000	        0.0000000000	        0.0000000014	        0.0000000016	        0.0000000092	        0.0000276111	        0.0066504682	        0.0000000048	        0.1000000000	        0.0010000000
        1.9993613540	        0.0067163277	        0.0037837685	       -5.9222741347	        0.0000000000	        0.0000000000	        0.0000000002	        0.0000000002	        0.0000000010	        0.0000083898	        0.0068786014	        0.0000000005	        0.1000000000	        0.0010000000
        2.0000000000	        0.0000000000	        0.0000000000	       -6.1377432660	        0.0000000000	        0.0000000000	        0.0000000000	        0.0000000000	        0.0000000000	        0.0000000000	        0.0070930286	        0.0000000000	        0.0000000000	        0.0010000000
