        0.0000000000	        0.0000000000	        1.0000000000	        6.8990265149	       -0.0000001012	        0.0008293964	        0.0000000000	        0.0000000000	        0.0000000000	        0.0000000000	        0.0070930286	        0.0000000000	        0.1000000000	        0.0010000000
        0.0006386460	        0.0067163277	        0.9978499657	        6.4032176902	       -0.0000001075	        0.0007786659	        0.0000000002	        0.0000000002	        0.0000000006	        0.0000083898	        0.0068786014	        0.0000000005	        0.1000000000	        0.0010000000
        0.0013591019	        0.0142889910	        0.9955285413	        5.8798001713	       -0.0000001137	        0.0007252996	        0.0000000014	        0.0000000016	        0.0000000050	        0.0000276111	        0.0066504682	        0.0000000048	        0.1000000000	        0.0010000000
        0.0021717769	        0.0228256218	        0.9930315675	        5.3331308057	       -0.0000001198	        0.0006697946	        0.0000000067	        0.0000000075	        0.0000000224	        0.0000612969	        0.0064097866	        0.0000000219	        0.1000000000	        0.0010000000
        0.0030883849	        0.0324468322	        0.9903556395	        4.7694180784	       -0.0000001255	        0.0006128407	        0.0000000226	        0.0000000251	        0.0000000714	        0.0001140089	        0.0061583755	        0.0000000723	        0.1000000000	        0.0010000000
        0.0041221033	        0.0432874666	        0.9874976383	        4.1969364363	       -0.0000001306	        0.0005553375	        0.0000000625	        0.0000000694	        0.0000001867	        0.0001914337	        0.0058988629	        0.0000001958	        0.1000000000	        0.0010000000
        0.0052877492	        0.0554977220	        0.9844539765	        3.6261007151	       -0.0000001350	        0.0004983922	        0.0000001515	        0.0000001683	        0.0000004272	        0.0003006089	        0.0056348526	        0.0000004640	        0.1000000000	        0.0010000000
        0.0066019743	        0.0692439015	        0.9812195571	        3.0692692134	       -0.0000001385	        0.0004432844	        0.0000003341	        0.0000003712	        0.0000008873	        0.0004501740	        0.0053711114	        0.0000009988	        0.1000000000	        0.0010000000
        0.0080834821	        0.0847083992	        0.9777865283	        2.5400681820	       -0.0000001412	        0.0003913710	        0.0000006847	        0.0000007608	        0.0000017124	        0.0006506300	        0.0051137671	        0.0000019975	        0.1000000000	        0.0010000000
        0.0097532660	        0.1020882757	        0.9741430224	        2.0519177792	       -0.0000001433	        0.0003438953	        0.0000013226	        0.0000014695	        0.0000031166	        0.0009145715	        0.0048705010	        0.0000037655	        0.1000000000	        0.0010000000
        0.0116348733	        0.1215915230	        0.9702721578	        1.6152735079	       -0.0000001455	        0.0003016413	        0.0000024288	        0.0000026986	        0.0000054022	        0.0012568082	        0.0046506894	        0.0000067573	        0.1000000000	        0.0010000000
        0.0137546927	        0.1434299499	        0.9661514931	        1.2343492019	       -0.0000001489	        0.0002645825	        0.0000042630	        0.0000047367	        0.0000089736	        0.0016942377	        0.0044654091	        0.0000116219	        0.1000000000	        0.0010000000
        0.0161422702	        0.1678078483	        0.9617527266	        0.9132600055	       -0.0000001538	        0.0002331078	        0.0000071722	        0.0000079691	        0.0000143337	        0.0022452483	        0.0043271634	        0.0000192478	        0.1000000000	        0.0010000000
        0.0188306506	        0.1949066401	        0.9570425732	        0.6504642095	       -0.0000001591	        0.0002075465	        0.0000115810	        0.0000128677	        0.0000220471	        0.0029283937	        0.0042491332	        0.0000307978	        0.1000000000	        0.0010000000
        0.0218567475	        0.2248676954	        0.9519840075	        0.4418379774	       -0.0000001643	        0.0001878586	        0.0000179561	        0.0000199512	        0.0000326624	        0.0037601578	        0.0042437676	        0.0000477213	        0.1000000000	        0.0010000000
        0.0252617393	        0.2577776335	        0.9465378442	        0.2827695749	       -0.0000001701	        0.0001735994	        0.0000267508	        0.0000297231	        0.0000466071	        0.0047519231	        0.0043206709	        0.0000717361	        0.1000000000	        0.0010000000
        0.0290914903	        0.2936606378	        0.9406648977	        0.1660215365	       -0.0000001769	        0.0001642739	        0.0000383539	        0.0000426154	        0.0000641019	        0.0059067132	        0.0044840436	        0.0001047778	        0.1000000000	        0.0010000000
        0.0333969940	        0.3324791485	        0.9343277560	        0.0820392566	       -0.0000001843	        0.0001593987	        0.0000530768	        0.0000589742	        0.0000848652	        0.0072166123	        0.0047302826	        0.0001489270	        0.1000000000	        0.0010000000
        0.0382348325	        0.3738013282	        0.9275359770	        0.0227419357	       -0.0000001922	        0.0001585438	        0.0000776561	        0.0000862846	        0.0001175740	        0.0086519561	        0.0050468661	        0.0002059019	        0.1000000000	        0.0010000000
        0.0436676462	        0.4167247106	        0.9203625419	       -0.0194059603	       -0.0000002001	        0.0001614128	        0.0001144691	        0.0001271879	        0.0001620327	        0.0101381628	        0.0053861372	        0.0002764291	        0.1000000000	        0.0010000000
        0.0497646022	        0.4604247857	        0.9128782964	       -0.0504889924	       -0.0000002081	        0.0001679434	        0.0001616170	        0.0001795745	        0.0002118131	        0.0115799958	        0.0056845524	        0.0003606221	        0.1000000000	        0.0010000000
        0.0566018496	        0.5042599660	        0.9051376502	       -0.0746824433	       -0.0000002166	        0.0001782809	        0.0002205525	        0.0002450583	        0.0002656555	        0.0128916330	        0.0058914979	        0.0004581493	        0.1000000000	        0.0010000000
        0.0642629411	        0.5476602211	        0.8971929394	       -0.0945743792	       -0.0000002266	        0.0001927567	        0.0002928844	        0.0003254271	        0.0003222826	        0.0140037210	        0.0059747679	        0.0005680037	        0.1000000000	        0.0010000000
        0.0728392004	        0.5901554304	        0.8890886594	       -0.1113724063	       -0.0000002408	        0.0002118413	        0.0003803282	        0.0004225868	        0.0003807054	        0.0148715173	        0.0059234241	        0.0006885783	        0.1000000000	        0.0010000000
        0.0824300053	        0.6313877962	        0.8808574368	       -0.1250412463	       -0.0000002574	        0.0002360190	        0.0004846283	        0.0005384759	        0.0004402578	        0.0154765463	        0.0057455208	        0.0008177894	        0.1000000000	        0.0010000000
        0.0931429507	        0.6711103872	        0.8725187664	       -0.1349091736	       -0.0000002711	        0.0002657757	        0.0006074633	        0.0006749593	        0.0005005264	        0.0158230691	        0.0054623997	        0.0009532134	        0.1000000000	        0.0010000000
        0.1050938490	        0.7091754976	        0.8640803497	       -0.1409208970	       -0.0000002754	        0.0003013717	        0.0007503364	        0.0008337071	        0.0005612568	        0.0159317537	        0.0051019680	        0.0010922133	        0.1000000000	        0.0010000000
        0.1184065179	        0.7455171077	        0.8555398347	       -0.1435887113	       -0.0000002791	        0.0003429757	        0.0009144592	        0.0010160657	        0.0006223080	        0.0158328289	        0.0046929130	        0.0012320423	        0.1000000000	        0.0010000000
        0.1332122955	        0.7801312644	        0.8468862323	       -0.1431293839	       -0.0000002723	        0.0003902700	        0.0011006354	        0.0012229282	        0.0006835864	        0.0155602310	        0.0042608067	        0.0013699243	        0.1000000000	        0.0010000000
        0.1496492201	        0.8130571280	        0.8381022263	       -0.1403292053	       -0.0000002540	        0.0004428173	        0.0013091546	        0.0014546163	        0.0007450083	        0.0151473925	        0.0038261593	        0.0015031192	        0.1000000000	        0.0010000000
        0.1678608015	        0.8443602504	        0.8291652549	       -0.1360645064	       -0.0000002208	        0.0004997113	        0.0015397094	        0.0017107883	        0.0008065409	        0.0146246874	        0.0034039771	        0.0016289814	        0.1000000000	        0.0010000000
        0.1879943127	        0.8741186671	        0.8200480037	       -0.1310815423	       -0.0000001787	        0.0005597479	        0.0017913517	        0.0019903908	        0.0008682269	        0.0140182234	        0.0030042459	        0.0017450211	        0.1000000000	        0.0010000000
        0.2101985296	        0.9024117224	        0.8107187711	       -0.1261640327	       -0.0000001701	        0.0006216366	        0.0020625105	        0.0022916783	        0.0009302284	        0.0133495849	        0.0026328462	        0.0018489757	        0.1000000000	        0.0010000000
        0.2346208557	        0.9293111797	        0.8011412723	       -0.1193629186	       -0.0000001714	        0.0006839553	        0.0023510964	        0.0026123293	        0.0009924295	        0.0126361722	        0.0022925693	        0.0019388967	        0.1000000000	        0.0010000000
        0.2614037844	        0.9548740462	        0.7912833676	       -0.1057442984	       -0.0000001685	        0.0007452998	        0.0026547219	        0.0029496910	        0.0010532280	        0.0118918794	        0.0019840498	        0.0020132534	        0.1000000000	        0.0010000000
        0.2906806794	        0.9791365926	        0.7811394994	       -0.0847740451	       -0.0000001899	        0.0008042928	        0.0029710680	        0.0033011867	        0.0011092710	        0.0111279440	        0.0017065402	        0.0020710543	        0.1000000000	        0.0010000000
        0.3225708876	        1.0021092374	        0.7707422866	       -0.0644131395	       -0.0000002614	        0.0008597499	        0.0032984177	        0.0036649086	        0.0011579557	        0.0103538774	        0.0014585123	        0.0021119812	        0.1000000000	        0.0010000000
        0.3571742551	        1.0237723132	        0.7601396534	       -0.0515257195	       -0.0000002884	        0.0009110949	        0.0036363575	        0.0040403972	        0.0011998767	        0.0095784192	        0.0012381039	        0.0021365209	        0.1000000000	        0.0010000000
        0.3945651751	        1.0440732534	        0.7493680650	       -0.0459811783	       -0.0000003184	        0.0009579544	        0.0039865970	        0.0044295523	        0.0012379265	        0.0088104672	        0.0010434314	        0.0021460736	        0.1000000000	        0.0010000000
        0.4347863703	        1.0629264576	        0.7384517342	       -0.0438267089	       -0.0000003930	        0.0009998394	        0.0043537669	        0.0048375187	        0.0012747669	        0.0080598923	        0.0008727856	        0.0021429933	        0.1000000000	        0.0010000000
        0.4778426900	        1.0802178635	        0.7274216542	       -0.0392727943	       -0.0000005885	        0.0010365716	        0.0047458969	        0.0052732187	        0.0013106778	        0.0073380757	        0.0007247178	        0.0021305040	        0.1000000000	        0.0010000000
        0.5236952751	        1.0958165954	        0.7163479364	       -0.0295491671	       -0.0000008858	        0.0010684160	        0.0051740685	        0.0057489650	        0.0013431022	        0.0066579313	        0.0005980146	        0.0021124282	        0.1000000000	        0.0010000000
        0.5722565058	        1.1095950282	        0.7053554002	       -0.0105844142	       -0.0000011669	        0.0010962819	        0.0056505330	        0.0062783700	        0.0013664280	        0.0060331719	        0.0004915706	        0.0020926999	        0.1000000000	        0.0010000000
        0.6233861842	        1.1214552756	        0.6946390115	        0.0001027477	       -0.0000012472	        0.0011212735	        0.0061846078	        0.0068717864	        0.0013793244	        0.0054767746	        0.0004041997	        0.0020747255	        0.1000000000	        0.0010000000
        0.6768894010	        1.1313549909	        0.6843383018	        0.0007424983	       -0.0000011168	        0.0011450567	        0.0067762374	        0.0075291527	        0.0013880492	        0.0049990131	        0.0003344647	        0.0020607815	        0.1000000000	        0.0010000000
        0.7325164896	        1.1393218008	        0.6745031184	       -0.0066956978	       -0.0000008899	        0.0011695795	        0.0074084646	        0.0082316273	        0.0013996799	        0.0046058406	        0.0002806195	        0.0020517028	        0.1000000000	        0.0010000000
        0.7899653716	        1.1454481355	        0.6650926830	       -0.0193028471	       -0.0000006100	        0.0011964353	        0.0080418868	        0.0089354298	        0.0014198663	        0.0042984296	        0.0002407104	        0.0020470120	        0.1000000000	        0.0010000000
        0.8488864424	        1.1498668939	        0.6559919163	       -0.0387795000	       -0.0000003974	        0.0012269267	        0.0086152938	        0.0095725486	        0.0014540192	        0.0040741302	        0.0002127984	        0.0020454128	        0.1000000000	        0.0010000000
        0.9088899606	        1.1527171135	        0.6470080577	       -0.0694622350	       -0.0000002872	        0.0012634718	        0.0090555471	        0.0100617190	        0.0015104979	        0.0039283876	        0.0001952089	        0.0020453954	        0.1000000000	        0.0010000000
        0.9695556872	        1.1541111707	        0.6378550302	       -0.0988373869	       -0.0000002376	        0.0013085072	        0.0092957791	        0.0103286435	        0.0015938236	        0.0038568200	        0.0001867297	        0.0020457245	        0.1000000000	        0.0010000000
        1.0304443128	        1.1541111707	        0.6282279831	       -0.1092932159	       -0.0000002320	        0.0013639450	        0.0092957791	        0.0103286435	        0.0016935040	        0.0038568200	        0.0001867297	        0.0020457245	        0.1000000000	        0.0010000000
        1.0911100394	        1.1527171135	        0.6179004190	       -0.1057994136	       -0.0000004012	        0.0014306622	        0.0090555471	        0.0100617190	        0.0017925013	        0.0039283876	        0.0001952089	        0.0020453954	        0.1000000000	        0.0010000000
        1.1511135576	        1.1498668939	        0.6067050187	       -0.1000015634	       -0.0000006873	        0.0015073063	        0.0086152938	        0.0095725486	        0.0018822256	        0.0040741302	        0.0002127984	        0.0020454128	        0.1000000000	        0.0010000000
        1.2100346284	        1.1454481355	        0.5944899000	       -0.0883994903	       -0.0000009623	        0.0015914766	        0.0080418868	        0.0089354298	        0.0019587769	        0.0042984296	        0.0002407104	        0.0020470120	        0.1000000000	        0.0010000000
        1.2674835104	        1.1393218008	        0.5811678847	       -0.0842879218	       -0.0000011680	        0.0016785447	        0.0074084646	        0.0082316273	        0.0020236018	        0.0046058406	        0.0002806195	        0.0020517028	        0.1000000000	        0.0010000000
        1.3231105990	        1.1313549909	        0.5666653451	       -0.0790677891	       -0.0000010381	        0.0017644540	        0.0067762374	        0.0075291527	        0.0020803404	        0.0049990131	        0.0003344647	        0.0020607815	        0.1000000000	        0.0010000000
        1.3766138158	        1.1214552756	        0.5509891917	       -0.0776899010	       -0.0000006530	        0.0018445266	        0.0061846078	        0.0068717864	        0.0021308510	        0.0054767746	        0.0004041997	        0.0020747255	        0.1000000000	        0.0010000000
        1.4277434942	        1.1095950282	        0.5341970559	       -0.0873584743	       -0.0000005731	        0.0019138534	        0.0056505330	        0.0062783700	        0.0021812291	        0.0060331719	        0.0004915706	        0.0020926999	        0.1000000000	        0.0010000000
        1.4763047249	        1.0958165954	        0.5163352337	       -0.0880104621	       -0.0000007978	        0.0019684069	        0.0051740685	        0.0057489650	        0.0022315585	        0.0066579313	        0.0005980146	        0.0021124282	        0.1000000000	        0.0010000000
        1.5221573100	        1.0802178635	        0.4975340690	       -0.0676159883	       -0.0000010724	        0.0020079178	        0.0047458969	        0.0052732187	        0.0022704936	        0.0073380757	        0.0007247178	        0.0021305040	        0.1000000000	        0.0010000000
        1.5652136297	        1.0629264576	        0.4780447169	       -0.0315639103	       -0.0000011718	        0.0020316420	        0.0043537669	        0.0048375187	        0.0022864293	        0.0080598923	        0.0008727856	        0.0021429933	        0.1000000000	        0.0010000000
        1.6054348249	        1.0440732534	        0.4581708595	       -0.0019252215	       -0.0000010556	        0.0020385372	        0.0039865970	        0.0044295523	        0.0022783709	        0.0088104672	        0.0010434314	        0.0021460736	        0.1000000000	        0.0010000000
        1.6428257449	        1.0237723132	        0.4381286750	        0.0190340313	       -0.0000009397	        0.0020275939	        0.0036363575	        0.0040403972	        0.0022528582	        0.0095784192	        0.0012381039	        0.0021365209	        0.1000000000	        0.0010000000
        1.6774291124	        1.0021092374	        0.4180391601	        0.0567790707	       -0.0000009248	        0.0019985005	        0.0032984177	        0.0036649086	        0.0022098105	        0.0103538774	        0.0014585123	        0.0021119812	        0.1000000000	        0.0010000000
        1.7093193206	        0.9791365926	        0.3980531535	        0.1133789252	       -0.0000008404	        0.0019516707	        0.0029710680	        0.0033011867	        0.0021431655	        0.0111279440	        0.0017065402	        0.0020710543	        0.1000000000	        0.0010000000
        1.7385962156	        0.9548740462	        0.3783527926	        0.1692211627	       -0.0000007990	        0.0018875169	        0.0026547219	        0.0029496910	        0.0020526308	        0.0118918794	        0.0019840498	        0.0020132534	        0.1000000000	        0.0010000000
        1.7653791443	        0.9293111797	        0.3590717968	        0.2174101445	       -0.0000007540	        0.0018076762	        0.0023510964	        0.0026123293	        0.0019439403	        0.0126361722	        0.0022925693	        0.0019388967	        0.1000000000	        0.0010000000
        1.7898014704	        0.9024117224	        0.3402833227	        0.2663395668	       -0.0000006130	        0.0017138319	        0.0020625105	        0.0022916783	        0.0018218681	        0.0133495849	        0.0026328462	        0.0018489757	        0.1000000000	        0.0010000000
        1.8120056873	        0.8741186671	        0.3220426413	        0.3151369973	       -0.0000004553	        0.0016088984	        0.0017913517	        0.0019903908	        0.0016893055	        0.0140182234	        0.0030042459	        0.0017450211	        0.1000000000	        0.0010000000
        1.8321391985	        0.8443602504	        0.3043920758	        0.3583573951	       -0.0000002770	        0.0014961742	        0.0015397094	        0.0017107883	        0.0015497119	        0.0146246874	        0.0034039771	        0.0016289814	        0.1000000000	        0.0010000000
        1.8503507799	        0.8130571280	        0.2873527162	        0.3892149526	       -0.0000001281	        0.0013801087	        0.0013091546	        0.0014546163	        0.0014073868	        0.0151473925	        0.0038261593	        0.0015031192	        0.1000000000	        0.0010000000
        1.8667877045	        0.7801312644	        0.2709155783	        0.4068213718	       -0.0000000039	        0.0012649297	        0.0011006354	        0.0012229282	        0.0012663286	        0.0155602310	        0.0042608067	        0.0013699243	        0.1000000000	        0.0010000000
        1.8815934821	        0.7455171077	        0.2550499326	        0.4144295126	        0.0000000874	        0.0011544919	        0.0009144592	        0.0010160657	        0.0011290813	        0.0158328289	        0.0046929130	        0.0012320423	        0.1000000000	        0.0010000000
        1.8949061510	        0.7091754976	        0.2397195213	        0.4122820261	        0.0000001355	        0.0010520163	        0.0007503364	        0.0008337071	        0.0009969909	        0.0159317537	        0.0051019680	        0.0010922133	        0.1000000000	        0.0010000000
        1.9068570493	        0.6711103872	        0.2248893317	        0.3969958561	        0.0000001427	        0.0009593959	        0.0006074633	        0.0006749593	        0.0008709971	        0.0158230691	        0.0054623997	        0.0009532134	        0.1000000000	        0.0010000000
        1.9175699947	        0.6313877962	        0.2105246680	        0.3647341455	        0.0000001317	        0.0008795313	        0.0004846283	        0.0005384759	        0.0007518865	        0.0154765463	        0.0057455208	        0.0008177894	        0.1000000000	        0.0010000000
        1.9271607996	        0.5901554304	        0.1965907328	        0.3121135457	        0.0000001190	        0.0008132437	        0.0003803282	        0.0004225868	        0.0006402064	        0.0148715173	        0.0059234241	        0.0006885783	        0.1000000000	        0.0010000000
        1.9357370589	        0.5476602211	        0.1830543591	        0.2359981100	        0.0000001029	        0.0007609872	        0.0002928844	        0.0003254271	        0.0005362398	        0.0140037210	        0.0059747679	        0.0005680037	        0.1000000000	        0.0010000000
        1.9433981504	        0.5042599660	        0.1698871254	        0.1334096534	        0.0000000829	        0.0007237294	        0.0002205525	        0.0002450583	        0.0004400978	        0.0128916330	        0.0058914979	        0.0004581493	        0.1000000000	        0.0010000000
        1.9502353978	        0.4604247857	        0.1570692410	        0.0016843648	        0.0000000614	        0.0007009123	        0.0001616170	        0.0001795745	        0.0003518896	        0.0115799958	        0.0056845524	        0.0003606221	        0.1000000000	        0.0010000000
        1.9563323538	        0.4167247106	        0.1445936899	       -0.1612831226	        0.0000000440	        0.0006923849	        0.0001144691	        0.0001271879	        0.0002719334	        0.0101381628	        0.0053861372	        0.0002764291	        0.1000000000	        0.0010000000
        1.9617651675	        0.3738013282	        0.1324697959	       -0.3567265306	        0.0000000310	        0.0006977002	        0.0000776561	        0.0000862846	        0.0002006535	        0.0086519561	        0.0050468661	        0.0002059019	        0.1000000000	        0.0010000000
        1.9666030060	        0.3324791485	        0.1207604470	       -0.5847795733	        0.0000000190	        0.0007158308	        0.0000530768	        0.0000589742	        0.0001480211	        0.0072166123	        0.0047302826	        0.0001489270	        0.1000000000	        0.0010000000
        1.9709085097	        0.2936606378	        0.1095704520	       -0.8441792207	        0.0000000070	        0.0007455580	        0.0000383539	        0.0000426154	        0.0001145889	        0.0059067132	        0.0044840436	        0.0001047778	        0.1000000000	        0.0010000000
        1.9747382607	        0.2577776335	        0.0989336137	       -1.1322438887	       -0.0000000040	        0.0007856671	        0.0000267508	        0.0000297231	        0.0000854107	        0.0047519231	        0.0043206709	        0.0000717361	        0.1000000000	        0.0010000000
        1.9781432525	        0.2248676954	        0.0888274140	       -1.4455624094	       -0.0000000124	        0.0008351617	        0.0000179561	        0.0000199512	        0.0000612207	        0.0037601578	        0.0042437676	        0.0000477213	        0.1000000000	        0.0010000000
        1.9811693494	        0.1949066401	        0.0792441156	       -1.7791653412	       -0.0000000184	        0.0008921460	        0.0000115810	        0.0000128677	        0.0000420769	        0.0029283937	        0.0042491332	        0.0000307978	        0.1000000000	        0.0010000000
        1.9838577298	        0.1678078483	        0.0701837982	       -2.1272730964	       -0.0000000241	        0.0009540880	        0.0000071722	        0.0000079691	        0.0000276880	        0.0022452483	        0.0043271634	        0.0000192478	        0.1000000000	        0.0010000000
        1.9862453073	        0.1434299499	        0.0616486013	       -2.4845859852	       -0.0000000290	        0.0010195393	        0.0000042630	        0.0000047367	        0.0000174269	        0.0016942377	        0.0044654091	        0.0000116219	        0.1000000000	        0.0010000000
        1.9883651267	        0.1215915230	        0.0536388861	       -2.8462853640	       -0.0000000314	        0.0010876424	        0.0000024288	        0.0000026986	        0.0000104760	        0.0012568082	        0.0046506894	        0.0000067573	        0.1000000000	        0.0010000000
        1.9902467340	        0.1020882757	        0.0461513700	       -3.2065861120	       -0.0000000311	        0.0011570637	        0.0000013226	        0.0000014695	        0.0000059974	        0.0009145715	        0.0048705010	        0.0000037655	        0.1000000000	        0.0010000000
        1.9919165179	        0.0847083992	        0.0391787566	       -3.5595141499	       -0.0000000299	        0.0012262246	        0.0000006847	        0.0000007608	        0.0000032526	        0.0006506300	        0.0051137671	        0.0000019975	        0.1000000000	        0.0010000000
        1.9933980257	        0.0692439015	        0.0327099775	       -3.9002974323	       -0.0000000286	        0.0012938481	        0.0000003341	        0.0000003712	        0.0000016566	        0.0004501740	        0.0053711114	        0.0000009988	        0.1000000000	        0.0010000000
        1.9947122508	        0.0554977220	        0.0267305531	       -4.2254236379	       -0.0000000278	        0.0013589818	        0.0000001515	        0.0000001683	        0.0000007816	        0.0003006089	        0.0056348526	        0.0000004640	        0.1000000000	        0.0010000000
        1.9958778967	        0.0432874666	        0.0212229992	       -4.5324888974	       -0.0000000276	        0.0014209529	        0.0000000625	        0.0000000694	        0.0000003342	        0.0001914337	        0.0058988629	        0.0000001958	        0.1000000000	        0.0010000000
        1.9969116151	        0.0324468322	        0.0161672734	       -4.8200222689	       -0.0000000281	        0.0014793208	        0.0000000226	        0.0000000251	        0.0000001249	        0.0001140089	        0.0061583755	        0.0000000723	        0.1000000000	        0.0010000000
        1.9978282231	        0.0228256218	        0.0115412606	       -5.0873102424	       -0.0000000292	        0.0015338321	        0.0000000067	        0.0000000075	        0.0000000383	        0.0000612969	        0.0064097866	        0.0000000219	        0.1000000000	        0.0010000000
        1.9986408981	        0.0142889910	        0.0073212843	       -5.3342345349	       -0.0000000308	        0.0015843807	        0.0000000014	        0.0000000016	        0.0000000084	        0.0000276111	        0.0066504682	        0.0000000048	        0.1000000000	        0.0010000000
        1.9993613540	        0.0067163277	        0.0034826218	       -5.5611294722	       -0.0000000328	        0.0016309729	        0.0000000002	        0.0000000002	        0.0000000009	        0.0000083898	        0.0068786014	        0.0000000005	        0.1000000000	        0.0010000000
        2.0000000000	        0.0000000000	        0.0000000000	       -5.7686609972	       -0.0000000351	        0.0016736979	        0.0000000000	        0.0000000000	        0.0000000000	        0.0000000000	        0.0070930286	        0.0000000000	        0.1000000000	        0.0010000000
