        0.0000000000	        0.0000000000	        1.0000000000	        4.7745935446	      167.3295365511	        0.0005560177	        0.0000000000	        0.0000000000	        0.0000000000	        0.0000000000	        0.0055396027	        0.0000000000	        0.1000000000	        0.0010000000
        0.0006386460	        0.0057939231	        0.9977833654	        4.5364747073	      167.2902311397	        0.0005254654	        0.0000000000	        0.0000000001	        0.0000000002	        0.0000050837	        0.0054113652	        0.0000000002	        0.1000000000	        0.0010000000
        0.0013591019	        0.0123259587	        0.9953563656	        4.2842708030	      167.2399744199	        0.0004930729	        0.0000000004	        0.0000000005	        0.0000000016	        0.0000167792	        0.0052732675	        0.0000000019	        0.1000000000	        0.0010000000
        0.0021717769	        0.0196887421	        0.9927071819	        4.0195830311	      167.1762530749	        0.0004590629	        0.0000000020	        0.0000000022	        0.0000000072	        0.0000373705	        0.0051255462	        0.0000000087	        0.1000000000	        0.0010000000
        0.0030883849	        0.0279861107	        0.9898248640	        3.7446646036	      167.0961490712	        0.0004237624	        0.0000000069	        0.0000000076	        0.0000000235	        0.0000697545	        0.0049687693	        0.0000000289	        0.1000000000	        0.0010000000
        0.0041221033	        0.0373342848	        0.9866996066	        3.4624160453	      166.9963603968	        0.0003876166	        0.0000000191	        0.0000000212	        0.0000000629	        0.0001175809	        0.0048039270	        0.0000000791	        0.1000000000	        0.0010000000
        0.0052877492	        0.0478630644	        0.9833230299	        3.1762658330	      166.8732848894	        0.0003511931	        0.0000000468	        0.0000000520	        0.0000001473	        0.0001854203	        0.0046325380	        0.0000001900	        0.1000000000	        0.0010000000
        0.0066019743	        0.0597169518	        0.9796884701	        2.8898526865	      166.7232088039	        0.0003151734	        0.0000001043	        0.0000001159	        0.0000003130	        0.0002789590	        0.0044567736	        0.0000004154	        0.1000000000	        0.0010000000
        0.0080834821	        0.0730560364	        0.9757912897	        2.6063806819	      166.5426632949	        0.0002803155	        0.0000002167	        0.0000002408	        0.0000006172	        0.0004052228	        0.0042795998	        0.0000008449	        0.1000000000	        0.0010000000
        0.0097532660	        0.0880563567	        0.9716291908	        2.3274518236	      166.3290434785	        0.0002473737	        0.0000004254	        0.0000004726	        0.0000011457	        0.0005728203	        0.0041049348	        0.0000016229	        0.1000000000	        0.0010000000
        0.0116348733	        0.1049092876	        0.9672024051	        2.0516608881	      166.0814542451	        0.0002169458	        0.0000007963	        0.0000008848	        0.0000020203	        0.0007921850	        0.0039378125	        0.0000029730	        0.1000000000	        0.0010000000
        0.0137546927	        0.1238192779	        0.9625133628	        1.7806862862	      165.7994962076	        0.0001893057	        0.0000014304	        0.0000015893	        0.0000034056	        0.0010757669	        0.0037845312	        0.0000052305	        0.1000000000	        0.0010000000
        0.0161422702	        0.1449990677	        0.9575662475	        1.5208806337	      165.4835394970	        0.0001648919	        0.0000024744	        0.0000027493	        0.0000055082	        0.0014380831	        0.0036527413	        0.0000088803	        0.1000000000	        0.0010000000
        0.0188306506	        0.1686614865	        0.9523671040	        1.2778315743	      165.1312573155	        0.0001440462	        0.0000041299	        0.0000045888	        0.0000085653	        0.0018954713	        0.0035513912	        0.0000145993	        0.1000000000	        0.0010000000
        0.0218567475	        0.1950073751	        0.9469241122	        1.0541727585	      164.7346141314	        0.0001269163	        0.0000066547	        0.0000073941	        0.0000128138	        0.0024653327	        0.0034904053	        0.0000232955	        0.1000000000	        0.0010000000
        0.0252617393	        0.2242103458	        0.9412472192	        0.8491846820	      164.2970199090	        0.0001134126	        0.0000103501	        0.0000115001	        0.0000184454	        0.0031646365	        0.0034799441	        0.0000361353	        0.1000000000	        0.0010000000
        0.0290914903	        0.2564008678	        0.9353458893	        0.6603295009	      163.8265914676	        0.0001033159	        0.0000155338	        0.0000172598	        0.0000255646	        0.0040075868	        0.0035291224	        0.0000545492	        0.1000000000	        0.0010000000
        0.0333969940	        0.2916534930	        0.9292241011	        0.4900426871	      163.3109768077	        0.0000962738	        0.0000225050	        0.0000250056	        0.0000341772	        0.0050026549	        0.0036442064	        0.0000802068	        0.1000000000	        0.0010000000
        0.0382348325	        0.3299803529	        0.9228760400	        0.3399234324	      162.7625566956	        0.0000919130	        0.0000315197	        0.0000350219	        0.0000442255	        0.0061495776	        0.0038265496	        0.0001149603	        0.1000000000	        0.0010000000
        0.0436676462	        0.3713309881	        0.9162820905	        0.2120114012	      162.1733323009	        0.0000898424	        0.0000427932	        0.0000475480	        0.0000554439	        0.0074371467	        0.0040707889	        0.0001607623	        0.1000000000	        0.0010000000
        0.0497646022	        0.4152914562	        0.9094598301	        0.1047648534	      161.5425814450	        0.0000897363	        0.0000607726	        0.0000675251	        0.0000722048	        0.0088347708	        0.0043642555	        0.0002191939	        0.1000000000	        0.0010000000
        0.0566018496	        0.4609526255	        0.9024799475	        0.0158389054	      160.8894470978	        0.0000913865	        0.0000878802	        0.0000976446	        0.0000950223	        0.0102701392	        0.0046681150	        0.0002908051	        0.1000000000	        0.0010000000
        0.0642629411	        0.5074561263	        0.8953791944	       -0.0567145245	      160.1888771801	        0.0000947162	        0.0001222465	        0.0001358294	        0.0001201188	        0.0116475034	        0.0049279499	        0.0003754310	        0.1000000000	        0.0010000000
        0.0728392004	        0.5541430455	        0.8881487761	       -0.1136037960	      159.4611298958	        0.0000997780	        0.0001648521	        0.0001831689	        0.0001475829	        0.0128815340	        0.0051008932	        0.0004724115	        0.1000000000	        0.0010000000
        0.0824300053	        0.6004147398	        0.8807694122	       -0.1568916031	      158.6955331453	        0.0001067324	        0.0002167369	        0.0002408188	        0.0001774619	        0.0139031902	        0.0051599786	        0.0005803228	        0.1000000000	        0.0010000000
        0.0931429507	        0.6457655820	        0.8732141665	       -0.1910132015	      157.9100304474	        0.0001158085	        0.0002789498	        0.0003099442	        0.0002099262	        0.0146679076	        0.0050967587	        0.0006970677	        0.1000000000	        0.0010000000
        0.1050938490	        0.6897999206	        0.8654461819	       -0.2126982143	      157.0949148166	        0.0001272611	        0.0003524847	        0.0003916497	        0.0002451029	        0.0151575092	        0.0049194438	        0.0008200259	        0.1000000000	        0.0010000000
        0.1184065179	        0.7322338683	        0.8574303169	       -0.2208223834	      156.2448375954	        0.0001413325	        0.0004382077	        0.0004868974	        0.0002827738	        0.0153768853	        0.0046479378	        0.0009462303	        0.1000000000	        0.0010000000
        0.1332122955	        0.7728851926	        0.8491420387	       -0.2242050345	      155.3702473359	        0.0001581659	        0.0005367817	        0.0005964241	        0.0003226818	        0.0153477207	        0.0043078799	        0.0010725381	        0.1000000000	        0.0010000000
        0.1496492201	        0.8116555487	        0.8405525967	       -0.2187248348	      154.4640434171	        0.0001778417	        0.0006486041	        0.0007206713	        0.0003644795	        0.0151015773	        0.0039254630	        0.0011957841	        0.1000000000	        0.0010000000
        0.1678608015	        0.8485092713	        0.8316431315	       -0.2087018056	      153.5184834077	        0.0002002827	        0.0007737629	        0.0008597366	        0.0004075670	        0.0146739357	        0.0035239326	        0.0013129163	        0.1000000000	        0.0010000000
        0.1879943127	        0.8834517978	        0.8223981813	       -0.1972167357	      152.5340906048	        0.0002252761	        0.0009120394	        0.0010133771	        0.0004515292	        0.0140999295	        0.0031218554	        0.0014211247	        0.1000000000	        0.0010000000
        0.2101985296	        0.9165094487	        0.8128008536	       -0.1860361492	      151.5255920856	        0.0002524696	        0.0010629811	        0.0011810901	        0.0004961699	        0.0134118493	        0.0027327698	        0.0015179736	        0.1000000000	        0.0010000000
        0.2346208557	        0.9477113508	        0.8028310149	       -0.1698667452	      150.4666124682	        0.0002813209	        0.0012260752	        0.0013623058	        0.0005409060	        0.0126381399	        0.0023656970	        0.0016015526	        0.1000000000	        0.0010000000
        0.2614037844	        0.9770737852	        0.7924880892	       -0.1509454765	      149.3806962075	        0.0003111714	        0.0014010453	        0.0015567170	        0.0005846766	        0.0118035027	        0.0020260552	        0.0016706509	        0.1000000000	        0.0010000000
        0.2906806794	        1.0045868762	        0.7817918412	       -0.1279082567	      148.2406965033	        0.0003413783	        0.0015883267	        0.0017648075	        0.0006261950	        0.0109297387	        0.0017166662	        0.0017249559	        0.1000000000	        0.0010000000
        0.3225708876	        1.0302040171	        0.7707976675	       -0.1077883747	      147.0665736969	        0.0003713208	        0.0017897235	        0.0019885817	        0.0006646158	        0.0100370304	        0.0014386731	        0.0017652545	        0.1000000000	        0.0010000000
        0.3571742551	        1.0538354642	        0.7595784658	       -0.0860467318	      145.8336712308	        0.0004005475	        0.0020092467	        0.0022324963	        0.0006993159	        0.0091453781	        0.0011922787	        0.0017935887	        0.1000000000	        0.0010000000
        0.3945651751	        1.0753495254	        0.7482521401	       -0.0607201007	      144.5429491372	        0.0004289244	        0.0022539245	        0.0025043606	        0.0007287459	        0.0082758095	        0.0009772453	        0.0018132744	        0.1000000000	        0.0010000000
        0.4347863703	        1.0945862345	        0.7369964806	       -0.0451396687	      143.1911575027	        0.0004566190	        0.0025342388	        0.0028158208	        0.0007530429	        0.0074508226	        0.0007931161	        0.0018286536	        0.1000000000	        0.0010000000
        0.4778426900	        1.1113870429	        0.7259795824	       -0.0313832365	      141.7511208739	        0.0004841410	        0.0028635917	        0.0031817686	        0.0007734620	        0.0066934837	        0.0006391540	        0.0018444703	        0.1000000000	        0.0010000000
        0.5236952751	        1.1256386586	        0.7153783998	       -0.0113316809	      140.2309259981	        0.0005122370	        0.0032557348	        0.0036174831	        0.0007886362	        0.0060249189	        0.0005140730	        0.0018649043	        0.1000000000	        0.0010000000
        0.5722565058	        1.1373177149	        0.7053884873	       -0.0111083544	      138.6134881607	        0.0005417220	        0.0037196154	        0.0041329060	        0.0008004296	        0.0054608513	        0.0004157612	        0.0018925737	        0.1000000000	        0.0010000000
        0.6233861842	        1.1465135923	        0.6960602261	       -0.0253739992	      136.8671192272	        0.0005735471	        0.0042525376	        0.0047250418	        0.0008154549	        0.0050088871	        0.0003412478	        0.0019280002	        0.1000000000	        0.0010000000
        0.6768894010	        1.1534144444	        0.6873179821	       -0.0463650095	      135.0444288008	        0.0006090248	        0.0048336773	        0.0053707525	        0.0008385019	        0.0046681841	        0.0002870167	        0.0019698573	        0.1000000000	        0.0010000000
        0.7325164896	        1.1582620684	        0.6790080027	       -0.0641067815	      133.1436132428	        0.0006503728	        0.0054219442	        0.0060243825	        0.0008707464	        0.0044317092	        0.0002495306	        0.0020158234	        0.1000000000	        0.0010000000
        0.7899653716	        1.1612972831	        0.6709585573	       -0.0689904152	      131.2255774327	        0.0006998273	        0.0059612966	        0.0066236629	        0.0009084574	        0.0042897850	        0.0002257185	        0.0020635262	        0.1000000000	        0.0010000000
        0.8488864424	        1.1627165081	        0.6630304976	       -0.0746021410	      129.2558538806	        0.0007588264	        0.0063933756	        0.0071037507	        0.0009482741	        0.0042332950	        0.0002132668	        0.0021111725	        0.1000000000	        0.0010000000
        0.9088899606	        1.1626480223	        0.6550652916	       -0.0785949796	      127.2574420535	        0.0008285134	        0.0066733910	        0.0074148788	        0.0009896172	        0.0042556635	        0.0002107088	        0.0021577866	        0.1000000000	        0.0010000000
        0.9695556872	        1.1611463749	        0.6469063060	       -0.0828791837	      125.2207076209	        0.0009095187	        0.0067821423	        0.0075357137	        0.0010318837	        0.0043535279	        0.0002173833	        0.0022031845	        0.1000000000	        0.0010000000
        1.0304443128	        1.1582001211	        0.6384002393	       -0.0898428725	      123.1492139293	        0.0010008097	        0.0067292543	        0.0074769492	        0.0010757223	        0.0045263806	        0.0002333302	        0.0022478221	        0.1000000000	        0.0010000000
        1.0911100394	        1.1537490974	        0.6293967117	       -0.1017574895	      121.0510292851	        0.0010999786	        0.0065469455	        0.0072743839	        0.0011230820	        0.0047754766	        0.0002591547	        0.0022925755	        0.1000000000	        0.0010000000
        1.1511135576	        1.1477086924	        0.6197480409	       -0.1161537380	      118.9638867915	        0.0012043590	        0.0062781257	        0.0069756953	        0.0011757856	        0.0051022657	        0.0002958623	        0.0023384434	        0.1000000000	        0.0010000000
        1.2100346284	        1.1399978445	        0.6093285498	       -0.1160166591	      116.9087602816	        0.0013104343	        0.0059642675	        0.0066269639	        0.0012305361	        0.0055066818	        0.0003446693	        0.0023861627	        0.1000000000	        0.0010000000
        1.2674835104	        1.1305652034	        0.5981167525	       -0.1320050483	      114.8760841230	        0.0014127108	        0.0056370696	        0.0062634107	        0.0012874557	        0.0059857581	        0.0004068085	        0.0024357908	        0.1000000000	        0.0010000000
        1.3231105990	        1.1194069550	        0.5860631643	       -0.1345268699	      112.9257677546	        0.0015071143	        0.0053159750	        0.0059066389	        0.0013467439	        0.0065330224	        0.0004833761	        0.0024863798	        0.1000000000	        0.0010000000
        1.3766138158	        1.1065717628	        0.5732134633	       -0.1152581596	      111.0648107937	        0.0015933208	        0.0050091104	        0.0055656782	        0.0013998012	        0.0071388814	        0.0005752653	        0.0025358798	        0.1000000000	        0.0010000000
        1.4277434942	        1.0921522538	        0.5597287149	       -0.0984337439	      109.2689895518	        0.0016712029	        0.0047166512	        0.0052407236	        0.0014423217	        0.0077918142	        0.0006832060	        0.0025813265	        0.1000000000	        0.0010000000
        1.4763047249	        1.0762681476	        0.5457617568	       -0.0888047092	      107.5200028231	        0.0017386984	        0.0044348061	        0.0049275624	        0.0014766410	        0.0084798413	        0.0008078813	        0.0026192418	        0.1000000000	        0.0010000000
        1.5221573100	        1.0590477953	        0.5314244398	       -0.0700645868	      105.8339743217	        0.0017946748	        0.0041587731	        0.0046208590	        0.0015027339	        0.0091917505	        0.0009500649	        0.0026461046	        0.1000000000	        0.0010000000
        1.5652136297	        1.0406124958	        0.5168412351	       -0.0510230003	      104.1900889293	        0.0018374245	        0.0038844270	        0.0043160300	        0.0015192255	        0.0099178242	        0.0011107379	        0.0026587647	        0.1000000000	        0.0010000000
        1.6054348249	        1.0210656308	        0.5021092180	       -0.0342005039	      102.6009172568	        0.0018665819	        0.0036092626	        0.0040102918	        0.0015271040	        0.0106500392	        0.0012911562	        0.0026547271	        0.1000000000	        0.0010000000
        1.6428257449	        1.0004868957	        0.4872900088	       -0.0210377970	      101.0486248430	        0.0018815504	        0.0033325857	        0.0037028729	        0.0015279488	        0.0113818498	        0.0014928606	        0.0026322979	        0.1000000000	        0.0010000000
        1.6774291124	        0.9789303718	        0.4724098133	       -0.0102616443	       99.5422664004	        0.0018819999	        0.0030552880	        0.0033947644	        0.0015231611	        0.0121077254	        0.0017176319	        0.0025906152	        0.1000000000	        0.0010000000
        1.7093193206	        0.9564250398	        0.4574689195	        0.0207644928	       98.1097261448	        0.0018676985	        0.0027794240	        0.0030882489	        0.0015108818	        0.0128225743	        0.0019673974	        0.0025296044	        0.1000000000	        0.0010000000
        1.7385962156	        0.9329763434	        0.4425027399	        0.0597649811	       96.7315177033	        0.0018378701	        0.0025076792	        0.0027863102	        0.0014883927	        0.0135211392	        0.0022440872	        0.0024498874	        0.1000000000	        0.0010000000
        1.7653791443	        0.9085681991	        0.4275455366	        0.1056238617	       95.3962480302	        0.0017929712	        0.0022430335	        0.0024922594	        0.0014553716	        0.0141973815	        0.0025494271	        0.0023526689	        0.1000000000	        0.0010000000
        1.7898014704	        0.8831655279	        0.4126281139	        0.1479634368	       94.0743571321	        0.0017340245	        0.0019884374	        0.0022093749	        0.0014129121	        0.0148438533	        0.0028846460	        0.0022396203	        0.1000000000	        0.0010000000
        1.8120056873	        0.8567171549	        0.3977585699	        0.1875802746	       92.7598657379	        0.0016627300	        0.0017465846	        0.0019406496	        0.0013629104	        0.0154510684	        0.0032500763	        0.0021127675	        0.1000000000	        0.0010000000
        1.8321391985	        0.8291591794	        0.3829293146	        0.2255582916	       91.4544886458	        0.0015806312	        0.0015197323	        0.0016885914	        0.0013067218	        0.0160068914	        0.0036446272	        0.0019743915	        0.1000000000	        0.0010000000
        1.8503507799	        0.8004188837	        0.3681234140	        0.2612464256	       90.1396283375	        0.0014901015	        0.0013095979	        0.0014551088	        0.0012453431	        0.0164959814	        0.0040651219	        0.0018269430	        0.1000000000	        0.0010000000
        1.8667877045	        0.7704195221	        0.3533172608	        0.2914458338	       88.8296285661	        0.0013944286	        0.0011173231	        0.0012414701	        0.0011797102	        0.0168993621	        0.0045055118	        0.0016729710	        0.1000000000	        0.0010000000
        1.8815934821	        0.7390864327	        0.3384796358	        0.3108501577	       87.4954900439	        0.0012966893	        0.0009434869	        0.0010483187	        0.0011108549	        0.0171942378	        0.0049560271	        0.0015150658	        0.1000000000	        0.0010000000
        1.8949061510	        0.7063549361	        0.3235690886	        0.3166278994	       86.1410337921	        0.0011998669	        0.0007881521	        0.0008757246	        0.0010396950	        0.0173542486	        0.0054024074	        0.0013558132	        0.1000000000	        0.0010000000
        1.9068570493	        0.6721803648	        0.3085362637	        0.3008722167	       84.7799445553	        0.0011064073	        0.0006509311	        0.0007232568	        0.0009669832	        0.0173504243	        0.0058254656	        0.0011977573	        0.1000000000	        0.0010000000
        1.9175699947	        0.6365503650	        0.2933213054	        0.2697090472	       83.4051133571	        0.0010200924	        0.0005310663	        0.0005900737	        0.0008928936	        0.0171531374	        0.0062013645	        0.0010433659	        0.1000000000	        0.0010000000
        1.9271607996	        0.5994991684	        0.2778691857	        0.2198228141	       82.0110686163	        0.0009426994	        0.0004275122	        0.0004750136	        0.0008169970	        0.0167353129	        0.0065030722	        0.0008949920	        0.1000000000	        0.0010000000
        1.9357370589	        0.5611229360	        0.2621342811	        0.1431500836	       80.6073205912	        0.0008756742	        0.0003390238	        0.0003766931	        0.0007388766	        0.0160769656	        0.0067034078	        0.0007548259	        0.1000000000	        0.0010000000
        1.9433981504	        0.5215947470	        0.2460822306	        0.0396838184	       79.2301855198	        0.0008211335	        0.0002642432	        0.0002936035	        0.0006581147	        0.0151707448	        0.0067797888	        0.0006248327	        0.1000000000	        0.0010000000
        1.9502353978	        0.4811769557	        0.2297014168	       -0.0959901107	       77.8564619260	        0.0007790255	        0.0002017775	        0.0002241973	        0.0005744380	        0.0140275842	        0.0067201877	        0.0005066739	        0.1000000000	        0.0010000000
        1.9563323538	        0.4402281206	        0.2130103587	       -0.2620568356	       76.4995298666	        0.0007501571	        0.0001502700	        0.0001669666	        0.0004880422	        0.0126809018	        0.0065289950	        0.0004016191	        0.1000000000	        0.0010000000
        1.9617651675	        0.3992016860	        0.1960706942	       -0.4493198561	       75.2146332260	        0.0007345755	        0.0001084578	        0.0001205087	        0.0003998919	        0.0111874057	        0.0062308400	        0.0003104616	        0.1000000000	        0.0010000000
        1.9666030060	        0.3586337949	        0.1790013609	       -0.6587440612	       73.9860407496	        0.0007320003	        0.0000752143	        0.0000835715	        0.0003122818	        0.0096228339	        0.0058704536	        0.0002334568	        0.1000000000	        0.0010000000
        1.9709085097	        0.3191175434	        0.1619788723	       -0.8847017266	       72.7999461937	        0.0007420480	        0.0000495591	        0.0000550657	        0.0002283684	        0.0080721685	        0.0055077111	        0.0001703005	        0.1000000000	        0.0010000000
        1.9747382607	        0.2814826811	        0.1453370407	       -1.1187548227	       71.6873735594	        0.0007638883	        0.0000343471	        0.0000381635	        0.0001720772	        0.0066258872	        0.0052120934	        0.0001204813	        0.1000000000	        0.0010000000
        1.9781432525	        0.2464672763	        0.1294304069	       -1.3581026342	       70.6553216064	        0.0007971335	        0.0000241676	        0.0000268529	        0.0001294783	        0.0053377573	        0.0050163577	        0.0000827640	        0.1000000000	        0.0010000000
        1.9811693494	        0.2142773945	        0.1143976467	       -1.5995187744	       69.7011389338	        0.0008404784	        0.0000163198	        0.0000181331	        0.0000926592	        0.0042237111	        0.0049270967	        0.0000551329	        0.1000000000	        0.0010000000
        1.9838577298	        0.1849101402	        0.1002960196	       -1.8385313120	       68.8302818658	        0.0008918658	        0.0000105464	        0.0000117182	        0.0000630079	        0.0032833416	        0.0049417588	        0.0000355255	        0.1000000000	        0.0010000000
        1.9862453073	        0.1583051060	        0.0871671266	       -2.0704117165	       68.0555437404	        0.0009500427	        0.0000065106	        0.0000072340	        0.0000406450	        0.0025069843	        0.0050507060	        0.0000220803	        0.1000000000	        0.0010000000
        1.9883651267	        0.1343459140	        0.0750293006	       -2.2950522224	       67.3666338870	        0.0010141149	        0.0000038333	        0.0000042592	        0.0000248498	        0.0018786506	        0.0052399709	        0.0000131909	        0.1000000000	        0.0010000000
        1.9902467340	        0.1128710507	        0.0638755449	       -2.5140526873	       66.7446021243	        0.0010825894	        0.0000021470	        0.0000023856	        0.0000143767	        0.0013791820	        0.0054938415	        0.0000075382	        0.1000000000	        0.0010000000
        1.9919165179	        0.0936900742	        0.0536768464	       -2.7294850738	       66.1845338014	        0.0011537782	        0.0000011386	        0.0000012652	        0.0000078420	        0.0009888412	        0.0057967788	        0.0000040931	        0.1000000000	        0.0010000000
        1.9933980257	        0.0765999178	        0.0443881838	       -2.9438502977	       65.6903349219	        0.0012260452	        0.0000005672	        0.0000006302	        0.0000040042	        0.0006890078	        0.0061345590	        0.0000020911	        0.1000000000	        0.0010000000
        1.9947122508	        0.0613978230	        0.0359546846	       -3.1570883284	       65.2609925282	        0.0012979458	        0.0000002619	        0.0000002909	        0.0000018900	        0.0004630506	        0.0064947912	        0.0000009907	        0.1000000000	        0.0010000000
        1.9958778967	        0.0478898968	        0.0283167655	       -3.3677251585	       64.8921388840	        0.0013682874	        0.0000001097	        0.0000001219	        0.0000008076	        0.0002966211	        0.0068670378	        0.0000004256	        0.1000000000	        0.0010000000
        1.9969116151	        0.0358958526	        0.0214137407	       -3.5737743318	       64.5777970250	        0.0014361405	        0.0000000402	        0.0000000447	        0.0000003014	        0.0001776145	        0.0072427246	        0.0000001598	        0.1000000000	        0.0010000000
        1.9978282231	        0.0252510263	        0.0151860766	       -3.7732479577	       64.3114519519	        0.0015008231	        0.0000000121	        0.0000000134	        0.0000000922	        0.0000959725	        0.0076149642	        0.0000000492	        0.1000000000	        0.0010000000
        1.9986408981	        0.0158066893	        0.0095766732	       -3.9644212514	       64.0866799145	        0.0015618704	        0.0000000026	        0.0000000029	        0.0000000202	        0.0000434286	        0.0079783532	        0.0000000109	        0.1000000000	        0.0010000000
        1.9993613540	        0.0074294172	        0.0045315229	       -4.1459459283	       63.8974928499	        0.0016190013	        0.0000000003	        0.0000000003	        0.0000000022	        0.0000132504	        0.0083287739	        0.0000000012	        0.1000000000	        0.0010000000
        2.0000000000	        0.0000000000	        0.0000000000	       -4.3168746614	       63.7385031576	        0.0016720830	        0.0000000000	        0.0000000000	        0.0000000000	        0.0000000000	        0.0086632082	        0.0000000000	        0.1000000000	        0.0010000000
