        0.0000000000	        0.0000000000	        1.0000000000	        5.7282948459	        0.0000000000	        0.0000000000	        0.0000000000	        0.0000000000	        0.0000000000	        0.0000000000	        0.0040683372	        0.0000000000	        0.0000000000	        0.0010000000
        0.0006386460	        0.0047127452	        0.9985473573	        5.3685289479	        0.0000000000	        0.0000000000	        0.0000000000	        0.0000000000	        0.0000000001	        0.0000028873	        0.0039980572	        0.0000000001	        0.1000000000	        0.0010000000
        0.0013591019	        0.0100257983	        0.9969959058	        4.9858335742	        0.0000000000	        0.0000000000	        0.0000000002	        0.0000000002	        0.0000000004	        0.0000095489	        0.0039216066	        0.0000000006	        0.1000000000	        0.0010000000
        0.0021717769	        0.0160144918	        0.9953490310	        4.5824781157	        0.0000000000	        0.0000000000	        0.0000000009	        0.0000000010	        0.0000000020	        0.0000213157	        0.0038388762	        0.0000000029	        0.1000000000	        0.0010000000
        0.0030883849	        0.0227632896	        0.9936121981	        4.1619373964	        0.0000000000	        0.0000000000	        0.0000000031	        0.0000000034	        0.0000000062	        0.0000398871	        0.0037498917	        0.0000000099	        0.1000000000	        0.0010000000
        0.0041221033	        0.0303667884	        0.9917928872	        3.7290741550	        0.0000000000	        0.0000000000	        0.0000000086	        0.0000000096	        0.0000000162	        0.0000674204	        0.0036548579	        0.0000000274	        0.1000000000	        0.0010000000
        0.0052877492	        0.0389307823	        0.9899003032	        3.2902575049	        0.0000000000	        0.0000000000	        0.0000000212	        0.0000000236	        0.0000000366	        0.0001066392	        0.0035542132	        0.0000000664	        0.1000000000	        0.0010000000
        0.0066019743	        0.0485733635	        0.9879448135	        2.8533452672	        0.0000000000	        0.0000000000	        0.0000000476	        0.0000000529	        0.0000000752	        0.0001609625	        0.0034486947	        0.0000001470	        0.1000000000	        0.0010000000
        0.0080834821	        0.0594260057	        0.9859370922	        2.4274148805	        0.0000000000	        0.0000000000	        0.0000000999	        0.0000001110	        0.0000001432	        0.0002346585	        0.0033394144	        0.0000003031	        0.1000000000	        0.0010000000
        0.0097532660	        0.0716345347	        0.9838870034	        2.0220630309	        0.0000000000	        0.0000000000	        0.0000001981	        0.0000002201	        0.0000002569	        0.0003330250	        0.0032279496	        0.0000005909	        0.1000000000	        0.0010000000
        0.0116348733	        0.0853598198	        0.9818023091	        1.6459986421	        0.0000000000	        0.0000000000	        0.0000003757	        0.0000004175	        0.0000004392	        0.0004625923	        0.0031164448	        0.0000011006	        0.1000000000	        0.0010000000
        0.0137546927	        0.1007779159	        0.9796872783	        1.3052350417	        0.0000000000	        0.0000000000	        0.0000006857	        0.0000007619	        0.0000007219	        0.0006313443	        0.0030077248	        0.0000019725	        0.1000000000	        0.0010000000
        0.0161422702	        0.1180792386	        0.9775411419	        1.0055834290	        0.0000000000	        0.0000000000	        0.0000012096	        0.0000013440	        0.0000011492	        0.0008489331	        0.0029054111	        0.0000034184	        0.1000000000	        0.0010000000
        0.0188306506	        0.1374661855	        0.9753569668	        0.7491823331	        0.0000000000	        0.0000000000	        0.0000020681	        0.0000022979	        0.0000017816	        0.0011268441	        0.0028140239	        0.0000057496	        0.1000000000	        0.0010000000
        0.0218567475	        0.1591484772	        0.9731206964	        0.5363824924	        0.0000000000	        0.0000000000	        0.0000034321	        0.0000038134	        0.0000027018	        0.0014784291	        0.0027390385	        0.0000094093	        0.1000000000	        0.0010000000
        0.0252617393	        0.1833355179	        0.9708108198	        0.3663651614	        0.0000000000	        0.0000000000	        0.0000055298	        0.0000061442	        0.0000040188	        0.0019186726	        0.0026868389	        0.0000150083	        0.1000000000	        0.0010000000
        0.0290914903	        0.2102254778	        0.9683991923	        0.2358486115	        0.0000000000	        0.0000000000	        0.0000086470	        0.0000096078	        0.0000058684	        0.0024635124	        0.0026644840	        0.0000233592	        0.1000000000	        0.0010000000
        0.0333969940	        0.2399917349	        0.9658527147	        0.1388296707	        0.0000000000	        0.0000000000	        0.0000131121	        0.0000145690	        0.0000084062	        0.0031285297	        0.0026791900	        0.0000355008	        0.1000000000	        0.0010000000
        0.0382348325	        0.2727686251	        0.9631349879	        0.0692125185	        0.0000000000	        0.0000000000	        0.0000192687	        0.0000214097	        0.0000117913	        0.0039269234	        0.0027374463	        0.0000527047	        0.1000000000	        0.0010000000
        0.0436676462	        0.3086393570	        0.9602082668	        0.0203722747	        0.0000000000	        0.0000000000	        0.0000274415	        0.0000304905	        0.0000161666	        0.0048669216	        0.0028437730	        0.0000764576	        0.1000000000	        0.0010000000
        0.0497646022	        0.3476284378	        0.9570345439	       -0.0139151793	        0.0000000000	        0.0000000000	        0.0000379131	        0.0000421257	        0.0000216475	        0.0059490913	        0.0029992754	        0.0001084133	        0.1000000000	        0.0010000000
        0.0566018496	        0.3896988498	        0.9535753234	       -0.0387741644	        0.0000000000	        0.0000000000	        0.0000509256	        0.0000565840	        0.0000283075	        0.0071642134	        0.0032003260	        0.0001503185	        0.1000000000	        0.0010000000
        0.0642629411	        0.4346883575	        0.9497959625	       -0.0580388042	        0.0000000000	        0.0000000000	        0.0000678174	        0.0000753526	        0.0000365730	        0.0084908542	        0.0034378555	        0.0002038417	        0.1000000000	        0.0010000000
        0.0728392004	        0.4818179012	        0.9457098050	       -0.0741991840	        0.0000000000	        0.0000000000	        0.0000973309	        0.0001081455	        0.0000504198	        0.0098806747	        0.0036948941	        0.0002697474	        0.1000000000	        0.0010000000
        0.0824300053	        0.5301356044	        0.9413421542	       -0.0886094710	        0.0000000000	        0.0000000000	        0.0001345499	        0.0001494999	        0.0000665732	        0.0112404195	        0.0039278595	        0.0003478336	        0.1000000000	        0.0010000000
        0.0931429507	        0.5789882632	        0.9366850004	       -0.1017755679	        0.0000000000	        0.0000000000	        0.0001804357	        0.0002004842	        0.0000852304	        0.0124858103	        0.0041005643	        0.0004375573	        0.1000000000	        0.0010000000
        0.1050938490	        0.6277503041	        0.9317242212	       -0.1136184771	        0.0000000000	        0.0000000000	        0.0002359678	        0.0002621865	        0.0001065160	        0.0135426129	        0.0041868765	        0.0005375773	        0.1000000000	        0.0010000000
        0.1184065179	        0.6758619479	        0.9264387037	       -0.1237849636	        0.0000000000	        0.0000000000	        0.0003020800	        0.0003356444	        0.0001305987	        0.0143563733	        0.0041741711	        0.0006458071	        0.1000000000	        0.0010000000
        0.1332122955	        0.7228546348	        0.9208008770	       -0.1317784708	        0.0000000000	        0.0000000000	        0.0003795882	        0.0004217646	        0.0001576443	        0.0148970024	        0.0040634957	        0.0007595541	        0.1000000000	        0.0010000000
        0.1496492201	        0.7683614483	        0.9147785919	       -0.1371458978	        0.0000000000	        0.0000000000	        0.0004691211	        0.0005212456	        0.0001877552	        0.0151580989	        0.0038668576	        0.0008757129	        0.1000000000	        0.0010000000
        0.1678608015	        0.8121136268	        0.9083378237	       -0.1395921955	        0.0000000000	        0.0000000000	        0.0005710649	        0.0006345166	        0.0002209112	        0.0151525102	        0.0036029721	        0.0009909809	        0.1000000000	        0.0010000000
        0.1879943127	        0.8539265056	        0.9014457306	       -0.1391268543	        0.0000000000	        0.0000000000	        0.0006855431	        0.0007617146	        0.0002569376	        0.0149062417	        0.0032929567	        0.0011020758	        0.1000000000	        0.0010000000
        0.2101985296	        0.8936789041	        0.8940734060	       -0.1356994718	        0.0000000000	        0.0000000000	        0.0008124570	        0.0009027300	        0.0002954772	        0.0144525491	        0.0029569912	        0.0012059505	        0.1000000000	        0.0010000000
        0.2346208557	        0.9312894845	        0.8862000551	       -0.1294543411	        0.0000000000	        0.0000000000	        0.0009516252	        0.0010573614	        0.0003359715	        0.0138273446	        0.0026123255	        0.0013000120	        0.1000000000	        0.0010000000
        0.2614037844	        0.9666926754	        0.8778178878	       -0.1208856981	        0.0000000000	        0.0000000000	        0.0011030647	        0.0012256274	        0.0003777038	        0.0130663469	        0.0022725222	        0.0013823550	        0.1000000000	        0.0010000000
        0.2906806794	        0.9998160093	        0.8689370858	       -0.1108129812	        0.0000000000	        0.0000000000	        0.0012674604	        0.0014082893	        0.0004199087	        0.0122039193	        0.0019475834	        0.0014520137	        0.1000000000	        0.0010000000
        0.3225708876	        1.0305607263	        0.8595907394	       -0.1001277566	        0.0000000000	        0.0000000000	        0.0014468598	        0.0016076219	        0.0004619036	        0.0112732666	        0.0016445728	        0.0015092198	        0.1000000000	        0.0010000000
        0.3571742551	        1.0587886052	        0.8498405432	       -0.0897229236	        0.0000000000	        0.0000000000	        0.0016455714	        0.0018284127	        0.0005032136	        0.0103074900	        0.0013684001	        0.0015556124	        0.1000000000	        0.0010000000
        0.3945651751	        1.0843201759	        0.8397820422	       -0.0807601842	        0.0000000000	        0.0000000000	        0.0018711176	        0.0020790196	        0.0005437510	        0.0093407868	        0.0011225054	        0.0015942907	        0.1000000000	        0.0010000000
        0.4347863703	        1.1069514759	        0.8295438929	       -0.0737735293	        0.0000000000	        0.0000000000	        0.0021348224	        0.0023720249	        0.0005838822	        0.0084088216	        0.0009092483	        0.0016295439	        0.1000000000	        0.0010000000
        0.4778426900	        1.1264948284	        0.8192816867	       -0.0693654746	        0.0000000000	        0.0000000000	        0.0024512322	        0.0027235914	        0.0006243893	        0.0075471998	        0.0007299026	        0.0016661077	        0.1000000000	        0.0010000000
        0.5236952751	        1.1428387892	        0.8091565679	       -0.0674258799	        0.0000000000	        0.0000000000	        0.0028352948	        0.0031503276	        0.0006662920	        0.0067876002	        0.0005843426	        0.0017080042	        0.1000000000	        0.0010000000
        0.5722565058	        1.1560044785	        0.7993052461	       -0.0677260818	        0.0000000000	        0.0000000000	        0.0032966048	        0.0036628942	        0.0007105257	        0.0061527274	        0.0004707460	        0.0017573917	        0.1000000000	        0.0010000000
        0.6233861842	        1.1661653124	        0.7898077757	       -0.0705005609	        0.0000000000	        0.0000000000	        0.0038315880	        0.0042573200	        0.0007579139	        0.0056528220	        0.0003857057	        0.0018140723	        0.1000000000	        0.0010000000
        0.6768894010	        1.1736131643	        0.7806646609	       -0.0770234512	        0.0000000000	        0.0000000000	        0.0044167937	        0.0049075485	        0.0008096336	        0.0052860507	        0.0003248658	        0.0018759760	        0.1000000000	        0.0010000000
        0.7325164896	        1.1786877238	        0.7717885535	       -0.0882984264	        0.0000000000	        0.0000000000	        0.0050077292	        0.0055641436	        0.0008676688	        0.0050425365	        0.0002838005	        0.0019402552	        0.1000000000	        0.0010000000
        0.7899653716	        1.1817043834	        0.7630146690	       -0.1027695180	        0.0000000000	        0.0000000000	        0.0055461276	        0.0061623640	        0.0009341210	        0.0049096160	        0.0002587314	        0.0020043098	        0.1000000000	        0.0010000000
        0.8488864424	        1.1829058654	        0.7541298665	       -0.1195636925	        0.0000000000	        0.0000000000	        0.0059743270	        0.0066381411	        0.0010104888	        0.0048759969	        0.0002468944	        0.0020663396	        0.1000000000	        0.0010000000
        0.9088899606	        1.1824423901	        0.7448907553	       -0.1387851488	        0.0000000000	        0.0000000000	        0.0062511686	        0.0069457428	        0.0010980399	        0.0049339304	        0.0002466050	        0.0021254521	        0.1000000000	        0.0010000000
        0.9695556872	        1.1803735289	        0.7350307093	       -0.1585125718	        0.0000000000	        0.0000000000	        0.0063624323	        0.0070693692	        0.0011973802	        0.0050796245	        0.0002571578	        0.0021815285	        0.1000000000	        0.0010000000
        1.0304443128	        1.1766838374	        0.7242772545	       -0.1758021339	        0.0000000000	        0.0000000000	        0.0063215961	        0.0070239957	        0.0013073497	        0.0053124362	        0.0002786574	        0.0022350057	        0.1000000000	        0.0010000000
        1.0911100394	        1.1713072433	        0.7123786409	       -0.1894670843	        0.0000000000	        0.0000000000	        0.0061617916	        0.0068464352	        0.0014252751	        0.0056332917	        0.0003118198	        0.0022866195	        0.1000000000	        0.0010000000
        1.1511135576	        1.1641568666	        0.6991266173	       -0.1991839914	        0.0000000000	        0.0000000000	        0.0059236928	        0.0065818809	        0.0015479457	        0.0060427105	        0.0003577498	        0.0023370954	        0.1000000000	        0.0010000000
        1.2100346284	        1.1551561118	        0.6843776975	       -0.2021372706	        0.0000000000	        0.0000000000	        0.0056446178	        0.0062717976	        0.0016711865	        0.0065388801	        0.0004177038	        0.0023867856	        0.1000000000	        0.0010000000
        1.2674835104	        1.1442649617	        0.6680856305	       -0.1968461186	        0.0000000000	        0.0000000000	        0.0053520126	        0.0059466807	        0.0017896484	        0.0071163192	        0.0004928684	        0.0024353153	        0.1000000000	        0.0010000000
        1.3231105990	        1.1314951792	        0.6503147705	       -0.1866612667	        0.0000000000	        0.0000000000	        0.0050618200	        0.0056242444	        0.0018988824	        0.0077655588	        0.0005842085	        0.0024813609	        0.1000000000	        0.0010000000
        1.3766138158	        1.1169113112	        0.6312094438	       -0.1765222148	        0.0000000000	        0.0000000000	        0.0047803416	        0.0053114906	        0.0019971911	        0.0084739040	        0.0006924228	        0.0025226613	        0.1000000000	        0.0010000000
        1.4277434942	        1.1006194754	        0.6109435221	       -0.1649550518	        0.0000000000	        0.0000000000	        0.0045075827	        0.0050084252	        0.0020840201	        0.0092269017	        0.0008180073	        0.0025562755	        0.1000000000	        0.0010000000
        1.4763047249	        1.0827494999	        0.5897045635	       -0.1486989585	        0.0000000000	        0.0000000000	        0.0042404691	        0.0047116323	        0.0021576999	        0.0100099319	        0.0009613842	        0.0025789961	        0.1000000000	        0.0010000000
        1.5221573100	        1.0634363673	        0.5676892621	       -0.1268795732	        0.0000000000	        0.0000000000	        0.0039752529	        0.0044169476	        0.0022159058	        0.0108094398	        0.0011230405	        0.0025877857	        0.1000000000	        0.0010000000
        1.5652136297	        1.0428050999	        0.5450900881	       -0.0978811235	        0.0000000000	        0.0000000000	        0.0037089865	        0.0041210961	        0.0022563571	        0.0116135805	        0.0013036292	        0.0025801306	        0.1000000000	        0.0010000000
        1.6054348249	        1.0209606878	        0.5220907687	       -0.0640416694	        0.0000000000	        0.0000000000	        0.0034401773	        0.0038224192	        0.0022776237	        0.0124122959	        0.0015040074	        0.0025542617	        0.1000000000	        0.0010000000
        1.6428257449	        0.9979828015	        0.4988491622	       -0.0240722355	        0.0000000000	        0.0000000000	        0.0031689128	        0.0035210142	        0.0022791733	        0.0131969723	        0.0017252060	        0.0025092447	        0.1000000000	        0.0010000000
        1.6774291124	        0.9739241613	        0.4755013472	        0.0227324069	        0.0000000000	        0.0000000000	        0.0028966250	        0.0032184723	        0.0022606495	        0.0139598517	        0.0019683330	        0.0024449694	        0.1000000000	        0.0010000000
        1.7093193206	        0.9488112406	        0.4521648706	        0.0801109624	        0.0000000000	        0.0000000000	        0.0026257144	        0.0029174605	        0.0022215419	        0.0146933306	        0.0022344123	        0.0023620718	        0.1000000000	        0.0010000000
        1.7385962156	        0.9226463018	        0.4289528942	        0.1484930319	        0.0000000000	        0.0000000000	        0.0023591284	        0.0026212538	        0.0021613609	        0.0153892275	        0.0025241547	        0.0022618219	        0.1000000000	        0.0010000000
        1.7653791443	        0.8954101624	        0.4059756264	        0.2268466662	        0.0000000000	        0.0000000000	        0.0020999980	        0.0023333311	        0.0020804485	        0.0160380578	        0.0028376489	        0.0021459973	        0.1000000000	        0.0010000000
        1.7898014704	        0.8670655422	        0.3833384449	        0.3139244766	        0.0000000000	        0.0000000000	        0.0018513447	        0.0020570497	        0.0019800472	        0.0166283375	        0.0031739581	        0.0020167593	        0.1000000000	        0.0010000000
        1.8120056873	        0.8375610280	        0.3611412334	        0.4082339796	        0.0000000000	        0.0000000000	        0.0016158605	        0.0017954005	        0.0018621304	        0.0171459449	        0.0035306126	        0.0018765403	        0.1000000000	        0.0010000000
        1.8321391985	        0.8068358616	        0.3394785643	        0.5067344786	        0.0000000000	        0.0000000000	        0.0013957608	        0.0015508454	        0.0017293598	        0.0175735980	        0.0039030019	        0.0017279448	        0.1000000000	        0.0010000000
        1.8503507799	        0.7748259046	        0.3184375329	        0.6054824488	        0.0000000000	        0.0000000000	        0.0011927052	        0.0013252280	        0.0015850407	        0.0178905446	        0.0042837043	        0.0015736693	        0.1000000000	        0.0010000000
        1.8667877045	        0.7414712269	        0.2980952943	        0.6993446674	        0.0000000000	        0.0000000000	        0.0010077702	        0.0011197447	        0.0014329626	        0.0180726273	        0.0046618449	        0.0014164356	        0.1000000000	        0.0010000000
        1.8815934821	        0.7067257499	        0.2785157167	        0.7826969725	        0.0000000000	        0.0000000000	        0.0008414658	        0.0009349620	        0.0012771712	        0.0180929527	        0.0050226587	        0.0012589383	        0.1000000000	        0.0010000000
        1.8949061510	        0.6705692348	        0.2597465225	        0.8497652461	        0.0000000000	        0.0000000000	        0.0006937809	        0.0007708677	        0.0011216723	        0.0179234500	        0.0053475347	        0.0011038003	        0.1000000000	        0.0010000000
        1.9068570493	        0.6330215708	        0.2418172051	        0.8949050372	        0.0000000000	        0.0000000000	        0.0005642523	        0.0006269470	        0.0009701495	        0.0175376022	        0.0056149047	        0.0009535296	        0.1000000000	        0.0010000000
        1.9175699947	        0.5941587622	        0.2247379074	        0.9122338658	        0.0000000000	        0.0000000000	        0.0004520480	        0.0005022756	        0.0008257508	        0.0169145019	        0.0058023454	        0.0008104722	        0.1000000000	        0.0010000000
        1.9271607996	        0.5541292316	        0.2084986702	        0.8974625991	        0.0000000000	        0.0000000000	        0.0003560595	        0.0003956217	        0.0006908983	        0.0160440632	        0.0058900829	        0.0006767532	        0.1000000000	        0.0010000000
        1.9357370589	        0.5131681598	        0.1930718831	        0.8461990928	        0.0000000000	        0.0000000000	        0.0002749974	        0.0003055526	        0.0005672090	        0.0149326738	        0.0058656630	        0.0005542039	        0.1000000000	        0.0010000000
        1.9433981504	        0.4716068115	        0.1784156286	        0.7555537686	        0.0000000000	        0.0000000000	        0.0002074852	        0.0002305391	        0.0004555527	        0.0136078979	        0.0057288956	        0.0004442757	        0.1000000000	        0.0010000000
        1.9502353978	        0.4298735028	        0.1644802511	        0.6196107283	        0.0000000000	        0.0000000000	        0.0001521457	        0.0001690508	        0.0003562685	        0.0121203282	        0.0054955610	        0.0003479541	        0.1000000000	        0.0010000000
        1.9563323538	        0.3884831745	        0.1512132888	        0.4361435089	        0.0000000000	        0.0000000000	        0.0001076719	        0.0001196354	        0.0002694222	        0.0105407612	        0.0051982019	        0.0002656885	        0.1000000000	        0.0010000000
        1.9617651675	        0.3480131597	        0.1385693712	        0.1984284266	        0.0000000000	        0.0000000000	        0.0000728677	        0.0000809642	        0.0001947649	        0.0089518849	        0.0048829881	        0.0001973592	        0.1000000000	        0.0010000000
        1.9666030060	        0.3091929202	        0.1265592994	       -0.0960562680	        0.0000000000	        0.0000000000	        0.0000494293	        0.0000549215	        0.0001403890	        0.0074415515	        0.0046047793	        0.0001424963	        0.1000000000	        0.0010000000
        1.9709085097	        0.2728257517	        0.1152480854	       -0.4474003744	        0.0000000000	        0.0000000000	        0.0000356508	        0.0000396120	        0.0001071046	        0.0060778745	        0.0044040363	        0.0001001599	        0.1000000000	        0.0010000000
        1.9747382607	        0.2392933511	        0.1046112652	       -0.8593648041	        0.0000000000	        0.0000000000	        0.0000248147	        0.0000275718	        0.0000790501	        0.0048851493	        0.0042882191	        0.0000685664	        0.1000000000	        0.0010000000
        1.9781432525	        0.2086060802	        0.0945518588	       -1.3365626316	        0.0000000000	        0.0000000000	        0.0000166303	        0.0000184781	        0.0000564679	        0.0038660484	        0.0042573099	        0.0000456422	        0.1000000000	        0.0010000000
        1.9811693494	        0.1807191277	        0.0850025534	       -1.8726885308	        0.0000000000	        0.0000000000	        0.0000107194	        0.0000119105	        0.0000389213	        0.0030136804	        0.0043050780	        0.0000294956	        0.1000000000	        0.0010000000
        1.9838577298	        0.1555325624	        0.0759204307	       -2.4532029782	        0.0000000000	        0.0000000000	        0.0000066427	        0.0000073808	        0.0000258264	        0.0023141346	        0.0044211689	        0.0000184698	        0.1000000000	        0.0010000000
        1.9862453073	        0.1328994942	        0.0672818647	       -3.0746160392	        0.0000000000	        0.0000000000	        0.0000039555	        0.0000043950	        0.0000164635	        0.0017494800	        0.0045932299	        0.0000111792	        0.1000000000	        0.0010000000
        1.9883651267	        0.1126401116	        0.0590748676	       -3.7374578830	        0.0000000000	        0.0000000000	        0.0000022599	        0.0000025111	        0.0000100568	        0.0013004384	        0.0048086132	        0.0000065181	        0.1000000000	        0.0010000000
        1.9902467340	        0.0945571836	        0.0512933000	       -4.4308415873	        0.0000000000	        0.0000000000	        0.0000012350	        0.0000013723	        0.0000058640	        0.0009482954	        0.0050554837	        0.0000036433	        0.1000000000	        0.0010000000
        1.9919165179	        0.0784493998	        0.0439345468	       -5.1371106431	        0.0000000000	        0.0000000000	        0.0000006420	        0.0000007134	        0.0000032436	        0.0006760010	        0.0053233919	        0.0000019388	        0.1000000000	        0.0010000000
        1.9933980257	        0.0641209463	        0.0369980859	       -5.8406789746	        0.0000000000	        0.0000000000	        0.0000003146	        0.0000003496	        0.0000016859	        0.0004686416	        0.0056034717	        0.0000009726	        0.1000000000	        0.0010000000
        1.9947122508	        0.0513873657	        0.0304837867	       -6.5290778343	        0.0000000000	        0.0000000000	        0.0000001433	        0.0000001593	        0.0000008116	        0.0003135149	        0.0058884179	        0.0000004532	        0.1000000000	        0.0010000000
        1.9958778967	        0.0400785228	        0.0243903390	       -7.1928163900	        0.0000000000	        0.0000000000	        0.0000000594	        0.0000000660	        0.0000003539	        0.0001999925	        0.0061723594	        0.0000001918	        0.1000000000	        0.0010000000
        1.9969116151	        0.0300396193	        0.0187140890	       -7.8250630999	        0.0000000000	        0.0000000000	        0.0000000216	        0.0000000240	        0.0000001348	        0.0001192931	        0.0064506925	        0.0000000711	        0.1000000000	        0.0010000000
        1.9978282231	        0.0211310337	        0.0134483647	       -8.4212536291	        0.0000000000	        0.0000000000	        0.0000000064	        0.0000000072	        0.0000000420	        0.0000642301	        0.0067199078	        0.0000000216	        0.1000000000	        0.0010000000
        1.9986408981	        0.0132275238	        0.0085832512	       -8.9786881797	        0.0000000000	        0.0000000000	        0.0000000014	        0.0000000015	        0.0000000094	        0.0000289701	        0.0069774272	        0.0000000047	        0.1000000000	        0.0010000000
        1.9993613540	        0.0062171333	        0.0041057195	       -9.4961532662	        0.0000000000	        0.0000000000	        0.0000000002	        0.0000000002	        0.0000000011	        0.0000088130	        0.0072214542	        0.0000000005	        0.1000000000	        0.0010000000
        2.0000000000	        0.0000000000	        0.0000000000	       -9.9735852991	        0.0000000000	        0.0000000000	        0.0000000000	        0.0000000000	        0.0000000000	        0.0000000000	        0.0074508402	        0.0000000000	        0.0000000000	        0.0010000000
