        0.0000000000	        0.0000000000	        1.0000000000	        8.9658905180	        0.0000000000	        0.0000000000	        0.0000000000	        0.0000000000	        0.0000000000	        0.0000000000	        0.0070930286	        0.0000000000	        0.0000000000	        0.0010000000
        0.0006386460	        0.0067163277	        0.9980783262	        8.1351373265	        0.0000000000	        0.0000000000	        0.0000000002	        0.0000000002	        0.0000000005	        0.0000083898	        0.0068786014	        0.0000000005	        0.1000000000	        0.0010000000
        0.0013591019	        0.0142889910	        0.9960427871	        7.2718392166	        0.0000000000	        0.0000000000	        0.0000000014	        0.0000000016	        0.0000000044	        0.0000276111	        0.0066504682	        0.0000000048	        0.1000000000	        0.0010000000
        0.0021717769	        0.0228256218	        0.9938972190	        6.3873772480	        0.0000000000	        0.0000000000	        0.0000000067	        0.0000000075	        0.0000000190	        0.0000612969	        0.0064097866	        0.0000000219	        0.1000000000	        0.0010000000
        0.0030883849	        0.0324468322	        0.9916455296	        5.4967696681	        0.0000000000	        0.0000000000	        0.0000000226	        0.0000000251	        0.0000000594	        0.0001140089	        0.0061583755	        0.0000000723	        0.1000000000	        0.0010000000
        0.0041221033	        0.0432874666	        0.9892904839	        4.6188337075	        0.0000000000	        0.0000000000	        0.0000000625	        0.0000000694	        0.0000001523	        0.0001914337	        0.0058988629	        0.0000001958	        0.1000000000	        0.0010000000
        0.0052877492	        0.0554977220	        0.9868321189	        3.7759003107	        0.0000000000	        0.0000000000	        0.0000001515	        0.0000001683	        0.0000003419	        0.0003006089	        0.0056348526	        0.0000004640	        0.1000000000	        0.0010000000
        0.0066019743	        0.0692439015	        0.9842659403	        2.9927348983	        0.0000000000	        0.0000000000	        0.0000003341	        0.0000003712	        0.0000006988	        0.0004501740	        0.0053711114	        0.0000009988	        0.1000000000	        0.0010000000
        0.0080834821	        0.0847083992	        0.9815812466	        2.2941270942	        0.0000000000	        0.0000000000	        0.0000006847	        0.0000007608	        0.0000013323	        0.0006506300	        0.0051137671	        0.0000019975	        0.1000000000	        0.0010000000
        0.0097532660	        0.1020882757	        0.9787601198	        1.7003314742	        0.0000000000	        0.0000000000	        0.0000013226	        0.0000014695	        0.0000024071	        0.0009145715	        0.0048705010	        0.0000037655	        0.1000000000	        0.0010000000
        0.0116348733	        0.1215915230	        0.9757776535	        1.2191300392	        0.0000000000	        0.0000000000	        0.0000024288	        0.0000026986	        0.0000041619	        0.0012568082	        0.0046506894	        0.0000067573	        0.1000000000	        0.0010000000
        0.0137546927	        0.1434299499	        0.9726033392	        0.8376201536	        0.0000000000	        0.0000000000	        0.0000042630	        0.0000047367	        0.0000069262	        0.0016942377	        0.0044654091	        0.0000116219	        0.1000000000	        0.0010000000
        0.0161422702	        0.1678078483	        0.9692019561	        0.5474203080	        0.0000000000	        0.0000000000	        0.0000071722	        0.0000079691	        0.0000111205	        0.0022452483	        0.0043271634	        0.0000192478	        0.1000000000	        0.0010000000
        0.0188306506	        0.1949066401	        0.9655363435	        0.3340043775	        0.0000000000	        0.0000000000	        0.0000115810	        0.0000128677	        0.0000172239	        0.0029283937	        0.0042491332	        0.0000307978	        0.1000000000	        0.0010000000
        0.0218567475	        0.2248676954	        0.9615702959	        0.1797468592	        0.0000000000	        0.0000000000	        0.0000179561	        0.0000199512	        0.0000257012	        0.0037601578	        0.0042437676	        0.0000477213	        0.1000000000	        0.0010000000
        0.0252617393	        0.2577776335	        0.9572704434	        0.0711301477	        0.0000000000	        0.0000000000	        0.0000267508	        0.0000297231	        0.0000369037	        0.0047519231	        0.0043206709	        0.0000717361	        0.1000000000	        0.0010000000
        0.0290914903	        0.2936606378	        0.9526077661	       -0.0058615880	        0.0000000000	        0.0000000000	        0.0000383539	        0.0000426154	        0.0000509957	        0.0059067132	        0.0044840436	        0.0001047778	        0.1000000000	        0.0010000000
        0.0333969940	        0.3324791485	        0.9475568126	       -0.0639515348	        0.0000000000	        0.0000000000	        0.0000530768	        0.0000589742	        0.0000676582	        0.0072166123	        0.0047302826	        0.0001489270	        0.1000000000	        0.0010000000
        0.0382348325	        0.3738013282	        0.9421408236	       -0.1110068430	        0.0000000000	        0.0000000000	        0.0000776561	        0.0000862846	        0.0000935753	        0.0086519561	        0.0050468661	        0.0002059019	        0.1000000000	        0.0010000000
        0.0436676462	        0.4167247106	        0.9364421218	       -0.1524915950	        0.0000000000	        0.0000000000	        0.0001144691	        0.0001271879	        0.0001284116	        0.0101381628	        0.0053861372	        0.0002764291	        0.1000000000	        0.0010000000
        0.0497646022	        0.4604247857	        0.9305245486	       -0.1915964167	        0.0000000000	        0.0000000000	        0.0001616170	        0.0001795745	        0.0001672736	        0.0115799958	        0.0056845524	        0.0003606221	        0.1000000000	        0.0010000000
        0.0566018496	        0.5042599660	        0.9244186829	       -0.2295924409	        0.0000000000	        0.0000000000	        0.0002205525	        0.0002450583	        0.0002097579	        0.0128916330	        0.0058914979	        0.0004581493	        0.1000000000	        0.0010000000
        0.0642629411	        0.5476602211	        0.9181396122	       -0.2665570271	        0.0000000000	        0.0000000000	        0.0002928844	        0.0003254271	        0.0002557067	        0.0140037210	        0.0059747679	        0.0005680037	        0.1000000000	        0.0010000000
        0.0728392004	        0.5901554304	        0.9116850301	       -0.3016580355	        0.0000000000	        0.0000000000	        0.0003803282	        0.0004225868	        0.0003053884	        0.0148715173	        0.0059234241	        0.0006885783	        0.1000000000	        0.0010000000
        0.0824300053	        0.6313877962	        0.9050358484	       -0.3334394045	        0.0000000000	        0.0000000000	        0.0004846283	        0.0005384759	        0.0003593882	        0.0154765463	        0.0057455208	        0.0008177894	        0.1000000000	        0.0010000000
        0.0931429507	        0.6711103872	        0.8981588110	       -0.3600976793	        0.0000000000	        0.0000000000	        0.0006074633	        0.0006749593	        0.0004184319	        0.0158230691	        0.0054623997	        0.0009532134	        0.1000000000	        0.0010000000
        0.1050938490	        0.7091754976	        0.8910104779	       -0.3798063394	        0.0000000000	        0.0000000000	        0.0007503364	        0.0008337071	        0.0004831783	        0.0159317537	        0.0051019680	        0.0010922133	        0.1000000000	        0.0010000000
        0.1184065179	        0.7455171077	        0.8835418797	       -0.3910372150	        0.0000000000	        0.0000000000	        0.0009144592	        0.0010160657	        0.0005540172	        0.0158328289	        0.0046929130	        0.0012320423	        0.1000000000	        0.0010000000
        0.1332122955	        0.7801312644	        0.8757032080	       -0.3930809837	        0.0000000000	        0.0000000000	        0.0011006354	        0.0012229282	        0.0006309250	        0.0155602310	        0.0042608067	        0.0013699243	        0.1000000000	        0.0010000000
        0.1496492201	        0.8130571280	        0.8674476105	       -0.3858191256	        0.0000000000	        0.0000000000	        0.0013091546	        0.0014546163	        0.0007133876	        0.0151473925	        0.0038261593	        0.0015031192	        0.1000000000	        0.0010000000
        0.1678608015	        0.8443602504	        0.8587343709	       -0.3698145220	        0.0000000000	        0.0000000000	        0.0015397094	        0.0017107883	        0.0008003799	        0.0146246874	        0.0034039771	        0.0016289814	        0.1000000000	        0.0010000000
        0.1879943127	        0.8741186671	        0.8495313004	       -0.3463955764	        0.0000000000	        0.0000000000	        0.0017913517	        0.0019903908	        0.0008904349	        0.0140182234	        0.0030042459	        0.0017450211	        0.1000000000	        0.0010000000
        0.2101985296	        0.9024117224	        0.8398160518	       -0.3170270267	        0.0000000000	        0.0000000000	        0.0020625105	        0.0022916783	        0.0009817440	        0.0133495849	        0.0026328462	        0.0018489757	        0.1000000000	        0.0010000000
        0.2346208557	        0.9293111797	        0.8295775215	       -0.2837070330	        0.0000000000	        0.0000000000	        0.0023510964	        0.0026123293	        0.0010723069	        0.0126361722	        0.0022925693	        0.0019388967	        0.1000000000	        0.0010000000
        0.2614037844	        0.9548740462	        0.8188163553	       -0.2495858380	        0.0000000000	        0.0000000000	        0.0026547219	        0.0029496910	        0.0011602960	        0.0118918794	        0.0019840498	        0.0020132534	        0.1000000000	        0.0010000000
        0.2906806794	        0.9791365926	        0.8075424290	       -0.2169907939	        0.0000000000	        0.0000000000	        0.0029710680	        0.0033011867	        0.0012443582	        0.0111279440	        0.0017065402	        0.0020710543	        0.1000000000	        0.0010000000
        0.3225708876	        1.0021092374	        0.7957737783	       -0.1852726465	        0.0000000000	        0.0000000000	        0.0032984177	        0.0036649086	        0.0013232881	        0.0103538774	        0.0014585123	        0.0021119812	        0.1000000000	        0.0010000000
        0.3571742551	        1.0237723132	        0.7835442350	       -0.1545348762	        0.0000000000	        0.0000000000	        0.0036363575	        0.0040403972	        0.0013957632	        0.0095784192	        0.0012381039	        0.0021365209	        0.1000000000	        0.0010000000
        0.3945651751	        1.0440732534	        0.7709100972	       -0.1265293159	        0.0000000000	        0.0000000000	        0.0039865970	        0.0044295523	        0.0014608306	        0.0088104672	        0.0010434314	        0.0021460736	        0.1000000000	        0.0010000000
        0.4347863703	        1.0629264576	        0.7579511345	       -0.1019035860	        0.0000000000	        0.0000000000	        0.0043537669	        0.0048375187	        0.0015181787	        0.0080598923	        0.0008727856	        0.0021429933	        0.1000000000	        0.0010000000
        0.4778426900	        1.0802178635	        0.7447731036	       -0.0807022229	        0.0000000000	        0.0000000000	        0.0047458969	        0.0052732187	        0.0015679587	        0.0073380757	        0.0007247178	        0.0021305040	        0.1000000000	        0.0010000000
        0.5236952751	        1.0958165954	        0.7315084486	       -0.0626298061	        0.0000000000	        0.0000000000	        0.0051740685	        0.0057489650	        0.0016106374	        0.0066579313	        0.0005980146	        0.0021124282	        0.1000000000	        0.0010000000
        0.5722565058	        1.1095950282	        0.7183114274	       -0.0484024780	        0.0000000000	        0.0000000000	        0.0056505330	        0.0062783700	        0.0016471545	        0.0060331719	        0.0004915706	        0.0020926999	        0.1000000000	        0.0010000000
        0.6233861842	        1.1214552756	        0.7053395223	       -0.0371395038	        0.0000000000	        0.0000000000	        0.0061846078	        0.0068717864	        0.0016786877	        0.0054767746	        0.0004041997	        0.0020747255	        0.1000000000	        0.0010000000
        0.6768894010	        1.1313549909	        0.6927328589	       -0.0297313342	        0.0000000000	        0.0000000000	        0.0067762374	        0.0075291527	        0.0017065526	        0.0049990131	        0.0003344647	        0.0020607815	        0.1000000000	        0.0010000000
        0.7325164896	        1.1393218008	        0.6805832248	       -0.0251477482	        0.0000000000	        0.0000000000	        0.0074084646	        0.0082316273	        0.0017320075	        0.0046058406	        0.0002806195	        0.0020517028	        0.1000000000	        0.0010000000
        0.7899653716	        1.1454481355	        0.6689177302	       -0.0237638667	        0.0000000000	        0.0000000000	        0.0080418868	        0.0089354298	        0.0017560276	        0.0042984296	        0.0002407104	        0.0020470120	        0.1000000000	        0.0010000000
        0.8488864424	        1.1498668939	        0.6576893909	       -0.0290116554	        0.0000000000	        0.0000000000	        0.0086152938	        0.0095725486	        0.0017807850	        0.0040741302	        0.0002127984	        0.0020454128	        0.1000000000	        0.0010000000
        0.9088899606	        1.1527171135	        0.6467688959	       -0.0394900550	        0.0000000000	        0.0000000000	        0.0090555471	        0.0100617190	        0.0018093195	        0.0039283876	        0.0001952089	        0.0020453954	        0.1000000000	        0.0010000000
        0.9695556872	        1.1541111707	        0.6359644869	       -0.0515869976	        0.0000000000	        0.0000000000	        0.0092957791	        0.0103286435	        0.0018432110	        0.0038568200	        0.0001867297	        0.0020457245	        0.1000000000	        0.0010000000
        1.0304443128	        1.1541111707	        0.6250502819	       -0.0671075017	        0.0000000000	        0.0000000000	        0.0092957791	        0.0103286435	        0.0018835575	        0.0038568200	        0.0001867297	        0.0020457245	        0.1000000000	        0.0010000000
        1.0911100394	        1.1527171135	        0.6137704695	       -0.0828072833	        0.0000000000	        0.0000000000	        0.0090555471	        0.0100617190	        0.0019310985	        0.0039283876	        0.0001952089	        0.0020453954	        0.1000000000	        0.0010000000
        1.1511135576	        1.1498668939	        0.6018631502	       -0.0935529029	        0.0000000000	        0.0000000000	        0.0086152938	        0.0095725486	        0.0019838572	        0.0040741302	        0.0002127984	        0.0020454128	        0.1000000000	        0.0010000000
        1.2100346284	        1.1454481355	        0.5890958891	       -0.0992565397	        0.0000000000	        0.0000000000	        0.0080418868	        0.0089354298	        0.0020383814	        0.0042984296	        0.0002407104	        0.0020470120	        0.1000000000	        0.0010000000
        1.2674835104	        1.1393218008	        0.5752881894	       -0.1024238926	        0.0000000000	        0.0000000000	        0.0074084646	        0.0082316273	        0.0020923833	        0.0046058406	        0.0002806195	        0.0020517028	        0.1000000000	        0.0010000000
        1.3231105990	        1.1313549909	        0.5603255876	       -0.1006882015	        0.0000000000	        0.0000000000	        0.0067762374	        0.0075291527	        0.0021438712	        0.0049990131	        0.0003344647	        0.0020607815	        0.1000000000	        0.0010000000
        1.3766138158	        1.1214552756	        0.5441878793	       -0.0905933420	        0.0000000000	        0.0000000000	        0.0061846078	        0.0068717864	        0.0021892865	        0.0054767746	        0.0004041997	        0.0020747255	        0.1000000000	        0.0010000000
        1.4277434942	        1.1095950282	        0.5269669028	       -0.0734472100	        0.0000000000	        0.0000000000	        0.0056505330	        0.0062783700	        0.0022247414	        0.0060331719	        0.0004915706	        0.0020926999	        0.1000000000	        0.0010000000
        1.4763047249	        1.0958165954	        0.5088426272	       -0.0557175295	        0.0000000000	        0.0000000000	        0.0051740685	        0.0057489650	        0.0022487369	        0.0066579313	        0.0005980146	        0.0021124282	        0.1000000000	        0.0010000000
        1.5221573100	        1.0802178635	        0.4900216860	       -0.0348283758	        0.0000000000	        0.0000000000	        0.0047458969	        0.0052732187	        0.0022608906	        0.0073380757	        0.0007247178	        0.0021305040	        0.1000000000	        0.0010000000
        1.5652136297	        1.0629264576	        0.4707140583	       -0.0078306217	        0.0000000000	        0.0000000000	        0.0043537669	        0.0048375187	        0.0022596766	        0.0080598923	        0.0008727856	        0.0021429933	        0.1000000000	        0.0010000000
        1.6054348249	        1.0440732534	        0.4511190509	        0.0206204018	        0.0000000000	        0.0000000000	        0.0039865970	        0.0044295523	        0.0022443972	        0.0088104672	        0.0010434314	        0.0021460736	        0.1000000000	        0.0010000000
        1.6428257449	        1.0237723132	        0.4313932207	        0.0532234047	        0.0000000000	        0.0000000000	        0.0036363575	        0.0040403972	        0.0022152305	        0.0095784192	        0.0012381039	        0.0021365209	        0.1000000000	        0.0010000000
        1.6774291124	        1.0021092374	        0.4116576401	        0.0926105991	        0.0000000000	        0.0000000000	        0.0032984177	        0.0036649086	        0.0021716879	        0.0103538774	        0.0014585123	        0.0021119812	        0.1000000000	        0.0010000000
        1.7093193206	        0.9791365926	        0.3920090627	        0.1426406584	        0.0000000000	        0.0000000000	        0.0029710680	        0.0033011867	        0.0021126953	        0.0111279440	        0.0017065402	        0.0020710543	        0.1000000000	        0.0010000000
        1.7385962156	        0.9548740462	        0.3725355080	        0.2015444517	        0.0000000000	        0.0000000000	        0.0026547219	        0.0029496910	        0.0020375326	        0.0118918794	        0.0019840498	        0.0020132534	        0.1000000000	        0.0010000000
        1.7653791443	        0.9293111797	        0.3533144361	        0.2669330821	        0.0000000000	        0.0000000000	        0.0023510964	        0.0026123293	        0.0019467432	        0.0126361722	        0.0022925693	        0.0019388967	        0.1000000000	        0.0010000000
        1.7898014704	        0.9024117224	        0.3344111473	        0.3406434390	        0.0000000000	        0.0000000000	        0.0020625105	        0.0022916783	        0.0018413756	        0.0133495849	        0.0026328462	        0.0018489757	        0.1000000000	        0.0010000000
        1.8120056873	        0.8741186671	        0.3158887928	        0.4208222886	        0.0000000000	        0.0000000000	        0.0017913517	        0.0019903908	        0.0017227828	        0.0140182234	        0.0030042459	        0.0017450211	        0.1000000000	        0.0010000000
        1.8321391985	        0.8443602504	        0.2978086359	        0.5029602123	        0.0000000000	        0.0000000000	        0.0015397094	        0.0017107883	        0.0015931959	        0.0146246874	        0.0034039771	        0.0016289814	        0.1000000000	        0.0010000000
        1.8503507799	        0.8130571280	        0.2802254885	        0.5821484279	        0.0000000000	        0.0000000000	        0.0013091546	        0.0014546163	        0.0014556540	        0.0151473925	        0.0038261593	        0.0015031192	        0.1000000000	        0.0010000000
        1.8667877045	        0.7801312644	        0.2631840419	        0.6523173516	        0.0000000000	        0.0000000000	        0.0011006354	        0.0012229282	        0.0013136983	        0.0155602310	        0.0042608067	        0.0013699243	        0.1000000000	        0.0010000000
        1.8815934821	        0.7455171077	        0.2467143533	        0.7077634943	        0.0000000000	        0.0000000000	        0.0009144592	        0.0010160657	        0.0011710196	        0.0158328289	        0.0046929130	        0.0012320423	        0.1000000000	        0.0010000000
        1.8949061510	        0.7091754976	        0.2308292467	        0.7444860334	        0.0000000000	        0.0000000000	        0.0007503364	        0.0008337071	        0.0010309889	        0.0159317537	        0.0051019680	        0.0010922133	        0.1000000000	        0.0010000000
        1.9068570493	        0.6711103872	        0.2155252602	        0.7596851275	        0.0000000000	        0.0000000000	        0.0006074633	        0.0006749593	        0.0008963206	        0.0158230691	        0.0054623997	        0.0009532134	        0.1000000000	        0.0010000000
        1.9175699947	        0.6313877962	        0.2007855782	        0.7510324164	        0.0000000000	        0.0000000000	        0.0004846283	        0.0005384759	        0.0007689710	        0.0154765463	        0.0057455208	        0.0008177894	        0.1000000000	        0.0010000000
        1.9271607996	        0.5901554304	        0.1865836562	        0.7173175190	        0.0000000000	        0.0000000000	        0.0003803282	        0.0004225868	        0.0006501525	        0.0148715173	        0.0059234241	        0.0006885783	        0.1000000000	        0.0010000000
        1.9357370589	        0.5476602211	        0.1728884978	        0.6574527964	        0.0000000000	        0.0000000000	        0.0002928844	        0.0003254271	        0.0005404536	        0.0140037210	        0.0059747679	        0.0005680037	        0.1000000000	        0.0010000000
        1.9433981504	        0.5042599660	        0.1596702117	        0.5720005878	        0.0000000000	        0.0000000000	        0.0002205525	        0.0002450583	        0.0004400290	        0.0128916330	        0.0058914979	        0.0004581493	        0.1000000000	        0.0010000000
        1.9502353978	        0.4604247857	        0.1469074371	        0.4587800799	        0.0000000000	        0.0000000000	        0.0001616170	        0.0001795745	        0.0003489036	        0.0115799958	        0.0056845524	        0.0003606221	        0.1000000000	        0.0010000000
        1.9563323538	        0.4167247106	        0.1345914076	        0.3182884630	        0.0000000000	        0.0000000000	        0.0001144691	        0.0001271879	        0.0002672502	        0.0101381628	        0.0053861372	        0.0002764291	        0.1000000000	        0.0010000000
        1.9617651675	        0.3738013282	        0.1227316411	        0.1471167813	        0.0000000000	        0.0000000000	        0.0000776561	        0.0000862846	        0.0001952283	        0.0086519561	        0.0050468661	        0.0002059019	        0.1000000000	        0.0010000000
        1.9666030060	        0.3324791485	        0.1114025635	       -0.0562195078	        0.0000000000	        0.0000000000	        0.0000530768	        0.0000589742	        0.0001422317	        0.0072166123	        0.0047302826	        0.0001489270	        0.1000000000	        0.0010000000
        1.9709085097	        0.2936606378	        0.1007279344	       -0.2924432131	        0.0000000000	        0.0000000000	        0.0000383539	        0.0000426154	        0.0001085260	        0.0059067132	        0.0044840436	        0.0001047778	        0.1000000000	        0.0010000000
        1.9747382607	        0.2577776335	        0.0907306009	       -0.5656533158	        0.0000000000	        0.0000000000	        0.0000267508	        0.0000297231	        0.0000797776	        0.0047519231	        0.0043206709	        0.0000717361	        0.1000000000	        0.0010000000
        1.9781432525	        0.2248676954	        0.0813529531	       -0.8810008285	        0.0000000000	        0.0000000000	        0.0000179561	        0.0000199512	        0.0000565232	        0.0037601578	        0.0042437676	        0.0000477213	        0.1000000000	        0.0010000000
        1.9811693494	        0.1949066401	        0.0725518942	       -1.2363955613	        0.0000000000	        0.0000000000	        0.0000115810	        0.0000128677	        0.0000384994	        0.0029283937	        0.0042491332	        0.0000307978	        0.1000000000	        0.0010000000
        1.9838577298	        0.1678078483	        0.0642944630	       -1.6240665246	        0.0000000000	        0.0000000000	        0.0000071722	        0.0000079691	        0.0000251729	        0.0022452483	        0.0043271634	        0.0000192478	        0.1000000000	        0.0010000000
        1.9862453073	        0.1434299499	        0.0565547481	       -2.0428744366	        0.0000000000	        0.0000000000	        0.0000042630	        0.0000047367	        0.0000157831	        0.0016942377	        0.0044654091	        0.0000116219	        0.1000000000	        0.0010000000
        1.9883651267	        0.1215915230	        0.0493101631	       -2.4937128802	        0.0000000000	        0.0000000000	        0.0000024288	        0.0000026986	        0.0000094743	        0.0012568082	        0.0046506894	        0.0000067573	        0.1000000000	        0.0010000000
        1.9902467340	        0.1020882757	        0.0425394025	       -2.9689389496	        0.0000000000	        0.0000000000	        0.0000013226	        0.0000014695	        0.0000054281	        0.0009145715	        0.0048705010	        0.0000037655	        0.1000000000	        0.0010000000
        1.9919165179	        0.0847083992	        0.0362226268	       -3.4558473168	        0.0000000000	        0.0000000000	        0.0000006847	        0.0000007608	        0.0000029516	        0.0006506300	        0.0051137671	        0.0000019975	        0.1000000000	        0.0010000000
        1.9933980257	        0.0692439015	        0.0303417868	       -3.9431174353	        0.0000000000	        0.0000000000	        0.0000003341	        0.0000003712	        0.0000015095	        0.0004501740	        0.0053711114	        0.0000009988	        0.1000000000	        0.0010000000
        1.9947122508	        0.0554977220	        0.0248802365	       -4.4216157143	        0.0000000000	        0.0000000000	        0.0000001515	        0.0000001683	        0.0000007158	        0.0003006089	        0.0056348526	        0.0000004640	        0.1000000000	        0.0010000000
        1.9958778967	        0.0432874666	        0.0198220237	       -4.8843256690	        0.0000000000	        0.0000000000	        0.0000000625	        0.0000000694	        0.0000003078	        0.0001914337	        0.0058988629	        0.0000001958	        0.1000000000	        0.0010000000
        1.9969116151	        0.0324468322	        0.0151511933	       -5.3261377019	        0.0000000000	        0.0000000000	        0.0000000226	        0.0000000251	        0.0000001158	        0.0001140089	        0.0061583755	        0.0000000723	        0.1000000000	        0.0010000000
        1.9978282231	        0.0228256218	        0.0108512709	       -5.7435784283	        0.0000000000	        0.0000000000	        0.0000000067	        0.0000000075	        0.0000000357	        0.0000612969	        0.0064097866	        0.0000000219	        0.1000000000	        0.0010000000
        1.9986408981	        0.0142889910	        0.0069049832	       -6.1345273899	        0.0000000000	        0.0000000000	        0.0000000014	        0.0000000016	        0.0000000079	        0.0000276111	        0.0066504682	        0.0000000048	        0.1000000000	        0.0010000000
        1.9993613540	        0.0067163277	        0.0032941926	       -6.4979481369	        0.0000000000	        0.0000000000	        0.0000000002	        0.0000000002	        0.0000000009	        0.0000083898	        0.0068786014	        0.0000000005	        0.1000000000	        0.0010000000
        2.0000000000	        0.0000000000	        0.0000000000	       -6.8336473605	        0.0000000000	        0.0000000000	        0.0000000000	        0.0000000000	        0.0000000000	        0.0000000000	        0.0070930286	        0.0000000000	        0.0000000000	        0.0010000000
