        0.0000000000	        0.0000000000	        1.0000000000	        6.6239370761	        0.0000000000	        0.0000000000	        0.0000000000	        0.0000000000	        0.0000000000	        0.0000000000	        0.0070930286	        0.0000000000	        0.0000000000	        0.0010000000
        0.0006386460	        0.0067163277	        0.9974560861	        6.2656339929	        0.0000000000	        0.0000000000	        0.0000000002	        0.0000000002	        0.0000000007	        0.0000083898	        0.0068786014	        0.0000000005	        0.1000000000	        0.0010000000
        0.0013591019	        0.0142889910	        0.9946880206	        5.8818157482	        0.0000000000	        0.0000000000	        0.0000000014	        0.0000000016	        0.0000000060	        0.0000276111	        0.0066504682	        0.0000000048	        0.1000000000	        0.0010000000
        0.0021717769	        0.0228256218	        0.9916872160	        5.4738825170	        0.0000000000	        0.0000000000	        0.0000000067	        0.0000000075	        0.0000000270	        0.0000612969	        0.0064097866	        0.0000000219	        0.1000000000	        0.0010000000
        0.0030883849	        0.0324468322	        0.9884466991	        5.0442780731	        0.0000000000	        0.0000000000	        0.0000000226	        0.0000000251	        0.0000000868	        0.0001140089	        0.0061583755	        0.0000000723	        0.1000000000	        0.0010000000
        0.0041221033	        0.0432874666	        0.9849612383	        4.5966794770	        0.0000000000	        0.0000000000	        0.0000000625	        0.0000000694	        0.0000002284	        0.0001914337	        0.0058988629	        0.0000001958	        0.1000000000	        0.0010000000
        0.0052877492	        0.0554977220	        0.9812273225	        4.1361491131	        0.0000000000	        0.0000000000	        0.0000001515	        0.0000001683	        0.0000005252	        0.0003006089	        0.0056348526	        0.0000004640	        0.1000000000	        0.0010000000
        0.0066019743	        0.0692439015	        0.9772429573	        3.6691947851	        0.0000000000	        0.0000000000	        0.0000003341	        0.0000003712	        0.0000010939	        0.0004501740	        0.0053711114	        0.0000009988	        0.1000000000	        0.0010000000
        0.0080834821	        0.0847083992	        0.9730072791	        3.2036496992	        0.0000000000	        0.0000000000	        0.0000006847	        0.0000007608	        0.0000021108	        0.0006506300	        0.0051137671	        0.0000019975	        0.1000000000	        0.0010000000
        0.0097532660	        0.1020882757	        0.9685200298	        2.7482332440	        0.0000000000	        0.0000000000	        0.0000013226	        0.0000014695	        0.0000038266	        0.0009145715	        0.0048705010	        0.0000037655	        0.1000000000	        0.0010000000
        0.0116348733	        0.1215915230	        0.9637809905	        2.3115778320	        0.0000000000	        0.0000000000	        0.0000024288	        0.0000026986	        0.0000065778	        0.0012568082	        0.0046506894	        0.0000067573	        0.1000000000	        0.0010000000
        0.0137546927	        0.1434299499	        0.9587894476	        1.9009040580	        0.0000000000	        0.0000000000	        0.0000042630	        0.0000047367	        0.0000107831	        0.0016942377	        0.0044654091	        0.0000116219	        0.1000000000	        0.0010000000
        0.0161422702	        0.1678078483	        0.9535436140	        1.5236060186	        0.0000000000	        0.0000000000	        0.0000071722	        0.0000079691	        0.0000169148	        0.0022452483	        0.0043271634	        0.0000192478	        0.1000000000	        0.0010000000
        0.0188306506	        0.1949066401	        0.9480402150	        1.1844648442	        0.0000000000	        0.0000000000	        0.0000115810	        0.0000128677	        0.0000254352	        0.0029283937	        0.0042491332	        0.0000307978	        0.1000000000	        0.0010000000
        0.0218567475	        0.2248676954	        0.9422736644	        0.8870678524	        0.0000000000	        0.0000000000	        0.0000179561	        0.0000199512	        0.0000367066	        0.0037601578	        0.0042437676	        0.0000477213	        0.1000000000	        0.0010000000
        0.0252617393	        0.2577776335	        0.9362348214	        0.6338981835	        0.0000000000	        0.0000000000	        0.0000267508	        0.0000297231	        0.0000509096	        0.0047519231	        0.0043206709	        0.0000717361	        0.1000000000	        0.0010000000
        0.0290914903	        0.2936606378	        0.9299096431	        0.4250178024	        0.0000000000	        0.0000000000	        0.0000383539	        0.0000426154	        0.0000680217	        0.0059067132	        0.0044840436	        0.0001047778	        0.1000000000	        0.0010000000
        0.0333969940	        0.3324791485	        0.9232780808	        0.2573377372	        0.0000000000	        0.0000000000	        0.0000530768	        0.0000589742	        0.0000874817	        0.0072166123	        0.0047302826	        0.0001489270	        0.1000000000	        0.0010000000
        0.0382348325	        0.3738013282	        0.9163759429	        0.1266521388	        0.0000000000	        0.0000000000	        0.0000776561	        0.0000862846	        0.0001176423	        0.0086519561	        0.0050468661	        0.0002059019	        0.1000000000	        0.0010000000
        0.0436676462	        0.4167247106	        0.9093047568	        0.0272391470	        0.0000000000	        0.0000000000	        0.0001144691	        0.0001271879	        0.0001573940	        0.0101381628	        0.0053861372	        0.0002764291	        0.1000000000	        0.0010000000
        0.0497646022	        0.4604247857	        0.9021378820	       -0.0472217448	        0.0000000000	        0.0000000000	        0.0001616170	        0.0001795745	        0.0002002378	        0.0115799958	        0.0056845524	        0.0003606221	        0.1000000000	        0.0010000000
        0.0566018496	        0.5042599660	        0.8949118861	       -0.1027080840	        0.0000000000	        0.0000000000	        0.0002205525	        0.0002450583	        0.0002453334	        0.0128916330	        0.0058914979	        0.0004581493	        0.1000000000	        0.0010000000
        0.0642629411	        0.5476602211	        0.8876524267	       -0.1442358658	        0.0000000000	        0.0000000000	        0.0002928844	        0.0003254271	        0.0002919610	        0.0140037210	        0.0059747679	        0.0005680037	        0.1000000000	        0.0010000000
        0.0728392004	        0.5901554304	        0.8803728481	       -0.1754663230	        0.0000000000	        0.0000000000	        0.0003803282	        0.0004225868	        0.0003397577	        0.0148715173	        0.0059234241	        0.0006885783	        0.1000000000	        0.0010000000
        0.0824300053	        0.6313877962	        0.8730739261	       -0.1987080490	        0.0000000000	        0.0000000000	        0.0004846283	        0.0005384759	        0.0003886607	        0.0154765463	        0.0057455208	        0.0008177894	        0.1000000000	        0.0010000000
        0.0931429507	        0.6711103872	        0.8657449056	       -0.2151579436	        0.0000000000	        0.0000000000	        0.0006074633	        0.0006749593	        0.0004388039	        0.0158230691	        0.0054623997	        0.0009532134	        0.1000000000	        0.0010000000
        0.1050938490	        0.7091754976	        0.8583657084	       -0.2254127865	        0.0000000000	        0.0000000000	        0.0007503364	        0.0008337071	        0.0004903930	        0.0159317537	        0.0051019680	        0.0010922133	        0.1000000000	        0.0010000000
        0.1184065179	        0.7455171077	        0.8509097192	       -0.2299181915	        0.0000000000	        0.0000000000	        0.0009144592	        0.0010160657	        0.0005435914	        0.0158328289	        0.0046929130	        0.0012320423	        0.1000000000	        0.0010000000
        0.1332122955	        0.7801312644	        0.8433464991	       -0.2291364875	        0.0000000000	        0.0000000000	        0.0011006354	        0.0012229282	        0.0005984383	        0.0155602310	        0.0042608067	        0.0013699243	        0.1000000000	        0.0010000000
        0.1496492201	        0.8130571280	        0.8356441525	       -0.2236074550	        0.0000000000	        0.0000000000	        0.0013091546	        0.0014546163	        0.0006547984	        0.0151473925	        0.0038261593	        0.0015031192	        0.1000000000	        0.0010000000
        0.1678608015	        0.8443602504	        0.8277712813	       -0.2138920038	        0.0000000000	        0.0000000000	        0.0015397094	        0.0017107883	        0.0007123344	        0.0146246874	        0.0034039771	        0.0016289814	        0.1000000000	        0.0010000000
        0.1879943127	        0.8741186671	        0.8196987197	       -0.2004404307	        0.0000000000	        0.0000000000	        0.0017913517	        0.0019903908	        0.0007704833	        0.0140182234	        0.0030042459	        0.0017450211	        0.1000000000	        0.0010000000
        0.2101985296	        0.9024117224	        0.8114014728	       -0.1841309046	        0.0000000000	        0.0000000000	        0.0020625105	        0.0022916783	        0.0008284876	        0.0133495849	        0.0026328462	        0.0018489757	        0.1000000000	        0.0010000000
        0.2346208557	        0.9293111797	        0.8028598524	       -0.1659788918	        0.0000000000	        0.0000000000	        0.0023510964	        0.0026123293	        0.0008854889	        0.0126361722	        0.0022925693	        0.0019388967	        0.1000000000	        0.0010000000
        0.2614037844	        0.9548740462	        0.7940603563	       -0.1467952037	        0.0000000000	        0.0000000000	        0.0026547219	        0.0029496910	        0.0009405899	        0.0118918794	        0.0019840498	        0.0020132534	        0.1000000000	        0.0010000000
        0.2906806794	        0.9791365926	        0.7849971807	       -0.1275286294	        0.0000000000	        0.0000000000	        0.0029710680	        0.0033011867	        0.0009929321	        0.0111279440	        0.0017065402	        0.0020710543	        0.1000000000	        0.0010000000
        0.3225708876	        1.0021092374	        0.7756735973	       -0.1089445343	        0.0000000000	        0.0000000000	        0.0032984177	        0.0036649086	        0.0010417900	        0.0103538774	        0.0014585123	        0.0021119812	        0.1000000000	        0.0010000000
        0.3571742551	        1.0237723132	        0.7661040328	       -0.0913493759	        0.0000000000	        0.0000000000	        0.0036363575	        0.0040403972	        0.0010865701	        0.0095784192	        0.0012381039	        0.0021365209	        0.1000000000	        0.0010000000
        0.3945651751	        1.0440732534	        0.7563177827	       -0.0747564068	        0.0000000000	        0.0000000000	        0.0039865970	        0.0044295523	        0.0011267561	        0.0088104672	        0.0010434314	        0.0021460736	        0.1000000000	        0.0010000000
        0.4347863703	        1.0629264576	        0.7463637692	       -0.0598027166	        0.0000000000	        0.0000000000	        0.0043537669	        0.0048375187	        0.0011620412	        0.0080598923	        0.0008727856	        0.0021429933	        0.1000000000	        0.0010000000
        0.4778426900	        1.0802178635	        0.7363120595	       -0.0471227398	        0.0000000000	        0.0000000000	        0.0047458969	        0.0052732187	        0.0011925493	        0.0073380757	        0.0007247178	        0.0021305040	        0.1000000000	        0.0010000000
        0.5236952751	        1.0958165954	        0.7262521385	       -0.0367405302	        0.0000000000	        0.0000000000	        0.0051740685	        0.0057489650	        0.0012187876	        0.0066579313	        0.0005980146	        0.0021124282	        0.1000000000	        0.0010000000
        0.5722565058	        1.1095950282	        0.7162882091	       -0.0289819518	        0.0000000000	        0.0000000000	        0.0056505330	        0.0062783700	        0.0012416026	        0.0060331719	        0.0004915706	        0.0020926999	        0.1000000000	        0.0010000000
        0.6233861842	        1.1214552756	        0.7065263588	       -0.0249700725	        0.0000000000	        0.0000000000	        0.0061846078	        0.0068717864	        0.0012624399	        0.0054767746	        0.0004041997	        0.0020747255	        0.1000000000	        0.0010000000
        0.6768894010	        1.1313549909	        0.6970521090	       -0.0248607292	        0.0000000000	        0.0000000000	        0.0067762374	        0.0075291527	        0.0012832584	        0.0049990131	        0.0003344647	        0.0020607815	        0.1000000000	        0.0010000000
        0.7325164896	        1.1393218008	        0.6879106261	       -0.0274202186	        0.0000000000	        0.0000000000	        0.0074084646	        0.0082316273	        0.0013057651	        0.0046058406	        0.0002806195	        0.0020517028	        0.1000000000	        0.0010000000
        0.7899653716	        1.1454481355	        0.6790978199	       -0.0332876977	        0.0000000000	        0.0000000000	        0.0080418868	        0.0089354298	        0.0013314368	        0.0042984296	        0.0002407104	        0.0020470120	        0.1000000000	        0.0010000000
        0.8488864424	        1.1498668939	        0.6705523049	       -0.0436090823	        0.0000000000	        0.0000000000	        0.0086152938	        0.0095725486	        0.0013622713	        0.0040741302	        0.0002127984	        0.0020454128	        0.1000000000	        0.0010000000
        0.9088899606	        1.1527171135	        0.6621543259	       -0.0554597684	        0.0000000000	        0.0000000000	        0.0090555471	        0.0100617190	        0.0013997031	        0.0039283876	        0.0001952089	        0.0020453954	        0.1000000000	        0.0010000000
        0.9695556872	        1.1541111707	        0.6537457565	       -0.0666675368	        0.0000000000	        0.0000000000	        0.0092957791	        0.0103286435	        0.0014434208	        0.0038568200	        0.0001867297	        0.0020457245	        0.1000000000	        0.0010000000
        1.0304443128	        1.1541111707	        0.6451464524	       -0.0794055580	        0.0000000000	        0.0000000000	        0.0092957791	        0.0103286435	        0.0014930739	        0.0038568200	        0.0001867297	        0.0020457245	        0.1000000000	        0.0010000000
        1.0911100394	        1.1527171135	        0.6361528194	       -0.0943152230	        0.0000000000	        0.0000000000	        0.0090555471	        0.0100617190	        0.0015493237	        0.0039283876	        0.0001952089	        0.0020453954	        0.1000000000	        0.0010000000
        1.1511135576	        1.1498668939	        0.6265433757	       -0.1082115118	        0.0000000000	        0.0000000000	        0.0086152938	        0.0095725486	        0.0016120272	        0.0040741302	        0.0002127984	        0.0020454128	        0.1000000000	        0.0010000000
        1.2100346284	        1.1454481355	        0.6161029409	       -0.1173277848	        0.0000000000	        0.0000000000	        0.0080418868	        0.0089354298	        0.0016788225	        0.0042984296	        0.0002407104	        0.0020470120	        0.1000000000	        0.0010000000
        1.2674835104	        1.1393218008	        0.6046560870	       -0.1224168146	        0.0000000000	        0.0000000000	        0.0074084646	        0.0082316273	        0.0017466333	        0.0046058406	        0.0002806195	        0.0020517028	        0.1000000000	        0.0010000000
        1.3231105990	        1.1313549909	        0.5920867082	       -0.1257988107	        0.0000000000	        0.0000000000	        0.0067762374	        0.0075291527	        0.0018136349	        0.0049990131	        0.0003344647	        0.0020607815	        0.1000000000	        0.0010000000
        1.3766138158	        1.1214552756	        0.5783463881	       -0.1245901940	        0.0000000000	        0.0000000000	        0.0061846078	        0.0068717864	        0.0018779325	        0.0054767746	        0.0004041997	        0.0020747255	        0.1000000000	        0.0010000000
        1.4277434942	        1.1095950282	        0.5634721990	       -0.1163166753	        0.0000000000	        0.0000000000	        0.0056505330	        0.0062783700	        0.0019361745	        0.0060331719	        0.0004915706	        0.0020926999	        0.1000000000	        0.0010000000
        1.4763047249	        1.0958165954	        0.5475856990	       -0.1010732242	        0.0000000000	        0.0000000000	        0.0051740685	        0.0057489650	        0.0019846334	        0.0066579313	        0.0005980146	        0.0021124282	        0.1000000000	        0.0010000000
        1.5221573100	        1.0802178635	        0.5308660234	       -0.0810490753	        0.0000000000	        0.0000000000	        0.0047458969	        0.0052732187	        0.0020206025	        0.0073380757	        0.0007247178	        0.0021305040	        0.1000000000	        0.0010000000
        1.5652136297	        1.0629264576	        0.5135094463	       -0.0542764016	        0.0000000000	        0.0000000000	        0.0043537669	        0.0048375187	        0.0020419573	        0.0080598923	        0.0008727856	        0.0021429933	        0.1000000000	        0.0010000000
        1.6054348249	        1.0440732534	        0.4957116484	       -0.0198363927	        0.0000000000	        0.0000000000	        0.0039865970	        0.0044295523	        0.0020465671	        0.0088104672	        0.0010434314	        0.0021460736	        0.1000000000	        0.0010000000
        1.6428257449	        1.0237723132	        0.4776545044	        0.0228327478	        0.0000000000	        0.0000000000	        0.0036363575	        0.0040403972	        0.0020327925	        0.0095784192	        0.0012381039	        0.0021365209	        0.1000000000	        0.0010000000
        1.6774291124	        1.0021092374	        0.4595001295	        0.0731396425	        0.0000000000	        0.0000000000	        0.0032984177	        0.0036649086	        0.0019998080	        0.0103538774	        0.0014585123	        0.0021119812	        0.1000000000	        0.0010000000
        1.7093193206	        0.9791365926	        0.4413874358	        0.1299398063	        0.0000000000	        0.0000000000	        0.0029710680	        0.0033011867	        0.0019477991	        0.0111279440	        0.0017065402	        0.0020710543	        0.1000000000	        0.0010000000
        1.7385962156	        0.9548740462	        0.4234314872	        0.1924689051	        0.0000000000	        0.0000000000	        0.0026547219	        0.0029496910	        0.0018777812	        0.0118918794	        0.0019840498	        0.0020132534	        0.1000000000	        0.0010000000
        1.7653791443	        0.9293111797	        0.4057266361	        0.2584598830	        0.0000000000	        0.0000000000	        0.0023510964	        0.0026123293	        0.0017915279	        0.0126361722	        0.0022925693	        0.0019388967	        0.1000000000	        0.0010000000
        1.7898014704	        0.9024117224	        0.3883468092	        0.3243257147	        0.0000000000	        0.0000000000	        0.0020625105	        0.0022916783	        0.0016916643	        0.0133495849	        0.0026328462	        0.0018489757	        0.1000000000	        0.0010000000
        1.8120056873	        0.8741186671	        0.3713438495	        0.3862596834	        0.0000000000	        0.0000000000	        0.0017913517	        0.0019903908	        0.0015814668	        0.0140182234	        0.0030042459	        0.0017450211	        0.1000000000	        0.0010000000
        1.8321391985	        0.8443602504	        0.3547467193	        0.4415644332	        0.0000000000	        0.0000000000	        0.0015397094	        0.0017107883	        0.0014643864	        0.0146246874	        0.0034039771	        0.0016289814	        0.1000000000	        0.0010000000
        1.8503507799	        0.8130571280	        0.3385639139	        0.4867457364	        0.0000000000	        0.0000000000	        0.0013091546	        0.0014546163	        0.0013437315	        0.0151473925	        0.0038261593	        0.0015031192	        0.1000000000	        0.0010000000
        1.8667877045	        0.7801312644	        0.3227843432	        0.5177998892	        0.0000000000	        0.0000000000	        0.0011006354	        0.0012229282	        0.0012225593	        0.0155602310	        0.0042608067	        0.0013699243	        0.1000000000	        0.0010000000
        1.8815934821	        0.7455171077	        0.3073776437	        0.5311341903	        0.0000000000	        0.0000000000	        0.0009144592	        0.0010160657	        0.0011034739	        0.0158328289	        0.0046929130	        0.0012320423	        0.1000000000	        0.0010000000
        1.8949061510	        0.7091754976	        0.2922958093	        0.5233766502	        0.0000000000	        0.0000000000	        0.0007503364	        0.0008337071	        0.0009884363	        0.0159317537	        0.0051019680	        0.0010922133	        0.1000000000	        0.0010000000
        1.9068570493	        0.6711103872	        0.2774758340	        0.4907181184	        0.0000000000	        0.0000000000	        0.0006074633	        0.0006749593	        0.0008787023	        0.0158230691	        0.0054623997	        0.0009532134	        0.1000000000	        0.0010000000
        1.9175699947	        0.6313877962	        0.2628426856	        0.4298239031	        0.0000000000	        0.0000000000	        0.0004846283	        0.0005384759	        0.0007748074	        0.0154765463	        0.0057455208	        0.0008177894	        0.1000000000	        0.0010000000
        1.9271607996	        0.5901554304	        0.2483145660	        0.3369672322	        0.0000000000	        0.0000000000	        0.0003803282	        0.0004225868	        0.0006766272	        0.0148715173	        0.0059234241	        0.0006885783	        0.1000000000	        0.0010000000
        1.9357370589	        0.5476602211	        0.2338096174	        0.2079559605	        0.0000000000	        0.0000000000	        0.0002928844	        0.0003254271	        0.0005835616	        0.0140037210	        0.0059747679	        0.0005680037	        0.1000000000	        0.0010000000
        1.9433981504	        0.5042599660	        0.2192544333	        0.0421028974	        0.0000000000	        0.0000000000	        0.0002205525	        0.0002450583	        0.0004947360	        0.0128916330	        0.0058914979	        0.0004581493	        0.1000000000	        0.0010000000
        1.9502353978	        0.4604247857	        0.2045984409	       -0.1649052038	        0.0000000000	        0.0000000000	        0.0001616170	        0.0001795745	        0.0004094358	        0.0115799958	        0.0056845524	        0.0003606221	        0.1000000000	        0.0010000000
        1.9563323538	        0.4167247106	        0.1898246389	       -0.4095579608	        0.0000000000	        0.0000000000	        0.0001144691	        0.0001271879	        0.0003275747	        0.0101381628	        0.0053861372	        0.0002764291	        0.1000000000	        0.0010000000
        1.9617651675	        0.3738013282	        0.1749656167	       -0.6914572398	        0.0000000000	        0.0000000000	        0.0000776561	        0.0000862846	        0.0002496689	        0.0086519561	        0.0050468661	        0.0002059019	        0.1000000000	        0.0010000000
        1.9666030060	        0.3324791485	        0.1601694490	       -1.0040551122	        0.0000000000	        0.0000000000	        0.0000530768	        0.0000589742	        0.0001892149	        0.0072166123	        0.0047302826	        0.0001489270	        0.1000000000	        0.0010000000
        1.9709085097	        0.2936606378	        0.1456934653	       -1.3380890143	        0.0000000000	        0.0000000000	        0.0000383539	        0.0000426154	        0.0001494966	        0.0059067132	        0.0044840436	        0.0001047778	        0.1000000000	        0.0010000000
        1.9747382607	        0.2577776335	        0.1316934165	       -1.6896503064	        0.0000000000	        0.0000000000	        0.0000267508	        0.0000297231	        0.0001131345	        0.0047519231	        0.0043206709	        0.0000717361	        0.1000000000	        0.0010000000
        1.9781432525	        0.2248676954	        0.1182173602	       -2.0533832650	        0.0000000000	        0.0000000000	        0.0000179561	        0.0000199512	        0.0000819841	        0.0037601578	        0.0042437676	        0.0000477213	        0.1000000000	        0.0010000000
        1.9811693494	        0.1949066401	        0.1053260801	       -2.4203217185	        0.0000000000	        0.0000000000	        0.0000115810	        0.0000128677	        0.0000567335	        0.0029283937	        0.0042491332	        0.0000307978	        0.1000000000	        0.0010000000
        1.9838577298	        0.1678078483	        0.0930796440	       -2.7797407930	        0.0000000000	        0.0000000000	        0.0000071722	        0.0000079691	        0.0000374492	        0.0022452483	        0.0043271634	        0.0000192478	        0.1000000000	        0.0010000000
        1.9862453073	        0.1434299499	        0.0815274378	       -3.1276254209	        0.0000000000	        0.0000000000	        0.0000042630	        0.0000047367	        0.0000235707	        0.0016942377	        0.0044654091	        0.0000116219	        0.1000000000	        0.0010000000
        1.9883651267	        0.1215915230	        0.0707019021	       -3.4636093460	        0.0000000000	        0.0000000000	        0.0000024288	        0.0000026986	        0.0000141352	        0.0012568082	        0.0046506894	        0.0000067573	        0.1000000000	        0.0010000000
        1.9902467340	        0.1020882757	        0.0606171458	       -3.7852049709	        0.0000000000	        0.0000000000	        0.0000013226	        0.0000014695	        0.0000080589	        0.0009145715	        0.0048705010	        0.0000037655	        0.1000000000	        0.0010000000
        1.9919165179	        0.0847083992	        0.0512712694	       -4.0882366252	        0.0000000000	        0.0000000000	        0.0000006847	        0.0000007608	        0.0000043477	        0.0006506300	        0.0051137671	        0.0000019975	        0.1000000000	        0.0010000000
        1.9933980257	        0.0692439015	        0.0426499037	       -4.3702317329	        0.0000000000	        0.0000000000	        0.0000003341	        0.0000003712	        0.0000022014	        0.0004501740	        0.0053711114	        0.0000009988	        0.1000000000	        0.0010000000
        1.9947122508	        0.0554977220	        0.0347294279	       -4.6301925034	        0.0000000000	        0.0000000000	        0.0000001515	        0.0000001683	        0.0000010322	        0.0003006089	        0.0056348526	        0.0000004640	        0.1000000000	        0.0010000000
        1.9958778967	        0.0432874666	        0.0274796127	       -4.8681104691	        0.0000000000	        0.0000000000	        0.0000000625	        0.0000000694	        0.0000004386	        0.0001914337	        0.0058988629	        0.0000001958	        0.1000000000	        0.0010000000
        1.9969116151	        0.0324468322	        0.0208657197	       -5.0846224285	        0.0000000000	        0.0000000000	        0.0000000226	        0.0000000251	        0.0000001630	        0.0001140089	        0.0061583755	        0.0000000723	        0.1000000000	        0.0010000000
        1.9978282231	        0.0228256218	        0.0148501509	       -5.2807679972	        0.0000000000	        0.0000000000	        0.0000000067	        0.0000000075	        0.0000000496	        0.0000612969	        0.0064097866	        0.0000000219	        0.1000000000	        0.0010000000
        1.9986408981	        0.0142889910	        0.0093937510	       -5.4578200779	        0.0000000000	        0.0000000000	        0.0000000014	        0.0000000016	        0.0000000109	        0.0000276111	        0.0066504682	        0.0000000048	        0.1000000000	        0.0010000000
        1.9993613540	        0.0067163277	        0.0044568353	       -5.6171675717	        0.0000000000	        0.0000000000	        0.0000000002	        0.0000000002	        0.0000000012	        0.0000083898	        0.0068786014	        0.0000000005	        0.1000000000	        0.0010000000
        2.0000000000	        0.0000000000	        0.0000000000	       -5.7602354310	        0.0000000000	        0.0000000000	        0.0000000000	        0.0000000000	        0.0000000000	        0.0000000000	        0.0070930286	        0.0000000000	        0.0000000000	        0.0010000000
