        0.0000000000	        0.0000000000	        1.0000000000	       17.0305664493	       29.1611206219	        0.6659904392	        0.0000000000	        0.0000000000	        0.0000000000	        0.0000000000	        0.0070930286	        0.0000000000	        0.0000000000	        0.0010000000
        0.0006386460	        0.0067163277	        0.9974176123	       15.4694367127	       29.1899300510	        0.6665201815	        0.0000000002	        0.0000000000	        0.0000000000	        0.0000083898	        0.0068786014	        0.0000000005	        0.1000000000	        0.0010000000
        0.0013591019	        0.0142889910	        0.9947561747	       13.8857887320	       29.2174748277	        0.6667018009	        0.0000000014	        0.0000000000	        0.0000000000	        0.0000276111	        0.0066504682	        0.0000000048	        0.1000000000	        0.0010000000
        0.0021717769	        0.0228256218	        0.9920416874	       12.2998837185	       29.2430780680	        0.6664478394	        0.0000000067	        0.0000000000	        0.0000000000	        0.0000612969	        0.0064097866	        0.0000000219	        0.1000000000	        0.0010000000
        0.0030883849	        0.0324468322	        0.9893042681	       10.7332780981	       29.2660630469	        0.6656706483	        0.0000000226	        0.0000000000	        0.0000000000	        0.0001140089	        0.0061583755	        0.0000000723	        0.1000000000	        0.0010000000
        0.0041221033	        0.0432874666	        0.9865771467	        9.2094551712	       29.2857118656	        0.6642843586	        0.0000000625	        0.0000000000	        0.0000000000	        0.0001914337	        0.0058988629	        0.0000001958	        0.1000000000	        0.0010000000
        0.0052877492	        0.0554977220	        0.9838951246	        7.7524729249	       29.3012961251	        0.6622119586	        0.0000001515	        0.0000000000	        0.0000000000	        0.0003006089	        0.0056348526	        0.0000004640	        0.1000000000	        0.0010000000
        0.0066019743	        0.0692439015	        0.9812924731	        6.3859292902	       29.3120893703	        0.6593924993	        0.0000003341	        0.0000000000	        0.0000000000	        0.0004501740	        0.0053711114	        0.0000009988	        0.1000000000	        0.0010000000
        0.0080834821	        0.0847083992	        0.9788003293	        5.1315087344	       29.3173846209	        0.6557892368	        0.0000006847	        0.0000000000	        0.0000000000	        0.0006506300	        0.0051137671	        0.0000019975	        0.1000000000	        0.0010000000
        0.0097532660	        0.1020882757	        0.9764437336	        4.0074882455	       29.3165073222	        0.6513973728	        0.0000013226	        0.0000000000	        0.0000000000	        0.0009145715	        0.0048705010	        0.0000037655	        0.1000000000	        0.0010000000
        0.0116348733	        0.1215915230	        0.9742385593	        3.0272346290	       29.3088242811	        0.6462502994	        0.0000024288	        0.0000000000	        0.0000000000	        0.0012568082	        0.0046506894	        0.0000067573	        0.1000000000	        0.0010000000
        0.0137546927	        0.1434299499	        0.9721886944	        2.1979152415	       29.2937459022	        0.6404228176	        0.0000042630	        0.0000000000	        0.0000000000	        0.0016942377	        0.0044654091	        0.0000116219	        0.1000000000	        0.0010000000
        0.0161422702	        0.1678078483	        0.9702839170	        1.5196175806	       29.2707204955	        0.6340298162	        0.0000071722	        0.0000000000	        0.0000000000	        0.0022452483	        0.0043271634	        0.0000192478	        0.1000000000	        0.0010000000
        0.0188306506	        0.1949066401	        0.9684989322	        0.9851219460	       29.2392203428	        0.6272192074	        0.0000115810	        0.0000000000	        0.0000000000	        0.0029283937	        0.0042491332	        0.0000307978	        0.1000000000	        0.0010000000
        0.0218567475	        0.2248676954	        0.9667939399	        0.5803941419	       29.1987203857	        0.6201585462	        0.0000179561	        0.0000000000	        0.0000000000	        0.0037601578	        0.0042437676	        0.0000477213	        0.1000000000	        0.0010000000
        0.0252617393	        0.2577776335	        0.9651167650	        0.2860535405	       29.1486743704	        0.6130160928	        0.0000267508	        0.0000000000	        0.0000000000	        0.0047519231	        0.0043206709	        0.0000717361	        0.1000000000	        0.0010000000
        0.0290914903	        0.2936606378	        0.9634060596	        0.0787544274	       29.0884876360	        0.6059371080	        0.0000383539	        0.0000000000	        0.0000000000	        0.0059067132	        0.0044840436	        0.0001047778	        0.1000000000	        0.0010000000
        0.0333969940	        0.3324791485	        0.9615940810	       -0.0664892311	       29.0175005082	        0.5990174666	        0.0000530768	        0.0000000000	        0.0000000000	        0.0072166123	        0.0047302826	        0.0001489270	        0.1000000000	        0.0010000000
        0.0382348325	        0.3738013282	        0.9596245336	       -0.1689627602	       28.9350313664	        0.5922901797	        0.0000776561	        0.0000000000	        0.0000000000	        0.0086519561	        0.0050468661	        0.0002059019	        0.1000000000	        0.0010000000
        0.0436676462	        0.4167247106	        0.9574604657	       -0.2393230079	       28.8404195733	        0.5857368265	        0.0001144691	        0.0000000000	        0.0000000000	        0.0101381628	        0.0053861372	        0.0002764291	        0.1000000000	        0.0010000000
        0.0497646022	        0.4604247857	        0.9550658741	       -0.2864534963	       28.7329791840	        0.5793013281	        0.0001616170	        0.0000000000	        0.0000000000	        0.0115799958	        0.0056845524	        0.0003606221	        0.1000000000	        0.0010000000
        0.0566018496	        0.5042599660	        0.9524041527	       -0.3190882901	       28.6119683899	        0.5728910981	        0.0002205525	        0.0000000000	        0.0000000000	        0.0128916330	        0.0058914979	        0.0004581493	        0.1000000000	        0.0010000000
        0.0642629411	        0.5476602211	        0.9494446808	       -0.3426434074	       28.4766147717	        0.5663843472	        0.0002928844	        0.0000000000	        0.0000000000	        0.0140037210	        0.0059747679	        0.0005680037	        0.1000000000	        0.0010000000
        0.0728392004	        0.5901554304	        0.9461605325	       -0.3599729472	       28.3261169337	        0.5596476018	        0.0003803282	        0.0000000000	        0.0000000000	        0.0148715173	        0.0059234241	        0.0006885783	        0.1000000000	        0.0010000000
        0.0824300053	        0.6313877962	        0.9425265540	       -0.3725364607	       28.1596377078	        0.5525520073	        0.0004846283	        0.0000000000	        0.0000000000	        0.0154765463	        0.0057455208	        0.0008177894	        0.1000000000	        0.0010000000
        0.0931429507	        0.6711103872	        0.9385178093	       -0.3808768327	       27.9763048230	        0.5449862936	        0.0006074633	        0.0000000000	        0.0000000000	        0.0158230691	        0.0054623997	        0.0009532134	        0.1000000000	        0.0010000000
        0.1050938490	        0.7091754976	        0.9341086403	       -0.3851431466	       27.7752142792	        0.5368662243	        0.0007503364	        0.0000000000	        0.0000000000	        0.0159317537	        0.0051019680	        0.0010922133	        0.1000000000	        0.0010000000
        0.1184065179	        0.7455171077	        0.9292721704	       -0.3853286391	       27.5554422220	        0.5281401103	        0.0009144592	        0.0000000000	        0.0000000000	        0.0158328289	        0.0046929130	        0.0012320423	        0.1000000000	        0.0010000000
        0.1332122955	        0.7801312644	        0.9239801904	       -0.3814541402	       27.3160630970	        0.5187910273	        0.0011006354	        0.0000000000	        0.0000000000	        0.0155602310	        0.0042608067	        0.0013699243	        0.1000000000	        0.0010000000
        0.1496492201	        0.8130571280	        0.9182032955	       -0.3736581190	       27.0561735201	        0.5088362529	        0.0013091546	        0.0000000000	        0.0000000000	        0.0151473925	        0.0038261593	        0.0015031192	        0.1000000000	        0.0010000000
        0.1678608015	        0.8443602504	        0.9119111931	       -0.3622509089	       26.7749192878	        0.4983245381	        0.0015397094	        0.0000000000	        0.0000000000	        0.0146246874	        0.0034039771	        0.0016289814	        0.1000000000	        0.0010000000
        0.1879943127	        0.8741186671	        0.9050731096	       -0.3477333793	       26.4715237062	        0.4873315945	        0.0017913517	        0.0000000000	        0.0000000000	        0.0140182234	        0.0030042459	        0.0017450211	        0.1000000000	        0.0010000000
        0.2101985296	        0.9024117224	        0.8976582584	       -0.3307953580	       26.1453158444	        0.4759540212	        0.0020625105	        0.0000000000	        0.0000000000	        0.0133495849	        0.0026328462	        0.0018489757	        0.1000000000	        0.0010000000
        0.2346208557	        0.9293111797	        0.8896363567	       -0.3122981726	       25.7957585497	        0.4643017590	        0.0023510964	        0.0000000000	        0.0000000000	        0.0126361722	        0.0022925693	        0.0019388967	        0.1000000000	        0.0010000000
        0.2614037844	        0.9548740462	        0.8809782197	       -0.2932474361	       25.4224773280	        0.4524891588	        0.0026547219	        0.0000000000	        0.0000000000	        0.0118918794	        0.0019840498	        0.0020132534	        0.1000000000	        0.0010000000
        0.2906806794	        0.9791365926	        0.8716565017	       -0.2747580529	       25.0252926401	        0.4406248746	        0.0029710680	        0.0000000000	        0.0000000000	        0.0111279440	        0.0017065402	        0.0020710543	        0.1000000000	        0.0010000000
        0.3225708876	        1.0021092374	        0.8616467090	       -0.2580095309	       24.6042595487	        0.4288010608	        0.0032984177	        0.0000000000	        0.0000000000	        0.0103538774	        0.0014585123	        0.0021119812	        0.1000000000	        0.0010000000
        0.3571742551	        1.0237723132	        0.8509286706	       -0.2441822612	       24.1597197380	        0.4170828165	        0.0036363575	        0.0000000000	        0.0000000000	        0.0095784192	        0.0012381039	        0.0021365209	        0.1000000000	        0.0010000000
        0.3945651751	        1.0440732534	        0.8394887062	       -0.2343560028	       23.6923710174	        0.4054995616	        0.0039865970	        0.0000000000	        0.0000000000	        0.0088104672	        0.0010434314	        0.0021460736	        0.1000000000	        0.0010000000
        0.4347863703	        1.0629264576	        0.8273227323	       -0.2293431785	       23.2033570897	        0.3940411279	        0.0043537669	        0.0000000000	        0.0000000000	        0.0080598923	        0.0008727856	        0.0021429933	        0.1000000000	        0.0010000000
        0.4778426900	        1.0802178635	        0.8144404070	       -0.2294321327	       22.6943732382	        0.3826626617	        0.0047458969	        0.0000000000	        0.0000000000	        0.0073380757	        0.0007247178	        0.0021305040	        0.1000000000	        0.0010000000
        0.5236952751	        1.0958165954	        0.8008699691	       -0.2340481575	       22.1677688075	        0.3713032164	        0.0051740685	        0.0000000000	        0.0000000000	        0.0066579313	        0.0005980146	        0.0021124282	        0.1000000000	        0.0010000000
        0.5722565058	        1.1095950282	        0.7866625613	       -0.2414211790	       21.6266044158	        0.3599215041	        0.0056505330	        0.0000000000	        0.0000000000	        0.0060331719	        0.0004915706	        0.0020926999	        0.1000000000	        0.0010000000
        0.6233861842	        1.1214552756	        0.7718936866	       -0.2484612475	       21.0745985553	        0.3485465790	        0.0061846078	        0.0000000000	        0.0000000000	        0.0054767746	        0.0004041997	        0.0020747255	        0.1000000000	        0.0010000000
        0.6768894010	        1.1313549909	        0.7566588106	       -0.2510914735	       20.5158960883	        0.3373311027	        0.0067762374	        0.0000000000	        0.0000000000	        0.0049990131	        0.0003344647	        0.0020607815	        0.1000000000	        0.0010000000
        0.7325164896	        1.1393218008	        0.7410612449	       -0.2451372844	       19.9546367349	        0.3265851526	        0.0074084646	        0.0000000000	        0.0000000000	        0.0046058406	        0.0002806195	        0.0020517028	        0.1000000000	        0.0010000000
        0.7899653716	        1.1454481355	        0.7251938046	       -0.2275231714	       19.3943958153	        0.3167683624	        0.0080418868	        0.0000000000	        0.0000000000	        0.0042984296	        0.0002407104	        0.0020470120	        0.1000000000	        0.0010000000
        0.8488864424	        1.1498668939	        0.7091195975	       -0.1972500132	       18.8376617142	        0.3084326149	        0.0086152938	        0.0000000000	        0.0000000000	        0.0040741302	        0.0002127984	        0.0020454128	        0.1000000000	        0.0010000000
        0.9088899606	        1.1527171135	        0.6928586718	       -0.1557163399	       18.2855329963	        0.3021294083	        0.0090555471	        0.0000000000	        0.0000000000	        0.0039283876	        0.0001952089	        0.0020453954	        0.1000000000	        0.0010000000
        0.9695556872	        1.1541111707	        0.6763849535	       -0.1063463614	       17.7377420253	        0.2983103973	        0.0092957791	        0.0000000000	        0.0000000000	        0.0038568200	        0.0001867297	        0.0020457245	        0.1000000000	        0.0010000000
        1.0304443128	        1.1541111707	        0.6596339606	       -0.0538205073	       17.1929949376	        0.2972482205	        0.0092957791	        0.0000000000	        0.0000000000	        0.0038568200	        0.0001867297	        0.0020457245	        0.1000000000	        0.0010000000
        1.0911100394	        1.1527171135	        0.6425188712	       -0.0032245970	       16.6495291814	        0.2989930553	        0.0090555471	        0.0000000000	        0.0000000000	        0.0039283876	        0.0001952089	        0.0020453954	        0.1000000000	        0.0010000000
        1.1511135576	        1.1498668939	        0.6249514553	        0.0407535873	       16.1057534794	        0.3033693168	        0.0086152938	        0.0000000000	        0.0000000000	        0.0040741302	        0.0002127984	        0.0020454128	        0.1000000000	        0.0010000000
        1.2100346284	        1.1454481355	        0.6068641276	        0.0745905253	       15.5608323598	        0.3100113545	        0.0080418868	        0.0000000000	        0.0000000000	        0.0042984296	        0.0002407104	        0.0020470120	        0.1000000000	        0.0010000000
        1.2674835104	        1.1393218008	        0.5882289321	        0.0966169215	       15.0150885945	        0.3184333028	        0.0074084646	        0.0000000000	        0.0000000000	        0.0046058406	        0.0002806195	        0.0020517028	        0.1000000000	        0.0010000000
        1.3231105990	        1.1313549909	        0.5690688818	        0.1074284562	       14.4701271272	        0.3281211405	        0.0067762374	        0.0000000000	        0.0000000000	        0.0049990131	        0.0003344647	        0.0020607815	        0.1000000000	        0.0010000000
        1.3766138158	        1.1214552756	        0.5494581532	        0.1097544266	       13.9286510494	        0.3386253424	        0.0061846078	        0.0000000000	        0.0000000000	        0.0054767746	        0.0004041997	        0.0020747255	        0.1000000000	        0.0010000000
        1.4277434942	        1.1095950282	        0.5295110495	        0.1077216703	       13.3940378863	        0.3496282800	        0.0056505330	        0.0000000000	        0.0000000000	        0.0060331719	        0.0004915706	        0.0020926999	        0.1000000000	        0.0010000000
        1.4763047249	        1.0958165954	        0.5093640046	        0.1057939854	       12.8698253820	        0.3609688221	        0.0051740685	        0.0000000000	        0.0000000000	        0.0066579313	        0.0005980146	        0.0021124282	        0.1000000000	        0.0010000000
        1.5221573100	        1.0802178635	        0.4891571662	        0.1078384898	       12.3592665653	        0.3726243282	        0.0047458969	        0.0000000000	        0.0000000000	        0.0073380757	        0.0007247178	        0.0021305040	        0.1000000000	        0.0010000000
        1.5652136297	        1.0629264576	        0.4690207329	        0.1166199598	       11.8650506976	        0.3846657391	        0.0043537669	        0.0000000000	        0.0000000000	        0.0080598923	        0.0008727856	        0.0021429933	        0.1000000000	        0.0010000000
        1.6054348249	        1.0440732534	        0.4490677802	        0.1337285441	       11.3892004552	        0.3972058926	        0.0039865970	        0.0000000000	        0.0000000000	        0.0088104672	        0.0010434314	        0.0021460736	        0.1000000000	        0.0010000000
        1.6428257449	        1.0237723132	        0.4293924532	        0.1597591405	       10.9330985847	        0.4103555801	        0.0036363575	        0.0000000000	        0.0000000000	        0.0095784192	        0.0012381039	        0.0021365209	        0.1000000000	        0.0010000000
        1.6774291124	        1.0021092374	        0.4100713363	        0.1945519517	       10.4975832525	        0.4241932264	        0.0032984177	        0.0000000000	        0.0000000000	        0.0103538774	        0.0014585123	        0.0021119812	        0.1000000000	        0.0010000000
        1.7093193206	        0.9791365926	        0.3911660798	        0.2373860330	       10.0830642431	        0.4387478367	        0.0029710680	        0.0000000000	        0.0000000000	        0.0111279440	        0.0017065402	        0.0020710543	        0.1000000000	        0.0010000000
        1.7385962156	        0.9548740462	        0.3727260925	        0.2870973547	        9.6896319614	        0.4539922740	        0.0026547219	        0.0000000000	        0.0000000000	        0.0118918794	        0.0019840498	        0.0020132534	        0.1000000000	        0.0010000000
        1.7653791443	        0.9293111797	        0.3547907464	        0.3421356481	        9.3171470594	        0.4698437430	        0.0023510964	        0.0000000000	        0.0000000000	        0.0126361722	        0.0022925693	        0.0019388967	        0.1000000000	        0.0010000000
        1.7898014704	        0.9024117224	        0.3373909293	        0.4005859680	        8.9653080977	        0.4861690716	        0.0020625105	        0.0000000000	        0.0000000000	        0.0133495849	        0.0026328462	        0.0018489757	        0.1000000000	        0.0010000000
        1.8120056873	        0.8741186671	        0.3205499802	        0.4601765758	        8.6336993051	        0.5027931016	        0.0017913517	        0.0000000000	        0.0000000000	        0.0140182234	        0.0030042459	        0.0017450211	        0.1000000000	        0.0010000000
        1.8321391985	        0.8443602504	        0.3042841037	        0.5182851858	        8.3218222130	        0.5195089646	        0.0015397094	        0.0000000000	        0.0000000000	        0.0146246874	        0.0034039771	        0.0016289814	        0.1000000000	        0.0010000000
        1.8503507799	        0.8130571280	        0.2886023660	        0.5719453991	        8.0291151884	        0.5360892310	        0.0013091546	        0.0000000000	        0.0000000000	        0.0151473925	        0.0038261593	        0.0015031192	        0.1000000000	        0.0010000000
        1.8667877045	        0.7801312644	        0.2735063488	        0.6178468751	        7.7549646121	        0.5522970174	        0.0011006354	        0.0000000000	        0.0000000000	        0.0155602310	        0.0042608067	        0.0013699243	        0.1000000000	        0.0010000000
        1.8815934821	        0.7455171077	        0.2589895062	        0.6523149396	        7.4987110418	        0.5678962013	        0.0009144592	        0.0000000000	        0.0000000000	        0.0158328289	        0.0046929130	        0.0012320423	        0.1000000000	        0.0010000000
        1.8949061510	        0.7091754976	        0.2450362564	        0.6712557275	        7.2596534458	        0.5826600255	        0.0007503364	        0.0000000000	        0.0000000000	        0.0159317537	        0.0051019680	        0.0010922133	        0.1000000000	        0.0010000000
        1.9068570493	        0.6711103872	        0.2316208610	        0.6700487759	        7.0370541720	        0.5963775722	        0.0006074633	        0.0000000000	        0.0000000000	        0.0158230691	        0.0054623997	        0.0009532134	        0.1000000000	        0.0010000000
        1.9175699947	        0.6313877962	        0.2187062253	        0.6434062465	        6.8301472160	        0.6088579592	        0.0004846283	        0.0000000000	        0.0000000000	        0.0154765463	        0.0057455208	        0.0008177894	        0.1000000000	        0.0010000000
        1.9271607996	        0.5901554304	        0.2062429435	        0.5851945509	        6.6381508341	        0.6199324779	        0.0003803282	        0.0000000000	        0.0000000000	        0.0148715173	        0.0059234241	        0.0006885783	        0.1000000000	        0.0010000000
        1.9357370589	        0.5476602211	        0.1941691424	        0.4883967179	        6.4602861493	        0.6294555937	        0.0002928844	        0.0000000000	        0.0000000000	        0.0140037210	        0.0059747679	        0.0005680037	        0.1000000000	        0.0010000000
        1.9433981504	        0.5042599660	        0.1824120829	        0.3451197378	        6.2957976729	        0.6373057702	        0.0002205525	        0.0000000000	        0.0000000000	        0.0128916330	        0.0058914979	        0.0004581493	        0.1000000000	        0.0010000000
        1.9502353978	        0.4604247857	        0.1708925017	        0.1473142741	        6.1439787846	        0.6433881184	        0.0001616170	        0.0000000000	        0.0000000000	        0.0115799958	        0.0056845524	        0.0003606221	        0.1000000000	        0.0010000000
        1.9563323538	        0.4167247106	        0.1595329096	       -0.1125863988	        6.0041864543	        0.6476392709	        0.0001144691	        0.0000000000	        0.0000000000	        0.0101381628	        0.0053861372	        0.0002764291	        0.1000000000	        0.0010000000
        1.9617651675	        0.3738013282	        0.1482695503	       -0.4400331372	        5.8758545507	        0.6500348305	        0.0000776561	        0.0000000000	        0.0000000000	        0.0086519561	        0.0050468661	        0.0002059019	        0.1000000000	        0.0010000000
        1.9666030060	        0.3324791485	        0.1371116903	       -0.8297710251	        5.7585408061	        0.6506128518	        0.0000530768	        0.0000000000	        0.0000000000	        0.0072166123	        0.0047302826	        0.0001489270	        0.1000000000	        0.0010000000
        1.9709085097	        0.2936606378	        0.1261536146	       -1.2672456518	        5.6518546375	        0.6494977189	        0.0000383539	        0.0000000000	        0.0000000000	        0.0059067132	        0.0044840436	        0.0001047778	        0.1000000000	        0.0010000000
        1.9747382607	        0.2577776335	        0.1154362989	       -1.7441632106	        5.5553025034	        0.6468781866	        0.0000267508	        0.0000000000	        0.0000000000	        0.0047519231	        0.0043206709	        0.0000717361	        0.1000000000	        0.0010000000
        1.9781432525	        0.2248676954	        0.1049474987	       -2.2580123900	        5.4683026339	        0.6429621162	        0.0000179561	        0.0000000000	        0.0000000000	        0.0037601578	        0.0042437676	        0.0000477213	        0.1000000000	        0.0010000000
        1.9811693494	        0.1949066401	        0.0947095667	       -2.8025857742	        5.3902635819	        0.6379598126	        0.0000115810	        0.0000000000	        0.0000000000	        0.0029283937	        0.0042491332	        0.0000307978	        0.1000000000	        0.0010000000
        1.9838577298	        0.1678078483	        0.0847649761	       -3.3685643673	        5.3205859961	        0.6320846926	        0.0000071722	        0.0000000000	        0.0000000000	        0.0022452483	        0.0043271634	        0.0000192478	        0.1000000000	        0.0010000000
        1.9862453073	        0.1434299499	        0.0751638059	       -3.9460622243	        5.2586544804	        0.6255483171	        0.0000042630	        0.0000000000	        0.0000000000	        0.0016942377	        0.0044654091	        0.0000116219	        0.1000000000	        0.0010000000
        1.9883651267	        0.1215915230	        0.0659545470	       -4.5255248050	        5.2038430287	        0.6185523683	        0.0000024288	        0.0000000000	        0.0000000000	        0.0012568082	        0.0046506894	        0.0000067573	        0.1000000000	        0.0010000000
        1.9902467340	        0.1020882757	        0.0571786748	       -5.0984921101	        5.1555235444	        0.6112817206	        0.0000013226	        0.0000000000	        0.0000000000	        0.0009145715	        0.0048705010	        0.0000037655	        0.1000000000	        0.0010000000
        1.9919165179	        0.0847083992	        0.0488681829	       -5.6578567184	        5.1130772312	        0.6038994923	        0.0000006847	        0.0000000000	        0.0000000000	        0.0006506300	        0.0051137671	        0.0000019975	        0.1000000000	        0.0010000000
        1.9933980257	        0.0692439015	        0.0410449940	       -6.1979211838	        5.0759055581	        0.5965444649	        0.0000003341	        0.0000000000	        0.0000000000	        0.0004501740	        0.0053711114	        0.0000009988	        0.1000000000	        0.0010000000
        1.9947122508	        0.0554977220	        0.0337213770	       -6.7143258387	        5.0434395197	        0.5893305106	        0.0000001515	        0.0000000000	        0.0000000000	        0.0003006089	        0.0056348526	        0.0000004640	        0.1000000000	        0.0010000000
        1.9958778967	        0.0432874666	        0.0269008510	       -7.2039239443	        5.0151465181	        0.5823475247	        0.0000000625	        0.0000000000	        0.0000000000	        0.0001914337	        0.0058988629	        0.0000001958	        0.1000000000	        0.0010000000
        1.9969116151	        0.0324468322	        0.0205793014	       -7.6646336005	        4.9905347915	        0.5756633532	        0.0000000226	        0.0000000000	        0.0000000000	        0.0001140089	        0.0061583755	        0.0000000723	        0.1000000000	        0.0010000000
        1.9978282231	        0.0228256218	        0.0147461750	       -8.0952847884	        4.9691557111	        0.5693262843	        0.0000000067	        0.0000000000	        0.0000000000	        0.0000612969	        0.0064097866	        0.0000000219	        0.1000000000	        0.0010000000
        1.9986408981	        0.0142889910	        0.0093856766	       -8.4954661268	        4.9506040600	        0.5633678131	        0.0000000014	        0.0000000000	        0.0000000000	        0.0000276111	        0.0066504682	        0.0000000048	        0.1000000000	        0.0010000000
        1.9993613540	        0.0067163277	        0.0044779204	       -8.8653872848	        4.9345175432	        0.5578053476	        0.0000000002	        0.0000000000	        0.0000000000	        0.0000083898	        0.0068786014	        0.0000000005	        0.1000000000	        0.0010000000
        2.0000000000	        0.0000000000	        0.0000000000	       -9.2057320505	        4.9205729275	        0.5526450556	        0.0000000000	        0.0000000000	        0.0000000000	        0.0000000000	        0.0070930286	        0.0000000000	        0.0000000000	        0.0010000000
