        0.0000000000	        0.0000000000	        1.0000000000	       -0.0000054336	        0.0000000000	        0.0000000000	        0.0000000000	        0.0000000000	        0.0065901125	        0.0000000000	        0.1000000000	        0.0010000000	        0.6000000000	        0.0009406373	        0.0007130958
        0.0014313701	        0.0134951731	        0.9950026328	       -0.0012075060	        0.0000000012	        0.0000001902	        0.0000003955	        0.0000303794	        0.0062268550	        0.0000000059	        0.1000000000	        0.0010000000	        0.6012017704	        0.0009223310	        0.0007015381
        0.0030125084	        0.0283788077	        0.9895974304	       -0.0024956601	        0.0000000111	        0.0000007646	        0.0000015592	        0.0000971901	        0.0058675213	        0.0000000508	        0.1000000000	        0.0010000000	        0.6025070486	        0.0009025593	        0.0006876818
        0.0047588098	        0.0447871534	        0.9837587860	       -0.0038843936	        0.0000000492	        0.0000019410	        0.0000038773	        0.0002091415	        0.0055174656	        0.0000002180	        0.1000000000	        0.0010000000	        0.6039233795	        0.0008820516	        0.0006714887
        0.0066871908	        0.0628664687	        0.9774622425	       -0.0053925658	        0.0000001554	        0.0000039966	        0.0000078080	        0.0003763868	        0.0051829469	        0.0000006669	        0.1000000000	        0.0010000000	        0.6054582686	        0.0008604626	        0.0006534219
        0.0088162262	        0.0827710618	        0.9706874958	       -0.0070295498	        0.0000004006	        0.0000072922	        0.0000139001	        0.0006106420	        0.0048712161	        0.0000016647	        0.1000000000	        0.0010000000	        0.6071184650	        0.0008372483	        0.0006357212
        0.0111662954	        0.1046592367	        0.9634216021	       -0.0087721719	        0.0000008992	        0.0000123012	        0.0000228028	        0.0009252069	        0.0045905624	        0.0000036219	        0.1000000000	        0.0010000000	        0.6089091687	        0.0008118141	        0.0006189392
        0.0137597373	        0.1286863002	        0.9556616623	       -0.0105994645	        0.0000018205	        0.0000196451	        0.0000352603	        0.0013347682	        0.0043502537	        0.0000071275	        0.1000000000	        0.0010000000	        0.6108333339	        0.0007835683	        0.0006017489
        0.0166210148	        0.1549940744	        0.9474186076	       -0.0124855119	        0.0000033956	        0.0000301334	        0.0000520746	        0.0018548100	        0.0041602724	        0.0000129787	        0.1000000000	        0.0010000000	        0.6128906577	        0.0007519057	        0.0005839856
        0.0197768871	        0.1836973387	        0.9387217066	       -0.0143825978	        0.0000059102	        0.0000447954	        0.0000740094	        0.0025004316	        0.0040307151	        0.0000221958	        0.1000000000	        0.0010000000	        0.6150763312	        0.0007162974	        0.0005661327
        0.0232565889	        0.2148693709	        0.9296220243	       -0.0162163898	        0.0000096798	        0.0000648740	        0.0001016031	        0.0032844496	        0.0039707404	        0.0000360139	        0.1000000000	        0.0010000000	        0.6173799813	        0.0006764764	        0.0005475738
        0.0270920169	        0.2485305655	        0.9201929292	       -0.0179132571	        0.0000150086	        0.0000917295	        0.0001348949	        0.0042149195	        0.0039870644	        0.0000558453	        0.1000000000	        0.0010000000	        0.6197852997	        0.0006327234	        0.0005277261
        0.0313179184	        0.2846442636	        0.9105234605	       -0.0193856995	        0.0000221470	        0.0001266177	        0.0001731630	        0.0052925783	        0.0040822107	        0.0000832174	        0.1000000000	        0.0010000000	        0.6222714794	        0.0005860700	        0.0005065255
        0.0359720830	        0.3231211782	        0.9007054949	       -0.0205581929	        0.0000312726	        0.0001703927	        0.0002148870	        0.0065089679	        0.0042529470	        0.0001196947	        0.1000000000	        0.0010000000	        0.6248163314	        0.0005382396	        0.0004833653
        0.0410955314	        0.3638294167	        0.8908170645	       -0.0213947940	        0.0000425044	        0.0002232733	        0.0002580970	        0.0078458664	        0.0044894184	        0.0001668008	        0.1000000000	        0.0010000000	        0.6274005746	        0.0004913262	        0.0004579308
        0.0467326989	        0.4062784141	        0.8809077199	       -0.0219038441	        0.0000606591	        0.0002849034	        0.0003010159	        0.0092670785	        0.0047755470	        0.0002255301	        0.1000000000	        0.0010000000	        0.6300118175	        0.0004472103	        0.0004304054
        0.0529316067	        0.4495986482	        0.8709953839	       -0.0221396364	        0.0000869205	        0.0003548276	        0.0003426345	        0.0106991565	        0.0050687354	        0.0002958618	        0.1000000000	        0.0010000000	        0.6326456855	        0.0004070257	        0.0004008968
        0.0597440162	        0.4930728505	        0.8610752492	       -0.0222024777	        0.0001195493	        0.0004330652	        0.0003828230	        0.0120580039	        0.0053184773	        0.0003772721	        0.1000000000	        0.0010000000	        0.6353037670	        0.0003710497	        0.0003700875
        0.0672255573	        0.5361900923	        0.8511329729	       -0.0221911454	        0.0001592014	        0.0005204347	        0.0004220189	        0.0132739295	        0.0054877917	        0.0004689302	        0.1000000000	        0.0010000000	        0.6379902869	        0.0003389380	        0.0003385548
        0.0754358219	        0.5785173322	        0.8411567817	       -0.0222250021	        0.0002065758	        0.0006185721	        0.0004608162	        0.0142938649	        0.0055547559	        0.0005695230	        0.1000000000	        0.0010000000	        0.6407089058	        0.0003100597	        0.0003067975
        0.0844384110	        0.6197107693	        0.8311446031	       -0.0224014512	        0.0002623832	        0.0007297199	        0.0004996670	        0.0150854896	        0.0055129363	        0.0006773526	        0.1000000000	        0.0010000000	        0.6434607265	        0.0002837730	        0.0002757499
        0.0943009237	        0.6595172839	        0.8211061852	       -0.0227918927	        0.0003273087	        0.0008561466	        0.0005387564	        0.0156370157	        0.0053689934	        0.0007904559	        0.1000000000	        0.0010000000	        0.6462435926	        0.0002596670	        0.0002461672
        0.1050948725	        0.6977680818	        0.8110541797	       -0.0234459281	        0.0004019725	        0.0009996562	        0.0005780135	        0.0159538168	        0.0051385956	        0.0009067184	        0.1000000000	        0.0010000000	        0.6490544502	        0.0002375609	        0.0002187694
        0.1168955085	        0.7343671449	        0.8010006036	       -0.0243822771	        0.0004868907	        0.0011620845	        0.0006171803	        0.0160535939	        0.0048420233	        0.0010239739	        0.1000000000	        0.0010000000	        0.6518903114	        0.0002172544	        0.0001937680
        0.1297815392	        0.7692771131	        0.7909636698	       -0.0256178198	        0.0005824376	        0.0013448641	        0.0006559157	        0.0159614861	        0.0045004680	        0.0011400870	        0.1000000000	        0.0010000000	        0.6547463060	        0.0001986394	        0.0001713963
        0.1438347190	        0.8025046584	        0.7809542912	       -0.0271315976	        0.0006888172	        0.0015480498	        0.0006938885	        0.0157057798	        0.0041333966	        0.0012530090	        0.1000000000	        0.0010000000	        0.6576194910	        0.0001817602	        0.0001518149
        0.1591392914	        0.8340867498	        0.7709727798	       -0.0289113565	        0.0008060450	        0.0017717665	        0.0007308067	        0.0153147947	        0.0037571178	        0.0013608206	        0.1000000000	        0.0010000000	        0.6605098984	        0.0001665273	        0.0001350297
        0.1757812632	        0.8640786469	        0.7610224308	       -0.0309015820	        0.0009339431	        0.0020158512	        0.0007664439	        0.0148150043	        0.0033843247	        0.0014617787	        0.1000000000	        0.0010000000	        0.6634166825	        0.0001528285	        0.0001208081
        0.1938474899	        0.8925438334	        0.7510978919	       -0.0330755089	        0.0010721626	        0.0022784496	        0.0008006612	        0.0142299234	        0.0030241926	        0.0015543471	        0.1000000000	        0.0010000000	        0.6663415240	        0.0001406310	        0.0001088718
        0.2134245548	        0.9195457865	        0.7411857533	       -0.0353813786	        0.0012202337	        0.0025581244	        0.0008333772	        0.0135797805	        0.0026828572	        0.0016372377	        0.1000000000	        0.0010000000	        0.6692885665	        0.0001298002	        0.0000990320
        0.2345974273	        0.9451413830	        0.7312764164	       -0.0377740410	        0.0013776518	        0.0028535564	        0.0008645558	        0.0128817278	        0.0023640446	        0.0017094660	        0.1000000000	        0.0010000000	        0.6722609485	        0.0001201814	        0.0000909350
        0.2574478906	        0.9693756106	        0.7213572670	       -0.0402066910	        0.0015440148	        0.0031632663	        0.0008942045	        0.0121502223	        0.0020696653	        0.0017704017	        0.1000000000	        0.0010000000	        0.6752628325	        0.0001116341	        0.0000843191
        0.2820527391	        0.9922773456	        0.7114205812	       -0.0426324277	        0.0017192103	        0.0034867205	        0.0009223579	        0.0113976560	        0.0018003688	        0.0018198363	        0.1000000000	        0.0010000000	        0.6782970244	        0.0001039995	        0.0000790336
        0.3084817527	        1.0138561214	        0.7014626912	       -0.0449825468	        0.0019036632	        0.0038248928	        0.0009490772	        0.0106350054	        0.0015559887	        0.0018580450	        0.1000000000	        0.0010000000	        0.6813651696	        0.0000971116	        0.0000749507
        0.3367954708	        1.0341000538	        0.6914917065	       -0.0471802116	        0.0020986279	        0.0041812654	        0.0009744532	        0.0098725265	        0.0013358970	        0.0018858451	        0.1000000000	        0.0010000000	        0.6844652871	        0.0000907968	        0.0000718471
        0.3670428018	        1.0529754013	        0.6815281632	       -0.0491429794	        0.0023065034	        0.0045585535	        0.0009986230	        0.0091203446	        0.0011392500	        0.0019046219	        0.1000000000	        0.0010000000	        0.6875913982	        0.0000849597	        0.0000695452
        0.3992585207	        1.0704285443	        0.6715939180	       -0.0507903118	        0.0025311111	        0.0049583908	        0.0010217461	        0.0083888517	        0.0009651358	        0.0019162925	        0.1000000000	        0.0010000000	        0.6907368765	        0.0000795533	        0.0000677794
        0.4334607283	        1.0863914344	        0.6617149332	       -0.0520753409	        0.0027778042	        0.0053879279	        0.0010439372	        0.0076889121	        0.0008126490	        0.0019231990	        0.1000000000	        0.0010000000	        0.6938935273	        0.0000744609	        0.0000663673
        0.4696483595	        1.1007913672	        0.6519380092	       -0.0529268401	        0.0030532240	        0.0058559730	        0.0010652506	        0.0070317286	        0.0006808868	        0.0019279123	        0.1000000000	        0.0010000000	        0.6970461015	        0.0000695921	        0.0000652947
        0.5077988477	        1.1135648041	        0.6423119311	       -0.0532734910	        0.0033645093	        0.0063765828	        0.0010856892	        0.0064281287	        0.0005688604	        0.0019329099	        0.1000000000	        0.0010000000	        0.7001781478	        0.0000648452	        0.0000647217
        0.5478660655	        1.1246731718	        0.6329131175	       -0.0529630728	        0.0037177106	        0.0069598448	        0.0011052443	        0.0058876306	        0.0004754044	        0.0019402491	        0.1000000000	        0.0010000000	        0.7032635262	        0.0000602156	        0.0000647055
        0.5897786695	        1.1341164115	        0.6237938273	       -0.0518927341	        0.0041154807	        0.0076095221	        0.0011239452	        0.0054171792	        0.0003990821	        0.0019512281	        0.1000000000	        0.0010000000	        0.7062832469	        0.0000557670	        0.0000651773
        0.6334389769	        1.1419394238	        0.6150098204	       -0.0499420155	        0.0045542456	        0.0083229955	        0.0011418590	        0.0050204437	        0.0003381995	        0.0019662815	        0.1000000000	        0.0010000000	        0.7092165651	        0.0000515849	        0.0000660797
        0.6787224963	        1.1482283105	        0.6065793385	       -0.0470556545	        0.0050217526	        0.0090867966	        0.0011591332	        0.0046975834	        0.0002908860	        0.0019850319	        0.1000000000	        0.0010000000	        0.7120548334	        0.0000477725	        0.0000673259
        0.7254782147	        1.1530971850	        0.5985114892	       -0.0431892162	        0.0054959485	        0.0098657226	        0.0011759943	        0.0044459276	        0.0002552577	        0.0020065806	        0.1000000000	        0.0010000000	        0.7147923696	        0.0000444698	        0.0000687497
        0.7735297135	        1.1566697920	        0.5907586374	       -0.0384177597	        0.0059463519	        0.0105928815	        0.0011927410	        0.0042609835	        0.0002295731	        0.0020297927	        0.1000000000	        0.0010000000	        0.7174429287	        0.0000418517	        0.0000701139
        0.8226771500	        1.1590612765	        0.5832456733	       -0.0328803133	        0.0063381247	        0.0112067584	        0.0012096507	        0.0041377418	        0.0002123701	        0.0020536070	        0.1000000000	        0.0010000000	        0.7200302966	        0.0000399759	        0.0000712502
        0.8727000940	        1.1603639628	        0.5758805752	       -0.0267782143	        0.0066382921	        0.0116173832	        0.0012269631	        0.0040717292	        0.0002025434	        0.0020772267	        0.1000000000	        0.0010000000	        0.7225849203	        0.0000389765	        0.0000718027
        0.9233611572	        1.1606386253	        0.5685175849	       -0.0204762640	        0.0068225211	        0.0117894799	        0.0012448039	        0.0040596063	        0.0001993639	        0.0021001618	        0.1000000000	        0.0010000000	        0.7251569970	        0.0000388278	        0.0000716684
        0.9744103051	        1.1599110961	        0.5610587553	       -0.0142419064	        0.0068800548	        0.0117557950	        0.0012631243	        0.0040996509	        0.0002024851	        0.0021223376	        0.1000000000	        0.0010000000	        0.7277812902	        0.0000393697	        0.0000712356
        1.0255896949	        1.1581733824	        0.5534121344	       -0.0082498900	        0.0068155973	        0.0115514276	        0.0012818102	        0.0041916203	        0.0002119071	        0.0021440242	        0.1000000000	        0.0010000000	        0.7304914463	        0.0000405081	        0.0000706157
        1.0766388428	        1.1553886790	        0.5455165219	       -0.0026901602	        0.0066473268	        0.0112218305	        0.0013006880	        0.0043364599	        0.0002279384	        0.0021657990	        0.1000000000	        0.0010000000	        0.7333111143	        0.0000421493	        0.0000697718
        1.1272999060	        1.1514998997	        0.5373224161	        0.0022945097	        0.0064020561	        0.0107898900	        0.0013195531	        0.0045356814	        0.0002511364	        0.0021884293	        0.1000000000	        0.0010000000	        0.7362604898	        0.0000442942	        0.0000686088
        1.1773228500	        1.1464412152	        0.5287790275	        0.0064975908	        0.0061091952	        0.0103052044	        0.0013381102	        0.0047905715	        0.0002822320	        0.0022127057	        0.1000000000	        0.0010000000	        0.7393609554	        0.0000468325	        0.0000671596
        1.2264702865	        1.1401513139	        0.5198924749	        0.0098597745	        0.0057952611	        0.0098060902	        0.0013559690	        0.0051015134	        0.0003220510	        0.0022393033	        0.1000000000	        0.0010000000	        0.7426137870	        0.0000496546	        0.0000656889
        1.2745217853	        1.1325861230	        0.5106670355	        0.0123462513	        0.0054804830	        0.0093224230	        0.0013727223	        0.0054671852	        0.0003714123	        0.0022684937	        0.1000000000	        0.0010000000	        0.7460210833	        0.0000526346	        0.0000643455
        1.3212775037	        1.1237282204	        0.5011670325	        0.0140260574	        0.0051774819	        0.0088698056	        0.0013879741	        0.0058843792	        0.0004310674	        0.0023000250	        0.1000000000	        0.0010000000	        0.7495626180	        0.0000556709	        0.0000634529
        1.3665610231	        1.1135906898	        0.4914409763	        0.0150337998	        0.0048920048	        0.0084439756	        0.0014014590	        0.0063479093	        0.0005016438	        0.0023329482	        0.1000000000	        0.0010000000	        0.7532234286	        0.0000587595	        0.0000631223
        1.4102213305	        1.1022148850	        0.4815582884	        0.0154819612	        0.0046245726	        0.0080401858	        0.0014129987	        0.0068512070	        0.0005836635	        0.0023657017	        0.1000000000	        0.0010000000	        0.7569800034	        0.0000619099	        0.0000633952
        1.4521339345	        1.0896633481	        0.4715655973	        0.0155106447	        0.0043725438	        0.0076434928	        0.0014225208	        0.0073869077	        0.0006775778	        0.0023962269	        0.1000000000	        0.0010000000	        0.7608166840	        0.0000652312	        0.0000640896
        1.4922011523	        1.0760103836	        0.4614977480	        0.0151308734	        0.0041318781	        0.0072492966	        0.0014299558	        0.0079475974	        0.0007838392	        0.0024222138	        0.1000000000	        0.0010000000	        0.7647217548	        0.0000687847	        0.0000650165
        1.5303516405	        1.0613326606	        0.4513848828	        0.0144050958	        0.0038984323	        0.0068600092	        0.0014352106	        0.0085263977	        0.0009029778	        0.0024413525	        0.1000000000	        0.0010000000	        0.7686848521	        0.0000725791	        0.0000663514
        1.5665392717	        1.0457014738	        0.4412619503	        0.0133945450	        0.0036687466	        0.0064686386	        0.0014382215	        0.0091173341	        0.0010356677	        0.0024515484	        0.1000000000	        0.0010000000	        0.7726932472	        0.0000767316	        0.0000680433
        1.6007414793	        1.0291773811	        0.4311295618	        0.0121115848	        0.0034404566	        0.0060706604	        0.0014389448	        0.0097152444	        0.0011827318	        0.0024510157	        0.1000000000	        0.0010000000	        0.7767474693	        0.0000813761	        0.0000699734
        1.6329571982	        1.0118070817	        0.4209947373	        0.0105546210	        0.0032123245	        0.0056702108	        0.0014372885	        0.0103158516	        0.0013451768	        0.0024384055	        0.1000000000	        0.0010000000	        0.7808454499	        0.0000865662	        0.0000725973
        1.6632045292	        0.9936219717	        0.4108555168	        0.0088400283	        0.0029841478	        0.0052686109	        0.0014331750	        0.0109154795	        0.0015241656	        0.0024128125	        0.1000000000	        0.0010000000	        0.7849887063	        0.0000924078	        0.0000759672
        1.6915182473	        0.9746378998	        0.4007065227	        0.0069450917	        0.0027565545	        0.0048670031	        0.0014265427	        0.0115107969	        0.0017209831	        0.0023737715	        0.1000000000	        0.0010000000	        0.7891802243	        0.0000990412	        0.0000801406
        1.7179472609	        0.9548556308	        0.3905306649	        0.0049613274	        0.0025307787	        0.0044666203	        0.0014173414	        0.0120984521	        0.0019369620	        0.0023212144	        0.1000000000	        0.0010000000	        0.7934280188	        0.0001066490	        0.0000855184
        1.7425521094	        0.9342616864	        0.3803051139	        0.0029029215	        0.0023084294	        0.0040713624	        0.0014054984	        0.0126747714	        0.0021733956	        0.0022554315	        0.1000000000	        0.0010000000	        0.7977428711	        0.0001153975	        0.0000917720
        1.7654025727	        0.9128293264	        0.3700054569	        0.0007591659	        0.0020912883	        0.0036852793	        0.0013909188	        0.0132354479	        0.0024314176	        0.0021770267	        0.1000000000	        0.0010000000	        0.8021366967	        0.0001254734	        0.0000997355
        1.7865754452	        0.8905195930	        0.3596035155	       -0.0013435218	        0.0018811482	        0.0033110613	        0.0013734929	        0.0137751827	        0.0027118290	        0.0020868650	        0.1000000000	        0.0010000000	        0.8066235558	        0.0001371378	        0.0001093952
        1.8061525101	        0.8672824367	        0.3490634768	       -0.0034773268	        0.0016796890	        0.0029527256	        0.0013530770	        0.0142872970	        0.0030148606	        0.0019860214	        0.1000000000	        0.0010000000	        0.8112214744	        0.0001506360	        0.0001210751
        1.8242187368	        0.8430579474	        0.3383555929	       -0.0055132297	        0.0014883817	        0.0026139171	        0.0013294965	        0.0147634674	        0.0033399066	        0.0018757539	        0.1000000000	        0.0010000000	        0.8159466024	        0.0001662273	        0.0001358224
        1.8408607086	        0.8177778075	        0.3274461079	       -0.0074313952	        0.0013084370	        0.0022965450	        0.0013025763	        0.0151932893	        0.0036851290	        0.0017574555	        0.1000000000	        0.0010000000	        0.8208176392	        0.0001842681	        0.0001542900
        1.8561652810	        0.7913671805	        0.3163003081	       -0.0091013470	        0.0011407735	        0.0020027503	        0.0012721350	        0.0155639582	        0.0040470058	        0.0016326268	        0.1000000000	        0.0010000000	        0.8258546196	        0.0002051028	        0.0001765959
        1.8702184608	        0.7637472062	        0.3048878874	       -0.0105667259	        0.0009860083	        0.0017336822	        0.0012380048	        0.0158600444	        0.0044198211	        0.0015028552	        0.1000000000	        0.0010000000	        0.8310765508	        0.0002291292	        0.0002047731
        1.8831044915	        0.7348383875	        0.2931770125	       -0.0115593281	        0.0008444674	        0.0014898534	        0.0012000534	        0.0160633192	        0.0047950910	        0.0013697890	        0.1000000000	        0.0010000000	        0.8365041429	        0.0002567779	        0.0002396467
        1.8949051275	        0.7045651763	        0.2811424530	       -0.0121509303	        0.0007162050	        0.0012716645	        0.0011581971	        0.0161529598	        0.0051610942	        0.0012351274	        0.1000000000	        0.0010000000	        0.8421561103	        0.0002883939	        0.0002798094
        1.9056990763	        0.6728620388	        0.2687692618	       -0.0122858638	        0.0006010334	        0.0010785548	        0.0011124415	        0.0161061366	        0.0055026015	        0.0011006077	        0.1000000000	        0.0010000000	        0.8480473018	        0.0003243274	        0.0003269278
        1.9155615890	        0.6396813337	        0.2560492604	       -0.0119497339	        0.0004985598	        0.0009094533	        0.0010629041	        0.0158991441	        0.0058010040	        0.0009679867	        0.1000000000	        0.0010000000	        0.8541901607	        0.0003648613	        0.0003831506
        1.9245641781	        0.6050031998	        0.2429891993	       -0.0109935946	        0.0004082245	        0.0007629778	        0.0010098053	        0.0155094492	        0.0060352103	        0.0008390268	        0.1000000000	        0.0010000000	        0.8605905307	        0.0004101077	        0.0004496555
        1.9327744427	        0.5688474391	        0.2296111799	       -0.0094002373	        0.0003293430	        0.0006371562	        0.0009534372	        0.0149186307	        0.0061835323	        0.0007154688	        0.1000000000	        0.0010000000	        0.8672469382	        0.0004601211	        0.0005208771
        1.9402559838	        0.5312871108	        0.2159491336	       -0.0074231291	        0.0002611477	        0.0005295987	        0.0008940616	        0.0141162386	        0.0062267692	        0.0005989912	        0.1000000000	        0.0010000000	        0.8741517861	        0.0005149943	        0.0005954835
        1.9470683933	        0.4924630429	        0.2020433684	       -0.0050916265	        0.0002028285	        0.0004377551	        0.0008317442	        0.0131042804	        0.0061524266	        0.0004911553	        0.1000000000	        0.0010000000	        0.8812936426	        0.0005749190	        0.0006830813
        1.9532673011	        0.4525978234	        0.1879360029	       -0.0021528848	        0.0001535718	        0.0003590716	        0.0007661940	        0.0119015894	        0.0059595404	        0.0003933339	        0.1000000000	        0.0010000000	        0.8886592842	        0.0006403113	        0.0007705421
        1.9589044686	        0.4120071439	        0.1736628787	        0.0006805867	        0.0001125977	        0.0002912597	        0.0006967492	        0.0105467429	        0.0056629645	        0.0003066261	        0.1000000000	        0.0010000000	        0.8962378380	        0.0007117731	        0.0008413608
        1.9640279170	        0.3711056494	        0.1592554159	        0.0030687973	        0.0000791927	        0.0002325840	        0.0006226797	        0.0090979647	        0.0052956649	        0.0002317719	        0.1000000000	        0.0010000000	        0.9040199511	        0.0007897245	        0.0009178760
        1.9686820816	        0.3304034086	        0.1447489469	        0.0053725592	        0.0000527306	        0.0001819802	        0.0005438748	        0.0076284436	        0.0049075988	        0.0001690758	        0.1000000000	        0.0010000000	        0.9119932880	        0.0008738802	        0.0009990664
        1.9729079831	        0.2907146477	        0.1301979929	        0.0072313708	        0.0000363198	        0.0001390042	        0.0004616854	        0.0062257161	        0.0045638844	        0.0001186661	        0.1000000000	        0.0010000000	        0.9201336320	        0.0009625784	        0.0010648942
        1.9767434111	        0.2528836008	        0.1156938094	        0.0084609324	        0.0000253172	        0.0001035000	        0.0003792734	        0.0049510178	        0.0043034532	        0.0000799651	        0.1000000000	        0.0010000000	        0.9283937286	        0.0010525638	        0.0011195732
        1.9802231129	        0.2172668937	        0.1013681317	        0.0090667689	        0.0000166840	        0.0000751436	        0.0003008234	        0.0038312597	        0.0041406327	        0.0000514605	        0.1000000000	        0.0010000000	        0.9366990452	        0.0011396944	        0.0011661523
        1.9833789852	        0.1839950207	        0.0873778252	        0.0091182842	        0.0000102879	        0.0000532194	        0.0002301040	        0.0028772742	        0.0040812917	        0.0000313663	        0.1000000000	        0.0010000000	        0.9449546140	        0.0012201461	        0.0011952964
        1.9862402627	        0.1531495527	        0.0738790193	        0.0085069199	        0.0000058705	        0.0000367149	        0.0001694464	        0.0020889950	        0.0041231412	        0.0000179132	        0.1000000000	        0.0010000000	        0.9530592768	        0.0012913344	        0.0012062376
        1.9888337046	        0.1247479361	        0.0610046081	        0.0073803328	        0.0000030572	        0.0000245444	        0.0001195903	        0.0014570951	        0.0042577073	        0.0000094409	        0.1000000000	        0.0010000000	        0.9609196489	        0.0013521533	        0.0012281538
        1.9911837738	        0.0987408533	        0.0488520717	        0.0062118193	        0.0000014234	        0.0000157289	        0.0000801270	        0.0009660771	        0.0044729451	        0.0000044879	        0.1000000000	        0.0010000000	        0.9684591753	        0.0014027059	        0.0012626404
        1.9933128092	        0.0750231837	        0.0374812534	        0.0050314360	        0.0000005724	        0.0000094752	        0.0000500510	        0.0005975994	        0.0047556150	        0.0000018538	        0.1000000000	        0.0010000000	        0.9756216518	        0.0014438148	        0.0012823994
        1.9952411902	        0.0534524960	        0.0269190776	        0.0037597582	        0.0000001864	        0.0000051756	        0.0000281539	        0.0003330696	        0.0050929026	        0.0000006227	        0.1000000000	        0.0010000000	        0.9823703312	        0.0014766197	        0.0012919970
        1.9969874916	        0.0338677178	        0.0171660495	        0.0024914129	        0.0000000430	        0.0000023757	        0.0000132328	        0.0001551831	        0.0054732283	        0.0000001484	        0.1000000000	        0.0010000000	        0.9886854511	        0.0015023241	        0.0013025600
        1.9985686299	        0.0161036052	        0.0082035192	        0.0012711498	        0.0000000049	        0.0000007361	        0.0000041783	        0.0000485871	        0.0058864756	        0.0000000174	        0.1000000000	        0.0010000000	        0.9945607346	        0.0015220066	        0.0013121235
        2.0000000000	        0.0000000000	        0.0000000000	        0.0001242335	        0.0000000000	        0.0000000000	        0.0000000000	        0.0000000000	        0.0063239062	        0.0000000000	        0.1000000000	        0.0010000000	        1.0000000000	        0.0015351647	        0.0013278617
