        0.0000000000	        0.0000000000	        1.0000000000	        0.0001281873	        0.0000000000	        0.0000000000	        0.0000000000	        0.0000000000	        0.0065515282	        0.0000000000	        0.1000000000	        0.0010000000	        0.6000000000	        0.0012290900	        0.0008254001
        0.0014313701	        0.0134427974	        0.9935588763	       -0.0020058748	        0.0000000012	        0.0000001402	        0.0000003704	        0.0000302015	        0.0061854489	        0.0000000058	        0.1000000000	        0.0010000000	        0.6015498628	        0.0011716219	        0.0007854946
        0.0030125084	        0.0282687763	        0.9867857871	       -0.0042267740	        0.0000000111	        0.0000005796	        0.0000014605	        0.0000965749	        0.0058239832	        0.0000000504	        0.1000000000	        0.0010000000	        0.6031882633	        0.0011139488	        0.0007460131
        0.0047588098	        0.0446136963	        0.9796815954	       -0.0065895210	        0.0000000490	        0.0000015150	        0.0000036314	        0.0002077397	        0.0054724758	        0.0000002162	        0.1000000000	        0.0010000000	        0.6049163743	        0.0010566679	        0.0006966501
        0.0066871908	        0.0626233017	        0.9722482431	       -0.0091798665	        0.0000001549	        0.0000032129	        0.0000073092	        0.0003737492	        0.0051371374	        0.0000006612	        0.1000000000	        0.0010000000	        0.6067351870	        0.0009998817	        0.0006425142
        0.0088162262	        0.0824513764	        0.9644923896	       -0.0120182913	        0.0000003996	        0.0000060374	        0.0000129997	        0.0006062139	        0.0048251353	        0.0000016504	        0.1000000000	        0.0010000000	        0.6086446062	        0.0009433806	        0.0005908279
        0.0111662954	        0.1042557116	        0.9564277667	       -0.0150921681	        0.0000008971	        0.0000104838	        0.0000212921	        0.0009183297	        0.0045446403	        0.0000035904	        0.1000000000	        0.0010000000	        0.6106428287	        0.0008869158	        0.0005425258
        0.0137597373	        0.1281911475	        0.9480765026	       -0.0183925922	        0.0000018169	        0.0000172174	        0.0000328469	        0.0013246928	        0.0043047716	        0.0000070652	        0.1000000000	        0.0010000000	        0.6127259497	        0.0008302891	        0.0004972623
        0.0166210148	        0.1543991327	        0.9394705837	       -0.0218936504	        0.0000033898	        0.0000271198	        0.0000483524	        0.0018407267	        0.0041153419	        0.0000128654	        0.1000000000	        0.0010000000	        0.6148875129	        0.0007732229	        0.0004549711
        0.0197768871	        0.1829942276	        0.9306562844	       -0.0255626029	        0.0000059013	        0.0000413292	        0.0000684251	        0.0024815213	        0.0039862788	        0.0000220034	        0.1000000000	        0.0010000000	        0.6171172821	        0.0007154174	        0.0004150781
        0.0232565889	        0.2140497185	        0.9216958653	       -0.0293556525	        0.0000096666	        0.0000612500	        0.0000934333	        0.0032599623	        0.0039265983	        0.0000357056	        0.1000000000	        0.0010000000	        0.6194006529	        0.0006567386	        0.0003786794
        0.0270920169	        0.2475863125	        0.9126681272	       -0.0331786826	        0.0000149889	        0.0000884709	        0.0001232532	        0.0041842809	        0.0039429345	        0.0000553763	        0.1000000000	        0.0010000000	        0.6217183304	        0.0005975477	        0.0003457259
        0.0313179184	        0.2835680424	        0.9036590696	       -0.0369568164	        0.0000221177	        0.0001245344	        0.0001570608	        0.0052555145	        0.0040378156	        0.0000825364	        0.1000000000	        0.0010000000	        0.6240485679	        0.0005389256	        0.0003151995
        0.0359720830	        0.3219067489	        0.8947482909	       -0.0406178095	        0.0000312285	        0.0001706071	        0.0001933504	        0.0064656323	        0.0042081204	        0.0001187465	        0.1000000000	        0.0010000000	        0.6263706318	        0.0004824865	        0.0002877781
        0.0410955314	        0.3624721437	        0.8859939442	       -0.0440856148	        0.0000424376	        0.0002271976	        0.0002303056	        0.0077969504	        0.0044442176	        0.0001655311	        0.1000000000	        0.0010000000	        0.6286688211	        0.0004299792	        0.0002633703
        0.0467326989	        0.4047784295	        0.8774224659	       -0.0473312424	        0.0000605351	        0.0002941356	        0.0002664044	        0.0092139874	        0.0047303538	        0.0002238956	        0.1000000000	        0.0010000000	        0.6309354023	        0.0003828050	        0.0002411833
        0.0529316067	        0.4479626878	        0.8690268979	       -0.0503627060	        0.0000867113	        0.0003710295	        0.0003009170	        0.0106442965	        0.0050246061	        0.0002938438	        0.1000000000	        0.0010000000	        0.6331713673	        0.0003415748	        0.0002214562
        0.0597440162	        0.4913130242	        0.8607791160	       -0.0531840630	        0.0001192102	        0.0004579091	        0.0003339634	        0.0120046446	        0.0052770532	        0.0003748841	        0.1000000000	        0.0010000000	        0.6353834587	        0.0003060923	        0.0002036471
        0.0672255573	        0.5343233783	        0.8526416795	       -0.0558466307	        0.0001586729	        0.0005555652	        0.0003661985	        0.0132258742	        0.0054509689	        0.0004662234	        0.1000000000	        0.0010000000	        0.6375811553	        0.0002756861	        0.0001875473
        0.0754358219	        0.5765647878	        0.8445777940	       -0.0583637413	        0.0002057818	        0.0006658133	        0.0003984236	        0.0142550320	        0.0055243309	        0.0005665904	        0.1000000000	        0.0010000000	        0.6397740369	        0.0002494219	        0.0001729355
        0.0844384110	        0.6176963922	        0.8365623972	       -0.0607774230	        0.0002612301	        0.0007911841	        0.0004313123	        0.0150594987	        0.0054903111	        0.0006743310	        0.1000000000	        0.0010000000	        0.6419687323	        0.0002264484	        0.0001597170
        0.0943009237	        0.6574667011	        0.8285775976	       -0.0630787854	        0.0003256854	        0.0009338160	        0.0004652978	        0.0156268044	        0.0053549685	        0.0007875205	        0.1000000000	        0.0010000000	        0.6441700726	        0.0002062709	        0.0001478335
        0.1050948725	        0.6957072316	        0.8206032302	       -0.0652987219	        0.0003997524	        0.0010944240	        0.0005005592	        0.0159613749	        0.0051332959	        0.0009040741	        0.1000000000	        0.0010000000	        0.6463836560	        0.0001886897	        0.0001372269
        0.1168955085	        0.7323210764	        0.8126081483	       -0.0674342548	        0.0004839356	        0.0012744562	        0.0005370364	        0.0160798003	        0.0048449307	        0.0010218393	        0.1000000000	        0.0010000000	        0.6486183148	        0.0001732440	        0.0001277405
        0.1297815392	        0.7672690569	        0.8045825582	       -0.0695066463	        0.0005786014	        0.0014754403	        0.0005745057	        0.0160062457	        0.0045106129	        0.0011386858	        0.1000000000	        0.0010000000	        0.6508770947	        0.0001595300	        0.0001190060
        0.1438347190	        0.8005554165	        0.7965086761	       -0.0715238592	        0.0006839512	        0.0016949147	        0.0006126755	        0.0157681435	        0.0041495237	        0.0012525555	        0.1000000000	        0.0010000000	        0.6531653965	        0.0001475802	        0.0001113684
        0.1591392914	        0.8322143390	        0.7883509517	       -0.0734894012	        0.0008000049	        0.0019333436	        0.0006511630	        0.0153930803	        0.0037778280	        0.0013615011	        0.1000000000	        0.0010000000	        0.6554938607	        0.0001370190	        0.0001045469
        0.1757812632	        0.8622982602	        0.7801087014	       -0.0754104833	        0.0009265889	        0.0021910887	        0.0006895442	        0.0149071883	        0.0034082817	        0.0014637553	        0.1000000000	        0.0010000000	        0.6578633725	        0.0001275661	        0.0000984199
        0.1938474899	        0.8908680214	        0.7717613618	       -0.0772797754	        0.0010633624	        0.0024632868	        0.0007274145	        0.0143337207	        0.0030501707	        0.0015577411	        0.1000000000	        0.0010000000	        0.6602806198	        0.0001192634	        0.0000932745
        0.2134245548	        0.9179847607	        0.7632860329	       -0.0790763373	        0.0012098619	        0.0027525715	        0.0007643127	        0.0136928089	        0.0027097977	        0.0016421228	        0.1000000000	        0.0010000000	        0.6627531731	        0.0001117247	        0.0000887935
        0.2345974273	        0.9437035183	        0.7547001408	       -0.0807815579	        0.0013655722	        0.0030593709	        0.0007997991	        0.0130018103	        0.0023911272	        0.0017158858	        0.1000000000	        0.0010000000	        0.6652769354	        0.0001047888	        0.0000848908
        0.2574478906	        0.9680680037	        0.7459971404	       -0.0823592652	        0.0015300708	        0.0033835834	        0.0008334999	        0.0122752947	        0.0020962473	        0.0017783505	        0.1000000000	        0.0010000000	        0.6678548129	        0.0000983593	        0.0000816845
        0.2820527391	        0.9911064071	        0.7372054404	       -0.0837474290	        0.0017031912	        0.0037261495	        0.0008650908	        0.0115259376	        0.0018259985	        0.0018292771	        0.1000000000	        0.0010000000	        0.6704793279	        0.0000923389	        0.0000789564
        0.3084817527	        1.0128281211	        0.7283331731	       -0.0849192793	        0.0018852787	        0.0040919125	        0.0008943248	        0.0107648414	        0.0015803344	        0.0018688873	        0.1000000000	        0.0010000000	        0.6731488891	        0.0000865818	        0.0000767437
        0.3367954708	        1.0332216154	        0.7194374532	       -0.0857663574	        0.0020774484	        0.0044895705	        0.0009210521	        0.0100025309	        0.0013587538	        0.0018979733	        0.1000000000	        0.0010000000	        0.6758469349	        0.0000809468	        0.0000750401
        0.3670428018	        1.0522538225	        0.7105612174	       -0.0862161029	        0.0022819175	        0.0049249281	        0.0009453021	        0.0092492160	        0.0011604776	        0.0019178754	        0.1000000000	        0.0010000000	        0.6785607149	        0.0000754312	        0.0000737087
        0.3992585207	        1.0698718313	        0.7017712699	       -0.0861697672	        0.0025022581	        0.0054019656	        0.0009672402	        0.0085154298	        0.0009846551	        0.0019304917	        0.1000000000	        0.0010000000	        0.6812696761	        0.0000700862	        0.0000727096
        0.4334607283	        1.0860078945	        0.6931058433	       -0.0855627152	        0.0027435462	        0.0059309841	        0.0009871132	        0.0078120307	        0.0008304042	        0.0019381329	        0.1000000000	        0.0010000000	        0.6839615172	        0.0000648899	        0.0000719742
        0.4696483595	        1.1005887024	        0.6846418803	       -0.0842996778	        0.0030121208	        0.0065305663	        0.0010051900	        0.0071503222	        0.0006968584	        0.0019433795	        0.1000000000	        0.0010000000	        0.6866113909	        0.0000597799	        0.0000714605
        0.5077988477	        1.1135487621	        0.6764385906	       -0.0823060261	        0.0033148740	        0.0072402039	        0.0010218015	        0.0065412464	        0.0005830609	        0.0019487356	        0.1000000000	        0.0010000000	        0.6891993215	        0.0000546059	        0.0000711689
        0.5478660655	        1.1248460597	        0.6686210830	       -0.0794402605	        0.0036577082	        0.0080898387	        0.0010374182	        0.0059946691	        0.0004879038	        0.0019563555	        0.1000000000	        0.0010000000	        0.6916837670	        0.0000494396	        0.0000711564
        0.5897786695	        1.1344758489	        0.6612344350	       -0.0756274607	        0.0040433967	        0.0090997045	        0.0010526826	        0.0055178335	        0.0004099910	        0.0019676144	        0.1000000000	        0.0010000000	        0.6940477977	        0.0000444477	        0.0000714204
        0.6334389769	        1.1424778568	        0.6543517083	       -0.0707810371	        0.0044687693	        0.0103044439	        0.0010682708	        0.0051148631	        0.0003476788	        0.0019830552	        0.1000000000	        0.0010000000	        0.6962651429	        0.0000397055	        0.0000718691
        0.6787224963	        1.1489335474	        0.6479842377	       -0.0648940838	        0.0049223103	        0.0116739455	        0.0010849509	        0.0047863207	        0.0002991306	        0.0020023742	        0.1000000000	        0.0010000000	        0.6983291468	        0.0000354896	        0.0000724270
        0.7254782147	        1.1539537371	        0.6420953016	       -0.0580246346	        0.0053829737	        0.0131905204	        0.0011034420	        0.0045298019	        0.0002624753	        0.0020246800	        0.1000000000	        0.0010000000	        0.7002489567	        0.0000318569	        0.0000731118
        0.7735297135	        1.1576606113	        0.6366507281	       -0.0502171152	        0.0058212453	        0.0148141636	        0.0011244506	        0.0043411144	        0.0002359822	        0.0020488659	        0.1000000000	        0.0010000000	        0.7020333180	        0.0000288320	        0.0000739514
        0.8226771500	        1.1601693164	        0.6315785687	       -0.0415669009	        0.0062030529	        0.0162351960	        0.0011487701	        0.0042154190	        0.0002181866	        0.0020738640	        0.1000000000	        0.0010000000	        0.7037038287	        0.0000268136	        0.0000748044
        0.8727000940	        1.1615731519	        0.6266713650	       -0.0323560652	        0.0064959700	        0.0170158299	        0.0011770991	        0.0041481111	        0.0002079596	        0.0020987418	        0.1000000000	        0.0010000000	        0.7053275954	        0.0000261540	        0.0000756327
        0.9233611572	        1.1619342432	        0.6216957441	       -0.0228703515	        0.0066757133	        0.0169910873	        0.0012097717	        0.0041357546	        0.0002045577	        0.0021228924	        0.1000000000	        0.0010000000	        0.7069816698	        0.0000268561	        0.0000763179
        0.9744103051	        1.1612796177	        0.6164195355	       -0.0134749208	        0.0067312480	        0.0163322881	        0.0012467551	        0.0041764390	        0.0002076195	        0.0021460776	        0.1000000000	        0.0010000000	        0.7087441667	        0.0000287219	        0.0000768869
        1.0255896949	        1.1596019164	        0.6106756553	       -0.0043902890	        0.0066666688	        0.0153343408	        0.0012877153	        0.0042698615	        0.0002171452	        0.0021684676	        0.1000000000	        0.0010000000	        0.7106729052	        0.0000315104	        0.0000773809
        1.0766388428	        1.1568641082	        0.6043295587	        0.0041247733	        0.0064995166	        0.0141489641	        0.0013321266	        0.0044169279	        0.0002334498	        0.0021905542	        0.1000000000	        0.0010000000	        0.7128161052	        0.0000352218	        0.0000777347
        1.1272999060	        1.1530078971	        0.5972303510	        0.0118382228	        0.0062561608	        0.0129402310	        0.0013791657	        0.0046190523	        0.0002570959	        0.0022130046	        0.1000000000	        0.0010000000	        0.7152290159	        0.0000397373	        0.0000779904
        1.1773228500	        1.1479653419	        0.5893140037	        0.0185795136	        0.0059656651	        0.0118673746	        0.0014276020	        0.0048775830	        0.0002888334	        0.0022366160	        0.1000000000	        0.0010000000	        0.7179389969	        0.0000446821	        0.0000781695
        1.2264702865	        1.1416723774	        0.5806007386	        0.0243014101	        0.0056544057	        0.0109577646	        0.0014760113	        0.0051929753	        0.0003295100	        0.0022621120	        0.1000000000	        0.0010000000	        0.7209456251	        0.0000498235	        0.0000785341
        1.2745217853	        1.1340820263	        0.5711404218	        0.0290519945	        0.0053426066	        0.0102104246	        0.0015229633	        0.0055639731	        0.0003799653	        0.0022898537	        0.1000000000	        0.0010000000	        0.7242386775	        0.0000549203	        0.0000791296
        1.3212775037	        1.1251744001	        0.5610621490	        0.0329141864	        0.0050429597	        0.0095743263	        0.0015672062	        0.0059873800	        0.0004409661	        0.0023196959	        0.1000000000	        0.0010000000	        0.7277800918	        0.0000599772	        0.0000799675
        1.3665610231	        1.1149611410	        0.5504271512	        0.0359556567	        0.0047613639	        0.0090314126	        0.0016077835	        0.0064577517	        0.0005131231	        0.0023507258	        0.1000000000	        0.0010000000	        0.7315548856	        0.0000648924	        0.0000811257
        1.4102213305	        1.1034834849	        0.5394068012	        0.0383314297	        0.0044983511	        0.0085575019	        0.0016440228	        0.0069684198	        0.0005969544	        0.0023814974	        0.1000000000	        0.0010000000	        0.7355079914	        0.0000696534	        0.0000828244
        1.4521339345	        1.0908051385	        0.5280658237	        0.0401840574	        0.0042513418	        0.0080801343	        0.0016757368	        0.0075116014	        0.0006928635	        0.0024099570	        0.1000000000	        0.0010000000	        0.7396209642	        0.0000747733	        0.0000847981
        1.4922011523	        1.0770027918	        0.5164117749	        0.0414143337	        0.0040163468	        0.0075829793	        0.0017026750	        0.0080792355	        0.0008012106	        0.0024337329	        0.1000000000	        0.0010000000	        0.7438956758	        0.0000804912	        0.0000866262
        1.5303516405	        1.0621564499	        0.5044505438	        0.0419839813	        0.0037892093	        0.0071011017	        0.0017242646	        0.0086637518	        0.0009224045	        0.0024504476	        0.1000000000	        0.0010000000	        0.7483347517	        0.0000865269	        0.0000886005
        1.5665392717	        1.0463411589	        0.4922871829	        0.0419924809	        0.0035663198	        0.0066446487	        0.0017398650	        0.0092588971	        0.0010570416	        0.0024580523	        0.1000000000	        0.0010000000	        0.7529035035	        0.0000927412	        0.0000910231
        1.6007414793	        1.0296211313	        0.4799690703	        0.0415304291	        0.0033451667	        0.0062027363	        0.0017490949	        0.0098592389	        0.0012058568	        0.0024547913	        0.1000000000	        0.0010000000	        0.7575875919	        0.0000992581	        0.0000938037
        1.6329571982	        1.0120463736	        0.4675663618	        0.0406340205	        0.0031243458	        0.0057720116	        0.0017517018	        0.0104604187	        0.0013697898	        0.0024393798	        0.1000000000	        0.0010000000	        0.7623631046	        0.0001061549	        0.0000973055
        1.6632045292	        0.9936511158	        0.4551073112	        0.0394578838	        0.0029035202	        0.0053465249	        0.0017476108	        0.0110586186	        0.0015499149	        0.0024109516	        0.1000000000	        0.0010000000	        0.7672213138	        0.0001136112	        0.0001013884
        1.6915182473	        0.9744535682	        0.4426229072	        0.0379504821	        0.0026831874	        0.0049268166	        0.0017367984	        0.0116504744	        0.0017474365	        0.0023690999	        0.1000000000	        0.0010000000	        0.7721519161	        0.0001217444	        0.0001059114
        1.7179472609	        0.9544563809	        0.4301233851	        0.0362086983	        0.0024644704	        0.0045166263	        0.0017192963	        0.0122326158	        0.0019635975	        0.0023138110	        0.1000000000	        0.0010000000	        0.7771523891	        0.0001306168	        0.0001114107
        1.7425521094	        0.9336474711	        0.4176365677	        0.0342764525	        0.0022488688	        0.0041217946	        0.0016951884	        0.0128015530	        0.0021996389	        0.0022454594	        0.1000000000	        0.0010000000	        0.7822128683	        0.0001402088	        0.0001176674
        1.7654025727	        0.9120009691	        0.4051851011	        0.0321993647	        0.0020380811	        0.0037422945	        0.0016647182	        0.0133532081	        0.0024566526	        0.0021647255	        0.1000000000	        0.0010000000	        0.7873250736	        0.0001506667	        0.0001255920
        1.7865754452	        0.8894783212	        0.3927783754	        0.0301394180	        0.0018338460	        0.0033758575	        0.0016282665	        0.0138824972	        0.0027353972	        0.0020725332	        0.1000000000	        0.0010000000	        0.7924858079	        0.0001623000	        0.0001348230
        1.8061525101	        0.8660295248	        0.3804006481	        0.0280034163	        0.0016378195	        0.0030256680	        0.0015862550	        0.0143828587	        0.0030360340	        0.0019699895	        0.1000000000	        0.0010000000	        0.7977023415	        0.0001752587	        0.0001455307
        1.8242187368	        0.8415944292	        0.3680573007	        0.0259461379	        0.0014514592	        0.0026951608	        0.0015391258	        0.0148462095	        0.0033579291	        0.0018583907	        0.1000000000	        0.0010000000	        0.8029732275	        0.0001896519	        0.0001587971
        1.8408607086	        0.8161042409	        0.3557369852	        0.0239908436	        0.0012759842	        0.0023837657	        0.0014874232	        0.0152622986	        0.0036991995	        0.0017391442	        0.1000000000	        0.0010000000	        0.8083042004	        0.0002058566	        0.0001746759
        1.8561652810	        0.7894835699	        0.3434180622	        0.0222140776	        0.0011123366	        0.0020937550	        0.0014317229	        0.0156183946	        0.0040562602	        0.0016137473	        0.1000000000	        0.0010000000	        0.8137058168	        0.0002240962	        0.0001931738
        1.8702184608	        0.7616530729	        0.3310897778	        0.0205898491	        0.0009611624	        0.0018247447	        0.0013726492	        0.0158991872	        0.0044233628	        0.0014837820	        0.1000000000	        0.0010000000	        0.8191843012	        0.0002448751	        0.0002161471
        1.8831044915	        0.7325330966	        0.3187057282	        0.0193149018	        0.0008228305	        0.0015770168	        0.0013108548	        0.0160862747	        0.0047918862	        0.0013508586	        0.1000000000	        0.0010000000	        0.8247623443	        0.0002687560	        0.0002440263
        1.8949051275	        0.7020486062	        0.3062366775	        0.0183029835	        0.0006974341	        0.0013527357	        0.0012469393	        0.0161587675	        0.0051500214	        0.0012166473	        0.1000000000	        0.0010000000	        0.8304559522	        0.0002959951	        0.0002755948
        1.9056990763	        0.6701355484	        0.2936546641	        0.0175883609	        0.0005848237	        0.0011511860	        0.0011815337	        0.0160937623	        0.0054824674	        0.0010828501	        0.1000000000	        0.0010000000	        0.8362813813	        0.0003272781	        0.0003125039
        1.9155615890	        0.6367491860	        0.2809151909	        0.0171599100	        0.0004846446	        0.0009715877	        0.0011152499	        0.0158674288	        0.0057705389	        0.0009511795	        0.1000000000	        0.0010000000	        0.8422635775	        0.0003634217	        0.0003567173
        1.9245641781	        0.6018744691	        0.2679763179	        0.0171146438	        0.0003963697	        0.0008140816	        0.0010485792	        0.0154572759	        0.0059931792	        0.0008233553	        0.1000000000	        0.0010000000	        0.8484276542	        0.0004048435	        0.0004096764
        1.9327744427	        0.5655382301	        0.2548164708	        0.0174714663	        0.0003193394	        0.0006776071	        0.0009818553	        0.0148453898	        0.0061290418	        0.0007010859	        0.1000000000	        0.0010000000	        0.8547902444	        0.0004520420	        0.0004673046
        1.9402559838	        0.5278228783	        0.2414110412	        0.0180115896	        0.0002528065	        0.0005600240	        0.0009151699	        0.0140222468	        0.0061595895	        0.0005860163	        0.1000000000	        0.0010000000	        0.8613704430	        0.0005059107	        0.0005291511
        1.9470683933	        0.4888807101	        0.2277349115	        0.0187155354	        0.0001959769	        0.0004590708	        0.0008481881	        0.0129913204	        0.0060734065	        0.0004796749	        0.1000000000	        0.0010000000	        0.8681887424	        0.0005675016	        0.0006052356
        1.9532673011	        0.4489471537	        0.2137593274	        0.0198501928	        0.0001480494	        0.0003723855	        0.0007800248	        0.0117733500	        0.0058709571	        0.0003833994	        0.1000000000	        0.0010000000	        0.8752687592	        0.0006381797	        0.0006849380
        1.9589044686	        0.4083507361	        0.1994489043	        0.0207880020	        0.0001082540	        0.0002978869	        0.0007093078	        0.0104089569	        0.0055686385	        0.0002982497	        0.1000000000	        0.0010000000	        0.8826390697	        0.0007193975	        0.0007547226
        1.9640279170	        0.3675169284	        0.1847715159	        0.0212736000	        0.0000758854	        0.0002340433	        0.0006346030	        0.0089580298	        0.0052006600	        0.0002249217	        0.1000000000	        0.0010000000	        0.8903284427	        0.0008121277	        0.0008351803
        1.9686820816	        0.3269621250	        0.1697147312	        0.0216320217	        0.0000503234	        0.0001798651	        0.0005552403	        0.0074944229	        0.0048174257	        0.0001636723	        0.1000000000	        0.0010000000	        0.8983570498	        0.0009163340	        0.0009257075
        1.9729079831	        0.2875284129	        0.1543024585	        0.0215852763	        0.0000351333	        0.0001348072	        0.0004722556	        0.0061059102	        0.0044835845	        0.0001146134	        0.1000000000	        0.0010000000	        0.9067265737	        0.0010302829	        0.0010088876
        1.9767434111	        0.2500283536	        0.1386159527	        0.0209862109	        0.0000244367	        0.0000984500	        0.0003887379	        0.0048485139	        0.0042317323	        0.0000770791	        0.1000000000	        0.0010000000	        0.9154066867	        0.0011502594	        0.0010869795
        1.9802231129	        0.2147539335	        0.1227967012	        0.0198520321	        0.0000160701	        0.0000701007	        0.0003089392	        0.0037465195	        0.0040749705	        0.0000495005	        0.1000000000	        0.0010000000	        0.9243302004	        0.0012714289	        0.0011623066
        1.9833789852	        0.1818277668	        0.1070269919	        0.0182750407	        0.0000098918	        0.0000486891	        0.0002367515	        0.0028097493	        0.0040180282	        0.0000301087	        0.1000000000	        0.0010000000	        0.9334006259	        0.0013891896	        0.0012248046
        1.9862402627	        0.1513226304	        0.0914991478	        0.0161485432	        0.0000056372	        0.0000329366	        0.0001746340	        0.0020372687	        0.0040578066	        0.0000171596	        0.1000000000	        0.0010000000	        0.9425075735	        0.0015001479	        0.0012713073
        1.9888337046	        0.1232478508	        0.0763891290	        0.0136013761	        0.0000029335	        0.0000215868	        0.0001234305	        0.0014191753	        0.0041854108	        0.0000090256	        0.1000000000	        0.0010000000	        0.9515417053	        0.0016024131	        0.0013318038
        1.9911837738	        0.0975480968	        0.0618401509	        0.0111398457	        0.0000013654	        0.0000135601	        0.0000828016	        0.0009397105	        0.0043887153	        0.0000042820	        0.1000000000	        0.0010000000	        0.9604055826	        0.0016954678	        0.0014084695
        1.9933128092	        0.0741148917	        0.0479561625	        0.0087884191	        0.0000005491	        0.0000080060	        0.0000517757	        0.0005805087	        0.0046546306	        0.0000017654	        0.1000000000	        0.0010000000	        0.9690196895	        0.0017796936	        0.0014715546
        1.9952411902	        0.0528047764	        0.0348048201	        0.0064589048	        0.0000001789	        0.0000042857	        0.0000291506	        0.0003230863	        0.0049706250	        0.0000005918	        0.1000000000	        0.0010000000	        0.9773229667	        0.0018559220	        0.0015242486
        1.9969874916	        0.0334572366	        0.0224225508	        0.0042252864	        0.0000000413	        0.0000019278	        0.0000137125	        0.0001503012	        0.0053254660	        0.0000001407	        0.1000000000	        0.0010000000	        0.9852717954	        0.0019251258	        0.0015740033
        1.9985686299	        0.0159084452	        0.0108221086	        0.0020847119	        0.0000000047	        0.0000005854	        0.0000043327	        0.0000469756	        0.0057094200	        0.0000000165	        0.1000000000	        0.0010000000	        0.9928369405	        0.0019880678	        0.0016164361
        2.0000000000	        0.0000000000	        0.0000000000	        0.0000338150	        0.0000000000	        0.0000000000	        0.0000000000	        0.0000000000	        0.0061141648	        0.0000000000	        0.1000000000	        0.0010000000	        1.0000000000	        0.0020445136	        0.0016645745
