        0.0000000000	        0.0000000000	        1.0000000000	        0.0001281873	        0.0000000000	        0.0000000000	        0.0000000000	        0.0000000000	        0.0062356571	        0.0000000000	        0.1000000000	        0.0010000000	        0.6000000000	        0.0009765026	        0.0008254001
        0.0014313701	        0.0132563594	        0.9949142921	       -0.0006504590	        0.0000000012	        0.0000000846	        0.0000001753	        0.0000287454	        0.0058962620	        0.0000000054	        0.1000000000	        0.0010000000	        0.6012230579	        0.0009188860	        0.0007854946
        0.0030125084	        0.0278763302	        0.9896362853	       -0.0013762758	        0.0000000105	        0.0000003553	        0.0000006918	        0.0000919915	        0.0055608207	        0.0000000467	        0.1000000000	        0.0010000000	        0.6024976455	        0.0008618275	        0.0007460131
        0.0047588098	        0.0439937194	        0.9841778714	       -0.0020932449	        0.0000000465	        0.0000009438	        0.0000017220	        0.0001980360	        0.0052342865	        0.0000002007	        0.1000000000	        0.0010000000	        0.6038214965	        0.0008057430	        0.0006966501
        0.0066871908	        0.0617522682	        0.9785509442	       -0.0028771654	        0.0000001469	        0.0000020372	        0.0000034720	        0.0003565840	        0.0049224365	        0.0000006146	        0.1000000000	        0.0010000000	        0.6051923216	        0.0007509581	        0.0006425142
        0.0088162262	        0.0813038664	        0.9727700647	       -0.0037406161	        0.0000003790	        0.0000039005	        0.0000061889	        0.0005788814	        0.0046319649	        0.0000015363	        0.1000000000	        0.0010000000	        0.6066071494	        0.0006975233	        0.0005908279
        0.0111662954	        0.1028048079	        0.9668534897	       -0.0046664451	        0.0000008511	        0.0000069065	        0.0000101653	        0.0008777632	        0.0043705394	        0.0000033473	        0.1000000000	        0.0010000000	        0.6080620540	        0.0006454860	        0.0005425258
        0.0137597373	        0.1264092805	        0.9608227914	       -0.0056463034	        0.0000017244	        0.0000115705	        0.0000157358	        0.0012675082	        0.0041467679	        0.0000065981	        0.1000000000	        0.0010000000	        0.6095522218	        0.0005949684	        0.0004972623
        0.0166210148	        0.1522595302	        0.9547023136	       -0.0066619205	        0.0000032191	        0.0000185900	        0.0000232596	        0.0017633350	        0.0039699869	        0.0000120373	        0.1000000000	        0.0010000000	        0.6110720602	        0.0005460076	        0.0004549711
        0.0197768871	        0.1804730094	        0.9485215891	       -0.0076972983	        0.0000056094	        0.0000288823	        0.0000330796	        0.0023803452	        0.0038497562	        0.0000206290	        0.1000000000	        0.0010000000	        0.6126145698	        0.0004985506	        0.0004150781
        0.0232565889	        0.2111284307	        0.9423157023	       -0.0087358155	        0.0000091999	        0.0000436009	        0.0000454441	        0.0031317811	        0.0037949348	        0.0000335490	        0.1000000000	        0.0010000000	        0.6141712141	        0.0004525453	        0.0003786794
        0.0270920169	        0.2442543813	        0.9361263129	       -0.0097204969	        0.0000142873	        0.0000640855	        0.0000603955	        0.0040266886	        0.0038123277	        0.0000521543	        0.1000000000	        0.0010000000	        0.6157316195	        0.0004081524	        0.0003457259
        0.0313179184	        0.2798244987	        0.9299957452	       -0.0106201407	        0.0000211191	        0.0000916950	        0.0000776642	        0.0050674177	        0.0039050549	        0.0000779269	        0.1000000000	        0.0010000000	        0.6172850314	        0.0003658965	        0.0003151995
        0.0359720830	        0.3177608448	        0.9239598739	       -0.0114062266	        0.0000298718	        0.0001275558	        0.0000966543	        0.0062476710	        0.0040710310	        0.0001124017	        0.1000000000	        0.0010000000	        0.6188221250	        0.0003265305	        0.0002877781
        0.0410955314	        0.3579430353	        0.9180405862	       -0.0120389727	        0.0000406620	        0.0001723200	        0.0001165891	        0.0075517395	        0.0043020303	        0.0001570917	        0.1000000000	        0.0010000000	        0.6203369822	        0.0002908462	        0.0002633703
        0.0467326989	        0.3999880548	        0.9122403524	       -0.0125133559	        0.0000569229	        0.0002260625	        0.0001367817	        0.0089487997	        0.0045838168	        0.0002131355	        0.1000000000	        0.0010000000	        0.6218285829	        0.0002594762	        0.0002411833
        0.0529316067	        0.4430759397	        0.9065398355	       -0.0128497684	        0.0000818041	        0.0002885197	        0.0001568917	        0.0103750706	        0.0048819371	        0.0002807085	        0.1000000000	        0.0010000000	        0.6233015460	        0.0002326458	        0.0002214562
        0.0597440162	        0.4864506559	        0.9009046054	       -0.0130585736	        0.0001127418	        0.0003595070	        0.0001770060	        0.0117467744	        0.0051464532	        0.0003593646	        0.1000000000	        0.0010000000	        0.6247645144	        0.0002101518	        0.0002036471
        0.0672255573	        0.5296048569	        0.8952903429	       -0.0131979673	        0.0001503401	        0.0004391069	        0.0001975146	        0.0129939208	        0.0053396428	        0.0004484263	        0.1000000000	        0.0010000000	        0.6262288847	        0.0001915422	        0.0001875473
        0.0754358219	        0.5721013005	        0.8896481884	       -0.0132933468	        0.0001952438	        0.0005279607	        0.0002189177	        0.0140607880	        0.0054372906	        0.0005467266	        0.1000000000	        0.0010000000	        0.6277074622	        0.0001761533	        0.0001729355
        0.0844384110	        0.6135856854	        0.8839344102	       -0.0134054100	        0.0002481100	        0.0006270651	        0.0002416736	        0.0149107696	        0.0054297938	        0.0006526913	        0.1000000000	        0.0010000000	        0.6292119421	        0.0001633385	        0.0001597170
        0.0943009237	        0.6537899311	        0.8781071571	       -0.0135492258	        0.0003095742	        0.0007367770	        0.0002661192	        0.0155270229	        0.0053204996	        0.0007644454	        0.1000000000	        0.0010000000	        0.6307537469	        0.0001527035	        0.0001478335
        0.1050948725	        0.6925276786	        0.8721197459	       -0.0137822062	        0.0003802154	        0.0008560355	        0.0002924311	        0.0159099202	        0.0051222295	        0.0008799204	        0.1000000000	        0.0010000000	        0.6323458175	        0.0001440608	        0.0001372269
        0.1168955085	        0.7296843427	        0.8659148036	       -0.0141275995	        0.0004605212	        0.0009848970	        0.0003205952	        0.0160727704	        0.0048532166	        0.0009969508	        0.1000000000	        0.0010000000	        0.6340042328	        0.0001369124	        0.0001277405
        0.1297815392	        0.7652042752	        0.8594588259	       -0.0146303787	        0.0005508525	        0.0011237728	        0.0003504436	        0.0160374112	        0.0045335631	        0.0011133692	        0.1000000000	        0.0010000000	        0.6357390023	        0.0001308066	        0.0001190060
        0.1438347190	        0.7990770121	        0.8527140497	       -0.0153184856	        0.0006514186	        0.0012697114	        0.0003817196	        0.0158298885	        0.0041824400	        0.0012270641	        0.1000000000	        0.0010000000	        0.6375615431	        0.0001257436	        0.0001113684
        0.1591392914	        0.8313239663	        0.8456289166	       -0.0162114364	        0.0007622634	        0.0014228917	        0.0004140455	        0.0154772055	        0.0038164300	        0.0013360269	        0.1000000000	        0.0010000000	        0.6394873415	        0.0001213425	        0.0001045469
        0.1757812632	        0.8619866266	        0.8381904121	       -0.0173287726	        0.0008832567	        0.0015833592	        0.0004469764	        0.0150055211	        0.0034489429	        0.0014384270	        0.1000000000	        0.0010000000	        0.6415217479	        0.0001173444	        0.0000984199
        0.1938474899	        0.8911164111	        0.8303686214	       -0.0186725158	        0.0010141238	        0.0017471209	        0.0004800610	        0.0144385512	        0.0030900069	        0.0015326306	        0.1000000000	        0.0010000000	        0.6436749904	        0.0001138349	        0.0000932745
        0.2134245548	        0.9187661473	        0.8221334536	       -0.0202289166	        0.0011544955	        0.0019159939	        0.0005127797	        0.0137971748	        0.0027466549	        0.0016172585	        0.1000000000	        0.0010000000	        0.6459577065	        0.0001104845	        0.0000887935
        0.2345974273	        0.9449832191	        0.8134967976	       -0.0219849010	        0.0013039874	        0.0020896539	        0.0005446307	        0.0130996727	        0.0024235134	        0.0016912715	        0.1000000000	        0.0010000000	        0.6483691707	        0.0001071949	        0.0000848908
        0.2574478906	        0.9698038790	        0.8044475905	       -0.0239088151	        0.0014623518	        0.0022671444	        0.0005751711	        0.0123616573	        0.0021232435	        0.0017539929	        0.1000000000	        0.0010000000	        0.6509152155	        0.0001039351	        0.0000816845
        0.2820527391	        0.9932486606	        0.7950103538	       -0.0259425157	        0.0016296556	        0.0024479938	        0.0006040160	        0.0115969314	        0.0018471669	        0.0018052177	        0.1000000000	        0.0010000000	        0.6535918226	        0.0001006700	        0.0000789564
        0.3084817527	        1.0153188288	        0.7851899202	       -0.0280625322	        0.0018065480	        0.0026337600	        0.0006308602	        0.0108178106	        0.0015956382	        0.0018452402	        0.1000000000	        0.0010000000	        0.6564005848	        0.0000973098	        0.0000767437
        0.3367954708	        1.0359942065	        0.7750407982	       -0.0301630124	        0.0019945347	        0.0028275855	        0.0006555065	        0.0100361183	        0.0013684884	        0.0018749608	        0.1000000000	        0.0010000000	        0.6593288354	        0.0000937622	        0.0000750401
        0.3670428018	        1.0552328824	        0.7646043300	       -0.0321729903	        0.0021963167	        0.0030304017	        0.0006779413	        0.0092634501	        0.0011652135	        0.0018958593	        0.1000000000	        0.0010000000	        0.6623673637	        0.0000900662	        0.0000737087
        0.3992585207	        1.0729737535	        0.7539470516	       -0.0339939855	        0.0024160356	        0.0032419517	        0.0006982959	        0.0085117710	        0.0009851820	        0.0019099837	        0.1000000000	        0.0010000000	        0.6654992179	        0.0000863086	        0.0000727096
        0.4334607283	        1.0891430076	        0.7431086561	       -0.0355599023	        0.0026593779	        0.0034648564	        0.0007167862	        0.0077933276	        0.0008276691	        0.0019197746	        0.1000000000	        0.0010000000	        0.6687148195	        0.0000824959	        0.0000719742
        0.4696483595	        1.1036653762	        0.7321701151	       -0.0367714430	        0.0029332386	        0.0037047032	        0.0007336635	        0.0071206026	        0.0006918873	        0.0019278770	        0.1000000000	        0.0010000000	        0.6719917939	        0.0000785865	        0.0000714605
        0.5077988477	        1.1164794831	        0.7211979079	       -0.0375467088	        0.0032448411	        0.0039740526	        0.0007492396	        0.0065053109	        0.0005768669	        0.0019367534	        0.1000000000	        0.0010000000	        0.6753112789	        0.0000744478	        0.0000711689
        0.5478660655	        1.1275545490	        0.7103279150	       -0.0377334285	        0.0035999727	        0.0042782243	        0.0007639721	        0.0059575007	        0.0004813906	        0.0019483880	        0.1000000000	        0.0010000000	        0.6786323377	        0.0000701695	        0.0000711564
        0.5897786695	        1.1369033655	        0.6996187097	       -0.0372431859	        0.0040006230	        0.0046166100	        0.0007784761	        0.0054839633	        0.0004038767	        0.0019638821	        0.1000000000	        0.0010000000	        0.6819363708	        0.0000659397	        0.0000714204
        0.6334389769	        1.1445865983	        0.6891588135	       -0.0359739319	        0.0044420812	        0.0049919183	        0.0007934097	        0.0050878528	        0.0003424588	        0.0019834607	        0.1000000000	        0.0010000000	        0.6851946925	        0.0000618564	        0.0000718691
        0.6787224963	        1.1507059616	        0.6789764984	       -0.0339018231	        0.0049106879	        0.0053861745	        0.0008095139	        0.0047685253	        0.0002950878	        0.0020065416	        0.1000000000	        0.0010000000	        0.6883965940	        0.0000582202	        0.0000724270
        0.7254782147	        1.1553881785	        0.6690523311	       -0.0310676051	        0.0053831179	        0.0057899106	        0.0008274838	        0.0045224322	        0.0002597272	        0.0020320543	        0.1000000000	        0.0010000000	        0.6915462474	        0.0000551106	        0.0000731118
        0.7735297135	        1.1587650458	        0.6593701950	       -0.0274976484	        0.0058281273	        0.0061928453	        0.0008480111	        0.0043445127	        0.0002345416	        0.0020588322	        0.1000000000	        0.0010000000	        0.6946469871	        0.0000525673	        0.0000739514
        0.8226771500	        1.1609550359	        0.6498779011	       -0.0232675684	        0.0062111263	        0.0065343300	        0.0008718811	        0.0042294103	        0.0002180184	        0.0020858520	        0.1000000000	        0.0010000000	        0.6977140419	        0.0000509973	        0.0000748044
        0.8727000940	        1.1620498727	        0.6403902072	       -0.0186372231	        0.0065007242	        0.0067462173	        0.0008997908	        0.0041723074	        0.0002090211	        0.0021122954	        0.1000000000	        0.0010000000	        0.7008067945	        0.0000507518	        0.0000756327
        0.9233611572	        1.1621071549	        0.6307002672	       -0.0138658283	        0.0066750430	        0.0068134039	        0.0009320903	        0.0041697464	        0.0002068211	        0.0021377051	        0.1000000000	        0.0010000000	        0.7039939043	        0.0000518196	        0.0000763179
        0.9744103051	        1.1611484092	        0.6206090265	       -0.0092854297	        0.0067261300	        0.0067662983	        0.0009687728	        0.0042198622	        0.0002110778	        0.0021620030	        0.1000000000	        0.0010000000	        0.7073439664	        0.0000539770	        0.0000768869
        1.0255896949	        1.1591615946	        0.6099902414	       -0.0050757029	        0.0066609037	        0.0066492268	        0.0010095385	        0.0043223462	        0.0002218058	        0.0021855109	        0.1000000000	        0.0010000000	        0.7109037618	        0.0000569521	        0.0000773809
        1.0766388428	        1.1561073729	        0.5987575197	       -0.0014472658	        0.0064986636	        0.0064766814	        0.0010538925	        0.0044779472	        0.0002393159	        0.0022088432	        0.1000000000	        0.0010000000	        0.7147085768	        0.0000607133	        0.0000777347
        1.1272999060	        1.1519287539	        0.5868140515	        0.0014219233	        0.0062660868	        0.0062734259	        0.0011010434	        0.0046877028	        0.0002641386	        0.0022327395	        0.1000000000	        0.0010000000	        0.7187990703	        0.0000651120	        0.0000779904
        1.1773228500	        1.1465633966	        0.5741536025	        0.0034191124	        0.0059912080	        0.0060786240	        0.0011497843	        0.0049523548	        0.0002969576	        0.0022580007	        0.1000000000	        0.0010000000	        0.7231865558	        0.0000697476	        0.0000781695
        1.2264702865	        1.1399569480	        0.5608556525	        0.0045563240	        0.0056985168	        0.0059054249	        0.0011987164	        0.0052715866	        0.0003385203	        0.0022852766	        0.1000000000	        0.0010000000	        0.7278530149	        0.0000743687	        0.0000785341
        1.2745217853	        1.1320750421	        0.5470269033	        0.0049384759	        0.0054060948	        0.0057614332	        0.0012464090	        0.0056433359	        0.0003895417	        0.0023147884	        0.1000000000	        0.0010000000	        0.7327700469	        0.0000787283	        0.0000791296
        1.3212775037	        1.1229112637	        0.5328470369	        0.0046990743	        0.0051247356	        0.0056347622	        0.0012916089	        0.0060637428	        0.0004506577	        0.0023462176	        0.1000000000	        0.0010000000	        0.7378813913	        0.0000828395	        0.0000799675
        1.3665610231	        1.1124893326	        0.5184180935	        0.0039465990	        0.0048589737	        0.0055231994	        0.0013333286	        0.0065269849	        0.0005223619	        0.0023784863	        0.1000000000	        0.0010000000	        0.7431562395	        0.0000866234	        0.0000811257
        1.4102213305	        1.1008594073	        0.5039398046	        0.0028644331	        0.0046085696	        0.0054205526	        0.0013708652	        0.0070263921	        0.0006050891	        0.0024100376	        0.1000000000	        0.0010000000	        0.7485254779	        0.0000900976	        0.0000828244
        1.4521339345	        1.0880901664	        0.4894933999	        0.0016116336	        0.0043706889	        0.0052936990	        0.0014040024	        0.0075545280	        0.0006991994	        0.0024387775	        0.1000000000	        0.0010000000	        0.7539607822	        0.0000938056	        0.0000847981
        1.4922011523	        1.0742595019	        0.4750918025	        0.0000943613	        0.0041414550	        0.0051316592	        0.0014324572	        0.0081039441	        0.0008050494	        0.0024623648	        0.1000000000	        0.0010000000	        0.7594583695	        0.0000980141	        0.0000866262
        1.5303516405	        1.0594456694	        0.4607370927	       -0.0017294698	        0.0039170392	        0.0049520810	        0.0014556384	        0.0086678392	        0.0009230766	        0.0024785075	        0.1000000000	        0.0010000000	        0.7650184237	        0.0001024619	        0.0000886005
        1.5665392717	        1.0437200515	        0.4465243452	       -0.0037703568	        0.0036942517	        0.0047627391	        0.0014728993	        0.0092407946	        0.0010539303	        0.0024852778	        0.1000000000	        0.0010000000	        0.7706042843	        0.0001070172	        0.0000910231
        1.6007414793	        1.0271422353	        0.4324871097	       -0.0059515316	        0.0034710249	        0.0045597679	        0.0014838612	        0.0098181893	        0.0011984115	        0.0024810468	        0.1000000000	        0.0010000000	        0.7762018140	        0.0001118007	        0.0000938037
        1.6329571982	        1.0097573550	        0.4186797078	       -0.0082526334	        0.0032463756	        0.0043433788	        0.0014882843	        0.0103964212	        0.0013575365	        0.0024646483	        0.1000000000	        0.0010000000	        0.7817875979	        0.0001168794	        0.0000973055
        1.6632045292	        0.9915949727	        0.4051136215	       -0.0105358059	        0.0030203500	        0.0041115879	        0.0014861078	        0.0109723539	        0.0015324637	        0.0024353120	        0.1000000000	        0.0010000000	        0.7873546139	        0.0001224163	        0.0001013884
        1.6915182473	        0.9726690688	        0.3918030976	       -0.0128693275	        0.0027937818	        0.0038664696	        0.0014773349	        0.0115432408	        0.0017244943	        0.0023927012	        0.1000000000	        0.0010000000	        0.7928943567	        0.0001285043	        0.0001059114
        1.7179472609	        0.9529785721	        0.3787424472	       -0.0151722396	        0.0025680860	        0.0036124177	        0.0014620267	        0.0121062798	        0.0019349856	        0.0023368450	        0.1000000000	        0.0010000000	        0.7984064033	        0.0001351768	        0.0001114107
        1.7425521094	        0.9325081543	        0.3659444636	       -0.0174156517	        0.0023450116	        0.0033556899	        0.0014402991	        0.0126585239	        0.0021653216	        0.0022681361	        0.1000000000	        0.0010000000	        0.8038824463	        0.0001423794	        0.0001176674
        1.7654025727	        0.9112290754	        0.3534181019	       -0.0195676345	        0.0021264698	        0.0030981745	        0.0014124408	        0.0131964304	        0.0024167767	        0.0021872516	        0.1000000000	        0.0010000000	        0.8093155012	        0.0001502157	        0.0001255920
        1.7865754452	        0.8891001445	        0.3411606919	       -0.0214782655	        0.0019143801	        0.0028395333	        0.0013788819	        0.0137154621	        0.0026903449	        0.0020950936	        0.1000000000	        0.0010000000	        0.8147034675	        0.0001589459	        0.0001348230
        1.8061525101	        0.8660687828	        0.3291458552	       -0.0232513766	        0.0017105512	        0.0025836648	        0.0013400979	        0.0142096232	        0.0029864904	        0.0019927327	        0.1000000000	        0.0010000000	        0.8200548883	        0.0001686655	        0.0001455307
        1.8242187368	        0.8420721256	        0.3173696259	       -0.0247415369	        0.0015165671	        0.0023347825	        0.0012965920	        0.0146714242	        0.0033049639	        0.0018814184	        0.1000000000	        0.0010000000	        0.8253686969	        0.0001794228	        0.0001587971
        1.8408607086	        0.8170383031	        0.3058124503	       -0.0259336913	        0.0013337504	        0.0020934818	        0.0012489758	        0.0150912218	        0.0036443592	        0.0017625037	        0.1000000000	        0.0010000000	        0.8306510456	        0.0001915292	        0.0001746759
        1.8561652810	        0.7908882362	        0.2944452594	       -0.0267587252	        0.0011631262	        0.0018628397	        0.0011978929	        0.0154568807	        0.0040016621	        0.0016374260	        0.1000000000	        0.0010000000	        0.8359129331	        0.0002051399	        0.0001931738
        1.8702184608	        0.7635380046	        0.2832501430	       -0.0272497856	        0.0010054044	        0.0016433782	        0.0011440352	        0.0157536278	        0.0043717774	        0.0015077057	        0.1000000000	        0.0010000000	        0.8411607344	        0.0002206946	        0.0002161471
        1.8831044915	        0.7349021975	        0.2721731774	       -0.0272176490	        0.0008610011	        0.0014361694	        0.0010881122	        0.0159634550	        0.0047467795	        0.0013748905	        0.1000000000	        0.0010000000	        0.8464184083	        0.0002386996	        0.0002440263
        1.8949051275	        0.7048985515	        0.2611764972	       -0.0267571968	        0.0007300403	        0.0012442814	        0.0010307651	        0.0160656175	        0.0051155254	        0.0012405910	        0.1000000000	        0.0010000000	        0.8517033939	        0.0002593710	        0.0002755948
        1.9056990763	        0.6734540527	        0.2502217302	       -0.0258445729	        0.0006123892	        0.0010679735	        0.0009726436	        0.0160369620	        0.0054632297	        0.0011064557	        0.1000000000	        0.0010000000	        0.8570342684	        0.0002833765	        0.0003125039
        1.9155615890	        0.6405130887	        0.2392516736	       -0.0245036073	        0.0005076964	        0.0009074861	        0.0009143511	        0.0158528425	        0.0057714028	        0.0009741522	        0.1000000000	        0.0010000000	        0.8624398773	        0.0003115394	        0.0003567173
        1.9245641781	        0.6060477869	        0.2282092449	       -0.0226524293	        0.0004154263	        0.0007641595	        0.0008563481	        0.0154892264	        0.0060186602	        0.0008453694	        0.1000000000	        0.0010000000	        0.8679504548	        0.0003443025	        0.0004096764
        1.9327744427	        0.5700703993	        0.2170558051	       -0.0202891993	        0.0003348998	        0.0006381105	        0.0007989360	        0.0149258241	        0.0061826102	        0.0007218034	        0.1000000000	        0.0010000000	        0.8735883805	        0.0003821888	        0.0004673046
        1.9402559838	        0.5326475048	        0.2057490490	       -0.0176504026	        0.0002653413	        0.0005282292	        0.0007422058	        0.0141499031	        0.0062428333	        0.0006051101	        0.1000000000	        0.0010000000	        0.8793790628	        0.0004260834	        0.0005291511
        1.9470683933	        0.4939152300	        0.1942474264	       -0.0147719497	        0.0002059213	        0.0004331412	        0.0006858956	        0.0131610971	        0.0061852548	        0.0004968549	        0.1000000000	        0.0010000000	        0.8853488438	        0.0004769609	        0.0006052356
        1.9532673011	        0.4540938541	        0.1825089622	       -0.0114001725	        0.0001557979	        0.0003511584	        0.0006292918	        0.0119761267	        0.0060072297	        0.0003984400	        0.1000000000	        0.0010000000	        0.8915257117	        0.0005360235	        0.0006849380
        1.9589044686	        0.4134995673	        0.1704892820	       -0.0081716203	        0.0001141581	        0.0002806436	        0.0005712645	        0.0106321187	        0.0057222068	        0.0003110142	        0.1000000000	        0.0010000000	        0.8979405113	        0.0006045096	        0.0007547226
        1.9640279170	        0.3725504266	        0.1581505103	       -0.0053474056	        0.0000802535	        0.0002202912	        0.0005105804	        0.0091868302	        0.0053624037	        0.0002353789	        0.1000000000	        0.0010000000	        0.9046223432	        0.0006832323	        0.0008351803
        1.9686820816	        0.3317625967	        0.1454743142	       -0.0026083954	        0.0000534246	        0.0001691618	        0.0004465492	        0.0077140780	        0.0049779210	        0.0001719026	        0.1000000000	        0.0010000000	        0.9115912580	        0.0007722103	        0.0009257075
        1.9729079831	        0.2919526506	        0.1324737151	       -0.0002434671	        0.0000366527	        0.0001266788	        0.0003797989	        0.0063027779	        0.0046348457	        0.0001207655	        0.1000000000	        0.0010000000	        0.9188509353	        0.0008701084	        0.0010088876
        1.9767434111	        0.2539803848	        0.1192103550	        0.0015806132	        0.0000255474	        0.0000924016	        0.0003126275	        0.0050168981	        0.0043744107	        0.0000814431	        0.1000000000	        0.0010000000	        0.9263774749	        0.0009739316	        0.0010869795
        1.9802231129	        0.2182218815	        0.1057975996	        0.0028529304	        0.0000168366	        0.0000656729	        0.0002483786	        0.0038851165	        0.0042116822	        0.0000524474	        0.1000000000	        0.0010000000	        0.9341152337	        0.0010796835	        0.0011623066
        1.9833789852	        0.1848111571	        0.0923853554	        0.0036334042	        0.0000103838	        0.0000454989	        0.0001902094	        0.0029193558	        0.0041530310	        0.0000319860	        0.1000000000	        0.0010000000	        0.9419830413	        0.0011834695	        0.0012248046
        1.9862402627	        0.1538326619	        0.0791347887	        0.0037841841	        0.0000059269	        0.0000306842	        0.0001401582	        0.0021203543	        0.0041963757	        0.0000182754	        0.1000000000	        0.0010000000	        0.9498872488	        0.0012823301	        0.0012713073
        1.9888337046	        0.1253059357	        0.0661960347	        0.0034082818	        0.0000030877	        0.0000200425	        0.0000989425	        0.0014792753	        0.0043331888	        0.0000096350	        0.1000000000	        0.0010000000	        0.9577345152	        0.0013745322	        0.0013318038
        1.9911837738	        0.0991829040	        0.0536936309	        0.0029933257	        0.0000014382	        0.0000125457	        0.0000662919	        0.0009808273	        0.0045511881	        0.0000045811	        0.1000000000	        0.0010000000	        0.9654413007	        0.0014595161	        0.0014084695
        1.9933128092	        0.0753589174	        0.0417199746	        0.0025522312	        0.0000005786	        0.0000073811	        0.0000414053	        0.0006066602	        0.0048367966	        0.0000018925	        0.1000000000	        0.0010000000	        0.9729393305	        0.0015375101	        0.0014715546
        1.9952411902	        0.0536914309	        0.0303373107	        0.0019913955	        0.0000001885	        0.0000039376	        0.0000232898	        0.0003380365	        0.0051768406	        0.0000006356	        0.1000000000	        0.0010000000	        0.9801760628	        0.0016091443	        0.0015242486
        1.9969874916	        0.0340188888	        0.0195815081	        0.0013842437	        0.0000000435	        0.0000017655	        0.0000109478	        0.0001574359	        0.0055594083	        0.0000001514	        0.1000000000	        0.0010000000	        0.9871138810	        0.0016751790	        0.0015740033
        1.9985686299	        0.0161753755	        0.0094683714	        0.0007309747	        0.0000000049	        0.0000005344	        0.0000034577	        0.0000492639	        0.0059741083	        0.0000000178	        0.1000000000	        0.0010000000	        0.9937273469	        0.0017361702	        0.0016164361
        2.0000000000	        0.0000000000	        0.0000000000	        0.0000338150	        0.0000000000	        0.0000000000	        0.0000000000	        0.0000000000	        0.0064120041	        0.0000000000	        0.1000000000	        0.0010000000	        1.0000000000	        0.0017919504	        0.0016645745
