        0.0000000000	        0.0000000000	        1.0000000000	        0.0001524961	        0.0000000000	        0.0000000000	        0.0000000000	        0.0000000000	        0.0060210184	        0.0000000000	        0.1000000000	        0.0010000000	        0.6000000000	        0.0009712943	        0.0008916128
        0.0014313701	        0.0131016783	        0.9949753532	       -0.0002673085	        0.0000000011	        0.0000000363	        0.0000000738	        0.0000277560	        0.0056963032	        0.0000000051	        0.1000000000	        0.0010000000	        0.6012083438	        0.0009008309	        0.0008366253
        0.0030125084	        0.0275509018	        0.9898399202	       -0.0005716514	        0.0000000101	        0.0000001553	        0.0000002915	        0.0000888446	        0.0053753440	        0.0000000443	        0.1000000000	        0.0010000000	        0.6024483694	        0.0008306078	        0.0007865878
        0.0047588098	        0.0434799013	        0.9846278596	       -0.0008156980	        0.0000000448	        0.0000004220	        0.0000007266	        0.0001913108	        0.0050628797	        0.0000001905	        0.1000000000	        0.0010000000	        0.6037121391	        0.0007605635	        0.0007223699
        0.0066871908	        0.0610307871	        0.9793761540	       -0.0010971158	        0.0000001418	        0.0000009354	        0.0000014673	        0.0003445800	        0.0047644352	        0.0000005838	        0.1000000000	        0.0010000000	        0.6049908956	        0.0006913765	        0.0006527968
        0.0088162262	        0.0803538673	        0.9741251566	       -0.0014017623	        0.0000003660	        0.0000018469	        0.0000026187	        0.0005595984	        0.0044864085	        0.0000014605	        0.1000000000	        0.0010000000	        0.6062749073	        0.0006236494	        0.0005855837
        0.0111662954	        0.1016040870	        0.9689175634	       -0.0017354778	        0.0000008222	        0.0000033849	        0.0000043034	        0.0008488966	        0.0042361276	        0.0000031851	        0.1000000000	        0.0010000000	        0.6075536997	        0.0005580190	        0.0005216166
        0.0137597373	        0.1249348063	        0.9637968072	       -0.0020755319	        0.0000016668	        0.0000058879	        0.0000066566	        0.0012264730	        0.0040218314	        0.0000062847	        0.1000000000	        0.0010000000	        0.6088164396	        0.0004951941	        0.0004611058
        0.0166210148	        0.1504883522	        0.9588041010	       -0.0024316721	        0.0000031136	        0.0000098455	        0.0000098152	        0.0017073405	        0.0038524866	        0.0000114786	        0.1000000000	        0.0010000000	        0.6100526672	        0.0004357731	        0.0004043749
        0.0197768871	        0.1783835929	        0.9539791182	       -0.0027829132	        0.0000054297	        0.0000159450	        0.0000138963	        0.0023065461	        0.0037373339	        0.0000196964	        0.1000000000	        0.0010000000	        0.6112521451	        0.0003802091	        0.0003521275
        0.0232565889	        0.2087023043	        0.9493577141	       -0.0031293662	        0.0000089136	        0.0000251074	        0.0000189645	        0.0030375225	        0.0036850377	        0.0000320772	        0.1000000000	        0.0010000000	        0.6124054446	        0.0003289045	        0.0003043524
        0.0270920169	        0.2414777999	        0.9449703808	       -0.0034553982	        0.0000138578	        0.0000384860	        0.0000249913	        0.0039098397	        0.0037024175	        0.0000499424	        0.1000000000	        0.0010000000	        0.6135043646	        0.0002822515	        0.0002620635
        0.0313179184	        0.2766897298	        0.9408380374	       -0.0037387356	        0.0000205081	        0.0000573844	        0.0000318271	        0.0049267502	        0.0037928974	        0.0000747439	        0.1000000000	        0.0010000000	        0.6145430287	        0.0002406688	        0.0002252506
        0.0359720830	        0.3142668308	        0.9369678944	       -0.0039680695	        0.0000290410	        0.0000830766	        0.0000392170	        0.0060832030	        0.0039550204	        0.0001079957	        0.1000000000	        0.0010000000	        0.6155189830	        0.0002045141	        0.0001933633
        0.0410955314	        0.3540955037	        0.9333502291	       -0.0041469961	        0.0000395721	        0.0001165414	        0.0000468766	        0.0073649674	        0.0041814802	        0.0001512001	        0.1000000000	        0.0010000000	        0.6164340760	        0.0001740034	        0.0001667491
        0.0467326989	        0.3958541286	        0.9299565015	       -0.0042603780	        0.0000547459	        0.0001582235	        0.0000546009	        0.0087443191	        0.0044591095	        0.0002055693	        0.1000000000	        0.0010000000	        0.6172950006	        0.0001490750	        0.0001452794
        0.0529316067	        0.4387537666	        0.9267427836	       -0.0043152284	        0.0000788254	        0.0002080150	        0.0000623526	        0.0101632492	        0.0047582416	        0.0002713877	        0.1000000000	        0.0010000000	        0.6181124799	        0.0001293185	        0.0001280717
        0.0597440162	        0.4820181708	        0.9236554112	       -0.0043211288	        0.0001087840	        0.0002655462	        0.0000702798	        0.0115386206	        0.0050295972	        0.0003482581	        0.1000000000	        0.0010000000	        0.6188998622	        0.0001140352	        0.0001147331
        0.0672255573	        0.5251431869	        0.9206384447	       -0.0042778669	        0.0001451965	        0.0003304681	        0.0000786587	        0.0128006589	        0.0052353098	        0.0004355942	        0.1000000000	        0.0010000000	        0.6196712290	        0.0001024294	        0.0001044241
        0.0754358219	        0.5676901856	        0.9176359136	       -0.0042039088	        0.0001886756	        0.0004027755	        0.0000878118	        0.0138924870	        0.0053500828	        0.0005323205	        0.1000000000	        0.0010000000	        0.6204408164	        0.0000937040	        0.0000961764
        0.0844384110	        0.6092997589	        0.9145977034	       -0.0041184837	        0.0002398454	        0.0004822986	        0.0000980505	        0.0147753288	        0.0053626314	        0.0006369466	        0.1000000000	        0.0010000000	        0.6212214970	        0.0000872682	        0.0000898565
        0.0943009237	        0.6496960755	        0.9114697913	       -0.0040210238	        0.0002993086	        0.0005677367	        0.0001096381	        0.0154296162	        0.0052744204	        0.0007476644	        0.1000000000	        0.0010000000	        0.6220272820	        0.0000827892	        0.0000850122
        0.1050948725	        0.6886834815	        0.9081923072	       -0.0039464918	        0.0003676125	        0.0006573847	        0.0001227532	        0.0158529379	        0.0050965668	        0.0008624531	        0.1000000000	        0.0010000000	        0.6228738442	        0.0000799432	        0.0000814672
        0.1168955085	        0.7261375471	        0.9047039239	       -0.0038920450	        0.0004452152	        0.0007506977	        0.0001374661	        0.0160561751	        0.0048460312	        0.0009791784	        0.1000000000	        0.0010000000	        0.6237774160	        0.0000782834	        0.0000787248
        0.1297815392	        0.7619929427	        0.9009530851	       -0.0039056670	        0.0005324534	        0.0008475801	        0.0001537520	        0.0160591288	        0.0045420779	        0.0010956805	        0.1000000000	        0.0010000000	        0.6247518993	        0.0000774286	        0.0000764247
        0.1438347190	        0.7962301431	        0.8968899765	       -0.0039933532	        0.0006295177	        0.0009465773	        0.0001715175	        0.0158863882	        0.0042035034	        0.0012098411	        0.1000000000	        0.0010000000	        0.6258109528	        0.0000772108	        0.0000745187
        0.1591392914	        0.8288623968	        0.8924610591	       -0.0042017557	        0.0007364390	        0.0010468300	        0.0001905963	        0.0155640720	        0.0038468906	        0.0013196365	        0.1000000000	        0.0010000000	        0.6269694524	        0.0000774391	        0.0000728650
        0.1757812632	        0.8599238992	        0.8876211882	       -0.0045408413	        0.0008530886	        0.0011482740	        0.0002107565	        0.0151176795	        0.0034858113	        0.0014231948	        0.1000000000	        0.0010000000	        0.6282403622	        0.0000779074	        0.0000716657
        0.1938474899	        0.8894595488	        0.8823294389	       -0.0050134586	        0.0009792020	        0.0012491090	        0.0002317296	        0.0145707408	        0.0031306518	        0.0015188444	        0.1000000000	        0.0010000000	        0.6296358411	        0.0000785707	        0.0000706913
        0.2134245548	        0.9175162746	        0.8765384230	       -0.0056522618	        0.0011144351	        0.0013476434	        0.0002531951	        0.0139441567	        0.0027888511	        0.0016051616	        0.1000000000	        0.0010000000	        0.6311701025	        0.0000793784	        0.0000699890
        0.2345974273	        0.9441358412	        0.8702077451	       -0.0064473052	        0.0012584546	        0.0014463316	        0.0002747650	        0.0132562164	        0.0024653989	        0.0016810384	        0.1000000000	        0.0010000000	        0.6328559187	        0.0000800493	        0.0000695190
        0.2574478906	        0.9693490019	        0.8633312599	       -0.0073896246	        0.0014110689	        0.0015444978	        0.0002960727	        0.0125230221	        0.0021634050	        0.0017457722	        0.1000000000	        0.0010000000	        0.6346973128	        0.0000805403	        0.0000692381
        0.2820527391	        0.9931706456	        0.8558824260	       -0.0084575745	        0.0015724383	        0.0016422380	        0.0003167908	        0.0117586778	        0.0018845225	        0.0017991034	        0.1000000000	        0.0010000000	        0.6367041001	        0.0000807918	        0.0000691706
        0.3084817527	        1.0155961001	        0.8478761870	       -0.0096127119	        0.0017433087	        0.0017407752	        0.0003366519	        0.0109762352	        0.0016294838	        0.0018413324	        0.1000000000	        0.0010000000	        0.6388752560	        0.0000807218	        0.0000692255
        0.3367954708	        1.0365988346	        0.8393169966	       -0.0108168042	        0.0019253290	        0.0018368123	        0.0003555068	        0.0101880665	        0.0013983906	        0.0018733409	        0.1000000000	        0.0010000000	        0.6412127994	        0.0000804914	        0.0000694582
        0.3670428018	        1.0561301747	        0.8302042142	       -0.0120350742	        0.0021213667	        0.0019331175	        0.0003732291	        0.0094065015	        0.0011909991	        0.0018966148	        0.1000000000	        0.0010000000	        0.6437204048	        0.0000799813	        0.0000699101
        0.3992585207	        1.0741223027	        0.8205851456	       -0.0131755288	        0.0023357374	        0.0020306262	        0.0003897696	        0.0086444474	        0.0010069293	        0.0019132394	        0.1000000000	        0.0010000000	        0.6463886933	        0.0000791868	        0.0000704333
        0.4334607283	        1.0904955124	        0.8104822602	       -0.0142151954	        0.0025742958	        0.0021348285	        0.0004051547	        0.0079151527	        0.0008456679	        0.0019256960	        0.1000000000	        0.0010000000	        0.6492151123	        0.0000779539	        0.0000710480
        0.4696483595	        1.1051705723	        0.8000071708	       -0.0149985337	        0.0028440400	        0.0022472049	        0.0004195642	        0.0072322124	        0.0007066105	        0.0019366890	        0.1000000000	        0.0010000000	        0.6521718797	        0.0000763418	        0.0000718772
        0.5077988477	        1.1180850874	        0.7891973729	       -0.0154599630	        0.0031522387	        0.0023717627	        0.0004333173	        0.0066080792	        0.0005888721	        0.0019486512	        0.1000000000	        0.0010000000	        0.6552514946	        0.0000743525	        0.0000727931
        0.5478660655	        1.1292108597	        0.7781929326	       -0.0154560565	        0.0035045591	        0.0025136382	        0.0004468566	        0.0060533715	        0.0004912696	        0.0019635071	        0.1000000000	        0.0010000000	        0.6584165803	        0.0000720001	        0.0000737793
        0.5897786695	        1.1385667144	        0.7670551837	       -0.0149128089	        0.0039026751	        0.0026695576	        0.0004608195	        0.0055751039	        0.0004121924	        0.0019822461	        0.1000000000	        0.0010000000	        0.6616512958	        0.0000695715	        0.0000749158
        0.6334389769	        1.1462215855	        0.7558579002	       -0.0137403409	        0.0043414033	        0.0028345626	        0.0004758784	        0.0051762966	        0.0003496971	        0.0020049374	        0.1000000000	        0.0010000000	        0.6649354996	        0.0000673285	        0.0000761945
        0.6787224963	        1.1522858550	        0.7445868651	       -0.0119541232	        0.0048065836	        0.0030006487	        0.0004926711	        0.0048559139	        0.0003016367	        0.0020308232	        0.1000000000	        0.0010000000	        0.6682744265	        0.0000655173	        0.0000775246
        0.7254782147	        1.1568936618	        0.7332313651	       -0.0095935958	        0.0052744873	        0.0031651132	        0.0005117240	        0.0046100643	        0.0002658932	        0.0020587344	        0.1000000000	        0.0010000000	        0.6716724579	        0.0000641886	        0.0000789310
        0.7735297135	        1.1601819436	        0.7217509576	       -0.0067093315	        0.0057138889	        0.0033242827	        0.0005335531	        0.0044333030	        0.0002405604	        0.0020874201	        0.1000000000	        0.0010000000	        0.6751431770	        0.0000633946	        0.0000804442
        0.8226771500	        1.1622718335	        0.7101075679	       -0.0033745918	        0.0060907192	        0.0034676099	        0.0005587353	        0.0043200538	        0.0002240814	        0.0021158493	        0.1000000000	        0.0010000000	        0.6786999971	        0.0000633092	        0.0000820949
        0.8727000940	        1.1632556377	        0.6981887910	        0.0002822581	        0.0063745497	        0.0035707989	        0.0005878957	        0.0042654776	        0.0002153016	        0.0021432861	        0.1000000000	        0.0010000000	        0.6823799694	        0.0000643395	        0.0000838675
        0.9233611572	        1.1631901032	        0.6857955650	        0.0040044690	        0.0065448731	        0.0036428557	        0.0006214716	        0.0042660251	        0.0002134761	        0.0021693153	        0.1000000000	        0.0010000000	        0.6862489905	        0.0000662928	        0.0000856711
        0.9744103051	        1.1620952296	        0.6728827102	        0.0076795882	        0.0065948503	        0.0036833420	        0.0006598119	        0.0043200455	        0.0002182774	        0.0021940561	        0.1000000000	        0.0010000000	        0.6903271829	        0.0000691977	        0.0000874989
        1.0255896949	        1.1599574975	        0.6592456208	        0.0110263202	        0.0065324674	        0.0036843834	        0.0007032068	        0.0044269650	        0.0002297012	        0.0022178004	        0.1000000000	        0.0010000000	        0.6946870636	        0.0000732652	        0.0000893065
        1.0766388428	        1.1567369546	        0.6447721498	        0.0138343477	        0.0063773558	        0.0036516290	        0.0007515366	        0.0045872786	        0.0002480403	        0.0022411709	        0.1000000000	        0.0010000000	        0.6993749896	        0.0000784733	        0.0000911216
        1.1272999060	        1.1523775828	        0.6292898401	        0.0158545501	        0.0061558848	        0.0036150448	        0.0008041389	        0.0048015131	        0.0002737812	        0.0022648366	        0.1000000000	        0.0010000000	        0.7044602251	        0.0000842034	        0.0000928993
        1.1773228500	        1.1468200204	        0.6129541425	        0.0171202568	        0.0058948906	        0.0035879676	        0.0008599556	        0.0050702642	        0.0003075849	        0.0022897404	        0.1000000000	        0.0010000000	        0.7099065568	        0.0000900316	        0.0000946076
        1.2264702865	        1.1400148951	        0.5957822260	        0.0175576183	        0.0056177555	        0.0035618537	        0.0009178885	        0.0053924434	        0.0003501101	        0.0023164028	        0.1000000000	        0.0010000000	        0.7157232185	        0.0000960146	        0.0000964113
        1.2745217853	        1.1319345185	        0.5779318898	        0.0172649343	        0.0053413262	        0.0035453072	        0.0009764855	        0.0057653958	        0.0004019813	        0.0023450016	        0.1000000000	        0.0010000000	        0.7218715913	        0.0001017468	        0.0000982856
        1.3212775037	        1.1225800013	        0.5595845008	        0.0163262531	        0.0050754668	        0.0035354245	        0.0010342779	        0.0061845502	        0.0004637127	        0.0023751037	        0.1000000000	        0.0010000000	        0.7283022374	        0.0001071156	        0.0001002278
        1.3665610231	        1.1119824452	        0.5409392819	        0.0148862241	        0.0048239770	        0.0035227843	        0.0010898776	        0.0066437509	        0.0005356989	        0.0024056299	        0.1000000000	        0.0010000000	        0.7349557203	        0.0001122533	        0.0001020874
        1.4102213305	        1.1001984868	        0.5221242496	        0.0129337629	        0.0045863961	        0.0034982480	        0.0011419094	        0.0071356329	        0.0006182158	        0.0024348547	        0.1000000000	        0.0010000000	        0.7417941802	        0.0001173455	        0.0001038590
        1.4521339345	        1.0873020403	        0.5032670111	        0.0105565734	        0.0043597376	        0.0034628910	        0.0011888223	        0.0076525828	        0.0007115063	        0.0024606847	        0.1000000000	        0.0010000000	        0.7487768688	        0.0001222628	        0.0001056005
        1.4922011523	        1.0733745501	        0.4845247906	        0.0078096056	        0.0041400071	        0.0034172168	        0.0012290498	        0.0081875656	        0.0008158820	        0.0024809400	        0.1000000000	        0.0010000000	        0.7558484566	        0.0001268910	        0.0001073423
        1.5303516405	        1.0584960246	        0.4660385167	        0.0048211671	        0.0039233574	        0.0033623688	        0.0012612131	        0.0087344570	        0.0009317821	        0.0024935289	        0.1000000000	        0.0010000000	        0.7629555511	        0.0001311030	        0.0001090670
        1.5665392717	        1.0427381072	        0.4479719113	        0.0016657384	        0.0037066996	        0.0032962217	        0.0012842817	        0.0092884427	        0.0010598597	        0.0024966727	        0.1000000000	        0.0010000000	        0.7700316372	        0.0001349286	        0.0001108525
        1.6007414793	        1.0261595637	        0.4304205869	       -0.0015343546	        0.0034880856	        0.0032164945	        0.0012976531	        0.0098456089	        0.0012009505	        0.0024889012	        0.1000000000	        0.0010000000	        0.7770327410	        0.0001384539	        0.0001126320
        1.6329571982	        1.0088038955	        0.4134891401	       -0.0047653701	        0.0032666640	        0.0031210212	        0.0013010553	        0.0104031040	        0.0013561322	        0.0024691964	        0.1000000000	        0.0010000000	        0.7839082901	        0.0001418086	        0.0001146619
        1.6632045292	        0.9906984716	        0.3972086261	       -0.0078921860	        0.0030426360	        0.0030101392	        0.0012945124	        0.0109584384	        0.0015266282	        0.0024368891	        0.1000000000	        0.0010000000	        0.7906352413	        0.0001450481	        0.0001168476
        1.6915182473	        0.9718546228	        0.3816436750	       -0.0109568224	        0.0028169603	        0.0028900433	        0.0012782429	        0.0115097243	        0.0017138761	        0.0023917659	        0.1000000000	        0.0010000000	        0.7971753738	        0.0001479530	        0.0001191997
        1.7179472609	        0.9522681057	        0.3668462619	       -0.0137928425	        0.0025911766	        0.0027614095	        0.0012528746	        0.0120551263	        0.0019194401	        0.0023339654	        0.1000000000	        0.0010000000	        0.8034941230	        0.0001505785	        0.0001223010
        1.7425521094	        0.9319199660	        0.3528387766	       -0.0163661568	        0.0023672013	        0.0026227817	        0.0012193987	        0.0125924086	        0.0021449075	        0.0022639073	        0.1000000000	        0.0010000000	        0.8095685490	        0.0001531435	        0.0001256105
        1.7654025727	        0.9107775702	        0.3396073439	       -0.0186900069	        0.0021471327	        0.0024748515	        0.0011790074	        0.0131185097	        0.0023917507	        0.0021822349	        0.1000000000	        0.0010000000	        0.8153913959	        0.0001558009	        0.0001300085
        1.7865754452	        0.8887956280	        0.3271335085	       -0.0206215899	        0.0019330626	        0.0023192537	        0.0011329886	        0.0136293757	        0.0026612147	        0.0020898071	        0.1000000000	        0.0010000000	        0.8209580707	        0.0001586810	        0.0001351744
        1.8061525101	        0.8659172112	        0.3153755391	       -0.0222796549	        0.0017269595	        0.0021576979	        0.0010826904	        0.0141194470	        0.0029540637	        0.0019876360	        0.1000000000	        0.0010000000	        0.8262753175	        0.0001619413	        0.0001411463
        1.8242187368	        0.8420748916	        0.3042909186	       -0.0235548213	        0.0015305615	        0.0019918274	        0.0010294658	        0.0145814198	        0.0032703356	        0.0018768775	        0.1000000000	        0.0010000000	        0.8313515213	        0.0001657846	        0.0001486357
        1.8408607086	        0.8171921110	        0.2938157398	       -0.0245098212	        0.0013453251	        0.0018218150	        0.0009746483	        0.0150056752	        0.0036089129	        0.0017587820	        0.1000000000	        0.0010000000	        0.8362062874	        0.0001706078	        0.0001577846
        1.8561652810	        0.7911850444	        0.2838706531	       -0.0250896528	        0.0011723853	        0.0016504254	        0.0009194535	        0.0153799081	        0.0039670462	        0.0016346821	        0.1000000000	        0.0010000000	        0.8408681411	        0.0001766748	        0.0001688517
        1.8702184608	        0.7639650659	        0.2743841656	       -0.0253702488	        0.0010125355	        0.0014783027	        0.0008649790	        0.0156889730	        0.0043398551	        0.0015059991	        0.1000000000	        0.0010000000	        0.8453637206	        0.0001845726	        0.0001830947
        1.8831044915	        0.7354422443	        0.2652439271	       -0.0252387987	        0.0008662505	        0.0013068580	        0.0008121523	        0.0159142462	        0.0047195306	        0.0013741907	        0.1000000000	        0.0010000000	        0.8497409207	        0.0001950254	        0.0002013723
        1.8949051275	        0.7055301936	        0.2563492676	       -0.0247833241	        0.0007336883	        0.0011403868	        0.0007616391	        0.0160341114	        0.0050948976	        0.0012407924	        0.1000000000	        0.0010000000	        0.8540442540	        0.0002085381	        0.0002228913
        1.9056990763	        0.6741524528	        0.2475946428	       -0.0240240385	        0.0006147288	        0.0009809027	        0.0007139083	        0.0160242937	        0.0054509384	        0.0011073953	        0.1000000000	        0.0010000000	        0.8583226129	        0.0002261178	        0.0002493908
        1.9155615890	        0.6412509687	        0.2388545485	       -0.0229826918	        0.0005090140	        0.0008310558	        0.0006691818	        0.0158588447	        0.0057687082	        0.0009756321	        0.1000000000	        0.0010000000	        0.8626368441	        0.0002489171	        0.0002836479
        1.9245641781	        0.6067967745	        0.2300068707	       -0.0215700572	        0.0004159867	        0.0006943076	        0.0006273824	        0.0155123739	        0.0060261648	        0.0008471807	        0.1000000000	        0.0010000000	        0.8670485796	        0.0002779110	        0.0003273704
        1.9327744427	        0.5708027176	        0.2209386849	       -0.0197942356	        0.0003349368	        0.0005726771	        0.0005881555	        0.0149632015	        0.0062000416	        0.0007237430	        0.1000000000	        0.0010000000	        0.8716173407	        0.0003142138	        0.0003782907
        1.9402559838	        0.5333379094	        0.2115413805	       -0.0178044297	        0.0002650506	        0.0004667180	        0.0005508619	        0.0141975027	        0.0062690239	        0.0006070020	        0.1000000000	        0.0010000000	        0.8764029997	        0.0003591312	        0.0004376521
        1.9470683933	        0.4945429396	        0.2017142789	       -0.0155909870	        0.0002054574	        0.0003759907	        0.0005145376	        0.0132142848	        0.0062182828	        0.0004985645	        0.1000000000	        0.0010000000	        0.8814640734	        0.0004140036	        0.0005142080
        1.9532673011	        0.4546441981	        0.1913689091	       -0.0129219357	        0.0001552757	        0.0002991592	        0.0004778849	        0.0120302739	        0.0060447620	        0.0003998818	        0.1000000000	        0.0010000000	        0.8868556067	        0.0004803267	        0.0006000538
        1.9589044686	        0.4139650390	        0.1804247790	       -0.0102843281	        0.0001136562	        0.0002346379	        0.0004393619	        0.0106832220	        0.0057619408	        0.0003121510	        0.1000000000	        0.0010000000	        0.8926314458	        0.0005593979	        0.0006832895
        1.9640279170	        0.3729308753	        0.1688282121	       -0.0079297778	        0.0000798199	        0.0001809429	        0.0003974857	        0.0092320516	        0.0054025508	        0.0002362160	        0.1000000000	        0.0010000000	        0.8988342773	        0.0006517319	        0.0007815744
        1.9686820816	        0.3320644163	        0.1565631237	       -0.0055304465	        0.0000530833	        0.0001367054	        0.0003514073	        0.0077519726	        0.0050175257	        0.0001724763	        0.1000000000	        0.0010000000	        0.9054891894	        0.0007570254	        0.0008947264
        1.9729079831	        0.2921924456	        0.1436563302	       -0.0033510793	        0.0000364867	        0.0001008622	        0.0003015642	        0.0063334051	        0.0046739177	        0.0001211371	        0.1000000000	        0.0010000000	        0.9125995334	        0.0008736547	        0.0010053582
        1.9767434111	        0.2541744042	        0.1301921204	       -0.0015550175	        0.0000254216	        0.0000725596	        0.0002499518	        0.0050406567	        0.0044126678	        0.0000816712	        0.1000000000	        0.0010000000	        0.9201369466	        0.0009983376	        0.0011148181
        1.9802231129	        0.2183777650	        0.1163117310	       -0.0001606635	        0.0000167491	        0.0000508905	        0.0001995659	        0.0039027091	        0.0042489847	        0.0000525767	        0.1000000000	        0.0010000000	        0.9280388005	        0.0011268133	        0.0012240903
        1.9833789852	        0.1849358802	        0.1021961711	        0.0008618542	        0.0000103287	        0.0000348013	        0.0001533166	        0.0029317599	        0.0041891973	        0.0000320528	        0.1000000000	        0.0010000000	        0.9362149448	        0.0012548368	        0.0013202231
        1.9862402627	        0.1539320112	        0.0880410593	        0.0013124476	        0.0000058958	        0.0000231714	        0.0001131771	        0.0021286309	        0.0042310762	        0.0000183060	        0.1000000000	        0.0010000000	        0.9445599603	        0.0013789381	        0.0013988719
        1.9888337046	        0.1253843533	        0.0740338026	        0.0012689666	        0.0000030722	        0.0000149490	        0.0000799614	        0.0014844435	        0.0043659052	        0.0000096469	        0.1000000000	        0.0010000000	        0.9529655574	        0.0014967880	        0.0014918241
        1.9911837738	        0.0992436542	        0.0603370740	        0.0012205706	        0.0000014315	        0.0000092486	        0.0000535870	        0.0009837910	        0.0045812190	        0.0000045846	        0.1000000000	        0.0010000000	        0.9613307439	        0.0016072345	        0.0016018774
        1.9933128092	        0.0754044040	        0.0470805074	        0.0011791289	        0.0000005762	        0.0000053833	        0.0000334688	        0.0006081704	        0.0048632945	        0.0000018930	        0.1000000000	        0.0010000000	        0.9695681594	        0.0017099392	        0.0016948406
        1.9952411902	        0.0537235000	        0.0343613829	        0.0009912085	        0.0000001878	        0.0000028449	        0.0000188245	        0.0003386781	        0.0051988646	        0.0000006354	        0.1000000000	        0.0010000000	        0.9776054173	        0.0018049225	        0.0017739865
        1.9969874916	        0.0340390418	        0.0222485419	        0.0007535137	        0.0000000433	        0.0000012655	        0.0000088492	        0.0001576309	        0.0055759901	        0.0000001513	        0.1000000000	        0.0010000000	        0.9853844223	        0.0018923870	        0.0018487784
        1.9985686299	        0.0161848918	        0.0107865229	        0.0004479436	        0.0000000049	        0.0000003806	        0.0000027954	        0.0000492866	        0.0059843104	        0.0000000177	        0.1000000000	        0.0010000000	        0.9928603262	        0.0019726395	        0.0019116705
        2.0000000000	        0.0000000000	        0.0000000000	        0.0000658716	        0.0000000000	        0.0000000000	        0.0000000000	        0.0000000000	        0.0064149615	        0.0000000000	        0.1000000000	        0.0010000000	        1.0000000000	        0.0020460560	        0.0019844589
