        0.0000000000	        0.0000000000	        1.0000000000	        0.0001524961	        0.0000000000	        0.0000000000	        0.0000000000	        0.0000000000	        0.0060633507	        0.0000000000	        0.1000000000	        0.0010000000	        0.6000000000	        0.0009998021	        0.0008916128
        0.0014313701	        0.0131292706	        0.9948223538	       -0.0004203079	        0.0000000011	        0.0000000408	        0.0000000854	        0.0000279511	        0.0057352545	        0.0000000052	        0.1000000000	        0.0010000000	        0.6012452140	        0.0009293705	        0.0008366253
        0.0030125084	        0.0276089691	        0.9895180344	       -0.0008935371	        0.0000000102	        0.0000001738	        0.0000003374	        0.0000894607	        0.0054109978	        0.0000000448	        0.1000000000	        0.0010000000	        0.6025262638	        0.0008591117	        0.0007865878
        0.0047588098	        0.0435716120	        0.9841197665	       -0.0013237912	        0.0000000452	        0.0000004707	        0.0000008409	        0.0001926190	        0.0050953699	        0.0000001925	        0.1000000000	        0.0010000000	        0.6038356203	        0.0007889965	        0.0007223699
        0.0066871908	        0.0611596044	        0.9786630898	       -0.0018101801	        0.0000001429	        0.0000010396	        0.0000016979	        0.0003469016	        0.0047939517	        0.0000005899	        0.1000000000	        0.0010000000	        0.6051649400	        0.0007196894	        0.0006527968
        0.0088162262	        0.0805235375	        0.9731869627	       -0.0023399562	        0.0000003687	        0.0000020443	        0.0000030305	        0.0005633084	        0.0045132023	        0.0000014753	        0.1000000000	        0.0010000000	        0.6065048953	        0.0006517759	        0.0005855837
        0.0111662954	        0.1018185908	        0.9677328194	       -0.0029202219	        0.0000008282	        0.0000037301	        0.0000049814	        0.0008544246	        0.0042605157	        0.0000032168	        0.1000000000	        0.0010000000	        0.6078453827	        0.0005858722	        0.0005216166
        0.0137597373	        0.1251982514	        0.9623430789	       -0.0035292602	        0.0000016788	        0.0000064572	        0.0000077097	        0.0012343002	        0.0040441989	        0.0000063458	        0.1000000000	        0.0010000000	        0.6091758751	        0.0005226636	        0.0004611058
        0.0166210148	        0.1508047881	        0.9570583415	       -0.0041774316	        0.0000031357	        0.0000107419	        0.0000113791	        0.0017179865	        0.0038732836	        0.0000115872	        0.1000000000	        0.0010000000	        0.6104861145	        0.0004627221	        0.0004043749
        0.0197768871	        0.1787567385	        0.9519182465	       -0.0048437849	        0.0000054675	        0.0000173013	        0.0000161336	        0.0023205418	        0.0037570635	        0.0000198775	        0.1000000000	        0.0010000000	        0.6117659111	        0.0004064752	        0.0003521275
        0.0232565889	        0.2091352154	        0.9469593670	       -0.0055277132	        0.0000089740	        0.0000270849	        0.0000220597	        0.0030553655	        0.0037042303	        0.0000323627	        0.1000000000	        0.0010000000	        0.6130056838	        0.0003543055	        0.0003043524
        0.0270920169	        0.2419725386	        0.9422137707	       -0.0062120083	        0.0000139486	        0.0000412616	        0.0000291378	        0.0039319308	        0.0037215899	        0.0000503711	        0.1000000000	        0.0010000000	        0.6141968479	        0.0003065994	        0.0002620635
        0.0313179184	        0.2772471200	        0.9377047566	       -0.0068720164	        0.0000206373	        0.0000611214	        0.0000372044	        0.0049533216	        0.0038124978	        0.0000753605	        0.1000000000	        0.0010000000	        0.6153329257	        0.0002637908	        0.0002252506
        0.0359720830	        0.3148863519	        0.9334424524	       -0.0074935115	        0.0000292165	        0.0000878779	        0.0000459644	        0.0061142531	        0.0039753686	        0.0001088488	        0.1000000000	        0.0010000000	        0.6164107142	        0.0002262767	        0.0001933633
        0.0410955314	        0.3547753068	        0.9294201595	       -0.0080770657	        0.0000398018	        0.0001224013	        0.0000550735	        0.0074002173	        0.0042027149	        0.0001523406	        0.1000000000	        0.0010000000	        0.6174312805	        0.0001943288	        0.0001667491
        0.0467326989	        0.3965795920	        0.9256120574	       -0.0086048221	        0.0000552049	        0.0001650122	        0.0000642654	        0.0087828777	        0.0044811639	        0.0002070329	        0.1000000000	        0.0010000000	        0.6184006199	        0.0001679422	        0.0001452794
        0.0529316067	        0.4395040662	        0.9219764652	       -0.0090815468	        0.0000794515	        0.0002155299	        0.0000734575	        0.0102030557	        0.0047800721	        0.0002731884	        0.1000000000	        0.0010000000	        0.6193288917	        0.0001467492	        0.0001280717
        0.0597440162	        0.4827772228	        0.9184616501	       -0.0095148899	        0.0001096123	        0.0002736164	        0.0000827775	        0.0115775356	        0.0050500678	        0.0003504013	        0.1000000000	        0.0010000000	        0.6202289790	        0.0001300728	        0.0001147331
        0.0672255573	        0.5258945923	        0.9150136249	       -0.0099026867	        0.0001462677	        0.0003390741	        0.0000924990	        0.0128365420	        0.0052533450	        0.0004380684	        0.1000000000	        0.0010000000	        0.6211145082	        0.0001171223	        0.0001044241
        0.0754358219	        0.5684181743	        0.9115786904	       -0.0102611320	        0.0001900360	        0.0004121203	        0.0001029496	        0.0139234734	        0.0053648468	        0.0005350977	        0.1000000000	        0.0010000000	        0.6219991933	        0.0001070975	        0.0000961764
        0.0844384110	        0.6099899343	        0.9081094545	       -0.0106067326	        0.0002415468	        0.0004928792	        0.0001144444	        0.0148000262	        0.0053736369	        0.0006399845	        0.1000000000	        0.0010000000	        0.6228952746	        0.0000994049	        0.0000898565
        0.0943009237	        0.6503359198	        0.9045550222	       -0.0109357929	        0.0003014083	        0.0005804379	        0.0001272457	        0.0154471973	        0.0052815520	        0.0007509100	        0.1000000000	        0.0010000000	        0.6238160434	        0.0000937129	        0.0000850122
        0.1050948725	        0.6892626230	        0.9008588900	       -0.0112799090	        0.0003701727	        0.0006733982	        0.0001415261	        0.0158631360	        0.0051000344	        0.0008658470	        0.1000000000	        0.0010000000	        0.6247764107	        0.0000897033	        0.0000814672
        0.1168955085	        0.7266478272	        0.8969631247	       -0.0116328442	        0.0004483021	        0.0007712439	        0.0001573471	        0.0160592102	        0.0048462823	        0.0009826587	        0.1000000000	        0.0010000000	        0.6257918549	        0.0000869372	        0.0000787248
        0.1297815392	        0.7624283359	        0.8928194073	       -0.0120393447	        0.0005361359	        0.0008737518	        0.0001746755	        0.0160555981	        0.0045396982	        0.0010991864	        0.1000000000	        0.0010000000	        0.6268755575	        0.0000850416	        0.0000764247
        0.1438347190	        0.7965865861	        0.8883808868	       -0.0125024428	        0.0006338660	        0.0009793467	        0.0001934113	        0.0158771479	        0.0041991281	        0.0012133155	        0.1000000000	        0.0010000000	        0.6280405308	        0.0000838545	        0.0000745187
        0.1591392914	        0.8291375781	        0.8835966719	       -0.0130661428	        0.0007415230	        0.0010869543	        0.0002133850	        0.0155501296	        0.0038411370	        0.0013230286	        0.1000000000	        0.0010000000	        0.6293010968	        0.0000831884	        0.0000728650
        0.1757812632	        0.8601170480	        0.8784239624	       -0.0137380671	        0.0008589753	        0.0011962778	        0.0002343644	        0.0151001057	        0.0034792356	        0.0014264609	        0.1000000000	        0.0010000000	        0.6306697308	        0.0000828374	        0.0000716657
        0.1938474899	        0.8895712519	        0.8728239145	       -0.0145189831	        0.0009859532	        0.0013053628	        0.0002560830	        0.0145506030	        0.0031237270	        0.0015219484	        0.1000000000	        0.0010000000	        0.6321581601	        0.0000827547	        0.0000706913
        0.2134245548	        0.9175483389	        0.8667510221	       -0.0154396626	        0.0011221038	        0.0014123594	        0.0002782245	        0.0139224716	        0.0027819589	        0.0016080741	        0.1000000000	        0.0010000000	        0.6337802270	        0.0000828858	        0.0000699890
        0.2345974273	        0.9440912125	        0.8601666176	       -0.0164884326	        0.0012670814	        0.0015196368	        0.0003004057	        0.0132339162	        0.0024588328	        0.0016837354	        0.1000000000	        0.0010000000	        0.6355483502	        0.0000829447	        0.0000695190
        0.2574478906	        0.9692317423	        0.8530661551	       -0.0176547294	        0.0014206769	        0.0016265181	        0.0003222651	        0.0125009309	        0.0021573770	        0.0017482326	        0.1000000000	        0.0010000000	        0.6374661404	        0.0000828831	        0.0000692381
        0.2820527391	        0.9929859648	        0.8454245921	       -0.0189154084	        0.0015830272	        0.0017331341	        0.0003434810	        0.0117374913	        0.0018791726	        0.0018013052	        0.1000000000	        0.0010000000	        0.6395430512	        0.0000826360	        0.0000691706
        0.3084817527	        1.0153504259	        0.8372582993	       -0.0202305995	        0.0017548475	        0.0018408166	        0.0003637914	        0.0109565031	        0.0016248890	        0.0018432485	        0.1000000000	        0.0010000000	        0.6417775906	        0.0000821157	        0.0000692255
        0.3367954708	        1.0362998938	        0.8285731221	       -0.0215606787	        0.0019377479	        0.0019461997	        0.0003830531	        0.0101701728	        0.0013945728	        0.0018749344	        0.1000000000	        0.0010000000	        0.6441713106	        0.0000814777	        0.0000694582
        0.3670428018	        1.0557870355	        0.8193697839	       -0.0228695045	        0.0021345484	        0.0020522226	        0.0004011445	        0.0093906465	        0.0011879325	        0.0018978346	        0.1000000000	        0.0010000000	        0.6467274043	        0.0000805979	        0.0000699101
        0.3992585207	        1.0737453059	        0.8096968648	       -0.0240638096	        0.0023495102	        0.0021599380	        0.0004180206	        0.0086306343	        0.0010045475	        0.0019140187	        0.1000000000	        0.0010000000	        0.6494358731	        0.0000794674	        0.0000704333
        0.4334607283	        1.0900960076	        0.7995779602	       -0.0251194954	        0.0025884332	        0.0022752571	        0.0004337113	        0.0079031861	        0.0008438726	        0.0019259538	        0.1000000000	        0.0010000000	        0.6522936060	        0.0000779284	        0.0000710480
        0.4696483595	        1.1047603929	        0.7891256218	       -0.0258800827	        0.0028582701	        0.0023998807	        0.0004483997	        0.0072217197	        0.0007052821	        0.0019363381	        0.1000000000	        0.0010000000	        0.6552720330	        0.0000760366	        0.0000718772
        0.5077988477	        1.1176757713	        0.7783781592	       -0.0262791767	        0.0031662744	        0.0025382421	        0.0004624096	        0.0065985585	        0.0005878828	        0.0019476107	        0.1000000000	        0.0010000000	        0.6583630527	        0.0000737899	        0.0000727931
        0.5478660655	        1.1288127478	        0.7674764344	       -0.0261725547	        0.0035181492	        0.0026960735	        0.0004761875	        0.0060442652	        0.0004904977	        0.0019617181	        0.1000000000	        0.0010000000	        0.6615283746	        0.0000711978	        0.0000737793
        0.5897786695	        1.1381881720	        0.7564827175	       -0.0254852751	        0.0039156744	        0.0028700204	        0.0004903769	        0.0055658784	        0.0004115333	        0.0019796842	        0.1000000000	        0.0010000000	        0.6647513798	        0.0000685416	        0.0000749158
        0.6334389769	        1.1458686029	        0.7454720137	       -0.0241262274	        0.0043538422	        0.0030547925	        0.0005056552	        0.0051665069	        0.0003490694	        0.0020016180	        0.1000000000	        0.0010000000	        0.6680109976	        0.0000660782	        0.0000761945
        0.6787224963	        1.1519621495	        0.7344316639	       -0.0221093244	        0.0048187080	        0.0032416091	        0.0005226658	        0.0048452350	        0.0003009826	        0.0020267970	        0.1000000000	        0.0010000000	        0.6713116468	        0.0000640484	        0.0000775246
        0.7254782147	        1.1566012011	        0.7233527734	       -0.0194721874	        0.0052867356	        0.0034273799	        0.0005419387	        0.0045982871	        0.0002651737	        0.0020540759	        0.1000000000	        0.0010000000	        0.6746567697	        0.0000624991	        0.0000789310
        0.7735297135	        1.1599216737	        0.7121968078	       -0.0162634814	        0.0057267933	        0.0036078204	        0.0005639931	        0.0044203058	        0.0002397489	        0.0020822150	        0.1000000000	        0.0010000000	        0.6780590202	        0.0000614795	        0.0000804442
        0.8226771500	        1.1620443872	        0.7009275513	       -0.0125546084	        0.0061047454	        0.0037707500	        0.0005894085	        0.0043057666	        0.0002231574	        0.0021101832	        0.1000000000	        0.0010000000	        0.6815308387	        0.0000611606	        0.0000820949
        0.8727000940	        1.1630618786	        0.6894342891	       -0.0084722439	        0.0063899241	        0.0038881411	        0.0006188121	        0.0042498521	        0.0002142461	        0.0021372373	        0.1000000000	        0.0010000000	        0.6851084810	        0.0000619478	        0.0000838675
        0.9233611572	        1.1630314486	        0.6775192720	       -0.0042718239	        0.0065614600	        0.0039694260	        0.0006526419	        0.0042490169	        0.0002122690	        0.0021629509	        0.1000000000	        0.0010000000	        0.6888572787	        0.0000636483	        0.0000856711
        0.9744103051	        1.1619737509	        0.6651377013	       -0.0000654206	        0.0066121268	        0.0040135746	        0.0006912440	        0.0043016106	        0.0002168965	        0.0021874304	        0.1000000000	        0.0010000000	        0.6927965824	        0.0000662923	        0.0000874989
        1.0255896949	        1.1598758130	        0.6520840943	        0.0038647936	        0.0065496117	        0.0040113174	        0.0007349064	        0.0044070707	        0.0002281230	        0.0022109552	        0.1000000000	        0.0010000000	        0.6969987855	        0.0000700941	        0.0000893065
        1.0766388428	        1.1566979322	        0.6382438200	        0.0073060180	        0.0063934125	        0.0039691369	        0.0007835031	        0.0045659269	        0.0002462425	        0.0022341386	        0.1000000000	        0.0010000000	        0.7015102702	        0.0000750377	        0.0000911216
        1.1272999060	        1.1523838891	        0.6234398162	        0.0100045261	        0.0061699537	        0.0039214690	        0.0008363637	        0.0047787724	        0.0002717465	        0.0022576446	        0.1000000000	        0.0010000000	        0.7064009955	        0.0000805126	        0.0000928993
        1.1773228500	        1.1468735828	        0.6078204615	        0.0119865758	        0.0059062761	        0.0038837465	        0.0008924185	        0.0050463000	        0.0003053056	        0.0022824176	        0.1000000000	        0.0010000000	        0.7116355626	        0.0000861051	        0.0000946076
        1.2264702865	        1.1401163836	        0.5913935675	        0.0131689598	        0.0056260492	        0.0038465032	        0.0009505603	        0.0053675425	        0.0003475935	        0.0023089873	        0.1000000000	        0.0010000000	        0.7172251188	        0.0000918812	        0.0000964113
        1.2745217853	        1.1320829717	        0.5743059089	        0.0136389534	        0.0053464128	        0.0038197061	        0.0010093285	        0.0057399716	        0.0003992535	        0.0023375469	        0.1000000000	        0.0010000000	        0.7231334556	        0.0000974435	        0.0000982856
        1.3212775037	        1.1227726929	        0.5567267925	        0.0134685449	        0.0050774758	        0.0038002381	        0.0010672481	        0.0061591257	        0.0004608204	        0.0023676806	        0.1000000000	        0.0010000000	        0.7293141731	        0.0001026854	        0.0001002278
        1.3665610231	        1.1122150140	        0.5388432874	        0.0127902295	        0.0048232080	        0.0037777021	        0.0011229284	        0.0066189218	        0.0005327080	        0.0023983240	        0.1000000000	        0.0010000000	        0.7357112777	        0.0001077422	        0.0001020874
        1.4102213305	        1.1004652712	        0.5207719736	        0.0115814869	        0.0045832437	        0.0037421453	        0.0011749935	        0.0071120197	        0.0006152084	        0.0024277593	        0.1000000000	        0.0010000000	        0.7422905798	        0.0001128001	        0.0001038590
        1.4521339345	        1.0875965139	        0.5026302423	        0.0099198046	        0.0043546303	        0.0036950966	        0.0012218932	        0.0076307825	        0.0007085756	        0.0024538909	        0.1000000000	        0.0010000000	        0.7490149546	        0.0001177296	        0.0001056005
        1.4922011523	        1.0736897509	        0.4845666148	        0.0078514298	        0.0041333659	        0.0036373965	        0.0012620623	        0.0081681102	        0.0008131267	        0.0024745273	        0.1000000000	        0.0010000000	        0.7558325273	        0.0001224146	        0.0001073423
        1.5303516405	        1.0588249109	        0.4667150807	        0.0054977310	        0.0039155721	        0.0035705182	        0.0012941252	        0.0087177872	        0.0009293018	        0.0024875580	        0.1000000000	        0.0010000000	        0.7626930890	        0.0001267255	        0.0001090670
        1.5665392717	        1.0430738104	        0.4492342291	        0.0029280563	        0.0036981181	        0.0034922537	        0.0013170541	        0.0092748924	        0.0010577508	        0.0024911815	        0.1000000000	        0.0010000000	        0.7695329671	        0.0001306891	        0.0001108525
        1.6007414793	        1.0264955443	        0.4322162820	        0.0002613404	        0.0034790110	        0.0034002082	        0.0013302503	        0.0098354028	        0.0011993042	        0.0024839040	        0.1000000000	        0.0010000000	        0.7763106097	        0.0001343882	        0.0001126320
        1.6329571982	        1.0091340208	        0.4157640516	       -0.0024904587	        0.0032573555	        0.0032921147	        0.0013334447	        0.0103963604	        0.0013550323	        0.0024646857	        0.1000000000	        0.0010000000	        0.7829774229	        0.0001379493	        0.0001146619
        1.6632045292	        0.9910170402	        0.3999081724	       -0.0051926397	        0.0030333115	        0.0031684223	        0.0013266643	        0.0109551778	        0.0015261498	        0.0024328393	        0.1000000000	        0.0010000000	        0.7895118415	        0.0001414256	        0.0001168476
        1.6915182473	        0.9721563568	        0.3847139187	       -0.0078865787	        0.0028078002	        0.0030358491	        0.0013101285	        0.0115098766	        0.0017140844	        0.0023881370	        0.1000000000	        0.0010000000	        0.7958767562	        0.0001445961	        0.0001191997
        1.7179472609	        0.9525481257	        0.3702347046	       -0.0104043998	        0.0025823270	        0.0028950709	        0.0012844660	        0.0120585388	        0.0019203885	        0.0023307077	        0.1000000000	        0.0010000000	        0.8020383732	        0.0001475153	        0.0001223010
        1.7425521094	        0.9321737616	        0.3564949918	       -0.0127099415	        0.0023587773	        0.0027444756	        0.0012506682	        0.0125988525	        0.0021466347	        0.0022609655	        0.1000000000	        0.0010000000	        0.8079741699	        0.0001504021	        0.0001256105
        1.7654025727	        0.9110009728	        0.3434833888	       -0.0148139620	        0.0021392209	        0.0025847668	        0.0012099263	        0.0131276850	        0.0023942776	        0.0021795522	        0.1000000000	        0.0010000000	        0.8136769819	        0.0001534102	        0.0001300085
        1.7865754452	        0.8889847911	        0.3311841617	       -0.0165709367	        0.0019257244	        0.0024176566	        0.0011635265	        0.0136409135	        0.0026645392	        0.0020873288	        0.1000000000	        0.0010000000	        0.8191420783	        0.0001566719	        0.0001351744
        1.8061525101	        0.8660686035	        0.3195583939	       -0.0180968001	        0.0017202334	        0.0022449316	        0.0011128135	        0.0141329105	        0.0029581541	        0.0019853114	        0.1000000000	        0.0010000000	        0.8243758513	        0.0001603477	        0.0001411463
        1.8242187368	        0.8421853059	        0.3085663553	       -0.0192793845	        0.0015244666	        0.0020683110	        0.0010591361	        0.0145963031	        0.0032751224	        0.0018746625	        0.1000000000	        0.0010000000	        0.8293862128	        0.0001646447	        0.0001486357
        1.8408607086	        0.8172586932	        0.2981468323	       -0.0201787287	        0.0013398634	        0.0018879933	        0.0010038229	        0.0150214031	        0.0036142789	        0.0017566405	        0.1000000000	        0.0010000000	        0.8341921656	        0.0001699649	        0.0001577846
        1.8561652810	        0.7912053455	        0.2882230431	       -0.0207372627	        0.0011675443	        0.0017069068	        0.0009480834	        0.0153958372	        0.0039728159	        0.0016325867	        0.1000000000	        0.0010000000	        0.8388215361	        0.0001765777	        0.0001688517
        1.8702184608	        0.7639371219	        0.2787259406	       -0.0210284738	        0.0010082916	        0.0015257828	        0.0008930095	        0.0157043964	        0.0043457842	        0.0015039318	        0.1000000000	        0.0010000000	        0.8433002329	        0.0001850759	        0.0001830947
        1.8831044915	        0.7353646851	        0.2695455288	       -0.0209371970	        0.0008625706	        0.0013461627	        0.0008395233	        0.0159284056	        0.0047252987	        0.0013721432	        0.1000000000	        0.0010000000	        0.8476752791	        0.0001961889	        0.0002013723
        1.8949051275	        0.7054023831	        0.2605834532	       -0.0205491385	        0.0007305330	        0.0011725186	        0.0007882864	        0.0160462197	        0.0051001069	        0.0012387654	        0.1000000000	        0.0010000000	        0.8519902861	        0.0002104255	        0.0002228913
        1.9056990763	        0.6739746573	        0.2517365066	       -0.0198821747	        0.0006120538	        0.0010069177	        0.0007397656	        0.0160335711	        0.0054551236	        0.0011053983	        0.1000000000	        0.0010000000	        0.8562931665	        0.0002287949	        0.0002493908
        1.9155615890	        0.6410245481	        0.2428816015	       -0.0189556387	        0.0005067727	        0.0008520107	        0.0006941832	        0.0158645734	        0.0057713630	        0.0009736821	        0.1000000000	        0.0010000000	        0.8606436597	        0.0002524495	        0.0002836479
        1.9245641781	        0.6065243806	        0.2338991464	       -0.0176777815	        0.0004141316	        0.0007111906	        0.0006514647	        0.0155139693	        0.0060267896	        0.0008453009	        0.1000000000	        0.0010000000	        0.8651022196	        0.0002823620	        0.0003273704
        1.9327744427	        0.5704884802	        0.2246788010	       -0.0160541195	        0.0003334210	        0.0005863299	        0.0006112581	        0.0149602976	        0.0061982131	        0.0007219606	        0.1000000000	        0.0010000000	        0.8697271626	        0.0003196453	        0.0003782907
        1.9402559838	        0.5329875762	        0.2151144635	       -0.0142313467	        0.0002638292	        0.0004778041	        0.0005729221	        0.0141900400	        0.0062644802	        0.0006053457	        0.1000000000	        0.0010000000	        0.8745771970	        0.0003656084	        0.0004376521
        1.9470683933	        0.4941639322	        0.2051076639	       -0.0121976021	        0.0002044886	        0.0003850046	        0.0005354799	        0.0132025819	        0.0062110077	        0.0004970616	        0.1000000000	        0.0010000000	        0.8797098458	        0.0004216057	        0.0005142080
        1.9532673011	        0.4542455373	        0.1945715788	       -0.0097192659	        0.0001545212	        0.0003064581	        0.0004976056	        0.0120150572	        0.0060350421	        0.0003985552	        0.1000000000	        0.0010000000	        0.8851794865	        0.0004891607	        0.0006000538
        1.9589044686	        0.4135570942	        0.1834266178	       -0.0072824893	        0.0001130817	        0.0002404838	        0.0004577129	        0.0106655876	        0.0057503655	        0.0003110164	        0.1000000000	        0.0010000000	        0.8910397306	        0.0005696119	        0.0006832895
        1.9640279170	        0.3725249041	        0.1716193140	       -0.0051386759	        0.0000793953	        0.0001855443	        0.0004142709	        0.0092133438	        0.0053899347	        0.0002352798	        0.1000000000	        0.0010000000	        0.8973334942	        0.0006635162	        0.0007815744
        1.9686820816	        0.3316718739	        0.1591335094	       -0.0029600609	        0.0000527823	        0.0001402474	        0.0003664037	        0.0077335868	        0.0050047552	        0.0001717344	        0.1000000000	        0.0010000000	        0.9040863749	        0.0007705908	        0.0008947264
        1.9729079831	        0.2918275334	        0.1459963690	       -0.0010110405	        0.0000363402	        0.0001035220	        0.0003145717	        0.0063166819	        0.0046617897	        0.0001205797	        0.1000000000	        0.0010000000	        0.9113021318	        0.0008891871	        0.0010053582
        1.9767434111	        0.2538469645	        0.1322936656	        0.0005465278	        0.0000253148	        0.0000745089	        0.0002608567	        0.0050261938	        0.0044011558	        0.0000812742	        0.1000000000	        0.0010000000	        0.9189522888	        0.0010159434	        0.0011148181
        1.9802231129	        0.2180894512	        0.1181695441	        0.0016971496	        0.0000166756	        0.0000522867	        0.0002083809	        0.0038906904	        0.0042378759	        0.0000523075	        0.1000000000	        0.0010000000	        0.9269733233	        0.0011464834	        0.0012240903
        1.9833789852	        0.1846872557	        0.1038090080	        0.0024746911	        0.0000102817	        0.0000357792	        0.0001601781	        0.0029221755	        0.0041781195	        0.0000318806	        0.1000000000	        0.0010000000	        0.9352734599	        0.0012764458	        0.0013202231
        1.9862402627	        0.1537225151	        0.0894120361	        0.0026834244	        0.0000058682	        0.0000238398	        0.0001183099	        0.0021213117	        0.0042195548	        0.0000182033	        0.1000000000	        0.0010000000	        0.9437452127	        0.0014022735	        0.0013988719
        1.9888337046	        0.1252124330	        0.0751700572	        0.0024052212	        0.0000030575	        0.0000153918	        0.0000836339	        0.0014791142	        0.0043534235	        0.0000095906	        0.1000000000	        0.0010000000	        0.9522781322	        0.0015215899	        0.0014918241
        1.9911837738	        0.0991070420	        0.0612489925	        0.0021324891	        0.0000014247	        0.0000095297	        0.0000560761	        0.0009801231	        0.0045672689	        0.0000045569	        0.1000000000	        0.0010000000	        0.9607692349	        0.0016332308	        0.0016018774
        1.9933128092	        0.0753004405	        0.0477808045	        0.0018794259	        0.0000005734	        0.0000055509	        0.0000350382	        0.0006058248	        0.0048474088	        0.0000018812	        0.1000000000	        0.0010000000	        0.9691294760	        0.0017368677	        0.0016948406
        1.9952411902	        0.0536494092	        0.0348642298	        0.0014940554	        0.0000001869	        0.0000029354	        0.0000197137	        0.0003373303	        0.0051806336	        0.0000006314	        0.1000000000	        0.0010000000	        0.9772851376	        0.0018325435	        0.0017739865
        1.9969874916	        0.0339921169	        0.0225688313	        0.0010738031	        0.0000000431	        0.0000013064	        0.0000092693	        0.0001569846	        0.0055550664	        0.0000001503	        0.1000000000	        0.0010000000	        0.9851771356	        0.0019204883	        0.0018487784
        1.9985686299	        0.0161625945	        0.0109392916	        0.0006007123	        0.0000000049	        0.0000003931	        0.0000029285	        0.0000490784	        0.0059604083	        0.0000000176	        0.1000000000	        0.0010000000	        0.9927599397	        0.0020010375	        0.0019116705
        2.0000000000	        0.0000000000	        0.0000000000	        0.0000658716	        0.0000000000	        0.0000000000	        0.0000000000	        0.0000000000	        0.0063878538	        0.0000000000	        0.1000000000	        0.0010000000	        1.0000000000	        0.0020745720	        0.0019844589
