        0.0000000000	        0.0000000000	        1.0000000000	       -0.0000111274	        0.0000000000	        0.0000000000	        0.0000000000	        0.0000000000	        0.0044486944	        0.0000000000	        0.1000000000	        0.0010000000	        0.3333333333	        0.0008691622	        0.0009333078
        0.0014313701	        0.0098693102	        0.9957812838	        0.0003455663	        0.0000000003	        0.0000000010	        0.0000000009	        0.0000143431	        0.0042723183	        0.0000000015	        0.1000000000	        0.0010000000	        0.3342734699	        0.0008002006	        0.0008723677
        0.0030125084	        0.0207904132	        0.9914855136	        0.0007567622	        0.0000000023	        0.0000000055	        0.0000000048	        0.0000462665	        0.0040929626	        0.0000000134	        0.1000000000	        0.0010000000	        0.3352362430	        0.0007318228	        0.0008048934
        0.0047588098	        0.0328718759	        0.9871467863	        0.0012076980	        0.0000000104	        0.0000000180	        0.0000000143	        0.0001004242	        0.0039125260	        0.0000000589	        0.1000000000	        0.0010000000	        0.3362142894	        0.0006637160	        0.0007364977
        0.0066871908	        0.0462318302	        0.9828032138	        0.0017088460	        0.0000000336	        0.0000000462	        0.0000000333	        0.0001823857	        0.0037333334	        0.0000001851	        0.1000000000	        0.0010000000	        0.3371991612	        0.0005965419	        0.0006697263
        0.0088162262	        0.0609979364	        0.9784962639	        0.0022689521	        0.0000000883	        0.0000001034	        0.0000000667	        0.0002987783	        0.0035581932	        0.0000004755	        0.1000000000	        0.0010000000	        0.3381814430	        0.0005309622	        0.0006049861
        0.0111662954	        0.0773067407	        0.9742699221	        0.0028985120	        0.0000002031	        0.0000002111	        0.0000001208	        0.0004574304	        0.0033904602	        0.0000010675	        0.1000000000	        0.0010000000	        0.3391509197	        0.0004676910	        0.0005417766
        0.0137597373	        0.0953020723	        0.9701682840	        0.0035881642	        0.0000004232	        0.0000004045	        0.0000002030	        0.0006674966	        0.0032340902	        0.0000021730	        0.1000000000	        0.0010000000	        0.3400971205	        0.0004074706	        0.0004818250
        0.0166210148	        0.1151320051	        0.9662336840	        0.0043649481	        0.0000008168	        0.0000007386	        0.0000003212	        0.0009395208	        0.0030936828	        0.0000041032	        0.1000000000	        0.0010000000	        0.3410097623	        0.0003508975	        0.0004256667
        0.0197768871	        0.1369438422	        0.9625064546	        0.0052207465	        0.0000014809	        0.0000012976	        0.0000004830	        0.0012853663	        0.0029744839	        0.0000072954	        0.1000000000	        0.0010000000	        0.3418788330	        0.0002985188	        0.0003729997
        0.0232565889	        0.1608767494	        0.9590207719	        0.0061645802	        0.0000025439	        0.0000022059	        0.0000006939	        0.0017178995	        0.0028822864	        0.0000123386	        0.1000000000	        0.0010000000	        0.3426956008	        0.0002508687	        0.0003255992
        0.0270920169	        0.1870521590	        0.9558024340	        0.0072177848	        0.0000041641	        0.0000036407	        0.0000009557	        0.0022502953	        0.0028231848	        0.0000199922	        0.1000000000	        0.0010000000	        0.3434531969	        0.0002082695	        0.0002830133
        0.0313179184	        0.2155629175	        0.9528689775	        0.0083723398	        0.0000065194	        0.0000058445	        0.0000012642	        0.0028948549	        0.0028031171	        0.0000311936	        0.1000000000	        0.0010000000	        0.3441466558	        0.0001708077	        0.0002451631
        0.0359720830	        0.2464632293	        0.9502294896	        0.0096437779	        0.0000097896	        0.0000091311	        0.0000016079	        0.0036613319	        0.0028271526	        0.0000470478	        0.1000000000	        0.0010000000	        0.3447730194	        0.0001384618	        0.0002124953
        0.0410955314	        0.2797620216	        0.9478824332	        0.0110385711	        0.0000141359	        0.0000138729	        0.0000019682	        0.0045549588	        0.0028985588	        0.0000687963	        0.1000000000	        0.0010000000	        0.3453319058	        0.0001111334	        0.0001846294
        0.0467326989	        0.3154215195	        0.9458150160	        0.0125632054	        0.0000196861	        0.0000204658	        0.0000023220	        0.0055745889	        0.0030178011	        0.0000977693	        0.1000000000	        0.0010000000	        0.3458257069	        0.0000885782	        0.0001613299
        0.0529316067	        0.3533606509	        0.9440046706	        0.0142234791	        0.0000265343	        0.0000292995	        0.0000026472	        0.0067114433	        0.0031817107	        0.0001353247	        0.1000000000	        0.0010000000	        0.3462592678	        0.0000703295	        0.0001418921
        0.0597440162	        0.3934607926	        0.9424246045	        0.0160130637	        0.0000347538	        0.0000407170	        0.0000029295	        0.0079488250	        0.0033830866	        0.0001827824	        0.1000000000	        0.0010000000	        0.3466385685	        0.0000558607	        0.0001259234
        0.0672255573	        0.4353265906	        0.9410418293	        0.0179395864	        0.0000471667	        0.0000549024	        0.0000031687	        0.0092567071	        0.0036109988	        0.0002410405	        0.1000000000	        0.0010000000	        0.3469711911	        0.0000447100	        0.0001129974
        0.0754358219	        0.4781947257	        0.9398178222	        0.0199945070	        0.0000652401	        0.0000718990	        0.0000033816	        0.0105760217	        0.0038405560	        0.0003100995	        0.1000000000	        0.0010000000	        0.3472661557	        0.0000363618	        0.0001025326
        0.0844384110	        0.5214022207	        0.9387135231	        0.0221766067	        0.0000872490	        0.0000916072	        0.0000036009	        0.0118343898	        0.0040390695	        0.0003894733	        0.1000000000	        0.0010000000	        0.3475327033	        0.0000303345	        0.0000939098
        0.0943009237	        0.5644907515	        0.9376867152	        0.0244608965	        0.0001135464	        0.0001137693	        0.0000038699	        0.0129711701	        0.0041818133	        0.0004784434	        0.1000000000	        0.0010000000	        0.3477809141	        0.0000262066	        0.0000867090
        0.1050948725	        0.6070543738	        0.9366955558	        0.0268354234	        0.0001444892	        0.0001381682	        0.0000042366	        0.0139375287	        0.0042527662	        0.0005758284	        0.1000000000	        0.0010000000	        0.3480208441	        0.0000235851	        0.0000807406
        0.1168955085	        0.6487521013	        0.9356982647	        0.0292796488	        0.0001804186	        0.0001643537	        0.0000047503	        0.0147003368	        0.0042453972	        0.0006800532	        0.1000000000	        0.0010000000	        0.3482625927	        0.0000221952	        0.0000756959
        0.1297815392	        0.6893129472	        0.9346490006	        0.0317685760	        0.0002216406	        0.0001911176	        0.0000054593	        0.0152429356	        0.0041617579	        0.0007892425	        0.1000000000	        0.0010000000	        0.3485173027	        0.0000218984	        0.0000713253
        0.1438347190	        0.7285342756	        0.9334925295	        0.0342582074	        0.0002684067	        0.0002173795	        0.0000064022	        0.0155633906	        0.0040103981	        0.0009013207	        0.1000000000	        0.0010000000	        0.3487984693	        0.0000225352	        0.0000675690
        0.1591392914	        0.7662749873	        0.9321724992	        0.0367175505	        0.0003208978	        0.0002439015	        0.0000075968	        0.0156714060	        0.0038038707	        0.0010141148	        0.1000000000	        0.0010000000	        0.3491199561	        0.0000237809	        0.0000642518
        0.1757812632	        0.8024454556	        0.9306449595	        0.0391042692	        0.0003792111	        0.0002709471	        0.0000090485	        0.0155848234	        0.0035563944	        0.0011254554	        0.1000000000	        0.0010000000	        0.3494927212	        0.0000254338	        0.0000612502
        0.1938474899	        0.8369960370	        0.9288587324	        0.0413840549	        0.0004433600	        0.0002982387	        0.0000107531	        0.0153260195	        0.0032819073	        0.0012332469	        0.1000000000	        0.0010000000	        0.3499296247	        0.0000273789	        0.0000585128
        0.2134245548	        0.8699054076	        0.9267693024	        0.0435114760	        0.0005132822	        0.0003250789	        0.0000126943	        0.0149193318	        0.0029929065	        0.0013355529	        0.1000000000	        0.0010000000	        0.3504420786	        0.0000295509	        0.0000561164
        0.2345974273	        0.9011695224	        0.9243210703	        0.0454632854	        0.0005888721	        0.0003511392	        0.0000148330	        0.0143889660	        0.0026997783	        0.0014306543	        0.1000000000	        0.0010000000	        0.3510444453	        0.0000318384	        0.0000540400
        0.2574478906	        0.9307917065	        0.9214749850	        0.0472033238	        0.0006700263	        0.0003773883	        0.0000171029	        0.0137581510	        0.0024107378	        0.0015171491	        0.1000000000	        0.0010000000	        0.3517473085	        0.0000339969	        0.0000521191
        0.2820527391	        0.9587741334	        0.9182101067	        0.0487207800	        0.0007567213	        0.0004034819	        0.0000194357	        0.0130486422	        0.0021319661	        0.0015940386	        0.1000000000	        0.0010000000	        0.3525570701	        0.0000359407	        0.0000504029
        0.3084817527	        0.9851107681	        0.9145052212	        0.0500078830	        0.0008491300	        0.0004290514	        0.0000217652	        0.0122805229	        0.0018678698	        0.0016607942	        0.1000000000	        0.0010000000	        0.3534804909	        0.0000376180	        0.0000488837
        0.3367954708	        1.0097819756	        0.9103564990	        0.0510727374	        0.0009477627	        0.0004542624	        0.0000240275	        0.0114726720	        0.0016214917	        0.0017174575	        0.1000000000	        0.0010000000	        0.3545202935	        0.0000389535	        0.0000475529
        0.3670428018	        1.0327512312	        0.9057701680	        0.0519362334	        0.0010536416	        0.0004787965	        0.0000261732	        0.0106431590	        0.0013948459	        0.0017646973	        0.1000000000	        0.0010000000	        0.3556769175	        0.0000399508	        0.0000464065
        0.3992585207	        1.0539646652	        0.9007578431	        0.0526238089	        0.0011684797	        0.0005037970	        0.0000281610	        0.0098096868	        0.0011892090	        0.0018038259	        0.1000000000	        0.0010000000	        0.3569496344	        0.0000405105	        0.0000453865
        0.4334607283	        1.0733546037	        0.8953697298	        0.0531880774	        0.0012947989	        0.0005293257	        0.0000299921	        0.0089901223	        0.0010053700	        0.0018367890	        0.1000000000	        0.0010000000	        0.3583279681	        0.0000406935	        0.0000444379
        0.4696483595	        1.0908479693	        0.8896267859	        0.0536480326	        0.0014359630	        0.0005546135	        0.0000317038	        0.0082019606	        0.0008436503	        0.0018659223	        0.1000000000	        0.0010000000	        0.3598088386	        0.0000406587	        0.0000436468
        0.5077988477	        1.1063798784	        0.8835576220	        0.0540561737	        0.0015959190	        0.0005814693	        0.0000333236	        0.0074620463	        0.0007039726	        0.0018937090	        0.1000000000	        0.0010000000	        0.3613871891	        0.0000403450	        0.0000430381
        0.5478660655	        1.1199109804	        0.8772198134	        0.0544762148	        0.0017785480	        0.0006094077	        0.0000349091	        0.0067855724	        0.0005858146	        0.0019224272	        0.1000000000	        0.0010000000	        0.3630502518	        0.0000398941	        0.0000425243
        0.5897786695	        1.1314441209	        0.8706180659	        0.0549092660	        0.0019866108	        0.0006381329	        0.0000365114	        0.0061842665	        0.0004880884	        0.0019536503	        0.1000000000	        0.0010000000	        0.3647989272	        0.0000393996	        0.0000421150
        0.6334389769	        1.1410346715	        0.8637925455	        0.0554016083	        0.0022201835	        0.0006712982	        0.0000381555	        0.0056656614	        0.0004092090	        0.0019881037	        0.1000000000	        0.0010000000	        0.3666246759	        0.0000386831	        0.0000418782
        0.6787224963	        1.1487896624	        0.8568218371	        0.0560487703	        0.0024750367	        0.0007073741	        0.0000399466	        0.0052325480	        0.0003471893	        0.0020256525	        0.1000000000	        0.0010000000	        0.3685082200	        0.0000379735	        0.0000417711
        0.7254782147	        1.1548546095	        0.8496796895	        0.0568129926	        0.0027416321	        0.0007456922	        0.0000420253	        0.0048828972	        0.0002997900	        0.0020653174	        0.1000000000	        0.0010000000	        0.3704582679	        0.0000374296	        0.0000417856
        0.7735297135	        1.1593925222	        0.8423893431	        0.0577284421	        0.0030049905	        0.0007839140	        0.0000445586	        0.0046118029	        0.0002648326	        0.0021058609	        0.1000000000	        0.0010000000	        0.3724701798	        0.0000372734	        0.0000419039
        0.8226771500	        1.1625614555	        0.8348358129	        0.0586570407	        0.0032464597	        0.0008160572	        0.0000477143	        0.0044124308	        0.0002403447	        0.0021458626	        0.1000000000	        0.0010000000	        0.3745779033	        0.0000378359	        0.0000421089
        0.8727000940	        1.1644962429	        0.8268975207	        0.0594780020	        0.0034466605	        0.0008426765	        0.0000515555	        0.0042779862	        0.0002247405	        0.0021841641	        0.1000000000	        0.0010000000	        0.3768188516	        0.0000390394	        0.0000424214
        0.9233611572	        1.1652969745	        0.8184754188	        0.0600743414	        0.0035892804	        0.0008672369	        0.0000560833	        0.0042028048	        0.0002168776	        0.0022200472	        0.1000000000	        0.0010000000	        0.3792258793	        0.0000406524	        0.0000428330
        0.9744103051	        1.1650241024	        0.8095385001	        0.0604091599	        0.0036644663	        0.0008924859	        0.0000613213	        0.0041829962	        0.0002160626	        0.0022533485	        0.1000000000	        0.0010000000	        0.3818138985	        0.0000425069	        0.0000433930
        1.0255896949	        1.1636990224	        0.8000635011	        0.0604581835	        0.0036708642	        0.0009175272	        0.0000673811	        0.0042163265	        0.0002220012	        0.0022843427	        0.1000000000	        0.0010000000	        0.3845965982	        0.0000446639	        0.0000441255
        1.0766388428	        1.1613091247	        0.7900016723	        0.0601736266	        0.0036155060	        0.0009410314	        0.0000744431	        0.0043018351	        0.0002347364	        0.0023136271	        0.1000000000	        0.0010000000	        0.3875963968	        0.0000472420	        0.0000449652
        1.1272999060	        1.1578167071	        0.7792872196	        0.0594568664	        0.0035116528	        0.0009625989	        0.0000827165	        0.0044392841	        0.0002545773	        0.0023420370	        0.1000000000	        0.0010000000	        0.3908426445	        0.0000503203	        0.0000458597
        1.1773228500	        1.1531711742	        0.7678474263	        0.0582097780	        0.0033754892	        0.0009823946	        0.0000924073	        0.0046283976	        0.0002820085	        0.0023705141	        0.1000000000	        0.0010000000	        0.3943692195	        0.0000539323	        0.0000469018
        1.2264702865	        1.1473233902	        0.7556152472	        0.0563710370	        0.0032227756	        0.0010013674	        0.0001036757	        0.0048680266	        0.0003175817	        0.0023999186	        0.1000000000	        0.0010000000	        0.3982111567	        0.0000580253	        0.0000481034
        1.2745217853	        1.1402400241	        0.7425576311	        0.0538854048	        0.0030663424	        0.0010221679	        0.0001166086	        0.0051554940	        0.0003618096	        0.0024308285	        0.1000000000	        0.0010000000	        0.4023958225	        0.0000623840	        0.0000493507
        1.3212775037	        1.1319148815	        0.7287194593	        0.0507519632	        0.0029148428	        0.0010464534	        0.0001312817	        0.0054863727	        0.0004150910	        0.0024633901	        0.1000000000	        0.0010000000	        0.4069277134	        0.0000668220	        0.0000507326
        1.3665610231	        1.1223745918	        0.7141655089	        0.0470491659	        0.0027728177	        0.0010721832	        0.0001478125	        0.0058543433	        0.0004776412	        0.0024970665	        0.1000000000	        0.0010000000	        0.4118054716	        0.0000714030	        0.0000523956
        1.4102213305	        1.1116777240	        0.6989281012	        0.0428215276	        0.0026415199	        0.0010962537	        0.0001662900	        0.0062514403	        0.0005494615	        0.0025305302	        0.1000000000	        0.0010000000	        0.4170391865	        0.0000762676	        0.0000540465
        1.4521339345	        1.0999082785	        0.6830266736	        0.0379766563	        0.0025199685	        0.0011178029	        0.0001866203	        0.0066688675	        0.0006303863	        0.0025618380	        0.1000000000	        0.0010000000	        0.4226447393	        0.0000813489	        0.0000557259
        1.4922011523	        1.0871657973	        0.6665333959	        0.0326179638	        0.0024059287	        0.0011374900	        0.0002085050	        0.0070981812	        0.0007202118	        0.0025888112	        0.1000000000	        0.0010000000	        0.4286203908	        0.0000864168	        0.0000575313
        1.5303516405	        1.0735548186	        0.6495679479	        0.0267927851	        0.0022967539	        0.0011556586	        0.0002315289	        0.0075320424	        0.0008188077	        0.0026093093	        0.1000000000	        0.0010000000	        0.4349460168	        0.0000912543	        0.0000594276
        1.5665392717	        1.0591758880	        0.6322867507	        0.0206737938	        0.0021899542	        0.0011704517	        0.0002552269	        0.0079646768	        0.0009262158	        0.0026214574	        0.1000000000	        0.0010000000	        0.4415842539	        0.0000958499	        0.0000614669
        1.6007414793	        1.0441192795	        0.6148069118	        0.0143234066	        0.0020835773	        0.0011796627	        0.0002791157	        0.0083915640	        0.0010426346	        0.0026236496	        0.1000000000	        0.0010000000	        0.4485081629	        0.0001002690	        0.0000635802
        1.6329571982	        1.0284613849	        0.5972501719	        0.0078537769	        0.0019762751	        0.0011829680	        0.0003026473	        0.0088096600	        0.0011684935	        0.0026147340	        0.1000000000	        0.0010000000	        0.4556845948	        0.0001044487	        0.0000657500
        1.6632045292	        1.0122630235	        0.5797430100	        0.0013320830	        0.0018673002	        0.0011794441	        0.0003252774	        0.0092172470	        0.0013044757	        0.0025940398	        0.1000000000	        0.0010000000	        0.4630731529	        0.0001084178	        0.0000681675
        1.6915182473	        0.9955692315	        0.5623818504	       -0.0050911550	        0.0017564646	        0.0011673121	        0.0003464864	        0.0096134129	        0.0014514633	        0.0025612728	        0.1000000000	        0.0010000000	        0.4706405704	        0.0001123259	        0.0000708281
        1.7179472609	        0.9784099934	        0.5452294139	       -0.0114186325	        0.0016440341	        0.0011470832	        0.0003657198	        0.0099977060	        0.0016104963	        0.0025164548	        0.1000000000	        0.0010000000	        0.4783638820	        0.0001161240	        0.0000735067
        1.7425521094	        0.9608011721	        0.5283827463	       -0.0175687627	        0.0015305577	        0.0011199246	        0.0003824214	        0.0103705061	        0.0017828987	        0.0024600194	        0.1000000000	        0.0010000000	        0.4862003002	        0.0001197121	        0.0000764355
        1.7654025727	        0.9427454474	        0.5119176155	       -0.0234610369	        0.0014168129	        0.0010854742	        0.0003961441	        0.0107323235	        0.0019701612	        0.0023926159	        0.1000000000	        0.0010000000	        0.4941113707	        0.0001231816	        0.0000796638
        1.7865754452	        0.9242333826	        0.4958867593	       -0.0290489902	        0.0013037127	        0.0010446971	        0.0004065186	        0.0110835438	        0.0021738963	        0.0023150446	        0.1000000000	        0.0010000000	        0.5020651147	        0.0001265041	        0.0000832237
        1.8061525101	        0.9052442408	        0.4803559870	       -0.0342591099	        0.0011922035	        0.0009989731	        0.0004132776	        0.0114246181	        0.0023959122	        0.0022282850	        0.1000000000	        0.0010000000	        0.5100188163	        0.0001296167	        0.0000872727
        1.8242187368	        0.8857465800	        0.4653756292	       -0.0390165661	        0.0010832267	        0.0009489891	        0.0004163234	        0.0117555904	        0.0026380938	        0.0021333829	        0.1000000000	        0.0010000000	        0.5179331080	        0.0001325644	        0.0000919759
        1.8408607086	        0.8656987906	        0.4509818515	       -0.0432528741	        0.0009776716	        0.0008952729	        0.0004157263	        0.0120759101	        0.0029023287	        0.0020314180	        0.1000000000	        0.0010000000	        0.5257723891	        0.0001354496	        0.0000972164
        1.8561652810	        0.8450495385	        0.4371862558	       -0.0469735457	        0.0008763462	        0.0008387488	        0.0004117020	        0.0123840835	        0.0031903417	        0.0019234560	        0.1000000000	        0.0010000000	        0.5335118787	        0.0001383449	        0.0001032847
        1.8702184608	        0.8237381080	        0.4239976857	       -0.0500913562	        0.0007799415	        0.0007798740	        0.0004045932	        0.0126777121	        0.0035036235	        0.0018105760	        0.1000000000	        0.0010000000	        0.5411268965	        0.0001414301	        0.0001104276
        1.8831044915	        0.8016947621	        0.4113854718	       -0.0526292548	        0.0006890345	        0.0007191552	        0.0003948491	        0.0129527476	        0.0038429994	        0.0016937871	        0.1000000000	        0.0010000000	        0.5486152846	        0.0001449204	        0.0001189501
        1.8949051275	        0.7788411990	        0.3993184429	       -0.0545139732	        0.0006040620	        0.0006576133	        0.0003829591	        0.0132037203	        0.0042084956	        0.0015741020	        0.1000000000	        0.0010000000	        0.5559765887	        0.0001489703	        0.0001290806
        1.9056990763	        0.7550910906	        0.3877461075	       -0.0557854582	        0.0005253286	        0.0005958351	        0.0003694616	        0.0134231928	        0.0045988068	        0.0014525011	        0.1000000000	        0.0010000000	        0.5632240973	        0.0001538661	        0.0001414400
        1.9155615890	        0.7303510011	        0.3766039509	       -0.0563483771	        0.0004530094	        0.0005345184	        0.0003549070	        0.0136015381	        0.0050107735	        0.0013299483	        0.1000000000	        0.0010000000	        0.5703830099	        0.0001599414	        0.0001560043
        1.9245641781	        0.7045217843	        0.3658124929	       -0.0563253826	        0.0003871584	        0.0004742285	        0.0003398390	        0.0137266715	        0.0054387089	        0.0012073981	        0.1000000000	        0.0010000000	        0.5774922447	        0.0001676690	        0.0001733649
        1.9327744427	        0.6775006976	        0.3552715303	       -0.0556236843	        0.0003277207	        0.0004156311	        0.0003247624	        0.0137838025	        0.0058735906	        0.0010858001	        0.1000000000	        0.0010000000	        0.5846096617	        0.0001776328	        0.0001940787
        1.9402559838	        0.6491844422	        0.3448667372	       -0.0543861498	        0.0002745438	        0.0003592333	        0.0003101172	        0.0137555701	        0.0063023609	        0.0009661217	        0.1000000000	        0.0010000000	        0.5918093091	        0.0001906877	        0.0002174207
        1.9470683933	        0.6194733308	        0.3344488794	       -0.0527044966	        0.0002273950	        0.0003057389	        0.0002962401	        0.0136220653	        0.0067070961	        0.0008493361	        0.1000000000	        0.0010000000	        0.5991978806	        0.0002078756	        0.0002491877
        1.9532673011	        0.5882767116	        0.3238557463	       -0.0502105348	        0.0001859723	        0.0002560970	        0.0002833145	        0.0133620223	        0.0070650335	        0.0007364594	        0.1000000000	        0.0010000000	        0.6069023640	        0.0002303222	        0.0002879747
        1.9589044686	        0.5555196742	        0.3129040525	       -0.0473115577	        0.0001499215	        0.0002110429	        0.0002713669	        0.0129542033	        0.0073490864	        0.0006285405	        0.1000000000	        0.0010000000	        0.6150787396	        0.0002594177	        0.0003291904
        1.9640279170	        0.5211510098	        0.3013925981	       -0.0441688617	        0.0001188527	        0.0001712009	        0.0002602398	        0.0123797822	        0.0075296963	        0.0005266549	        0.1000000000	        0.0010000000	        0.6239139233	        0.0002965686	        0.0003808766
        1.9686820816	        0.4851522753	        0.2891168600	       -0.0405493733	        0.0000923556	        0.0001367740	        0.0002495806	        0.0116257793	        0.0075784728	        0.0004318881	        0.1000000000	        0.0010000000	        0.6336197151	        0.0003433291	        0.0004460530
        1.9729079831	        0.4475476902	        0.2758566112	       -0.0365285041	        0.0000700174	        0.0001075632	        0.0002388268	        0.0106888206	        0.0074732690	        0.0003452833	        0.1000000000	        0.0010000000	        0.6444489778	        0.0004014457	        0.0005230936
        1.9767434111	        0.4084145191	        0.2613845331	       -0.0321457940	        0.0000514379	        0.0000831280	        0.0002271575	        0.0095795434	        0.0072050720	        0.0002677863	        0.1000000000	        0.0010000000	        0.6566983939	        0.0004726833	        0.0006149184
        1.9802231129	        0.3678939521	        0.2454633994	       -0.0273828846	        0.0000362449	        0.0000628658	        0.0002134729	        0.0083263454	        0.0067853886	        0.0002001710	        0.1000000000	        0.0010000000	        0.6707237410	        0.0005589220	        0.0007083297
        1.9833789852	        0.3262029981	        0.2278419474	       -0.0231793877	        0.0000241098	        0.0000462171	        0.0001964665	        0.0069774444	        0.0062527642	        0.0001429600	        0.1000000000	        0.0010000000	        0.6869623300	        0.0006614453	        0.0008107791
        1.9862402627	        0.2836494124	        0.2082867342	       -0.0189895504	        0.0000147619	        0.0000327009	        0.0001749340	        0.0056000567	        0.0056771501	        0.0000963598	        0.1000000000	        0.0010000000	        0.7059287939	        0.0007807764	        0.0009396887
        1.9888337046	        0.2408124005	        0.1865708085	       -0.0147794273	        0.0000087846	        0.0000219589	        0.0001484228	        0.0042794799	        0.0051626436	        0.0000603411	        0.1000000000	        0.0010000000	        0.7282570039	        0.0009168992	        0.0010709779
        1.9911837738	        0.1984422786	        0.1624771867	       -0.0112915629	        0.0000051772	        0.0000137719	        0.0001179364	        0.0030875986	        0.0047950422	        0.0000343646	        0.1000000000	        0.0010000000	        0.7547429708	        0.0010681339	        0.0012108120
        1.9933128092	        0.1569204044	        0.1358302490	       -0.0080016595	        0.0000026265	        0.0000079123	        0.0000860160	        0.0020646782	        0.0046096226	        0.0000171460	        0.1000000000	        0.0010000000	        0.7863734083	        0.0012312589	        0.0013709778
        1.9952411902	        0.1163378588	        0.1064752716	       -0.0049366635	        0.0000010646	        0.0000040367	        0.0000558680	        0.0012364452	        0.0046332836	        0.0000069927	        0.1000000000	        0.0010000000	        0.8244359225	        0.0014026966	        0.0015303017
        1.9969874916	        0.0767401665	        0.0742422288	       -0.0023989195	        0.0000002988	        0.0000017082	        0.0000302603	        0.0006164657	        0.0048784398	        0.0000020218	        0.1000000000	        0.0010000000	        0.8707126974	        0.0015792082	        0.0016684091
        1.9985686299	        0.0380496578	        0.0388859981	       -0.0011189091	        0.0000000396	        0.0000004855	        0.0000111188	        0.0002061800	        0.0053446190	        0.0000002817	        0.1000000000	        0.0010000000	        0.9278400288	        0.0017584917	        0.0017629934
        2.0000000000	        0.0000000000	        0.0000000000	       -0.0022088618	        0.0000000000	        0.0000000000	        0.0000000000	        0.0000000000	        0.0060259579	        0.0000000000	        0.1000000000	        0.0010000000	        1.0000000000	        0.0019321209	        0.0018044756
