        0.0000000000	        0.0000000000	        1.0000000000	       -0.0000111274	        0.0000000000	        0.0000000000	        0.0000000000	        0.0000000000	        0.0052049558	        0.0000000000	        0.1000000000	        0.0010000000	        0.3333333333	        0.0010008345	        0.0009333078
        0.0014313701	        0.0101774280	        0.9951142781	       -0.0003214394	        0.0000000003	        0.0000000052	        0.0000000058	        0.0000167813	        0.0049868176	        0.0000000020	        0.1000000000	        0.0010000000	        0.3344225972	        0.0009321288	        0.0008718426
        0.0030125084	        0.0214462652	        0.9900757661	       -0.0006529853	        0.0000000028	        0.0000000286	        0.0000000295	        0.0000541005	        0.0047653333	        0.0000000174	        0.1000000000	        0.0010000000	        0.3355534070	        0.0008637390	        0.0008038665
        0.0047588098	        0.0339207582	        0.9849103343	       -0.0010287540	        0.0000000125	        0.0000000920	        0.0000000880	        0.0001173565	        0.0045429015	        0.0000000762	        0.1000000000	        0.0010000000	        0.3367206682	        0.0007955886	        0.0007350029
        0.0066871908	        0.0477255319	        0.9796472283	       -0.0014471396	        0.0000000403	        0.0000002315	        0.0000002045	        0.0002129979	        0.0043224462	        0.0000002389	        0.1000000000	        0.0010000000	        0.3379183838	        0.0007283195	        0.0006678026
        0.0088162262	        0.0629955542	        0.9743184682	       -0.0019088436	        0.0000001059	        0.0000005059	        0.0000004101	        0.0003486800	        0.0041074864	        0.0000006125	        0.1000000000	        0.0010000000	        0.3391397522	        0.0006625663	        0.0006026794
        0.0111662954	        0.0798753816	        0.9689581221	       -0.0024132880	        0.0000002432	        0.0000010086	        0.0000007455	        0.0005334197	        0.0039022094	        0.0000013720	        0.1000000000	        0.0010000000	        0.3403773004	        0.0005990084	        0.0005391431
        0.0137597373	        0.0985172430	        0.9636000712	       -0.0029800486	        0.0000005062	        0.0000018832	        0.0000012618	        0.0007777180	        0.0037115333	        0.0000027856	        0.1000000000	        0.0010000000	        0.3416233778	        0.0005383438	        0.0004789212
        0.0166210148	        0.1190773855	        0.9582763953	       -0.0035923406	        0.0000009756	        0.0000033463	        0.0000020210	        0.0010935944	        0.0035411462	        0.0000052451	        0.1000000000	        0.0010000000	        0.3428705296	        0.0004811145	        0.0004225510
        0.0197768871	        0.1417100446	        0.9530175012	       -0.0042682069	        0.0000017648	        0.0000057137	        0.0000030946	        0.0014944369	        0.0033974859	        0.0000092965	        0.1000000000	        0.0010000000	        0.3441114781	        0.0004278042	        0.0003697363
        0.0232565889	        0.1665586604	        0.9478484126	       -0.0050077791	        0.0000030228	        0.0000094265	        0.0000045596	        0.0019945248	        0.0032875740	        0.0000156674	        0.1000000000	        0.0010000000	        0.3453400202	        0.0003788769	        0.0003222378
        0.0270920169	        0.1937446617	        0.9427870735	       -0.0057975757	        0.0000049290	        0.0000150709	        0.0000064908	        0.0026080673	        0.0032186443	        0.0000252851	        0.1000000000	        0.0010000000	        0.3465514830	        0.0003345847	        0.0002796029
        0.0313179184	        0.2233552756	        0.9378450150	       -0.0066516228	        0.0000076798	        0.0000233777	        0.0000089477	        0.0033476520	        0.0031974865	        0.0000392766	        0.1000000000	        0.0010000000	        0.3477426251	        0.0002949550	        0.0002417468
        0.0359720830	        0.2554330794	        0.9330275795	       -0.0075581322	        0.0000114657	        0.0000351693	        0.0000119566	        0.0042221638	        0.0032294730	        0.0000589461	        0.1000000000	        0.0010000000	        0.3489116380	        0.0002599340	        0.0002090997
        0.0410955314	        0.2899703519	        0.9283317685	       -0.0085120935	        0.0000164488	        0.0000512288	        0.0000154919	        0.0052344966	        0.0033173534	        0.0000857284	        0.1000000000	        0.0010000000	        0.3500587266	        0.0002294351	        0.0001812718
        0.0467326989	        0.3269097345	        0.9237450849	       -0.0095067257	        0.0000227503	        0.0000721079	        0.0000194664	        0.0063796142	        0.0034600551	        0.0001211237	        0.1000000000	        0.0010000000	        0.3511864626	        0.0002032780	        0.0001580142
        0.0529316067	        0.3661498186	        0.9192459694	       -0.0105352220	        0.0000304566	        0.0000979838	        0.0000237425	        0.0076435145	        0.0036518099	        0.0001666243	        0.1000000000	        0.0010000000	        0.3522997498	        0.0001811046	        0.0001386176
        0.0597440162	        0.4074916302	        0.9148082404	       -0.0116033004	        0.0000403063	        0.0001286043	        0.0000281697	        0.0090017330	        0.0038819166	        0.0002235618	        0.1000000000	        0.0010000000	        0.3534047836	        0.0001625127	        0.0001226796
        0.0672255573	        0.4501913889	        0.9103984169	       -0.0127038260	        0.0000573975	        0.0001633837	        0.0000326402	        0.0104047729	        0.0041323225	        0.0002922830	        0.1000000000	        0.0010000000	        0.3545097570	        0.0001471356	        0.0001097657
        0.0754358219	        0.4934047388	        0.9059770428	       -0.0138462724	        0.0000785773	        0.0002018783	        0.0000371369	        0.0117676058	        0.0043614559	        0.0003722428	        0.1000000000	        0.0010000000	        0.3556245833	        0.0001344887	        0.0000992927
        0.0844384110	        0.5366193151	        0.9015058994	       -0.0150310170	        0.0001042417	        0.0002441240	        0.0000417352	        0.0130198119	        0.0045369557	        0.0004628108	        0.1000000000	        0.0010000000	        0.3567591119	        0.0001240542	        0.0000906460
        0.0943009237	        0.5793763529	        0.8969479888	       -0.0162778299	        0.0001348088	        0.0002907380	        0.0000465654	        0.0141022676	        0.0046361819	        0.0005628302	        0.1000000000	        0.0010000000	        0.3579231324	        0.0001153337	        0.0000834086
        0.1050948725	        0.6212880674	        0.8922735393	       -0.0175865932	        0.0001707013	        0.0003429044	        0.0000517644	        0.0149731046	        0.0046479903	        0.0006706903	        0.1000000000	        0.0010000000	        0.3591248314	        0.0001078529	        0.0000773887
        0.1168955085	        0.6620458735	        0.8874611171	       -0.0189574988	        0.0002123221	        0.0004019105	        0.0000574412	        0.0156097711	        0.0045722393	        0.0007844330	        0.1000000000	        0.0010000000	        0.3603704593	        0.0001012824	        0.0000722829
        0.1297815392	        0.7014204989	        0.8824936016	       -0.0203868230	        0.0002600302	        0.0004685618	        0.0000636588	        0.0160076701	        0.0044175141	        0.0009018703	        0.1000000000	        0.0010000000	        0.3616653267	        0.0000954709	        0.0000678473
        0.1438347190	        0.7392557274	        0.8773517756	       -0.0218825466	        0.0003141163	        0.0005433253	        0.0000704239	        0.0161765690	        0.0041979756	        0.0010206954	        0.1000000000	        0.0010000000	        0.3630154684	        0.0000902894	        0.0000640212
        0.1591392914	        0.7754578953	        0.8720214200	       -0.0234335286	        0.0003747806	        0.0006273163	        0.0000776840	        0.0161362716	        0.0039302841	        0.0011385867	        0.1000000000	        0.0010000000	        0.3644257974	        0.0000854799	        0.0000606357
        0.1757812632	        0.8099832952	        0.8665058402	       -0.0250348501	        0.0004421136	        0.0007211186	        0.0000853518	        0.0159125064	        0.0036311351	        0.0012533041	        0.1000000000	        0.0010000000	        0.3658967165	        0.0000809308	        0.0000575725
        0.1938474899	        0.8428252327	        0.8608033875	       -0.0266712900	        0.0005160895	        0.0008246471	        0.0000933239	        0.0155331625	        0.0033154818	        0.0013627447	        0.1000000000	        0.0010000000	        0.3674300083	        0.0000766241	        0.0000547821
        0.2134245548	        0.8740018209	        0.8549205535	       -0.0283372730	        0.0005965692	        0.0009369954	        0.0001014862	        0.0150259231	        0.0029957206	        0.0014650152	        0.1000000000	        0.0010000000	        0.3690253268	        0.0000725919	        0.0000523355
        0.2345974273	        0.9035450806	        0.8488513198	       -0.0300064651	        0.0006833255	        0.0010572882	        0.0001097075	        0.0144164812	        0.0026813801	        0.0015584688	        0.1000000000	        0.0010000000	        0.3706857773	        0.0000688144	        0.0000502107
        0.2574478906	        0.9314916505	        0.8426048916	       -0.0316667696	        0.0007760807	        0.0011868039	        0.0001178342	        0.0137280934	        0.0023793899	        0.0016417907	        0.1000000000	        0.0010000000	        0.3724103816	        0.0000651316	        0.0000482536
        0.2820527391	        0.9578751528	        0.8362059827	       -0.0332833440	        0.0008745741	        0.0013254865	        0.0001257269	        0.0129813950	        0.0020944537	        0.0017140627	        0.1000000000	        0.0010000000	        0.3741938043	        0.0000615285	        0.0000465087
        0.3084817527	        0.9827200400	        0.8296740020	       -0.0348233362	        0.0009786680	        0.0014732300	        0.0001332666	        0.0121944162	        0.0018294619	        0.0017748034	        0.1000000000	        0.0010000000	        0.3760320193	        0.0000580060	        0.0000449680
        0.3367954708	        1.0060369086	        0.8230414212	       -0.0362423404	        0.0010884744	        0.0016313513	        0.0001403528	        0.0113832387	        0.0015860022	        0.0018240508	        0.1000000000	        0.0010000000	        0.3779171173	        0.0000545246	        0.0000436221
        0.3670428018	        1.0278194105	        0.8163455011	       -0.0374884335	        0.0012045160	        0.0018002886	        0.0001469182	        0.0105624965	        0.0013647421	        0.0018624035	        0.1000000000	        0.0010000000	        0.3798394871	        0.0000511062	        0.0000424663
        0.3992585207	        1.0480430959	        0.8096232243	       -0.0385108099	        0.0013278991	        0.0019856180	        0.0001529193	        0.0097459265	        0.0011657466	        0.0018910360	        0.1000000000	        0.0010000000	        0.3817891976	        0.0000476521	        0.0000414461
        0.4334607283	        1.0666669606	        0.8029484635	       -0.0392331889	        0.0014604394	        0.0021903468	        0.0001583752	        0.0089471124	        0.0009887595	        0.0019117271	        0.1000000000	        0.0010000000	        0.3837450321	        0.0000442053	        0.0000405111
        0.4696483595	        1.0836382869	        0.7963595151	       -0.0396192382	        0.0016047578	        0.0024134070	        0.0001633608	        0.0081791753	        0.0008332439	        0.0019266591	        0.1000000000	        0.0010000000	        0.3856954758	        0.0000408925	        0.0000397392
        0.5077988477	        1.0989014639	        0.7899002654	       -0.0396011828	        0.0017641394	        0.0026656135	        0.0001679380	        0.0074549939	        0.0006985021	        0.0019382811	        0.1000000000	        0.0010000000	        0.3876268681	        0.0000376166	        0.0000391523
        0.5478660655	        1.1124106704	        0.7836434943	       -0.0391001042	        0.0019420884	        0.0029477292	        0.0001722008	        0.0067867696	        0.0005836698	        0.0019490586	        0.1000000000	        0.0010000000	        0.3895162498	        0.0000344836	        0.0000386708
        0.5897786695	        1.1241441731	        0.7776010341	       -0.0381077658	        0.0021415647	        0.0032605421	        0.0001762368	        0.0061846228	        0.0004875946	        0.0019610085	        0.1000000000	        0.0010000000	        0.3913584810	        0.0000315542	        0.0000383030
        0.6334389769	        1.1341167970	        0.7718197208	       -0.0365712164	        0.0023636625	        0.0036348010	        0.0001800932	        0.0056561293	        0.0004088725	        0.0019755451	        0.1000000000	        0.0010000000	        0.3931374800	        0.0000286179	        0.0000381111
        0.6787224963	        1.1423861508	        0.7663856970	       -0.0343873699	        0.0026060759	        0.0040674007	        0.0001839221	        0.0052055109	        0.0003458469	        0.0019933378	        0.1000000000	        0.0010000000	        0.3948244213	        0.0000258564	        0.0000380570
        0.7254782147	        1.1490491941	        0.7612723562	       -0.0315943406	        0.0028618794	        0.0045553458	        0.0001879343	        0.0048328603	        0.0002966354	        0.0020141245	        0.1000000000	        0.0010000000	        0.3964250842	        0.0000233672	        0.0000381336
        0.7735297135	        1.1542299721	        0.7565126120	       -0.0281482889	        0.0031187163	        0.0050670901	        0.0001923562	        0.0045354889	        0.0002593626	        0.0020371981	        0.1000000000	        0.0010000000	        0.3979267659	        0.0000213113	        0.0000383260
        0.8226771500	        1.1580619678	        0.7519929596	       -0.0241858125	        0.0033596985	        0.0055000101	        0.0001974079	        0.0043082417	        0.0002322468	        0.0020613857	        0.1000000000	        0.0010000000	        0.3993632681	        0.0000199796	        0.0000386197
        0.8727000940	        1.1606701672	        0.7475929174	       -0.0198266014	        0.0035654822	        0.0058142587	        0.0002031519	        0.0041453271	        0.0002137859	        0.0020855415	        0.1000000000	        0.0010000000	        0.4007717526	        0.0000192894	        0.0000390349
        0.9233611572	        1.1621567142	        0.7432079654	       -0.0151931120	        0.0037176947	        0.0060286756	        0.0002095598	        0.0040414510	        0.0002028354	        0.0021087801	        0.1000000000	        0.0010000000	        0.4021853253	        0.0000190320	        0.0000395654
        0.9744103051	        1.1625917160	        0.7387948524	       -0.0103344878	        0.0038026927	        0.0061702427	        0.0002166256	        0.0039926843	        0.0001986466	        0.0021306600	        0.1000000000	        0.0010000000	        0.4036180801	        0.0000190624	        0.0000402587
        1.0255896949	        1.1620091945	        0.7343082234	       -0.0052970941	        0.0038146713	        0.0062129599	        0.0002244553	        0.0039966116	        0.0002008482	        0.0021511172	        0.1000000000	        0.0010000000	        0.4050852052	        0.0000194490	        0.0000411395
        1.0766388428	        1.1604076418	        0.7296700108	       -0.0001580349	        0.0037568943	        0.0061289591	        0.0002332380	        0.0040522523	        0.0002094172	        0.0021704045	        0.1000000000	        0.0010000000	        0.4066131528	        0.0000203066	        0.0000421497
        1.1272999060	        1.1577547437	        0.7247811751	        0.0049508220	        0.0036406206	        0.0059204578	        0.0002431865	        0.0041597926	        0.0002246415	        0.0021890698	        0.1000000000	        0.0010000000	        0.4082361896	        0.0000217141	        0.0000432417
        1.1773228500	        1.1539960267	        0.7195312514	        0.0098936031	        0.0034822270	        0.0056143282	        0.0002544910	        0.0043200255	        0.0002470621	        0.0022078889	        0.1000000000	        0.0010000000	        0.4099935934	        0.0000237219	        0.0000445051
        1.2264702865	        1.1490670477	        0.7138084442	        0.0145642340	        0.0032995549	        0.0052572150	        0.0002672742	        0.0045335739	        0.0002773908	        0.0022277382	        0.1000000000	        0.0010000000	        0.4119266120	        0.0000263133	        0.0000459539
        1.2745217853	        1.1429079178	        0.7075263991	        0.0188541728	        0.0031085981	        0.0049091997	        0.0002815699	        0.0048000952	        0.0003164122	        0.0022494273	        0.1000000000	        0.0010000000	        0.4140696223	        0.0000293261	        0.0000474818
        1.3212775037	        1.1354776737	        0.7006673497	        0.0226998536	        0.0029213393	        0.0045978584	        0.0002973884	        0.0051177032	        0.0003648903	        0.0022735227	        0.1000000000	        0.0010000000	        0.4164350768	        0.0000326312	        0.0000491753
        1.3665610231	        1.1267652790	        0.6932225796	        0.0261062367	        0.0027451181	        0.0043063908	        0.0003147974	        0.0054823546	        0.0004234543	        0.0023000073	        0.1000000000	        0.0010000000	        0.4190333040	        0.0000363441	        0.0000511792
        1.4102213305	        1.1167946444	        0.6851431443	        0.0290365706	        0.0025831048	        0.0040181459	        0.0003338405	        0.0058876780	        0.0004925119	        0.0023280530	        0.1000000000	        0.0010000000	        0.4218899653	        0.0000406533	        0.0000532093
        1.4521339345	        1.1056226837	        0.6763633260	        0.0313133087	        0.0024353318	        0.0037411033	        0.0003543740	        0.0063255360	        0.0005722426	        0.0023560788	        0.1000000000	        0.0010000000	        0.4250387520	        0.0000455466	        0.0000553026
        1.4922011523	        1.0933315104	        0.6668667932	        0.0329513612	        0.0022998621	        0.0034880824	        0.0003760307	        0.0067871543	        0.0006626851	        0.0023820444	        0.1000000000	        0.0010000000	        0.4284979253	        0.0000508578	        0.0000575535
        1.5303516405	        1.0800175644	        0.6566798808	        0.0339047180	        0.0021738915	        0.0032622379	        0.0003983261	        0.0072640008	        0.0007638333	        0.0024037044	        0.1000000000	        0.0010000000	        0.4322717187	        0.0000564281	        0.0000599245
        1.5665392717	        1.0657807684	        0.6458655956	        0.0342526387	        0.0020545391	        0.0030543628	        0.0004207698	        0.0077484945	        0.0008757418	        0.0024188791	        0.1000000000	        0.0010000000	        0.4363513504	        0.0000622743	        0.0000624641
        1.6007414793	        1.0507158808	        0.6344559465	        0.0339724414	        0.0019393737	        0.0028562441	        0.0004428801	        0.0082339957	        0.0009985373	        0.0024255493	        0.1000000000	        0.0010000000	        0.4407398996	        0.0000684641	        0.0000650977
        1.6329571982	        1.0349067326	        0.6225001451	        0.0331037501	        0.0018265708	        0.0026681367	        0.0004641269	        0.0087152302	        0.0011325095	        0.0024221065	        0.1000000000	        0.0010000000	        0.4454342409	        0.0000749183	        0.0000678008
        1.6632045292	        1.0184229343	        0.6100662855	        0.0316553585	        0.0017149482	        0.0024874097	        0.0004839941	        0.0091882790	        0.0012781488	        0.0024074345	        0.1000000000	        0.0010000000	        0.4504235527	        0.0000816364	        0.0000707645
        1.6915182473	        1.0013186289	        0.5972085726	        0.0297355672	        0.0016039304	        0.0023095955	        0.0005020019	        0.0096501582	        0.0014361023	        0.0023808552	        0.1000000000	        0.0010000000	        0.4557018715	        0.0000887299	        0.0000739805
        1.7179472609	        0.9836326356	        0.5839645713	        0.0273165249	        0.0014934351	        0.0021369169	        0.0005176420	        0.0100985247	        0.0016071390	        0.0023420938	        0.1000000000	        0.0010000000	        0.4612696883	        0.0000961055	        0.0000772079
        1.7425521094	        0.9653891224	        0.5704194049	        0.0244678959	        0.0013837026	        0.0019718560	        0.0005304092	        0.0105320139	        0.0017922595	        0.0022913609	        0.1000000000	        0.0010000000	        0.4671066291	        0.0001036117	        0.0000806834
        1.7654025727	        0.9465984910	        0.5566509230	        0.0212722707	        0.0012752239	        0.0018127629	        0.0005399100	        0.0109495638	        0.0019925783	        0.0022291735	        0.1000000000	        0.0010000000	        0.4731931701	        0.0001112860	        0.0000844545
        1.7865754452	        0.9272584898	        0.5427268681	        0.0177911187	        0.0011686407	        0.0016606158	        0.0005458322	        0.0113501502	        0.0022092691	        0.0021562837	        0.1000000000	        0.0010000000	        0.4795119559	        0.0001190452	        0.0000885510
        1.8061525101	        0.9073551548	        0.5287370565	        0.0141219597	        0.0010646442	        0.0015165640	        0.0005479628	        0.0117329232	        0.0024436125	        0.0020736828	        0.1000000000	        0.0010000000	        0.4860328466	        0.0001267730	        0.0000931368
        1.8242187368	        0.8868635803	        0.5147640361	        0.0103718408	        0.0009639331	        0.0013802264	        0.0005462509	        0.0120967273	        0.0026968604	        0.0019824846	        0.1000000000	        0.0010000000	        0.4927253846	        0.0001344686	        0.0000983845
        1.8408607086	        0.8657486648	        0.5008818657	        0.0066471401	        0.0008671667	        0.0012510048	        0.0005408013	        0.0124398807	        0.0029701349	        0.0018838776	        0.1000000000	        0.0010000000	        0.4995594557	        0.0001421999	        0.0001041655
        1.8561652810	        0.8439658028	        0.4871441002	        0.0029842987	        0.0007749381	        0.0011289237	        0.0005318518	        0.0127598098	        0.0032642361	        0.0017790668	        0.1000000000	        0.0010000000	        0.5065116632	        0.0001500173	        0.0001107860
        1.8702184608	        0.8214615345	        0.4736022262	       -0.0004868157	        0.0006877433	        0.0010134699	        0.0005197554	        0.0130530450	        0.0035795293	        0.0016692806	        0.1000000000	        0.0010000000	        0.5135567551	        0.0001580906	        0.0001185051
        1.8831044915	        0.7981742689	        0.4602697680	       -0.0037449585	        0.0006059831	        0.0009043427	        0.0005049588	        0.0133145154	        0.0039155026	        0.0015556906	        0.1000000000	        0.0010000000	        0.5206870159	        0.0001666357	        0.0001276433
        1.8949051275	        0.7740351696	        0.4471576081	       -0.0066748080	        0.0005299423	        0.0008019101	        0.0004879432	        0.0135377534	        0.0042705996	        0.0014394626	        0.1000000000	        0.0010000000	        0.5278952476	        0.0001758154	        0.0001384356
        1.9056990763	        0.7489692150	        0.4342558228	       -0.0092757429	        0.0004597978	        0.0007060853	        0.0004692326	        0.0137144286	        0.0046417052	        0.0013217213	        0.1000000000	        0.0010000000	        0.5351853184	        0.0001859288	        0.0001515344
        1.9155615890	        0.7228967017	        0.4215382719	       -0.0114140560	        0.0003956212	        0.0006169444	        0.0004493633	        0.0138342200	        0.0050236744	        0.0012035582	        0.1000000000	        0.0010000000	        0.5425710632	        0.0001973236	        0.0001668956
        1.9245641781	        0.6957352885	        0.4089616863	       -0.0131761891	        0.0003373871	        0.0005344522	        0.0004288667	        0.0138847083	        0.0054087848	        0.0010860362	        0.1000000000	        0.0010000000	        0.5500781909	        0.0002104828	        0.0001851295
        1.9327744427	        0.6674027764	        0.3964604538	       -0.0144347608	        0.0002849838	        0.0004586672	        0.0004082457	        0.0138513619	        0.0057861636	        0.0009701901	        0.1000000000	        0.0010000000	        0.5577490874	        0.0002259921	        0.0002068019
        1.9402559838	        0.6378207767	        0.3839530830	       -0.0152998040	        0.0002382238	        0.0003894771	        0.0003879510	        0.0137179570	        0.0061414440	        0.0008570432	        0.1000000000	        0.0010000000	        0.5656408803	        0.0002446948	        0.0002311087
        1.9470683933	        0.6069193690	        0.3713229160	       -0.0158304600	        0.0001968587	        0.0003268961	        0.0003683485	        0.0134669824	        0.0064564780	        0.0007475953	        0.1000000000	        0.0010000000	        0.5738400664	        0.0002676031	        0.0002641672
        1.9532673011	        0.5746427572	        0.3584388854	       -0.0156273956	        0.0001605888	        0.0002710860	        0.0003496719	        0.0130811594	        0.0067099866	        0.0006428467	        0.1000000000	        0.0010000000	        0.5824526457	        0.0002957957	        0.0003044128
        1.9589044686	        0.5409558317	        0.3451476836	       -0.0150679267	        0.0001290778	        0.0002219974	        0.0003320070	        0.0125451353	        0.0068787762	        0.0005437850	        0.1000000000	        0.0010000000	        0.5916125782	        0.0003306070	        0.0003469391
        1.9640279170	        0.5058514177	        0.3312759227	       -0.0142855371	        0.0001019661	        0.0001795191	        0.0003152509	        0.0118479696	        0.0069401414	        0.0004513699	        0.1000000000	        0.0010000000	        0.6014850019	        0.0003733945	        0.0004001743
        1.9686820816	        0.4693579083	        0.3166426771	       -0.0130235562	        0.0000788840	        0.0001432773	        0.0002990750	        0.0109863037	        0.0068756080	        0.0003665115	        0.1000000000	        0.0010000000	        0.6122628832	        0.0004256957	        0.0004671851
        1.9729079831	        0.4315468307	        0.3010458756	       -0.0113392396	        0.0000594655	        0.0001126806	        0.0002828805	        0.0099673908	        0.0066754047	        0.0002900184	        0.1000000000	        0.0010000000	        0.6241839765	        0.0004892939	        0.0005461500
        1.9767434111	        0.3925398492	        0.2842686450	       -0.0092616821	        0.0000433605	        0.0000870615	        0.0002657446	        0.0088121050	        0.0063436617	        0.0002225497	        0.1000000000	        0.0010000000	        0.6375366441	        0.0005660463	        0.0006399994
        1.9802231129	        0.3525152045	        0.2660758316	       -0.0067704524	        0.0000302477	        0.0000657334	        0.0002464394	        0.0075567099	        0.0059030285	        0.0001645560	        0.1000000000	        0.0010000000	        0.6526769014	        0.0006579364	        0.0007348975
        1.9833789852	        0.3117140885	        0.2462113463	       -0.0048099888	        0.0000198469	        0.0000481457	        0.0002236090	        0.0062525882	        0.0053976927	        0.0001162279	        0.1000000000	        0.0010000000	        0.6700514572	        0.0007662641	        0.0008385249
        1.9862402627	        0.2704484580	        0.2244328815	       -0.0028434031	        0.0000119281	        0.0000338756	        0.0001962154	        0.0049632404	        0.0048942852	        0.0000774642	        0.1000000000	        0.0010000000	        0.6901950654	        0.0008913790	        0.0009687221
        1.9888337046	        0.2293480804	        0.2005060046	       -0.0008442312	        0.0000075139	        0.0000226115	        0.0001642272	        0.0037642167	        0.0044829761	        0.0000480231	        0.1000000000	        0.0010000000	        0.7137697560	        0.0010328933	        0.0011004273
        1.9911837738	        0.1890088241	        0.1742091399	        0.0004403903	        0.0000043709	        0.0000141198	        0.0001291297	        0.0027003436	        0.0042000251	        0.0000271171	        0.1000000000	        0.0010000000	        0.7416096437	        0.0011887360	        0.0012398488
        1.9933128092	        0.1495444288	        0.1453588708	        0.0015269623	        0.0000021902	        0.0000081019	        0.0000936363	        0.0017975850	        0.0040690326	        0.0000134183	        0.1000000000	        0.0010000000	        0.7747627291	        0.0013555306	        0.0013987869
        1.9952411902	        0.1109953819	        0.1137806551	        0.0023687200	        0.0000008793	        0.0000041408	        0.0000607679	        0.0010730271	        0.0041049023	        0.0000054310	        0.1000000000	        0.0010000000	        0.8146232630	        0.0015298334	        0.0015552392
        1.9969874916	        0.0733432703	        0.0792657119	        0.0026245637	        0.0000002454	        0.0000017582	        0.0000330169	        0.0005338131	        0.0043113998	        0.0000015601	        0.1000000000	        0.0010000000	        0.8631617403	        0.0017086458	        0.0016881429
        1.9985686299	        0.0364493721	        0.0415063688	        0.0015014616	        0.0000000325	        0.0000005013	        0.0000121985	        0.0001782309	        0.0046828904	        0.0000002163	        0.1000000000	        0.0010000000	        0.9233501742	        0.0018898124	        0.0017745763
        2.0000000000	        0.0000000000	        0.0000000000	       -0.0022088618	        0.0000000000	        0.0000000000	        0.0000000000	        0.0000000000	        0.0052090978	        0.0000000000	        0.1000000000	        0.0010000000	        1.0000000000	        0.0020632421	        0.0018044756
