        0.0000000000	        0.0000000000	        1.0000000000	       -0.0001179005	        0.0000000000	        0.0000000000	        0.0000000000	        0.0000000000	        0.0070156665	        0.0000000000	        0.1000000000	        0.0010000000
        0.0014313701	        0.0151224486	        0.9943032771	       -0.0000878915	        0.0000000035	        0.0000000000	        0.0000001325	        0.0000416841	        0.0065616181	        0.0000000115	        0.1000000000	        0.0010000000
        0.0030125084	        0.0318028070	        0.9880939875	       -0.0000453029	        0.0000000309	        0.0000000000	        0.0000007026	        0.0001330130	        0.0061225801	        0.0000000985	        0.1000000000	        0.0010000000
        0.0047588098	        0.0501930290	        0.9813382099	        0.0000095712	        0.0000001354	        0.0000000000	        0.0000021314	        0.0002853811	        0.0057064097	        0.0000004173	        0.1000000000	        0.0010000000
        0.0066871908	        0.0704536294	        0.9740046261	        0.0000764609	        0.0000004225	        0.0000000000	        0.0000049830	        0.0005119511	        0.0053221278	        0.0000012573	        0.1000000000	        0.0010000000
        0.0088162262	        0.0927485502	        0.9660670033	        0.0001674876	        0.0000010717	        0.0000000000	        0.0000099852	        0.0008276826	        0.0049800003	        0.0000030854	        0.1000000000	        0.0010000000
        0.0111662954	        0.1172361285	        0.9575075902	        0.0002993521	        0.0000023576	        0.0000000000	        0.0000180379	        0.0012490760	        0.0046914773	        0.0000065880	        0.1000000000	        0.0010000000
        0.0137597373	        0.1440555508	        0.9483215199	        0.0004724229	        0.0000046578	        0.0000000000	        0.0000301950	        0.0017933876	        0.0044688229	        0.0000127029	        0.1000000000	        0.0010000000
        0.0166210148	        0.1733098207	        0.9385221608	        0.0007270010	        0.0000084347	        0.0000000000	        0.0000475978	        0.0024770493	        0.0043242299	        0.0000226281	        0.1000000000	        0.0010000000
        0.0197768871	        0.2050490000	        0.9281468285	        0.0010628269	        0.0000141811	        0.0000000000	        0.0000713310	        0.0033131887	        0.0042682672	        0.0000377974	        0.1000000000	        0.0010000000
        0.0232565889	        0.2392597642	        0.9172617887	        0.0015179223	        0.0000223411	        0.0000000000	        0.0001021852	        0.0043085685	        0.0043077420	        0.0000598211	        0.1000000000	        0.0010000000
        0.0270920169	        0.2758662426	        0.9059645385	        0.0021190077	        0.0000332418	        0.0000000000	        0.0001403520	        0.0054607891	        0.0044434172	        0.0000904000	        0.1000000000	        0.0010000000
        0.0313179184	        0.3147415853	        0.8943813149	        0.0028489240	        0.0000470814	        0.0000000000	        0.0001851536	        0.0067567754	        0.0046683022	        0.0001312364	        0.1000000000	        0.0010000000
        0.0359720830	        0.3555914372	        0.8826587509	        0.0037188527	        0.0000665036	        0.0000000000	        0.0002349585	        0.0081692648	        0.0049672665	        0.0001838048	        0.1000000000	        0.0010000000
        0.0410955314	        0.3975796053	        0.8709506522	        0.0046968201	        0.0000993296	        0.0000000000	        0.0002874189	        0.0096390993	        0.0053072268	        0.0002485921	        0.1000000000	        0.0010000000
        0.0467326989	        0.4398294074	        0.8594041442	        0.0057130739	        0.0001408983	        0.0000000000	        0.0003400129	        0.0110742681	        0.0056238999	        0.0003252412	        0.1000000000	        0.0010000000
        0.0529316067	        0.4817980100	        0.8481491804	        0.0066757376	        0.0001920824	        0.0000000000	        0.0003904999	        0.0123987882	        0.0058684629	        0.0004132473	        0.1000000000	        0.0010000000
        0.0597440162	        0.5230316602	        0.8372921147	        0.0075106874	        0.0002538515	        0.0000000000	        0.0004371421	        0.0135520995	        0.0060090013	        0.0005116262	        0.1000000000	        0.0010000000
        0.0672255573	        0.5631760372	        0.8269126897	        0.0081439858	        0.0003272417	        0.0000000000	        0.0004787635	        0.0144946213	        0.0060318976	        0.0006190035	        0.1000000000	        0.0010000000
        0.0754358219	        0.6019753139	        0.8170635158	        0.0085236769	        0.0004133094	        0.0000000000	        0.0005147067	        0.0152083014	        0.0059396332	        0.0007337220	        0.1000000000	        0.0010000000
        0.0844384110	        0.6392634043	        0.8077714001	        0.0086189356	        0.0005130783	        0.0000000000	        0.0005447524	        0.0156935497	        0.0057463348	        0.0008539466	        0.1000000000	        0.0010000000
        0.0943009237	        0.6749505360	        0.7990400798	        0.0084269577	        0.0006274849	        0.0000000000	        0.0005690340	        0.0159643652	        0.0054726854	        0.0009777536	        0.1000000000	        0.0010000000
        0.1050948725	        0.7090078785	        0.7908541496	        0.0079696659	        0.0007573227	        0.0000000000	        0.0005879502	        0.0160431921	        0.0051414534	        0.0011031979	        0.1000000000	        0.0010000000
        0.1168955085	        0.7414523040	        0.7831836063	        0.0072855817	        0.0009031882	        0.0000000000	        0.0006020761	        0.0159564795	        0.0047742705	        0.0012283596	        0.1000000000	        0.0010000000
        0.1297815392	        0.7723326008	        0.7759886762	        0.0063824516	        0.0010654301	        0.0000000000	        0.0006120777	        0.0157313586	        0.0043897508	        0.0013513751	        0.1000000000	        0.0010000000
        0.1438347190	        0.8017177880	        0.7692242365	        0.0053294294	        0.0012441066	        0.0000000000	        0.0006186416	        0.0153934646	        0.0040027138	        0.0014704595	        0.1000000000	        0.0010000000
        0.1591392914	        0.8296876848	        0.7628432276	        0.0041378861	        0.0014389531	        0.0000000000	        0.0006224220	        0.0149657201	        0.0036241662	        0.0015839244	        0.1000000000	        0.0010000000
        0.1757812632	        0.8563255706	        0.7567993783	        0.0028713027	        0.0016493660	        0.0000000000	        0.0006240105	        0.0144678295	        0.0032617171	        0.0016901968	        0.1000000000	        0.0010000000
        0.1938474899	        0.8817126100	        0.7510487524	        0.0015532334	        0.0018744085	        0.0000000000	        0.0006239229	        0.0139162480	        0.0029201803	        0.0017878417	        0.1000000000	        0.0010000000
        0.2134245548	        0.9059236621	        0.7455505870	        0.0002344186	        0.0021128452	        0.0000000000	        0.0006225978	        0.0133244357	        0.0026022067	        0.0018755903	        0.1000000000	        0.0010000000
        0.2345974273	        0.9290241059	        0.7402675649	       -0.0010788534	        0.0023632152	        0.0000000000	        0.0006204002	        0.0127032660	        0.0023088625	        0.0019523751	        0.1000000000	        0.0010000000
        0.2574478906	        0.9510673658	        0.7351662432	       -0.0023532079	        0.0026239503	        0.0000000000	        0.0006176296	        0.0120615015	        0.0020401144	        0.0020173724	        0.1000000000	        0.0010000000
        0.2820527391	        0.9720928965	        0.7302169009	       -0.0035853626	        0.0028935488	        0.0000000000	        0.0006145288	        0.0114062913	        0.0017952182	        0.0020700504	        0.1000000000	        0.0010000000
        0.3084817527	        0.9921244794	        0.7253935158	       -0.0047654255	        0.0031708092	        0.0000000000	        0.0006112885	        0.0107436637	        0.0015730168	        0.0021102232	        0.1000000000	        0.0010000000
        0.3367954708	        1.0111687971	        0.7206747230	       -0.0058714131	        0.0034551250	        0.0000000000	        0.0006080571	        0.0100790040	        0.0013721618	        0.0021381038	        0.1000000000	        0.0010000000
        0.3670428018	        1.0292143969	        0.7160443512	       -0.0068915501	        0.0037468280	        0.0000000000	        0.0006049566	        0.0094175082	        0.0011912741	        0.0021543524	        0.1000000000	        0.0010000000
        0.3992585207	        1.0462313398	        0.7114911309	       -0.0077922773	        0.0040475489	        0.0000000000	        0.0006020940	        0.0087645962	        0.0010290527	        0.0021601064	        0.1000000000	        0.0010000000
        0.4334607283	        1.0621720377	        0.7070095714	       -0.0085395641	        0.0043605316	        0.0000000000	        0.0005995701	        0.0081262523	        0.0008843401	        0.0021569784	        0.1000000000	        0.0010000000
        0.4696483595	        1.0769739711	        0.7026004240	       -0.0091079705	        0.0046907892	        0.0000000000	        0.0005974914	        0.0075092376	        0.0007561452	        0.0021470027	        0.1000000000	        0.0010000000
        0.5077988477	        1.0905650114	        0.6982691310	       -0.0094565589	        0.0050449329	        0.0000000000	        0.0005959689	        0.0069210983	        0.0006436259	        0.0021325108	        0.1000000000	        0.0010000000
        0.5478660655	        1.1028717681	        0.6940268953	       -0.0095663832	        0.0054304529	        0.0000000000	        0.0005951170	        0.0063698971	        0.0005460346	        0.0021159291	        0.1000000000	        0.0010000000
        0.5897786695	        1.1138305410	        0.6898884903	       -0.0093900159	        0.0058542283	        0.0000000000	        0.0005950599	        0.0058636403	        0.0004626354	        0.0020995127	        0.1000000000	        0.0010000000
        0.6334389769	        1.1233991489	        0.6858709755	       -0.0088775173	        0.0063201494	        0.0000000000	        0.0005959421	        0.0054094703	        0.0003926178	        0.0020850664	        0.1000000000	        0.0010000000
        0.6787224963	        1.1315666248	        0.6819893643	       -0.0079903070	        0.0068260192	        0.0000000000	        0.0005979417	        0.0050128248	        0.0003350344	        0.0020737274	        0.1000000000	        0.0010000000
        0.7254782147	        1.1383574551	        0.6782515818	       -0.0066960560	        0.0073603482	        0.0000000000	        0.0006012677	        0.0046768367	        0.0002887903	        0.0020658844	        0.1000000000	        0.0010000000
        0.7735297135	        1.1438283435	        0.6746568751	       -0.0049741763	        0.0079001306	        0.0000000000	        0.0006061616	        0.0044022042	        0.0002526922	        0.0020612626	        0.1000000000	        0.0010000000
        0.8226771500	        1.1480580088	        0.6711905329	       -0.0028446441	        0.0084109247	        0.0000000000	        0.0006128888	        0.0041875871	        0.0002255424	        0.0020591376	        0.1000000000	        0.0010000000
        0.8727000940	        1.1511328526	        0.6678270879	       -0.0003344116	        0.0088502418	        0.0000000000	        0.0006217392	        0.0040303898	        0.0002062464	        0.0020585992	        0.1000000000	        0.0010000000
        0.9233611572	        1.1531321717	        0.6645272164	        0.0025601062	        0.0091742770	        0.0000000000	        0.0006330300	        0.0039276799	        0.0001939091	        0.0020587864	        0.1000000000	        0.0010000000
        0.9744103051	        1.1541158260	        0.6612314592	        0.0057087563	        0.0093466474	        0.0000000000	        0.0006470440	        0.0038770111	        0.0001879018	        0.0020590514	        0.1000000000	        0.0010000000
        1.0255896949	        1.1541158260	        0.6578674293	        0.0089638072	        0.0093466474	        0.0000000000	        0.0006639527	        0.0038770111	        0.0001879018	        0.0020590514	        0.1000000000	        0.0010000000
        1.0766388428	        1.1531321717	        0.6543586752	        0.0121412394	        0.0091742770	        0.0000000000	        0.0006837892	        0.0039276799	        0.0001939091	        0.0020587864	        0.1000000000	        0.0010000000
        1.1272999060	        1.1511328526	        0.6506366879	        0.0151750067	        0.0088502418	        0.0000000000	        0.0007064844	        0.0040303898	        0.0002062464	        0.0020585992	        0.1000000000	        0.0010000000
        1.1773228500	        1.1480580088	        0.6466372176	        0.0179585960	        0.0084109247	        0.0000000000	        0.0007318986	        0.0041875871	        0.0002255424	        0.0020591376	        0.1000000000	        0.0010000000
        1.2264702865	        1.1438283435	        0.6423029888	        0.0203710915	        0.0079001306	        0.0000000000	        0.0007598042	        0.0044022042	        0.0002526922	        0.0020612626	        0.1000000000	        0.0010000000
        1.2745217853	        1.1383574551	        0.6375898521	        0.0223039413	        0.0073603482	        0.0000000000	        0.0007898861	        0.0046768367	        0.0002887903	        0.0020658844	        0.1000000000	        0.0010000000
        1.3212775037	        1.1315666248	        0.6324686776	        0.0236914448	        0.0068260192	        0.0000000000	        0.0008217690	        0.0050128248	        0.0003350344	        0.0020737274	        0.1000000000	        0.0010000000
        1.3665610231	        1.1233991489	        0.6269303174	        0.0245648805	        0.0063201494	        0.0000000000	        0.0008550825	        0.0054094703	        0.0003926178	        0.0020850664	        0.1000000000	        0.0010000000
        1.4102213305	        1.1138305410	        0.6209763496	        0.0249627676	        0.0058542283	        0.0000000000	        0.0008895107	        0.0058636403	        0.0004626354	        0.0020995127	        0.1000000000	        0.0010000000
        1.4521339345	        1.1028717681	        0.6146169879	        0.0249602069	        0.0054304529	        0.0000000000	        0.0009247876	        0.0063698971	        0.0005460346	        0.0021159291	        0.1000000000	        0.0010000000
        1.4922011523	        1.0905650114	        0.6078626016	        0.0245570978	        0.0050449329	        0.0000000000	        0.0009606530	        0.0069210983	        0.0006436259	        0.0021325108	        0.1000000000	        0.0010000000
        1.5303516405	        1.0769739711	        0.6007243769	        0.0237211848	        0.0046907892	        0.0000000000	        0.0009967995	        0.0075092376	        0.0007561452	        0.0021470027	        0.1000000000	        0.0010000000
        1.5665392717	        1.0621720377	        0.5932159127	        0.0225174686	        0.0043605316	        0.0000000000	        0.0010328988	        0.0081262523	        0.0008843401	        0.0021569784	        0.1000000000	        0.0010000000
        1.6007414793	        1.0462313398	        0.5853454769	        0.0210339288	        0.0040475489	        0.0000000000	        0.0010686372	        0.0087645962	        0.0010290527	        0.0021601064	        0.1000000000	        0.0010000000
        1.6329571982	        1.0292143969	        0.5771124918	        0.0192883708	        0.0037468280	        0.0000000000	        0.0011036968	        0.0094175082	        0.0011912741	        0.0021543524	        0.1000000000	        0.0010000000
        1.6632045292	        1.0111687971	        0.5685069675	        0.0172746436	        0.0034551250	        0.0000000000	        0.0011377253	        0.0100790040	        0.0013721618	        0.0021381038	        0.1000000000	        0.0010000000
        1.6915182473	        0.9921244794	        0.5595121433	        0.0150605563	        0.0031708092	        0.0000000000	        0.0011703314	        0.0107436637	        0.0015730168	        0.0021102232	        0.1000000000	        0.0010000000
        1.7179472609	        0.9720928965	        0.5501017505	        0.0126053848	        0.0028935488	        0.0000000000	        0.0012010795	        0.0114062913	        0.0017952182	        0.0020700504	        0.1000000000	        0.0010000000
        1.7425521094	        0.9510673658	        0.5402423908	        0.0099389921	        0.0026239503	        0.0000000000	        0.0012294772	        0.0120615015	        0.0020401144	        0.0020173724	        0.1000000000	        0.0010000000
        1.7654025727	        0.9290241059	        0.5298933314	        0.0071374630	        0.0023632152	        0.0000000000	        0.0012549769	        0.0127032660	        0.0023088625	        0.0019523751	        0.1000000000	        0.0010000000
        1.7865754452	        0.9059236621	        0.5190051485	        0.0042281727	        0.0021128452	        0.0000000000	        0.0012769597	        0.0133244357	        0.0026022067	        0.0018755903	        0.1000000000	        0.0010000000
        1.8061525101	        0.8817126100	        0.5075201928	        0.0012524269	        0.0018744085	        0.0000000000	        0.0012947105	        0.0139162480	        0.0029201803	        0.0017878417	        0.1000000000	        0.0010000000
        1.8242187368	        0.8563255706	        0.4953732678	       -0.0017047187	        0.0016493660	        0.0000000000	        0.0013073999	        0.0144678295	        0.0032617171	        0.0016901968	        0.1000000000	        0.0010000000
        1.8408607086	        0.8296876848	        0.4824919741	       -0.0045763106	        0.0014389531	        0.0000000000	        0.0013140707	        0.0149657201	        0.0036241662	        0.0015839244	        0.1000000000	        0.0010000000
        1.8561652810	        0.8017177880	        0.4687982748	       -0.0072868197	        0.0012441066	        0.0000000000	        0.0013136326	        0.0153934646	        0.0040027138	        0.0014704595	        0.1000000000	        0.0010000000
        1.8702184608	        0.7723326008	        0.4542111704	       -0.0097392061	        0.0010654301	        0.0000000000	        0.0013048778	        0.0157313586	        0.0043897508	        0.0013513751	        0.1000000000	        0.0010000000
        1.8831044915	        0.7414523040	        0.4386511311	       -0.0118806725	        0.0009031882	        0.0000000000	        0.0012865261	        0.0159564795	        0.0047742705	        0.0012283596	        0.1000000000	        0.0010000000
        1.8949051275	        0.7090078785	        0.4220467122	       -0.0135833153	        0.0007573227	        0.0000000000	        0.0012573125	        0.0160431921	        0.0051414534	        0.0011031979	        0.1000000000	        0.0010000000
        1.9056990763	        0.6749505360	        0.4043423202	       -0.0146728382	        0.0006274849	        0.0000000000	        0.0012161145	        0.0159643652	        0.0054726854	        0.0009777536	        0.1000000000	        0.0010000000
        1.9155615890	        0.6392634043	        0.3855070941	       -0.0152464373	        0.0005130783	        0.0000000000	        0.0011621061	        0.0156935497	        0.0057463348	        0.0008539466	        0.1000000000	        0.0010000000
        1.9245641781	        0.6019753139	        0.3655457856	       -0.0152887204	        0.0004133094	        0.0000000000	        0.0010949260	        0.0152083014	        0.0059396332	        0.0007337220	        0.1000000000	        0.0010000000
        1.9327744427	        0.5631760372	        0.3445067275	       -0.0145671962	        0.0003272417	        0.0000000000	        0.0010148367	        0.0144946213	        0.0060318976	        0.0006190035	        0.1000000000	        0.0010000000
        1.9402559838	        0.5230316602	        0.3224861188	       -0.0134257307	        0.0002538515	        0.0000000000	        0.0009228470	        0.0135520995	        0.0060090013	        0.0005116262	        0.1000000000	        0.0010000000
        1.9470683933	        0.4817980100	        0.2996315568	       -0.0119390334	        0.0001920824	        0.0000000000	        0.0008208194	        0.0123987882	        0.0058684629	        0.0004132473	        0.1000000000	        0.0010000000
        1.9532673011	        0.4398294074	        0.2761404362	       -0.0100255983	        0.0001408983	        0.0000000000	        0.0007115728	        0.0110742681	        0.0056238999	        0.0003252412	        0.1000000000	        0.0010000000
        1.9589044686	        0.3975796053	        0.2522551115	       -0.0082034338	        0.0000993296	        0.0000000000	        0.0005989333	        0.0096390993	        0.0053072268	        0.0002485921	        0.1000000000	        0.0010000000
        1.9640279170	        0.3555914372	        0.2282555177	       -0.0062355147	        0.0000665036	        0.0000000000	        0.0004876079	        0.0081692648	        0.0049672665	        0.0001838048	        0.1000000000	        0.0010000000
        1.9686820816	        0.3147415853	        0.2044448157	       -0.0046895577	        0.0000470814	        0.0000000000	        0.0003827523	        0.0067567754	        0.0046683022	        0.0001312364	        0.1000000000	        0.0010000000
        1.9729079831	        0.2758662426	        0.1811293831	       -0.0034311968	        0.0000332418	        0.0000000000	        0.0002890688	        0.0054607891	        0.0044434172	        0.0000904000	        0.1000000000	        0.0010000000
        1.9767434111	        0.2392597642	        0.1585920278	       -0.0022924319	        0.0000223411	        0.0000000000	        0.0002097275	        0.0043085685	        0.0043077420	        0.0000598211	        0.1000000000	        0.0010000000
        1.9802231129	        0.2050490000	        0.1370673034	       -0.0012920735	        0.0000141811	        0.0000000000	        0.0001459180	        0.0033131887	        0.0042682672	        0.0000377974	        0.1000000000	        0.0010000000
        1.9833789852	        0.1733098207	        0.1167269798	       -0.0005993462	        0.0000084347	        0.0000000000	        0.0000970600	        0.0024770493	        0.0043242299	        0.0000226281	        0.1000000000	        0.0010000000
        1.9862402627	        0.1440555508	        0.0976774961	       -0.0002717021	        0.0000046578	        0.0000000000	        0.0000613815	        0.0017933876	        0.0044688229	        0.0000127029	        0.1000000000	        0.0010000000
        1.9888337046	        0.1172361285	        0.0799666308	       -0.0000331139	        0.0000023576	        0.0000000000	        0.0000365521	        0.0012490760	        0.0046914773	        0.0000065880	        0.1000000000	        0.0010000000
        1.9911837738	        0.0927485502	        0.0635949793	        0.0002412009	        0.0000010717	        0.0000000000	        0.0000201658	        0.0008276826	        0.0049800003	        0.0000030854	        0.1000000000	        0.0010000000
        1.9933128092	        0.0704536294	        0.0485285613	        0.0003529338	        0.0000004225	        0.0000000000	        0.0000100253	        0.0005119511	        0.0053221278	        0.0000012573	        0.1000000000	        0.0010000000
        1.9952411902	        0.0501930290	        0.0347102109	        0.0003143696	        0.0000001354	        0.0000000000	        0.0000042686	        0.0002853811	        0.0057064097	        0.0000004173	        0.1000000000	        0.0010000000
        1.9969874916	        0.0318028070	        0.0220687026	        0.0002068697	        0.0000000309	        0.0000000000	        0.0000013988	        0.0001330130	        0.0061225801	        0.0000000985	        0.1000000000	        0.0010000000
        1.9985686299	        0.0151224486	        0.0105255804	        0.0000566854	        0.0000000035	        0.0000000000	        0.0000002615	        0.0000416841	        0.0065616181	        0.0000000115	        0.1000000000	        0.0010000000
        2.0000000000	        0.0000000000	        0.0000000000	       -0.0001194652	        0.0000000000	        0.0000000000	        0.0000000000	        0.0000000000	        0.0070156665	        0.0000000000	        0.1000000000	        0.0010000000
