        0.0000000000	        0.0000000000	        1.0000000000	        0.0005644933	        0.0000000000	        0.0000000000	        0.0000000000	        0.0000000000	        0.0070156674	        0.0000000000	        0.1000000000	        0.0010000000	        1.0000000000	        0.0015751673	        0.0006716170
        0.0014313701	        0.0151224492	        0.9937013044	       -0.0030054707	        0.0000000035	        0.0000004500	        0.0000019072	        0.0000416841	        0.0065616189	        0.0000000115	        0.1000000000	        0.0010000000	        1.0000000000	        0.0014613064	        0.0006394331
        0.0030125084	        0.0318028082	        0.9872543542	       -0.0066039592	        0.0000000309	        0.0000015512	        0.0000060858	        0.0001330130	        0.0061225809	        0.0000000985	        0.1000000000	        0.0010000000	        1.0000000000	        0.0013528379	        0.0005938320
        0.0047588098	        0.0501930309	        0.9806680863	       -0.0103177217	        0.0000001354	        0.0000035976	        0.0000130564	        0.0002853811	        0.0057064105	        0.0000004173	        0.1000000000	        0.0010000000	        1.0000000000	        0.0012514543	        0.0005277530
        0.0066871908	        0.0704536320	        0.9739395658	       -0.0143037448	        0.0000004225	        0.0000069709	        0.0000234188	        0.0005119512	        0.0053221286	        0.0000012573	        0.1000000000	        0.0010000000	        1.0000000000	        0.0011584435	        0.0004448342
        0.0088162262	        0.0927485536	        0.9670590288	       -0.0187009965	        0.0000010717	        0.0000121593	        0.0000378508	        0.0008276827	        0.0049800010	        0.0000030854	        0.1000000000	        0.0010000000	        1.0000000000	        0.0010734184	        0.0003691584
        0.0111662954	        0.1172361329	        0.9600186314	       -0.0234371425	        0.0000023576	        0.0000197740	        0.0000570909	        0.0012490761	        0.0046914779	        0.0000065880	        0.1000000000	        0.0010000000	        1.0000000000	        0.0009955779	        0.0003113343
        0.0137597373	        0.1440555561	        0.9528087315	       -0.0284949807	        0.0000046578	        0.0000305730	        0.0000818878	        0.0017933878	        0.0044688236	        0.0000127029	        0.1000000000	        0.0010000000	        1.0000000000	        0.0009235979	        0.0002638895
        0.0166210148	        0.1733098271	        0.9454313606	       -0.0338565526	        0.0000084347	        0.0000454836	        0.0001128872	        0.0024770496	        0.0043242305	        0.0000226281	        0.1000000000	        0.0010000000	        1.0000000000	        0.0008558381	        0.0002264055
        0.0197768871	        0.2050490075	        0.9378977163	       -0.0394613987	        0.0000141812	        0.0000655883	        0.0001504300	        0.0033131890	        0.0042682678	        0.0000377974	        0.1000000000	        0.0010000000	        1.0000000000	        0.0007908795	        0.0001976371
        0.0232565889	        0.2392597728	        0.9302356755	       -0.0452549058	        0.0000223411	        0.0000920608	        0.0001942779	        0.0043085689	        0.0043077426	        0.0000598211	        0.1000000000	        0.0010000000	        1.0000000000	        0.0007276972	        0.0001759073
        0.0270920169	        0.2758662524	        0.9224838514	       -0.0511492482	        0.0000332418	        0.0001259896	        0.0002433872	        0.0054607897	        0.0044434178	        0.0000904000	        0.1000000000	        0.0010000000	        1.0000000000	        0.0006661394	        0.0001605894
        0.0313179184	        0.3147415963	        0.9146860958	       -0.0570558740	        0.0000470814	        0.0001681954	        0.0002959481	        0.0067567761	        0.0046683028	        0.0001312364	        0.1000000000	        0.0010000000	        1.0000000000	        0.0006067410	        0.0001494694
        0.0359720830	        0.3555914491	        0.9068820314	       -0.0629075913	        0.0000665036	        0.0002191212	        0.0003498314	        0.0081692656	        0.0049672671	        0.0001838049	        0.1000000000	        0.0010000000	        1.0000000000	        0.0005505242	        0.0001412593
        0.0410955314	        0.3975796179	        0.8990986604	       -0.0686437197	        0.0000993297	        0.0002790218	        0.0004033084	        0.0096391002	        0.0053072275	        0.0002485922	        0.1000000000	        0.0010000000	        1.0000000000	        0.0004984266	        0.0001355208
        0.0467326989	        0.4398294206	        0.8913504962	       -0.0742161438	        0.0001408983	        0.0003484479	        0.0004555799	        0.0110742691	        0.0056239006	        0.0003252413	        0.1000000000	        0.0010000000	        1.0000000000	        0.0004508465	        0.0001316995
        0.0529316067	        0.4817980234	        0.8836452563	       -0.0795829367	        0.0001920824	        0.0004286556	        0.0005067370	        0.0123987892	        0.0058684635	        0.0004132473	        0.1000000000	        0.0010000000	        1.0000000000	        0.0004076394	        0.0001287493
        0.0597440162	        0.5230316737	        0.8759902634	       -0.0847249808	        0.0002538515	        0.0005217513	        0.0005573767	        0.0135521005	        0.0060090019	        0.0005116262	        0.1000000000	        0.0010000000	        1.0000000000	        0.0003683726	        0.0001260691
        0.0672255573	        0.5631760506	        0.8683958173	       -0.0896135190	        0.0003272418	        0.0006305364	        0.0006082007	        0.0144946223	        0.0060318982	        0.0006190036	        0.1000000000	        0.0010000000	        1.0000000000	        0.0003326126	        0.0001241636
        0.0754358219	        0.6019753270	        0.8608741184	       -0.0941983023	        0.0004133094	        0.0007581221	        0.0006597694	        0.0152083023	        0.0059396337	        0.0007337221	        0.1000000000	        0.0010000000	        1.0000000000	        0.0003000924	        0.0001224348
        0.0844384110	        0.6392634171	        0.8534350533	       -0.0984704348	        0.0005130783	        0.0009074463	        0.0007124371	        0.0156935506	        0.0057463352	        0.0008539467	        0.1000000000	        0.0010000000	        1.0000000000	        0.0002707245	        0.0001206052
        0.0943009237	        0.6749505484	        0.8460813148	       -0.1024010545	        0.0006274849	        0.0010807794	        0.0007663938	        0.0159643660	        0.0054726858	        0.0009777537	        0.1000000000	        0.0010000000	        1.0000000000	        0.0002445214	        0.0001191594
        0.1050948725	        0.7090078905	        0.8388046608	       -0.1059711937	        0.0007573228	        0.0012792751	        0.0008217316	        0.0160431929	        0.0051414537	        0.0011031980	        0.1000000000	        0.0010000000	        1.0000000000	        0.0002214971	        0.0001178266
        0.1168955085	        0.7414523156	        0.8315843700	       -0.1091862728	        0.0009031882	        0.0015027146	        0.0008784832	        0.0159564802	        0.0047742708	        0.0012283597	        0.1000000000	        0.0010000000	        1.0000000000	        0.0002015853	        0.0001165933
        0.1297815392	        0.7723326119	        0.8243885502	       -0.1120492850	        0.0010654301	        0.0017496493	        0.0009366244	        0.0157313593	        0.0043897511	        0.0013513752	        0.1000000000	        0.0010000000	        1.0000000000	        0.0001845935	        0.0001154634
        0.1438347190	        0.8017177987	        0.8171780720	       -0.1145814205	        0.0012441066	        0.0020173996	        0.0009960559	        0.0153934652	        0.0040027140	        0.0014704596	        0.1000000000	        0.0010000000	        1.0000000000	        0.0001702526	        0.0001142857
        0.1591392914	        0.8296876951	        0.8099077080	       -0.1168095504	        0.0014389532	        0.0023027110	        0.0010565716	        0.0149657207	        0.0036241663	        0.0015839245	        0.1000000000	        0.0010000000	        1.0000000000	        0.0001582200	        0.0001133592
        0.1757812632	        0.8563255806	        0.8025330303	       -0.1187337937	        0.0016493661	        0.0026030429	        0.0011178344	        0.0144678301	        0.0032617172	        0.0016901969	        0.1000000000	        0.0010000000	        1.0000000000	        0.0001480806	        0.0001126290
        0.1938474899	        0.8817126196	        0.7950152863	       -0.1203749031	        0.0018744086	        0.0029166963	        0.0011793849	        0.0139162485	        0.0029201804	        0.0017878418	        0.1000000000	        0.0010000000	        1.0000000000	        0.0001394333	        0.0001119914
        0.2134245548	        0.9059236715	        0.7873233241	       -0.1217272163	        0.0021128453	        0.0032423627	        0.0012406697	        0.0133244361	        0.0026022068	        0.0018755904	        0.1000000000	        0.0010000000	        1.0000000000	        0.0001319461	        0.0001114930
        0.2345974273	        0.9290241150	        0.7794332564	       -0.1227902885	        0.0023632154	        0.0035789332	        0.0013010718	        0.0127032663	        0.0023088625	        0.0019523753	        0.1000000000	        0.0010000000	        1.0000000000	        0.0001253573	        0.0001111310
        0.2574478906	        0.9510673745	        0.7713289019	       -0.1235423616	        0.0026239505	        0.0039262663	        0.0013599377	        0.0120615018	        0.0020401144	        0.0020173725	        0.1000000000	        0.0010000000	        1.0000000000	        0.0001194377	        0.0001110048
        0.2820527391	        0.9720929048	        0.7630047090	       -0.1239502200	        0.0028935489	        0.0042867369	        0.0014166158	        0.0114062916	        0.0017952183	        0.0020700505	        0.1000000000	        0.0010000000	        1.0000000000	        0.0001139534	        0.0001109763
        0.3084817527	        0.9921244873	        0.7544712333	       -0.1239827827	        0.0031708094	        0.0046644002	        0.0014705303	        0.0107436640	        0.0015730169	        0.0021102233	        0.1000000000	        0.0010000000	        1.0000000000	        0.0001087127	        0.0001111336
        0.3367954708	        1.0111688044	        0.7457519489	       -0.1235660164	        0.0034551252	        0.0050609157	        0.0015212608	        0.0100790042	        0.0013721618	        0.0021381040	        0.1000000000	        0.0010000000	        1.0000000000	        0.0001036517	        0.0001115171
        0.3670428018	        1.0292144036	        0.7368726086	       -0.1226473474	        0.0037468283	        0.0054742834	        0.0015685538	        0.0094175084	        0.0011912741	        0.0021543526	        0.1000000000	        0.0010000000	        1.0000000000	        0.0000988039	        0.0001120473
        0.3992585207	        1.0462313456	        0.7278569011	       -0.1211674240	        0.0040475493	        0.0059057196	        0.0016122526	        0.0087645963	        0.0010290527	        0.0021601066	        0.1000000000	        0.0010000000	        1.0000000000	        0.0000941374	        0.0001127471
        0.4334607283	        1.0621720423	        0.7187414334	       -0.1190630702	        0.0043605321	        0.0063629915	        0.0016522669	        0.0081262525	        0.0008843401	        0.0021569786	        0.1000000000	        0.0010000000	        1.0000000000	        0.0000895408	        0.0001136227
        0.4696483595	        1.0769739743	        0.7095779099	       -0.1162513013	        0.0046907898	        0.0068600232	        0.0016886070	        0.0075092378	        0.0007561452	        0.0021470029	        0.1000000000	        0.0010000000	        1.0000000000	        0.0000848799	        0.0001147289
        0.5077988477	        1.0905650131	        0.7004401849	       -0.1126272391	        0.0050449337	        0.0074167493	        0.0017214513	        0.0069210985	        0.0006436259	        0.0021325111	        0.1000000000	        0.0010000000	        1.0000000000	        0.0000800356	        0.0001160513
        0.5478660655	        1.1028717679	        0.6914188070	       -0.1080797808	        0.0054304540	        0.0080497608	        0.0017512196	        0.0063698974	        0.0005460346	        0.0021159294	        0.1000000000	        0.0010000000	        1.0000000000	        0.0000750170	        0.0001176223
        0.5897786695	        1.1138305389	        0.6825994179	       -0.1024947272	        0.0058542296	        0.0087733400	        0.0017785435	        0.0058636406	        0.0004626354	        0.0020995131	        0.1000000000	        0.0010000000	        1.0000000000	        0.0000699039	        0.0001194092
        0.6334389769	        1.1233991448	        0.6740638438	       -0.0957891654	        0.0063201510	        0.0096006450	        0.0018041941	        0.0054094707	        0.0003926178	        0.0020850668	        0.1000000000	        0.0010000000	        1.0000000000	        0.0000648015	        0.0001213683
        0.6787224963	        1.1315666188	        0.6658760774	       -0.0878965017	        0.0068260211	        0.0105454244	        0.0018290220	        0.0050128253	        0.0003350344	        0.0020737278	        0.1000000000	        0.0010000000	        1.0000000000	        0.0000598077	        0.0001235625
        0.7254782147	        1.1383574474	        0.6580908696	       -0.0787620065	        0.0073603503	        0.0115816515	        0.0018539504	        0.0046768373	        0.0002887903	        0.0020658849	        0.1000000000	        0.0010000000	        1.0000000000	        0.0000551988	        0.0001258958
        0.7735297135	        1.1438283344	        0.6506896047	       -0.0684461066	        0.0079001329	        0.0126846526	        0.0018798347	        0.0044022049	        0.0002526923	        0.0020612631	        0.1000000000	        0.0010000000	        1.0000000000	        0.0000511026	        0.0001283443
        0.8226771500	        1.1480579986	        0.6436758105	       -0.0569736254	        0.0084109273	        0.0138475847	        0.0019075028	        0.0041875878	        0.0002255424	        0.0020591381	        0.1000000000	        0.0010000000	        1.0000000000	        0.0000475000	        0.0001309513
        0.8727000940	        1.1511328415	        0.6370183514	       -0.0444274689	        0.0088502445	        0.0149794152	        0.0019379368	        0.0040303906	        0.0002062464	        0.0020585997	        0.1000000000	        0.0010000000	        1.0000000000	        0.0000446115	        0.0001336744
        0.9233611572	        1.1531321601	        0.6306394356	       -0.0309476421	        0.0091742797	        0.0159069095	        0.0019722219	        0.0039276807	        0.0001939091	        0.0020587869	        0.1000000000	        0.0010000000	        1.0000000000	        0.0000427535	        0.0001364078
        0.9744103051	        1.1541158141	        0.6243972504	       -0.0167801459	        0.0093466501	        0.0163958362	        0.0020114130	        0.0038770119	        0.0001879019	        0.0020590520	        0.1000000000	        0.0010000000	        1.0000000000	        0.0000423029	        0.0001391402
        1.0255896949	        1.1541158141	        0.6180875732	       -0.0022146142	        0.0093466501	        0.0162252019	        0.0020563400	        0.0038770119	        0.0001879019	        0.0020590520	        0.1000000000	        0.0010000000	        1.0000000000	        0.0000437026	        0.0001417691
        1.0766388428	        1.1531321601	        0.6114300775	        0.0123176043	        0.0091742797	        0.0154068048	        0.0021073111	        0.0039276807	        0.0001939091	        0.0020587869	        0.1000000000	        0.0010000000	        1.0000000000	        0.0000471648	        0.0001442331
        1.1272999060	        1.1511328415	        0.6041642358	        0.0264405254	        0.0088502445	        0.0141899840	        0.0021639329	        0.0040303906	        0.0002062464	        0.0020585997	        0.1000000000	        0.0010000000	        1.0000000000	        0.0000525852	        0.0001465676
        1.1773228500	        1.1480579986	        0.5960636127	        0.0397811238	        0.0084109273	        0.0128353678	        0.0022251064	        0.0041875878	        0.0002255424	        0.0020591381	        0.1000000000	        0.0010000000	        1.0000000000	        0.0000597784	        0.0001486187
        1.2264702865	        1.1438283344	        0.5869590393	        0.0520101998	        0.0079001329	        0.0115531097	        0.0022890197	        0.0044022049	        0.0002526923	        0.0020612631	        0.1000000000	        0.0010000000	        1.0000000000	        0.0000683208	        0.0001504029
        1.2745217853	        1.1383574474	        0.5767916492	        0.0629349184	        0.0073603503	        0.0104477995	        0.0023533438	        0.0046768373	        0.0002887903	        0.0020658849	        0.1000000000	        0.0010000000	        1.0000000000	        0.0000776717	        0.0001520997
        1.3212775037	        1.1315666188	        0.5655897607	        0.0724870925	        0.0068260211	        0.0095127147	        0.0024155963	        0.0050128253	        0.0003350344	        0.0020737278	        0.1000000000	        0.0010000000	        1.0000000000	        0.0000875633	        0.0001538404
        1.3665610231	        1.1233991448	        0.5534059254	        0.0806357054	        0.0063201510	        0.0087066632	        0.0024733198	        0.0054094707	        0.0003926178	        0.0020850668	        0.1000000000	        0.0010000000	        1.0000000000	        0.0000979559	        0.0001556845
        1.4102213305	        1.1138305389	        0.5403102472	        0.0873851404	        0.0058542296	        0.0080170105	        0.0025240756	        0.0058636406	        0.0004626354	        0.0020995131	        0.1000000000	        0.0010000000	        1.0000000000	        0.0001085655	        0.0001576536
        1.4521339345	        1.1028717679	        0.5264524939	        0.0928227390	        0.0054304540	        0.0074376201	        0.0025656965	        0.0063698974	        0.0005460346	        0.0021159294	        0.1000000000	        0.0010000000	        1.0000000000	        0.0001189524	        0.0001599478
        1.4922011523	        1.0905650131	        0.5120206229	        0.0971347864	        0.0050449337	        0.0069352065	        0.0025967084	        0.0069210985	        0.0006436259	        0.0021325111	        0.1000000000	        0.0010000000	        1.0000000000	        0.0001291118	        0.0001625512
        1.5303516405	        1.0769739743	        0.4971586045	        0.1004097511	        0.0046907898	        0.0064690444	        0.0026163117	        0.0075092378	        0.0007561452	        0.0021470029	        0.1000000000	        0.0010000000	        1.0000000000	        0.0001394605	        0.0001653763
        1.5665392717	        1.0621720423	        0.4819510635	        0.1027225691	        0.0043605321	        0.0060200206	        0.0026239516	        0.0081262525	        0.0008843401	        0.0021569786	        0.1000000000	        0.0010000000	        1.0000000000	        0.0001503003	        0.0001686481
        1.6007414793	        1.0462313456	        0.4664760728	        0.1041553020	        0.0040475493	        0.0055874935	        0.0026190500	        0.0087645963	        0.0010290527	        0.0021601066	        0.1000000000	        0.0010000000	        1.0000000000	        0.0001616325	        0.0001723665
        1.6329571982	        1.0292144036	        0.4508201082	        0.1047899604	        0.0037468283	        0.0051746572	        0.0026010633	        0.0094175084	        0.0011912741	        0.0021543526	        0.1000000000	        0.0010000000	        1.0000000000	        0.0001733290	        0.0001763508
        1.6632045292	        1.0111688044	        0.4350832716	        0.1047026003	        0.0034551252	        0.0047808471	        0.0025696591	        0.0100790042	        0.0013721618	        0.0021381040	        0.1000000000	        0.0010000000	        1.0000000000	        0.0001853415	        0.0001812186
        1.6915182473	        0.9921244873	        0.4193516980	        0.1040899544	        0.0031708094	        0.0044021721	        0.0025248014	        0.0107436640	        0.0015730169	        0.0021102233	        0.1000000000	        0.0010000000	        1.0000000000	        0.0001977708	        0.0001867307
        1.7179472609	        0.9720929048	        0.4036969347	        0.1029505353	        0.0028935489	        0.0040379177	        0.0024667014	        0.0114062916	        0.0017952183	        0.0020700505	        0.1000000000	        0.0010000000	        1.0000000000	        0.0002106498	        0.0001921762
        1.7425521094	        0.9510673745	        0.3881892640	        0.1013570634	        0.0026239505	        0.0036902038	        0.0023958157	        0.0120615018	        0.0020401144	        0.0020173725	        0.1000000000	        0.0010000000	        1.0000000000	        0.0002238747	        0.0001983797
        1.7654025727	        0.9290241150	        0.3729031575	        0.0994437214	        0.0023632154	        0.0033612092	        0.0023129221	        0.0127032663	        0.0023088625	        0.0019523753	        0.1000000000	        0.0010000000	        1.0000000000	        0.0002372835	        0.0002057025
        1.7865754452	        0.9059236715	        0.3579141123	        0.0973276242	        0.0021128453	        0.0030518357	        0.0022191981	        0.0133244361	        0.0026022068	        0.0018755904	        0.1000000000	        0.0010000000	        1.0000000000	        0.0002507477	        0.0002137450
        1.8061525101	        0.8817126196	        0.3432913873	        0.0950739303	        0.0018744086	        0.0027607344	        0.0021162501	        0.0139162485	        0.0029201804	        0.0017878418	        0.1000000000	        0.0010000000	        1.0000000000	        0.0002643287	        0.0002230157
        1.8242187368	        0.8563255806	        0.3290805150	        0.0928211065	        0.0016493661	        0.0024853889	        0.0020060340	        0.0144678301	        0.0032617172	        0.0016901969	        0.1000000000	        0.0010000000	        1.0000000000	        0.0002783210	        0.0002339522
        1.8408607086	        0.8296876951	        0.3153007283	        0.0906117788	        0.0014389532	        0.0022240001	        0.0018906962	        0.0149657207	        0.0036241663	        0.0015839245	        0.1000000000	        0.0010000000	        1.0000000000	        0.0002931494	        0.0002459310
        1.8561652810	        0.8017177987	        0.3019462479	        0.0884505165	        0.0012441066	        0.0019757162	        0.0017724178	        0.0153934652	        0.0040027140	        0.0014704596	        0.1000000000	        0.0010000000	        1.0000000000	        0.0003093453	        0.0002591314
        1.8702184608	        0.7723326119	        0.2889893504	        0.0863408276	        0.0010654301	        0.0017406669	        0.0016532814	        0.0157313593	        0.0043897511	        0.0013513752	        0.1000000000	        0.0010000000	        1.0000000000	        0.0003275165	        0.0002734560
        1.8831044915	        0.7414523156	        0.2763857653	        0.0842314574	        0.0009031882	        0.0015197659	        0.0015351704	        0.0159564802	        0.0047742708	        0.0012283597	        0.1000000000	        0.0010000000	        1.0000000000	        0.0003483228	        0.0002893651
        1.8949051275	        0.7090078905	        0.2640795047	        0.0821245447	        0.0007573228	        0.0013143359	        0.0014196963	        0.0160431929	        0.0051414537	        0.0011031980	        0.1000000000	        0.0010000000	        1.0000000000	        0.0003724698	        0.0003079780
        1.9056990763	        0.6749505484	        0.2520076835	        0.0800104810	        0.0006274849	        0.0011263426	        0.0013081393	        0.0159643660	        0.0054726858	        0.0009777537	        0.1000000000	        0.0010000000	        1.0000000000	        0.0004004843	        0.0003276528
        1.9155615890	        0.6392634171	        0.2401174238	        0.0777668362	        0.0005130783	        0.0009570328	        0.0012014300	        0.0156935506	        0.0057463352	        0.0008539467	        0.1000000000	        0.0010000000	        1.0000000000	        0.0004328861	        0.0003477956
        1.9245641781	        0.6019753270	        0.2283541224	        0.0753610065	        0.0004133094	        0.0008064044	        0.0011001006	        0.0152083023	        0.0059396337	        0.0007337221	        0.1000000000	        0.0010000000	        1.0000000000	        0.0004704154	        0.0003718989
        1.9327744427	        0.5631760506	        0.2166654049	        0.0728554127	        0.0003272418	        0.0006736660	        0.0010041731	        0.0144946223	        0.0060318982	        0.0006190036	        0.1000000000	        0.0010000000	        1.0000000000	        0.0005140034	        0.0003982363
        1.9402559838	        0.5230316737	        0.2049943668	        0.0700997732	        0.0002538515	        0.0005572815	        0.0009130469	        0.0135521005	        0.0060090019	        0.0005116262	        0.1000000000	        0.0010000000	        1.0000000000	        0.0005649636	        0.0004257428
        1.9470683933	        0.4817980234	        0.1932777305	        0.0670921191	        0.0001920824	        0.0004554399	        0.0008254620	        0.0123987892	        0.0058684635	        0.0004132473	        0.1000000000	        0.0010000000	        1.0000000000	        0.0006249827	        0.0004595989
        1.9532673011	        0.4398294206	        0.1814444326	        0.0638679577	        0.0001408983	        0.0003664427	        0.0007396780	        0.0110742691	        0.0056239006	        0.0003252413	        0.1000000000	        0.0010000000	        1.0000000000	        0.0006960472	        0.0004969194
        1.9589044686	        0.3975796179	        0.1694197265	        0.0602667310	        0.0000993297	        0.0002891536	        0.0006539743	        0.0096391002	        0.0053072275	        0.0002485922	        0.1000000000	        0.0010000000	        1.0000000000	        0.0007798914	        0.0005402629
        1.9640279170	        0.3555914491	        0.1571421361	        0.0564008630	        0.0000665036	        0.0002230267	        0.0005674245	        0.0081692656	        0.0049672671	        0.0001838049	        0.1000000000	        0.0010000000	        1.0000000000	        0.0008773102	        0.0005894473
        1.9686820816	        0.3147415963	        0.1445797332	        0.0521162350	        0.0000470814	        0.0001678437	        0.0004806488	        0.0067567761	        0.0046683028	        0.0001312364	        0.1000000000	        0.0010000000	        1.0000000000	        0.0009874723	        0.0006416626
        1.9729079831	        0.2758662524	        0.1317501393	        0.0475086662	        0.0000332418	        0.0001232633	        0.0003959800	        0.0054607897	        0.0044434178	        0.0000904000	        0.1000000000	        0.0010000000	        1.0000000000	        0.0011077495	        0.0007043716
        1.9767434111	        0.2392597728	        0.1187217218	        0.0427002515	        0.0000223411	        0.0000884400	        0.0003166442	        0.0043085689	        0.0043077426	        0.0000598211	        0.1000000000	        0.0010000000	        1.0000000000	        0.0012345953	        0.0007766498
        1.9802231129	        0.2050490075	        0.1055993083	        0.0378086010	        0.0000141812	        0.0000620540	        0.0002455504	        0.0033131890	        0.0042682678	        0.0000377974	        0.1000000000	        0.0010000000	        1.0000000000	        0.0013644982	        0.0008525852
        1.9833789852	        0.1733098271	        0.0925047254	        0.0328645316	        0.0000084347	        0.0000425618	        0.0001844760	        0.0024770496	        0.0043242305	        0.0000226281	        0.1000000000	        0.0010000000	        1.0000000000	        0.0014945902	        0.0009265442
        1.9862402627	        0.1440555561	        0.0795595032	        0.0279117030	        0.0000046578	        0.0000284537	        0.0001339163	        0.0017933878	        0.0044688236	        0.0000127029	        0.1000000000	        0.0010000000	        1.0000000000	        0.0016229200	        0.0010075513
        1.9888337046	        0.1172361329	        0.0668723867	        0.0231454215	        0.0000023576	        0.0000184215	        0.0000934034	        0.0012490761	        0.0046914779	        0.0000065880	        0.1000000000	        0.0010000000	        1.0000000000	        0.0017483967	        0.0011021894
        1.9911837738	        0.0927485536	        0.0545336623	        0.0186621529	        0.0000010717	        0.0000114178	        0.0000619381	        0.0008276827	        0.0049800010	        0.0000030854	        0.1000000000	        0.0010000000	        1.0000000000	        0.0018705825	        0.0011963909
        1.9933128092	        0.0704536320	        0.0426132003	        0.0144019744	        0.0000004225	        0.0000066437	        0.0000383249	        0.0005119512	        0.0053221286	        0.0000012573	        0.1000000000	        0.0010000000	        1.0000000000	        0.0019891718	        0.0012864999
        1.9952411902	        0.0501930309	        0.0311654513	        0.0104073678	        0.0000001354	        0.0000035023	        0.0000213671	        0.0002853811	        0.0057064105	        0.0000004173	        0.1000000000	        0.0010000000	        1.0000000000	        0.0021037453	        0.0013746306
        1.9969874916	        0.0318028082	        0.0202305033	        0.0066445941	        0.0000000309	        0.0000015512	        0.0000099595	        0.0001330130	        0.0061225809	        0.0000000985	        0.1000000000	        0.0010000000	        1.0000000000	        0.0022139648	        0.0014508292
        1.9985686299	        0.0151224492	        0.0098361518	        0.0030553330	        0.0000000035	        0.0000004640	        0.0000031212	        0.0000416841	        0.0065616189	        0.0000000115	        0.1000000000	        0.0010000000	        1.0000000000	        0.0023194559	        0.0015127628
        2.0000000000	        0.0000000000	        0.0000000000	       -0.0003914555	        0.0000000000	        0.0000000000	        0.0000000000	        0.0000000000	        0.0070156674	        0.0000000000	        0.1000000000	        0.0010000000	        1.0000000000	        0.0024199904	        0.0015666578
