        0.0000000000	        0.0000000000	        1.0000000000	        0.0002851550	        0.0000000000	        0.0000000000	        0.0000000000	        0.0000000000	        0.0061942976	        0.0000000000	        0.1000000000	        0.0010000000	        0.6000000000	        0.0008579710	        0.0005065268
        0.0014313701	        0.0132399083	        0.9955794069	       -0.0015674681	        0.0000000012	        0.0000000802	        0.0000001429	        0.0000285548	        0.0058599915	        0.0000000053	        0.1000000000	        0.0010000000	        0.6010628217	        0.0007899056	        0.0004633872
        0.0030125084	        0.0278416673	        0.9910909992	       -0.0033975035	        0.0000000104	        0.0000003440	        0.0000005633	        0.0000914102	        0.0055297457	        0.0000000462	        0.1000000000	        0.0010000000	        0.6021458070	        0.0007251476	        0.0004265038
        0.0047588098	        0.0439389042	        0.9865457083	       -0.0052878944	        0.0000000461	        0.0000009314	        0.0000014005	        0.0001968475	        0.0052084027	        0.0000001986	        0.1000000000	        0.0010000000	        0.6032465017	        0.0006646663	        0.0003755296
        0.0066871908	        0.0616751804	        0.9819465793	       -0.0073754200	        0.0000001457	        0.0000020415	        0.0000028186	        0.0003545645	        0.0049016094	        0.0000006087	        0.1000000000	        0.0010000000	        0.6043643375	        0.0006091874	        0.0003204360
        0.0088162262	        0.0812022317	        0.9772915404	       -0.0096743185	        0.0000003758	        0.0000039494	        0.0000050133	        0.0005758120	        0.0046159211	        0.0000015221	        0.1000000000	        0.0010000000	        0.6054999888	        0.0005590466	        0.0002717899
        0.0111662954	        0.1026762687	        0.9725713778	       -0.0121927097	        0.0000008437	        0.0000070210	        0.0000082144	        0.0008734422	        0.0043588608	        0.0000033179	        0.1000000000	        0.0010000000	        0.6066558941	        0.0005142865	        0.0002298196
        0.0137597373	        0.1262515424	        0.9677726330	       -0.0149395049	        0.0000017092	        0.0000117255	        0.0000126858	        0.0012617650	        0.0041389066	        0.0000065430	        0.1000000000	        0.0010000000	        0.6078355761	        0.0004746466	        0.0001946221
        0.0166210148	        0.1520706118	        0.9628775611	       -0.0179117145	        0.0000031903	        0.0000186416	        0.0000187167	        0.0017560441	        0.0039652902	        0.0000119423	        0.1000000000	        0.0010000000	        0.6090436747	        0.0004396093	        0.0001657435
        0.0197768871	        0.1802516066	        0.9578685174	       -0.0211095262	        0.0000055588	        0.0000284541	        0.0000265997	        0.0023714421	        0.0038475037	        0.0000204761	        0.1000000000	        0.0010000000	        0.6102848828	        0.0004084766	        0.0001424045
        0.0232565889	        0.2108743520	        0.9527288614	       -0.0245223387	        0.0000091174	        0.0000419273	        0.0000365856	        0.0031212763	        0.0037943817	        0.0000333168	        0.1000000000	        0.0010000000	        0.6115637254	        0.0003804875	        0.0001240071
        0.0270920169	        0.2439689458	        0.9474469142	       -0.0281345574	        0.0000141616	        0.0000598528	        0.0000488125	        0.0040146735	        0.0038127518	        0.0000518184	        0.1000000000	        0.0010000000	        0.6128835691	        0.0003548439	        0.0001097111
        0.0313179184	        0.2795107459	        0.9420180042	       -0.0319215984	        0.0000209391	        0.0000829381	        0.0000632203	        0.0050540572	        0.0039058088	        0.0000774613	        0.1000000000	        0.0010000000	        0.6142460856	        0.0003309244	        0.0000990656
        0.0359720830	        0.3174234558	        0.9364433359	       -0.0358441001	        0.0000296282	        0.0001116585	        0.0000794969	        0.0062331723	        0.0040715823	        0.0001117791	        0.1000000000	        0.0010000000	        0.6156515023	        0.0003083846	        0.0000916493
        0.0410955314	        0.3575879820	        0.9307272177	       -0.0398568573	        0.0000403473	        0.0001461506	        0.0000971130	        0.0075362956	        0.0043019788	        0.0001562834	        0.1000000000	        0.0010000000	        0.6170992734	        0.0002871379	        0.0000860098
        0.0467326989	        0.3996397692	        0.9248732378	       -0.0439484713	        0.0000562721	        0.0001862572	        0.0001154714	        0.0089330027	        0.0045828691	        0.0002121329	        0.1000000000	        0.0010000000	        0.6185890366	        0.0002672562	        0.0000821268
        0.0529316067	        0.4427644169	        0.9188816349	       -0.0480623375	        0.0000809457	        0.0002318061	        0.0001341229	        0.0103606082	        0.0048809884	        0.0002795228	        0.1000000000	        0.0010000000	        0.6201212901	        0.0002488113	        0.0000795155
        0.0597440162	        0.4861938431	        0.9127498229	       -0.0521974666	        0.0001116537	        0.0002830108	        0.0001529137	        0.0117346633	        0.0051460990	        0.0003579967	        0.1000000000	        0.0010000000	        0.6216972791	        0.0002317571	        0.0000773749
        0.0672255573	        0.5294173988	        0.9064756023	       -0.0563264696	        0.0001490040	        0.0003407204	        0.0001719641	        0.0129846969	        0.0053401843	        0.0004468789	        0.1000000000	        0.0010000000	        0.6233181831	        0.0002159229	        0.0000760466
        0.0754358219	        0.5719935091	        0.9000606217	       -0.0604176148	        0.0001936449	        0.0004064140	        0.0001915424	        0.0140544447	        0.0054387265	        0.0005450018	        0.1000000000	        0.0010000000	        0.6249842135	        0.0002010925	        0.0000749218
        0.0844384110	        0.6135632615	        0.8935119341	       -0.0644602155	        0.0002462368	        0.0004819892	        0.0002119293	        0.0149068369	        0.0054318917	        0.0006507892	        0.1000000000	        0.0010000000	        0.6266941805	        0.0001870970	        0.0000740133
        0.0943009237	        0.6538543477	        0.8868408826	       -0.0684077849	        0.0003074169	        0.0005694555	        0.0002333315	        0.0155247834	        0.0053229327	        0.0007623646	        0.1000000000	        0.0010000000	        0.6284457464	        0.0001738659	        0.0000733556
        0.1050948725	        0.6926770548	        0.8800599376	       -0.0722366940	        0.0003777622	        0.0006706349	        0.0002558569	        0.0159086988	        0.0051247274	        0.0008776645	        0.1000000000	        0.0010000000	        0.6302362290	        0.0001614271	        0.0000727420
        0.1168955085	        0.7299145957	        0.8731787631	       -0.0759135025	        0.0004577529	        0.0007869234	        0.0002795335	        0.0160722120	        0.0048556790	        0.0009945392	        0.1000000000	        0.0010000000	        0.6320636369	        0.0001498681	        0.0000723470
        0.1297815392	        0.7655102343	        0.8662009422	       -0.0794054304	        0.0005477394	        0.0009191271	        0.0003043407	        0.0160374293	        0.0045360019	        0.0011108365	        0.1000000000	        0.0010000000	        0.6339275643	        0.0001392880	        0.0000720361
        0.1438347190	        0.7994533301	        0.8591220832	       -0.0827004375	        0.0006479156	        0.0010674003	        0.0003302351	        0.0158307023	        0.0041849684	        0.0012244665	        0.1000000000	        0.0010000000	        0.6358297482	        0.0001297549	        0.0000716939
        0.1591392914	        0.8317658348	        0.8519298517	       -0.0857912756	        0.0007583032	        0.0012313159	        0.0003571621	        0.0154793761	        0.0038192505	        0.0013334539	        0.1000000000	        0.0010000000	        0.6377741236	        0.0001212824	        0.0000715360
        0.1757812632	        0.8624901456	        0.8446056443	       -0.0886546419	        0.0008787525	        0.0014100681	        0.0003850559	        0.0150096157	        0.0034522056	        0.0014359837	        0.1000000000	        0.0010000000	        0.6397664373	        0.0001138232	        0.0000715042
        0.1938474899	        0.8916786969	        0.8371274762	       -0.0912947469	        0.0010089657	        0.0016026931	        0.0004138359	        0.0144451847	        0.0030938313	        0.0015304474	        0.1000000000	        0.0010000000	        0.6418135148	        0.0001072847	        0.0000715784
        0.2134245548	        0.9193853018	        0.8294726312	       -0.0936911753	        0.0011485505	        0.0018083208	        0.0004434028	        0.0138069549	        0.0027511168	        0.0016154923	        0.1000000000	        0.0010000000	        0.6439225685	        0.0001015449	        0.0000716906
        0.2345974273	        0.9456580555	        0.8216207999	       -0.0958537161	        0.0012971117	        0.0020262745	        0.0004736378	        0.0131129338	        0.0024285789	        0.0016900793	        0.1000000000	        0.0010000000	        0.6461003451	        0.0000964755	        0.0000718691
        0.2574478906	        0.9705335490	        0.8135553456	       -0.0977509320	        0.0014543919	        0.0022564640	        0.0005044035	        0.0123786154	        0.0021288355	        0.0017535471	        0.1000000000	        0.0010000000	        0.6483527627	        0.0000919405	        0.0000722514
        0.2820527391	        0.9940322066	        0.8052677712	       -0.0993557290	        0.0016204653	        0.0025003379	        0.0005355468	        0.0116175474	        0.0018531442	        0.0018056847	        0.1000000000	        0.0010000000	        0.6506836293	        0.0000877804	        0.0000727200
        0.3084817527	        1.0161547399	        0.7967633974	       -0.1006319132	        0.0017959876	        0.0027613284	        0.0005669194	        0.0108419982	        0.0016018603	        0.0018468046	        0.1000000000	        0.0010000000	        0.6530929575	        0.0000838295	        0.0000733045
        0.3367954708	        1.0368799644	        0.7880645921	       -0.1015156385	        0.0019824936	        0.0030441466	        0.0005984103	        0.0100636243	        0.0013747949	        0.0018778013	        0.1000000000	        0.0010000000	        0.6555758981	        0.0000799612	        0.0000739704
        0.3670428018	        1.0561645718	        0.7792078391	       -0.1019471904	        0.0021827102	        0.0033546976	        0.0006299664	        0.0092940417	        0.0011714697	        0.0019001703	        0.1000000000	        0.0010000000	        0.6581233946	        0.0000760896	        0.0000747970
        0.3992585207	        1.0739458335	        0.7702441938	       -0.1018183783	        0.0024008090	        0.0037013568	        0.0006615916	        0.0085452421	        0.0009912800	        0.0019159678	        0.1000000000	        0.0010000000	        0.6607218748	        0.0000721405	        0.0000757769
        0.4334607283	        1.0901483748	        0.7612408190	       -0.1010415308	        0.0026424669	        0.0040963671	        0.0006933402	        0.0078297032	        0.0008335603	        0.0019276765	        0.1000000000	        0.0010000000	        0.6633526104	        0.0000680412	        0.0000768798
        0.4696483595	        1.1046957212	        0.7522829482	       -0.0994852039	        0.0029145407	        0.0045531884	        0.0007253208	        0.0071600563	        0.0006975606	        0.0019379593	        0.1000000000	        0.0010000000	        0.6659909232	        0.0000637845	        0.0000781375
        0.5077988477	        1.1175259124	        0.7434570466	       -0.0970397442	        0.0032241359	        0.0050889816	        0.0007576821	        0.0065482086	        0.0005823502	        0.0019493008	        0.1000000000	        0.0010000000	        0.6686109735	        0.0000593815	        0.0000795292
        0.5478660655	        1.1286082933	        0.7348610337	       -0.0935740934	        0.0035768672	        0.0057321946	        0.0007906168	        0.0060042069	        0.0004867200	        0.0019636449	        0.1000000000	        0.0010000000	        0.6711826719	        0.0000547991	        0.0000810627
        0.5897786695	        1.1379564932	        0.7266047051	       -0.0889628856	        0.0039743716	        0.0065216776	        0.0008244552	        0.0055350625	        0.0004091232	        0.0019821168	        0.1000000000	        0.0010000000	        0.6736714409	        0.0000500413	        0.0000827866
        0.6334389769	        1.1456324111	        0.7187959226	       -0.0830616220	        0.0044115120	        0.0074866138	        0.0008597841	        0.0051440105	        0.0003477052	        0.0020049348	        0.1000000000	        0.0010000000	        0.6760423456	        0.0000453001	        0.0000847261
        0.6787224963	        1.1517388482	        0.7114875425	       -0.0758059420	        0.0048741780	        0.0086129957	        0.0008974620	        0.0048304894	        0.0003004280	        0.0020315207	        0.1000000000	        0.0010000000	        0.6782764864	        0.0000409660	        0.0000867603
        0.7254782147	        1.1564029899	        0.7046482167	       -0.0672464535	        0.0053387453	        0.0098209781	        0.0009384869	        0.0045909786	        0.0002652613	        0.0020607872	        0.1000000000	        0.0010000000	        0.6803806560	        0.0000374533	        0.0000888772
        0.7735297135	        1.1597561750	        0.6981630453	       -0.0575112463	        0.0057740592	        0.0109140839	        0.0009838482	        0.0044203304	        0.0002403708	        0.0020914826	        0.1000000000	        0.0010000000	        0.6823879617	        0.0000352272	        0.0000910997
        0.8226771500	        1.1619154765	        0.6917987596	       -0.0468664370	        0.0061461449	        0.0115952671	        0.0010343505	        0.0043130207	        0.0002242457	        0.0021224237	        0.1000000000	        0.0010000000	        0.6843693991	        0.0000347588	        0.0000933098
        0.8727000940	        1.1629704873	        0.6852266417	       -0.0357199890	        0.0064245833	        0.0117038708	        0.0010903750	        0.0042642002	        0.0002157677	        0.0021526644	        0.1000000000	        0.0010000000	        0.6864276553	        0.0000361926	        0.0000954607
        0.9233611572	        1.1629761889	        0.6781226157	       -0.0244707699	        0.0065886731	        0.0113480259	        0.0011517759	        0.0042704493	        0.0002142352	        0.0021816423	        0.1000000000	        0.0010000000	        0.6886664641	        0.0000393013	        0.0000975916
        0.9744103051	        1.1619512279	        0.6702240600	       -0.0134687349	        0.0066315489	        0.0107319196	        0.0012179737	        0.0043300305	        0.0002193440	        0.0022092272	        0.1000000000	        0.0010000000	        0.6911728736	        0.0000437867	        0.0000996606
        1.0255896949	        1.1598806491	        0.6613224220	       -0.0030329740	        0.0065609905	        0.0100469031	        0.0012880473	        0.0044426811	        0.0002311415	        0.0022356709	        0.1000000000	        0.0010000000	        0.6940195432	        0.0000492603	        0.0001016729
        1.0766388428	        1.1567224618	        0.6513237739	        0.0066410670	        0.0063966220	        0.0094293955	        0.0013608264	        0.0046092695	        0.0002499794	        0.0022615944	        0.1000000000	        0.0010000000	        0.6972451187	        0.0000551953	        0.0001037497
        1.1272999060	        1.1524175620	        0.6402526095	        0.0155018040	        0.0061648087	        0.0088895638	        0.0014351622	        0.0048311378	        0.0002764468	        0.0022878776	        0.1000000000	        0.0010000000	        0.7008518496	        0.0000614275	        0.0001058142
        1.1773228500	        1.1469023116	        0.6281121030	        0.0234135051	        0.0058931248	        0.0083970137	        0.0015100601	        0.0051089967	        0.0003112612	        0.0023153443	        0.1000000000	        0.0010000000	        0.7048500866	        0.0000680364	        0.0001078248
        1.2264702865	        1.1401222528	        0.6149310891	        0.0303100871	        0.0056055196	        0.0079318982	        0.0015845252	        0.0054422095	        0.0003551763	        0.0023445901	        0.1000000000	        0.0010000000	        0.7092429667	        0.0000751096	        0.0001099882
        1.2745217853	        1.1320444066	        0.6007151469	        0.0361357746	        0.0053195789	        0.0074751182	        0.0016574639	        0.0058280662	        0.0004088708	        0.0023757025	        0.1000000000	        0.0010000000	        0.7140425499	        0.0000828077	        0.0001121368
        1.3212775037	        1.1226654282	        0.5854711915	        0.0407442836	        0.0050457679	        0.0070373542	        0.0017274394	        0.0062616144	        0.0004728745	        0.0024081142	        0.1000000000	        0.0010000000	        0.7192619136	        0.0000910071	        0.0001142492
        1.3665610231	        1.1120136413	        0.5692856622	        0.0441625097	        0.0047882088	        0.0066654434	        0.0017926428	        0.0067361575	        0.0005475653	        0.0024406374	        0.1000000000	        0.0010000000	        0.7248878332	        0.0000989379	        0.0001164047
        1.4102213305	        1.1001446974	        0.5524544585	        0.0465731576	        0.0045462699	        0.0063647128	        0.0018515138	        0.0072444419	        0.0006332699	        0.0024717167	        0.1000000000	        0.0010000000	        0.7308322939	        0.0001061449	        0.0001189209
        1.4521339345	        1.0871329478	        0.5352091951	        0.0482640889	        0.0043167971	        0.0060812349	        0.0019034527	        0.0077787303	        0.0007302573	        0.0024993320	        0.1000000000	        0.0010000000	        0.7370249720	        0.0001132496	        0.0001218048
        1.4922011523	        1.0730617372	        0.5176268217	        0.0492041252	        0.0040957904	        0.0057757965	        0.0019482981	        0.0083311182	        0.0008387565	        0.0025211415	        0.1000000000	        0.0010000000	        0.7434476900	        0.0001209934	        0.0001247445
        1.5303516405	        1.0580145681	        0.4997109940	        0.0493645995	        0.0038794115	        0.0054555932	        0.0019855376	        0.0088942033	        0.0009590318	        0.0025348083	        0.1000000000	        0.0010000000	        0.7501083929	        0.0001293841	        0.0001278508
        1.5665392717	        1.0420679489	        0.4815531934	        0.0487766382	        0.0036644727	        0.0051337047	        0.0020142181	        0.0094620052	        0.0010915340	        0.0025383842	        0.1000000000	        0.0010000000	        0.7569819498	        0.0001382162	        0.0001312481
        1.6007414793	        1.0252864439	        0.4632252302	        0.0475251854	        0.0034488484	        0.0048090468	        0.0020333341	        0.0100296019	        0.0012368746	        0.0025303015	        0.1000000000	        0.0010000000	        0.7640488605	        0.0001475697	        0.0001347365
        1.6329571982	        1.0077199978	        0.4448000669	        0.0455804472	        0.0032314936	        0.0044891609	        0.0020417998	        0.0105930855	        0.0013958463	        0.0025094552	        0.1000000000	        0.0010000000	        0.7712875095	        0.0001572535	        0.0001388470
        1.6632045292	        0.9894027062	        0.4263960197	        0.0432143311	        0.0030122973	        0.0041767217	        0.0020386307	        0.0111495896	        0.0015694641	        0.0024752666	        0.1000000000	        0.0010000000	        0.7786560939	        0.0001671576	        0.0001434216
        1.6915182473	        0.9703526451	        0.4081004538	        0.0403691988	        0.0027919666	        0.0038710033	        0.0020231372	        0.0116966215	        0.0017588659	        0.0024275591	        0.1000000000	        0.0010000000	        0.7861221337	        0.0001772885	        0.0001483635
        1.7179472609	        0.9505723749	        0.3900135485	        0.0372784493	        0.0025717768	        0.0035761578	        0.0019948657	        0.0122319881	        0.0019653113	        0.0023665657	        0.1000000000	        0.0010000000	        0.7936451044	        0.0001874301	        0.0001544846
        1.7425521094	        0.9300496113	        0.3722460180	        0.0340668864	        0.0023533707	        0.0032937271	        0.0019537422	        0.0127534910	        0.0021901234	        0.0022928668	        0.1000000000	        0.0010000000	        0.8011767607	        0.0001974331	        0.0001610404
        1.7654025727	        0.9087580329	        0.3548970503	        0.0308054430	        0.0021385926	        0.0030238615	        0.0019001471	        0.0132584700	        0.0024345655	        0.0022073032	        0.1000000000	        0.0010000000	        0.8086702169	        0.0002072157	        0.0001690868
        1.7865754452	        0.8866581602	        0.3380579351	        0.0277760783	        0.0019293313	        0.0027671710	        0.0018348964	        0.0137434814	        0.0026997114	        0.0021109243	        0.1000000000	        0.0010000000	        0.8160787380	        0.0002166767	        0.0001781637
        1.8061525101	        0.8636982550	        0.3218088661	        0.0249242134	        0.0017273990	        0.0025224022	        0.0017592359	        0.0142039129	        0.0029862522	        0.0020049337	        0.1000000000	        0.0010000000	        0.8233575036	        0.0002258864	        0.0001882209
        1.8242187368	        0.8398153809	        0.3061955875	        0.0224631828	        0.0015344496	        0.0022880510	        0.0016747577	        0.0146334090	        0.0032941779	        0.0018906233	        0.1000000000	        0.0010000000	        0.8304748447	        0.0002350328	        0.0001999941
        1.8408607086	        0.8149367234	        0.2912435420	        0.0203675265	        0.0013519023	        0.0020639193	        0.0015832452	        0.0150235490	        0.0036224489	        0.0017693580	        0.1000000000	        0.0010000000	        0.8374070666	        0.0002442798	        0.0002129919
        1.8561652810	        0.7889812592	        0.2769574302	        0.0187182908	        0.0011808994	        0.0018503839	        0.0014865817	        0.0153634275	        0.0039685458	        0.0016425525	        0.1000000000	        0.0010000000	        0.8441395244	        0.0002537940	        0.0002268303
        1.8702184608	        0.7618620241	        0.2633300143	        0.0174019251	        0.0010222831	        0.0016480364	        0.0013866772	        0.0156393545	        0.0043279577	        0.0015116631	        0.1000000000	        0.0010000000	        0.8506632269	        0.0002637665	        0.0002428435
        1.8831044915	        0.7334892690	        0.2503386060	        0.0166067831	        0.0008765945	        0.0014573911	        0.0012854216	        0.0158345662	        0.0046935731	        0.0013781747	        0.1000000000	        0.0010000000	        0.8569770414	        0.0002744537	        0.0002610108
        1.8949051275	        0.7037748735	        0.2379500249	        0.0161588039	        0.0007440845	        0.0012788223	        0.0011846275	        0.0159292268	        0.0050551033	        0.0012436006	        0.1000000000	        0.0010000000	        0.8630858071	        0.0002862110	        0.0002796563
        1.9056990763	        0.6726384013	        0.2261155982	        0.0160520331	        0.0006247375	        0.0011127053	        0.0010859721	        0.0159007253	        0.0053986071	        0.0011094771	        0.1000000000	        0.0010000000	        0.8690032125	        0.0002994924	        0.0002997762
        1.9155615890	        0.6400151767	        0.2147783106	        0.0161807588	        0.0005183008	        0.0009595475	        0.0009909221	        0.0157246782	        0.0057064241	        0.0009773682	        0.1000000000	        0.0010000000	        0.8747486428	        0.0003148172	        0.0003225445
        1.9245641781	        0.6058666531	        0.2038715098	        0.0165980215	        0.0004243212	        0.0008199127	        0.0009006621	        0.0153767011	        0.0059577416	        0.0008488600	        0.1000000000	        0.0010000000	        0.8803480728	        0.0003327428	        0.0003491082
        1.9327744427	        0.5701931579	        0.1933276522	        0.0172357739	        0.0003421849	        0.0006940591	        0.0008160115	        0.0148353290	        0.0061302393	        0.0007255514	        0.1000000000	        0.0010000000	        0.8858297436	        0.0003539307	        0.0003755576
        1.9402559838	        0.5330487330	        0.1830719630	        0.0178689745	        0.0002711624	        0.0005816630	        0.0007373272	        0.0140859314	        0.0062029820	        0.0006090223	        0.1000000000	        0.0010000000	        0.8912274894	        0.0003792878	        0.0004025718
        1.9470683933	        0.4945572543	        0.1730242529	        0.0184821717	        0.0002104520	        0.0004819781	        0.0006643833	        0.0131255950	        0.0061607198	        0.0005007879	        0.1000000000	        0.0010000000	        0.8965799494	        0.0004099880	        0.0004383096
        1.9532673011	        0.4549282338	        0.1630951533	        0.0192489520	        0.0001592247	        0.0003937741	        0.0005962996	        0.0119681070	        0.0059990724	        0.0004022279	        0.1000000000	        0.0010000000	        0.9019327589	        0.0004477256	        0.0004759297
        1.9589044686	        0.4144699365	        0.1531797335	        0.0197322618	        0.0001166673	        0.0003159285	        0.0005316006	        0.0106477120	        0.0057294963	        0.0003144962	        0.1000000000	        0.0010000000	        0.9073423595	        0.0004945318	        0.0005075089
        1.9640279170	        0.3735966053	        0.1431682108	        0.0197718616	        0.0000820216	        0.0002478359	        0.0004685422	        0.0092199274	        0.0053824631	        0.0002384239	        0.1000000000	        0.0010000000	        0.9128706301	        0.0005522606	        0.0005499926
        1.9686820816	        0.3328255773	        0.1329599916	        0.0196492260	        0.0000546120	        0.0001892728	        0.0004057489	        0.0077574744	        0.0050070817	        0.0001744270	        0.1000000000	        0.0010000000	        0.9185773122	        0.0006223321	        0.0006046488
        1.9729079831	        0.2929683315	        0.1224750220	        0.0191838714	        0.0000372250	        0.0001402878	        0.0003429596	        0.0063491217	        0.0046693955	        0.0001227298	        0.1000000000	        0.0010000000	        0.9245134623	        0.0007051455	        0.0006606294
        1.9767434111	        0.2549049876	        0.1116753892	        0.0183055233	        0.0000259436	        0.0001008421	        0.0002814079	        0.0050615286	        0.0044134447	        0.0000828810	        0.1000000000	        0.0010000000	        0.9307085099	        0.0007995572	        0.0007215776
        1.9802231129	        0.2190434847	        0.1005750449	        0.0170479995	        0.0000170964	        0.0000703594	        0.0002233631	        0.0039251568	        0.0042550017	        0.0000534427	        0.1000000000	        0.0010000000	        0.9371631807	        0.0009033230	        0.0007903189
        1.9833789852	        0.1855235802	        0.0892321109	        0.0154979107	        0.0000105432	        0.0000476834	        0.0001711273	        0.0029530691	        0.0042010406	        0.0000326319	        0.1000000000	        0.0010000000	        0.9438520589	        0.0010139507	        0.0008605335
        1.9862402627	        0.1544348993	        0.0777313824	        0.0135916069	        0.0000060174	        0.0000313556	        0.0001262356	        0.0021470663	        0.0042498173	        0.0000186639	        0.1000000000	        0.0010000000	        0.9507321821	        0.0011292168	        0.0009279904
        1.9888337046	        0.1258010884	        0.0661698576	        0.0113882181	        0.0000031346	        0.0000199147	        0.0000892249	        0.0014991597	        0.0043928439	        0.0000098486	        0.1000000000	        0.0010000000	        0.9577505229	        0.0012474658	        0.0010148755
        1.9911837738	        0.0995768286	        0.0546420913	        0.0092866038	        0.0000014601	        0.0000120919	        0.0000598476	        0.0009946325	        0.0046176115	        0.0000046860	        0.1000000000	        0.0010000000	        0.9648523016	        0.0013679179	        0.0011239163
        1.9933128092	        0.0756589416	        0.0432298976	        0.0072963160	        0.0000005874	        0.0000068872	        0.0000374133	        0.0006154535	        0.0049101251	        0.0000019369	        0.1000000000	        0.0010000000	        0.9719873898	        0.0014903555	        0.0012329747
        1.9952411902	        0.0539053768	        0.0320020959	        0.0053767311	        0.0000001914	        0.0000035528	        0.0000210586	        0.0003430052	        0.0052566977	        0.0000006507	        0.1000000000	        0.0010000000	        0.9791109320	        0.0016143222	        0.0013420635
        1.9969874916	        0.0341544562	        0.0210201951	        0.0035506047	        0.0000000442	        0.0000015399	        0.0000099041	        0.0001597477	        0.0056449165	        0.0000001550	        0.1000000000	        0.0010000000	        0.9861801999	        0.0017390902	        0.0014428220
        1.9985686299	        0.0162398192	        0.0103369673	        0.0016858990	        0.0000000050	        0.0000004508	        0.0000031294	        0.0000499745	        0.0060639442	        0.0000000182	        0.1000000000	        0.0010000000	        0.9931558536	        0.0018637296	        0.0015231327
        2.0000000000	        0.0000000000	        0.0000000000	       -0.0002908396	        0.0000000000	        0.0000000000	        0.0000000000	        0.0000000000	        0.0065044958	        0.0000000000	        0.1000000000	        0.0010000000	        1.0000000000	        0.0019879046	        0.0016102176
