        0.0000000000	        0.0000000000	        1.0000000000	        0.0000163011	        0.0000000000	        0.0000000000	        0.0000000000	        0.0000000000	        0.0065809321	        0.0000000000	        0.1000000000	        0.0010000000	        0.6000000000	        0.0012960856	        0.0009387279
        0.0014313701	        0.0134064522	        0.9931570883	       -0.0018686610	        0.0000000012	        0.0000001265	        0.0000003578	        0.0000303371	        0.0062109918	        0.0000000059	        0.1000000000	        0.0010000000	        0.6016468064	        0.0012539879	        0.0009092493
        0.0030125084	        0.0281927088	        0.9858568168	       -0.0038718546	        0.0000000111	        0.0000005157	        0.0000014106	        0.0000969860	        0.0058453946	        0.0000000507	        0.1000000000	        0.0010000000	        0.6034136761	        0.0012087982	        0.0008752801
        0.0047588098	        0.0444942738	        0.9780981977	       -0.0060235417	        0.0000000493	        0.0000013313	        0.0000035075	        0.0002085714	        0.0054895723	        0.0000002177	        0.1000000000	        0.0010000000	        0.6053028897	        0.0011606860	        0.0008336144
        0.0066871908	        0.0624566236	        0.9698882002	       -0.0083716769	        0.0000001558	        0.0000027939	        0.0000070596	        0.0003751391	        0.0051498389	        0.0000006656	        0.1000000000	        0.0010000000	        0.6073149383	        0.0011094865	        0.0007854883
        0.0088162262	        0.0822332540	        0.9612439857	       -0.0109453984	        0.0000004020	        0.0000052063	        0.0000125533	        0.0006082754	        0.0048334661	        0.0000016609	        0.1000000000	        0.0010000000	        0.6094479088	        0.0010550171	        0.0007361860
        0.0111662954	        0.1039816292	        0.9521955805	       -0.0137184693	        0.0000009029	        0.0000089848	        0.0000205502	        0.0009211321	        0.0045487204	        0.0000036120	        0.1000000000	        0.0010000000	        0.6116967227	        0.0009971018	        0.0006856635
        0.0137597373	        0.1278561854	        0.9427886705	       -0.0167097972	        0.0000018292	        0.0000146997	        0.0000316686	        0.0013282389	        0.0043048023	        0.0000071051	        0.1000000000	        0.0010000000	        0.6140522994	        0.0009355865	        0.0006342659
        0.0166210148	        0.1539978309	        0.9330878842	       -0.0198724083	        0.0000034137	        0.0000231226	        0.0000465289	        0.0018449307	        0.0041115857	        0.0000129331	        0.1000000000	        0.0010000000	        0.6165005423	        0.0008704051	        0.0005826800
        0.0197768871	        0.1825203739	        0.9231789989	       -0.0231920618	        0.0000059445	        0.0000352715	        0.0000656400	        0.0024861884	        0.0039790267	        0.0000221103	        0.1000000000	        0.0010000000	        0.6190215418	        0.0008016923	        0.0005305830
        0.0232565889	        0.2134960778	        0.9131696448	       -0.0266081846	        0.0000097396	        0.0000524287	        0.0000892074	        0.0032647758	        0.0039161331	        0.0000358641	        0.1000000000	        0.0010000000	        0.6215891217	        0.0007299566	        0.0004789722
        0.0270920169	        0.2469443673	        0.9031853909	       -0.0300665571	        0.0000151045	        0.0000760898	        0.0001168851	        0.0041888001	        0.0039294921	        0.0000555987	        0.1000000000	        0.0010000000	        0.6241715706	        0.0006562931	        0.0004278694
        0.0313179184	        0.2828278598	        0.8933596361	       -0.0335030857	        0.0000222899	        0.0001078102	        0.0001475875	        0.0052592017	        0.0040215644	        0.0000828334	        0.1000000000	        0.0010000000	        0.6267340593	        0.0005824721	        0.0003783904
        0.0359720830	        0.3210570798	        0.8838175898	       -0.0368524849	        0.0000314713	        0.0001489694	        0.0001795593	        0.0064679230	        0.0041891677	        0.0001191271	        0.1000000000	        0.0010000000	        0.6292427770	        0.0005108126	        0.0003310059
        0.0410955314	        0.3615007775	        0.8746574177	       -0.0400862914	        0.0000427640	        0.0002005537	        0.0002108129	        0.0077973691	        0.0044226491	        0.0001660031	        0.1000000000	        0.0010000000	        0.6316700627	        0.0004437569	        0.0002863019
        0.0467326989	        0.4036524750	        0.8659366002	       -0.0431970650	        0.0000612734	        0.0002631312	        0.0002397693	        0.0092117100	        0.0047063224	        0.0002244411	        0.1000000000	        0.0010000000	        0.6339983920	        0.0003832673	        0.0002451274
        0.0529316067	        0.4466452043	        0.8576698787	       -0.0462090602	        0.0000877229	        0.0003371186	        0.0002657388	        0.0106375961	        0.0049973311	        0.0002944264	        0.1000000000	        0.0010000000	        0.6362213869	        0.0003303944	        0.0002082066
        0.0597440162	        0.4897827052	        0.8498380185	       -0.0491507058	        0.0001205391	        0.0004231715	        0.0002889362	        0.0119930978	        0.0052466012	        0.0003754902	        0.1000000000	        0.0010000000	        0.6383418722	        0.0002852338	        0.0001759838
        0.0672255573	        0.5325640727	        0.8424012235	       -0.0520572464	        0.0001603583	        0.0005224716	        0.0003101408	        0.0132101478	        0.0054181528	        0.0004668554	        0.1000000000	        0.0010000000	        0.6403685180	        0.0002471923	        0.0001486831
        0.0754358219	        0.5745670852	        0.8353111974	       -0.0549398255	        0.0002078557	        0.0006367960	        0.0003303034	        0.0142369601	        0.0054906063	        0.0005672779	        0.1000000000	        0.0010000000	        0.6423126826	        0.0002153451	        0.0001259225
        0.0844384110	        0.6154583088	        0.8285187456	       -0.0578219791	        0.0002637154	        0.0007683362	        0.0003502722	        0.0150418749	        0.0054575063	        0.0006751396	        0.1000000000	        0.0010000000	        0.6441863536	        0.0001887172	        0.0001076691
        0.0943009237	        0.6549935097	        0.8219769734	       -0.0606664572	        0.0003285941	        0.0009193124	        0.0003706720	        0.0156130243	        0.0053249700	        0.0007885584	        0.1000000000	        0.0010000000	        0.6460012382	        0.0001664417	        0.0000934427
        0.1050948725	        0.6930106721	        0.8156411621	       -0.0634699094	        0.0004030832	        0.0010914920	        0.0003918972	        0.0159550625	        0.0051077879	        0.0009054955	        0.1000000000	        0.0010000000	        0.6477687582	        0.0001478088	        0.0000823493
        0.1168955085	        0.7294182589	        0.8094674132	       -0.0662065145	        0.0004876708	        0.0012857898	        0.0004141551	        0.0160845128	        0.0048252363	        0.0010238477	        0.1000000000	        0.0010000000	        0.6495003963	        0.0001322459	        0.0000738640
        0.1297815392	        0.7641812253	        0.8034117736	       -0.0688687521	        0.0005827074	        0.0015020682	        0.0004375160	        0.0160250349	        0.0044975324	        0.0011415199	        0.1000000000	        0.0010000000	        0.6512079243	        0.0001192761	        0.0000674330
        0.1438347190	        0.7973067722	        0.7974302940	       -0.0714384180	        0.0006883756	        0.0017390579	        0.0004619507	        0.0158034221	        0.0041433639	        0.0012564807	        0.1000000000	        0.0010000000	        0.6529033782	        0.0001084929	        0.0000625549
        0.1591392914	        0.8288311431	        0.7914791845	       -0.0739212396	        0.0008046713	        0.0019946043	        0.0004873497	        0.0154466553	        0.0037785114	        0.0013668056	        0.1000000000	        0.0010000000	        0.6545990076	        0.0000995354	        0.0000588619
        0.1757812632	        0.8588081457	        0.7855167833	       -0.0763066723	        0.0009313971	        0.0022664162	        0.0005135320	        0.0149800277	        0.0034153553	        0.0014707153	        0.1000000000	        0.0010000000	        0.6563067097	        0.0000920640	        0.0000561101
        0.1938474899	        0.8872995985	        0.7795065367	       -0.0785969303	        0.0010681764	        0.0025520657	        0.0005402530	        0.0144261589	        0.0030629724	        0.0015666149	        0.1000000000	        0.0010000000	        0.6580371567	        0.0000857874	        0.0000540291
        0.2134245548	        0.9143675789	        0.7734160570	       -0.0807863434	        0.0012144937	        0.0028499664	        0.0005672110	        0.0138046389	        0.0027275517	        0.0016531346	        0.1000000000	        0.0010000000	        0.6598000377	        0.0000804380	        0.0000525672
        0.2345974273	        0.9400682160	        0.7672230391	       -0.0828530082	        0.0013697674	        0.0031601356	        0.0005940597	        0.0131321580	        0.0024129572	        0.0017291818	        0.1000000000	        0.0010000000	        0.6616023100	        0.0000757698	        0.0000516387
        0.2574478906	        0.9644467133	        0.7609149559	       -0.0847676876	        0.0015334651	        0.0034835094	        0.0006204353	        0.0124228700	        0.0021212872	        0.0017939971	        0.1000000000	        0.0010000000	        0.6634482186	        0.0000715882	        0.0000510947
        0.2820527391	        0.9875333405	        0.7544899903	       -0.0864980759	        0.0017052683	        0.0038229685	        0.0006459821	        0.0116889203	        0.0018533831	        0.0018472169	        0.1000000000	        0.0010000000	        0.6653389487	        0.0000677245	        0.0000508579
        0.3084817527	        1.0093402791	        0.7479596080	       -0.0879941837	        0.0018852886	        0.0041830755	        0.0006703862	        0.0109410583	        0.0016092560	        0.0018889401	        0.1000000000	        0.0010000000	        0.6672717760	        0.0000640465	        0.0000509078
        0.3367954708	        1.0298594025	        0.7413466105	       -0.0891943448	        0.0020743341	        0.0045690418	        0.0006934094	        0.0101892417	        0.0013884189	        0.0019197844	        0.1000000000	        0.0010000000	        0.6692405329	        0.0000604715	        0.0000511567
        0.3670428018	        1.0490613511	        0.7346830202	       -0.0900392603	        0.0022742031	        0.0049882174	        0.0007149063	        0.0094432082	        0.0011901348	        0.0019409209	        0.1000000000	        0.0010000000	        0.6712361380	        0.0000569373	        0.0000515645
        0.3992585207	        1.0668966062	        0.7280117285	       -0.0904526753	        0.0024879527	        0.0054504248	        0.0007348355	        0.0087129563	        0.0010135844	        0.0019540697	        0.1000000000	        0.0010000000	        0.6732460071	        0.0000534017	        0.0000520863
        0.4334607283	        1.0832995051	        0.7213830182	       -0.0903668624	        0.0027200531	        0.0059666830	        0.0007532612	        0.0080089993	        0.0008579510	        0.0019614224	        0.1000000000	        0.0010000000	        0.6752550045	        0.0000498556	        0.0000526593
        0.4696483595	        1.0981961000	        0.7148510533	       -0.0897125495	        0.0029762750	        0.0065537707	        0.0007703338	        0.0073423036	        0.0007224292	        0.0019654709	        0.1000000000	        0.0010000000	        0.6772464441	        0.0000462817	        0.0000533207
        0.5077988477	        1.1115161283	        0.7084791867	       -0.0884043325	        0.0032631039	        0.0072333699	        0.0007862804	        0.0067238460	        0.0006061737	        0.0019687456	        0.1000000000	        0.0010000000	        0.6792004240	        0.0000426783	        0.0000540810
        0.5478660655	        1.1232078304	        0.7023296772	       -0.0863671286	        0.0035864985	        0.0080317647	        0.0008014028	        0.0061637147	        0.0005082003	        0.0019734742	        0.1000000000	        0.0010000000	        0.6810969382	        0.0000390661	        0.0000549296
        0.5897786695	        1.1332523651	        0.6964652090	       -0.0835258353	        0.0039498911	        0.0089895059	        0.0008160742	        0.0056700332	        0.0004272995	        0.0019812638	        0.1000000000	        0.0010000000	        0.6829154379	        0.0000354483	        0.0000558564
        0.6334389769	        1.1416732160	        0.6909494466	       -0.0798153705	        0.0043516238	        0.0101478143	        0.0008307756	        0.0052480133	        0.0003620025	        0.0019929043	        0.1000000000	        0.0010000000	        0.6846346922	        0.0000318875	        0.0000569683
        0.6787224963	        1.1485366231	        0.6858239625	       -0.0751560797	        0.0047824368	        0.0115159211	        0.0008461102	        0.0048994701	        0.0003106258	        0.0020083478	        0.1000000000	        0.0010000000	        0.6862400750	        0.0000285510	        0.0000581900
        0.7254782147	        1.1539421501	        0.6810893065	       -0.0695794611	        0.0052239487	        0.0130491886	        0.0008627447	        0.0046230823	        0.0002713956	        0.0020268872	        0.1000000000	        0.0010000000	        0.6877297484	        0.0000256360	        0.0000594540
        0.7735297135	        1.1580062763	        0.6767036384	       -0.0631248652	        0.0056491428	        0.0146160445	        0.0008813336	        0.0044153090	        0.0002426100	        0.0020474603	        0.1000000000	        0.0010000000	        0.6891154007	        0.0000233339	        0.0000608069
        0.8226771500	        1.1608439718	        0.6725780466	       -0.0559108290	        0.0060254960	        0.0159746731	        0.0009024589	        0.0042715789	        0.0002227838	        0.0020689473	        0.1000000000	        0.0010000000	        0.6904239884	        0.0000218197	        0.0000621555
        0.8727000940	        1.1625527286	        0.6685828766	       -0.0481128414	        0.0063204567	        0.0168439431	        0.0009265752	        0.0041874306	        0.0002107491	        0.0020903963	        0.1000000000	        0.0010000000	        0.6916959532	        0.0000212075	        0.0000635768
        0.9233611572	        1.1632014829	        0.6645643344	       -0.0399007076	        0.0065079562	        0.0170498966	        0.0009539779	        0.0041593702	        0.0002057061	        0.0021111583	        0.1000000000	        0.0010000000	        0.6929800959	        0.0000215310	        0.0000650737
        0.9744103051	        1.1628248907	        0.6603637994	       -0.0314911904	        0.0065739880	        0.0166309872	        0.0009847969	        0.0041853540	        0.0002072349	        0.0021309462	        0.1000000000	        0.0010000000	        0.6943275019	        0.0000227422	        0.0000665878
        1.0255896949	        1.1614224312	        0.6558385442	       -0.0230779274	        0.0065194140	        0.0157473915	        0.0010190092	        0.0042649120	        0.0002152814	        0.0021498456	        0.1000000000	        0.0010000000	        0.6957849437	        0.0000248007	        0.0000682035
        1.0766388428	        1.1589617405	        0.6508482269	       -0.0148383028	        0.0063591508	        0.0145849666	        0.0010564211	        0.0043988849	        0.0002301224	        0.0021682598	        0.1000000000	        0.0010000000	        0.6973992777	        0.0000276961	        0.0000698589
        1.1272999060	        1.1553858566	        0.6452660510	       -0.0069830440	        0.0061180716	        0.0133868121	        0.0010965849	        0.0045889204	        0.0002523166	        0.0021868408	        0.1000000000	        0.0010000000	        0.6992139736	        0.0000312409	        0.0000715346
        1.1773228500	        1.1506240145	        0.6390431978	        0.0003875127	        0.0058251017	        0.0122998161	        0.0011388237	        0.0048368580	        0.0002826461	        0.0022064234	        0.1000000000	        0.0010000000	        0.7012481102	        0.0000352091	        0.0000733231
        1.2264702865	        1.1446050370	        0.6321620668	        0.0072020672	        0.0055076337	        0.0113269294	        0.0011823690	        0.0051437709	        0.0003220211	        0.0022277890	        0.1000000000	        0.0010000000	        0.7035112496	        0.0000395675	        0.0000751554
        1.2745217853	        1.1372713811	        0.6246105789	        0.0133685223	        0.0051875118	        0.0104527798	        0.0012263495	        0.0055090887	        0.0003713718	        0.0022514052	        0.1000000000	        0.0010000000	        0.7060117345	        0.0000443138	        0.0000770054
        1.3212775037	        1.1285909179	        0.6163968539	        0.0188324959	        0.0048791843	        0.0096726595	        0.0012697496	        0.0059300816	        0.0004315534	        0.0022772160	        0.1000000000	        0.0010000000	        0.7087517623	        0.0000493909	        0.0000788926
        1.3665610231	        1.1185635482	        0.6075533316	        0.0235570214	        0.0045898898	        0.0089709556	        0.0013114406	        0.0064017808	        0.0005032817	        0.0023045025	        0.1000000000	        0.0010000000	        0.7117257616	        0.0000547729	        0.0000808017
        1.4102213305	        1.1072211931	        0.5981184857	        0.0275186180	        0.0043211754	        0.0083340014	        0.0013502099	        0.0069173182	        0.0005871126	        0.0023318552	        0.1000000000	        0.0010000000	        0.7149262591	        0.0000604304	        0.0000826397
        1.4521339345	        1.0946217966	        0.5881529344	        0.0306870486	        0.0040708721	        0.0077684056	        0.0013847827	        0.0074687106	        0.0006834854	        0.0023573250	        0.1000000000	        0.0010000000	        0.7183381903	        0.0000661743	        0.0000844941
        1.4922011523	        1.0808395944	        0.5777679104	        0.0331524928	        0.0038349495	        0.0072684334	        0.0014140055	        0.0080478269	        0.0007928183	        0.0023786897	        0.1000000000	        0.0010000000	        0.7219285621	        0.0000718596	        0.0000864891
        1.5303516405	        1.0659545435	        0.5670700845	        0.0349792013	        0.0036090140	        0.0068084137	        0.0014370440	        0.0086469480	        0.0009155780	        0.0023936594	        0.1000000000	        0.0010000000	        0.7256648003	        0.0000775634	        0.0000886106
        1.5665392717	        1.0500432255	        0.5561424288	        0.0362325786	        0.0033892375	        0.0063692557	        0.0014533398	        0.0092591417	        0.0010523414	        0.0024000881	        0.1000000000	        0.0010000000	        0.7295214471	        0.0000834083	        0.0000908704
        1.6007414793	        1.0331722230	        0.5450522916	        0.0369490268	        0.0031728048	        0.0059434285	        0.0014625122	        0.0098784537	        0.0012038419	        0.0023961517	        0.1000000000	        0.0010000000	        0.7334775771	        0.0000894632	        0.0000931050
        1.6329571982	        1.0153940078	        0.5338610893	        0.0371395842	        0.0029580322	        0.0055311497	        0.0014643185	        0.0104998922	        0.0013709913	        0.0023804556	        0.1000000000	        0.0010000000	        0.7375134948	        0.0000957236	        0.0000951825
        1.6632045292	        0.9967448757	        0.5226335671	        0.0368223066	        0.0027442856	        0.0051358655	        0.0014586852	        0.0111192699	        0.0015548774	        0.0023520819	        0.1000000000	        0.0010000000	        0.7416073897	        0.0001021275	        0.0000976501
        1.6915182473	        0.9772443232	        0.5114388992	        0.0361565778	        0.0025317992	        0.0047586340	        0.0014457864	        0.0117329256	        0.0017567326	        0.0023105827	        0.1000000000	        0.0010000000	        0.7457348073	        0.0001086441	        0.0001006514
        1.7179472609	        0.9568953559	        0.5003380343	        0.0351820814	        0.0023214635	        0.0043960928	        0.0014260980	        0.0123373149	        0.0019778571	        0.0022559298	        0.1000000000	        0.0010000000	        0.7498732586	        0.0001153622	        0.0001038936
        1.7425521094	        0.9356853717	        0.4893706992	        0.0339627064	        0.0021146084	        0.0040439906	        0.0014003634	        0.0129285513	        0.0022194985	        0.0021884504	        0.1000000000	        0.0010000000	        0.7540072851	        0.0001224683	        0.0001078949
        1.7654025727	        0.9135873540	        0.4785551697	        0.0325899712	        0.0019127990	        0.0036999275	        0.0013695053	        0.0135019955	        0.0024827010	        0.0021087739	        0.1000000000	        0.0010000000	        0.7581289736	        0.0001301955	        0.0001128567
        1.7865754452	        0.8905612244	        0.4678900068	        0.0311020057	        0.0017176634	        0.0033631763	        0.0013345431	        0.0140518492	        0.0027681041	        0.0020177803	        0.1000000000	        0.0010000000	        0.7622377241	        0.0001388230	        0.0001187822
        1.8061525101	        0.8665553389	        0.4573558463	        0.0295295958	        0.0015307572	        0.0030338835	        0.0012965264	        0.0145707472	        0.0030756794	        0.0019165555	        0.1000000000	        0.0010000000	        0.7663399595	        0.0001487064	        0.0001262412
        1.8242187368	        0.8415082031	        0.4469142581	        0.0279331825	        0.0013534660	        0.0027131581	        0.0012564734	        0.0150493303	        0.0034043836	        0.0018063486	        0.1000000000	        0.0010000000	        0.7704499537	        0.0001602885	        0.0001356792
        1.8408607086	        0.8153505465	        0.4365107964	        0.0263292181	        0.0011869386	        0.0024026090	        0.0012153169	        0.0154758697	        0.0037517384	        0.0016885414	        0.1000000000	        0.0010000000	        0.7745890200	        0.0001741421	        0.0001476025
        1.8561652810	        0.7880079547	        0.4260709705	        0.0247566258	        0.0010320505	        0.0021049282	        0.0011738533	        0.0158358961	        0.0041133125	        0.0015646181	        0.1000000000	        0.0010000000	        0.7787875021	        0.0001909529	        0.0001625808
        1.8702184608	        0.7594042923	        0.4155088466	        0.0232087141	        0.0008893872	        0.0018234327	        0.0011327002	        0.0161120539	        0.0044821890	        0.0014361518	        0.1000000000	        0.0010000000	        0.7830817397	        0.0002115372	        0.0001813038
        1.8831044915	        0.7294661803	        0.4047230266	        0.0217055191	        0.0007592497	        0.0015614831	        0.0010922755	        0.0162840842	        0.0048484144	        0.0013047849	        0.1000000000	        0.0010000000	        0.7875160740	        0.0002368668	        0.0002054128
        1.8949051275	        0.6981288174	        0.3936046851	        0.0203000159	        0.0006416713	        0.0013223517	        0.0010527783	        0.0163292765	        0.0051986240	        0.0011722209	        0.1000000000	        0.0010000000	        0.7921399919	        0.0002680135	        0.0002370942
        1.9056990763	        0.6653433640	        0.3820401348	        0.0190887075	        0.0005364464	        0.0011081995	        0.0010141923	        0.0162234262	        0.0055159812	        0.0010402111	        0.1000000000	        0.0010000000	        0.7970074454	        0.0003062025	        0.0002767715
        1.9155615890	        0.6310860480	        0.3699138144	        0.0180229410	        0.0004431668	        0.0009200827	        0.0009762831	        0.0159425372	        0.0057807000	        0.0009105375	        0.1000000000	        0.0010000000	        0.8021760086	        0.0003527345	        0.0003253687
        1.9245641781	        0.5953689286	        0.3571169187	        0.0171551154	        0.0003612618	        0.0007577537	        0.0009385859	        0.0154654701	        0.0059714589	        0.0007849909	        0.1000000000	        0.0010000000	        0.8077035888	        0.0004089429	        0.0003883304
        1.9327744427	        0.5582519670	        0.3435508219	        0.0166941319	        0.0002900417	        0.0006195132	        0.0009003762	        0.0147774705	        0.0060678866	        0.0006653328	        0.1000000000	        0.0010000000	        0.8136472193	        0.0004763279	        0.0004651660
        1.9402559838	        0.5198556831	        0.3291244223	        0.0164991626	        0.0002287418	        0.0005028597	        0.0008605873	        0.0138743562	        0.0060541279	        0.0005532399	        0.1000000000	        0.0010000000	        0.8200644974	        0.0005565047	        0.0005548751
        1.9470683933	        0.4803731543	        0.3137609475	        0.0166068980	        0.0001765640	        0.0004049272	        0.0008177112	        0.0127668952	        0.0059232117	        0.0004502361	        0.1000000000	        0.0010000000	        0.8270108594	        0.0006511492	        0.0006636315
        1.9532673011	        0.4400796276	        0.2973969498	        0.0171073679	        0.0001327178	        0.0003227567	        0.0007697885	        0.0114841903	        0.0056812913	        0.0003576068	        0.1000000000	        0.0010000000	        0.8345401944	        0.0007621099	        0.0007862625
        1.9589044686	        0.3993376919	        0.2799819846	        0.0176774120	        0.0000964562	        0.0002537970	        0.0007146255	        0.0100747550	        0.0053505298	        0.0002763085	        0.1000000000	        0.0010000000	        0.8427051582	        0.0008910150	        0.0009235511
        1.9640279170	        0.3585956119	        0.2614938861	        0.0184183960	        0.0000671072	        0.0001960888	        0.0006504085	        0.0086039736	        0.0049693749	        0.0002068897	        0.1000000000	        0.0010000000	        0.8515499326	        0.0010387043	        0.0010694957
        1.9686820816	        0.3183779330	        0.2419522312	        0.0188047670	        0.0000441232	        0.0001482854	        0.0005766854	        0.0071471238	        0.0045894122	        0.0001494374	        0.1000000000	        0.0010000000	        0.8611028323	        0.0012043540	        0.0012159794
        1.9729079831	        0.2795733461	        0.2214478662	        0.0188049541	        0.0000319961	        0.0001094747	        0.0004953285	        0.0057903727	        0.0042727816	        0.0001039431	        0.1000000000	        0.0010000000	        0.8713595279	        0.0013846850	        0.0013741281
        1.9767434111	        0.2428942850	        0.2001559321	        0.0184861094	        0.0000221457	        0.0000788418	        0.0004106517	        0.0045754739	        0.0040358949	        0.0000694863	        0.1000000000	        0.0010000000	        0.8822720150	        0.0015742849	        0.0015374012
        1.9802231129	        0.2084749127	        0.1783279949	        0.0177947037	        0.0000144958	        0.0000554130	        0.0003281006	        0.0035192985	        0.0038885132	        0.0000443575	        0.1000000000	        0.0010000000	        0.8937466363	        0.0017666468	        0.0016896303
        1.9833789852	        0.1764144638	        0.1562631624	        0.0165726144	        0.0000088880	        0.0000380158	        0.0002524871	        0.0026281396	        0.0038324626	        0.0000268227	        0.1000000000	        0.0010000000	        0.9056531801	        0.0019556072	        0.0018231352
        1.9862402627	        0.1467615219	        0.1342694144	        0.0148101952	        0.0000050509	        0.0000254128	        0.0001868738	        0.0018981279	        0.0038627494	        0.0000152010	        0.1000000000	        0.0010000000	        0.9178413221	        0.0021364731	        0.0019525815
        1.9888337046	        0.1195042817	        0.1126294837	        0.0128169532	        0.0000026241	        0.0000164641	        0.0001324546	        0.0013174097	        0.0039696857	        0.0000079527	        0.1000000000	        0.0010000000	        0.9301578665	        0.0023064402	        0.0020920492
        1.9911837738	        0.0945724057	        0.0915796115	        0.0108420422	        0.0000012207	        0.0000102266	        0.0000890677	        0.0008692740	        0.0041412639	        0.0000037539	        0.1000000000	        0.0010000000	        0.9424599242	        0.0024643175	        0.0022177471
        1.9933128092	        0.0718493552	        0.0713029206	        0.0086819711	        0.0000004909	        0.0000059735	        0.0000558094	        0.0005351562	        0.0043651164	        0.0000015401	        0.1000000000	        0.0010000000	        0.9546217857	        0.0026098501	        0.0023191262
        1.9952411902	        0.0511894062	        0.0519333705	        0.0064256543	        0.0000001600	        0.0000031660	        0.0000314796	        0.0002968224	        0.0046297571	        0.0000005138	        0.1000000000	        0.0010000000	        0.9665363401	        0.0027432446	        0.0024144201
        1.9969874916	        0.0324336253	        0.0335616027	        0.0041580329	        0.0000000369	        0.0000014115	        0.0000148325	        0.0001375942	        0.0049251359	        0.0000001216	        0.1000000000	        0.0010000000	        0.9781152562	        0.0028649917	        0.0025002634
        1.9985686299	        0.0154218160	        0.0162420580	        0.0018819661	        0.0000000042	        0.0000004251	        0.0000046930	        0.0000428365	        0.0052427352	        0.0000000142	        0.1000000000	        0.0010000000	        0.9892879518	        0.0029756980	        0.0025725828
        2.0000000000	        0.0000000000	        0.0000000000	       -0.0003885280	        0.0000000000	        0.0000000000	        0.0000000000	        0.0000000000	        0.0055754299	        0.0000000000	        0.1000000000	        0.0010000000	        1.0000000000	        0.0030757310	        0.0026422045
