        0.0000000000	        0.0000000000	        1.0000000000	        0.0000163011	        0.0000000000	        0.0000000000	        0.0000000000	        0.0000000000	        0.0062585906	        0.0000000000	        0.1000000000	        0.0010000000	        0.6000000000	        0.0010478376	        0.0009387279
        0.0014313701	        0.0132088219	        0.9944892302	       -0.0005365191	        0.0000000012	        0.0000000755	        0.0000001712	        0.0000288511	        0.0059157769	        0.0000000054	        0.1000000000	        0.0010000000	        0.6013255066	        0.0010055863	        0.0009092493
        0.0030125084	        0.0277767621	        0.9886584298	       -0.0010702416	        0.0000000105	        0.0000003110	        0.0000006756	        0.0000923079	        0.0055766361	        0.0000000470	        0.1000000000	        0.0010000000	        0.6027343817	        0.0009609839	        0.0008752801
        0.0047588098	        0.0438372715	        0.9825175451	       -0.0016041944	        0.0000000467	        0.0000008120	        0.0000016816	        0.0001986656	        0.0052461966	        0.0000002018	        0.1000000000	        0.0010000000	        0.6042253369	        0.0009140154	        0.0008336144
        0.0066871908	        0.0615337189	        0.9760834855	       -0.0021763917	        0.0000001477	        0.0000017254	        0.0000033895	        0.0003576136	        0.0049303252	        0.0000006180	        0.1000000000	        0.0010000000	        0.6057954058	        0.0008647300	        0.0007854883
        0.0088162262	        0.0810176032	        0.9693814290	       -0.0028079552	        0.0000003811	        0.0000032595	        0.0000060378	        0.0005803647	        0.0046358061	        0.0000015443	        0.1000000000	        0.0010000000	        0.6074395727	        0.0008131946	        0.0007361860
        0.0111662954	        0.1024447957	        0.9624462264	       -0.0034678235	        0.0000008560	        0.0000057083	        0.0000099037	        0.0008797003	        0.0043703880	        0.0000033638	        0.1000000000	        0.0010000000	        0.6091503579	        0.0007595165	        0.0006856635
        0.0137597373	        0.1259690049	        0.9553235704	       -0.0041748973	        0.0000017350	        0.0000094845	        0.0000152936	        0.0012698234	        0.0041427456	        0.0000066284	        0.1000000000	        0.0010000000	        0.6109174441	        0.0007038482	        0.0006342659
        0.0166210148	        0.1517318949	        0.9480713738	       -0.0048889187	        0.0000032402	        0.0000151585	        0.0000225149	        0.0017658563	        0.0039622638	        0.0000120880	        0.1000000000	        0.0010000000	        0.6127272334	        0.0006464223	        0.0005826800
        0.0197768871	        0.1798501722	        0.9407600897	       -0.0056109709	        0.0000056480	        0.0000234973	        0.0000318200	        0.0023827883	        0.0038385215	        0.0000207079	        0.1000000000	        0.0010000000	        0.6145626546	        0.0005876035	        0.0005305830
        0.0232565889	        0.2104015862	        0.9334722214	       -0.0063056080	        0.0000092659	        0.0000354891	        0.0000433109	        0.0031337427	        0.0037803664	        0.0000336640	        0.1000000000	        0.0010000000	        0.6164031735	        0.0005279673	        0.0004789722
        0.0270920169	        0.2434135479	        0.9262989957	       -0.0069529523	        0.0000143931	        0.0000523231	        0.0000568183	        0.0040276551	        0.0037945623	        0.0000523122	        0.1000000000	        0.0010000000	        0.6182255372	        0.0004684000	        0.0004278694
        0.0313179184	        0.2788584118	        0.9193337089	       -0.0075290128	        0.0000212783	        0.0000753058	        0.0000718071	        0.0050668041	        0.0038841782	        0.0000781324	        0.1000000000	        0.0010000000	        0.6200054149	        0.0004101214	        0.0003783904
        0.0359720830	        0.3166570637	        0.9126620342	       -0.0080080405	        0.0000300984	        0.0001057221	        0.0000874074	        0.0062449031	        0.0040470965	        0.0001126572	        0.1000000000	        0.0010000000	        0.6217199006	        0.0003546144	        0.0003310059
        0.0410955314	        0.3566883048	        0.9063503233	       -0.0083933858	        0.0000409686	        0.0001447001	        0.0001026260	        0.0075463818	        0.0042751092	        0.0001573984	        0.1000000000	        0.0010000000	        0.6233506341	        0.0003034063	        0.0002863019
        0.0467326989	        0.3985501515	        0.9004364088	       -0.0086972564	        0.0000576117	        0.0001931702	        0.0001166675	        0.0089401802	        0.0045540894	        0.0002134728	        0.1000000000	        0.0010000000	        0.6248863725	        0.0002577373	        0.0002451274
        0.0529316067	        0.4414186585	        0.8949266441	       -0.0089522948	        0.0000827551	        0.0002519648	        0.0001291935	        0.0103617105	        0.0048487126	        0.0002810399	        0.1000000000	        0.0010000000	        0.6263239852	        0.0002183084	        0.0002082066
        0.0597440162	        0.4845527108	        0.8897992577	       -0.0091894666	        0.0001139970	        0.0003219605	        0.0001403678	        0.0117284877	        0.0051099163	        0.0003596769	        0.1000000000	        0.0010000000	        0.6276677822	        0.0001852268	        0.0001759838
        0.0672255573	        0.5274502750	        0.8850113931	       -0.0094470769	        0.0001519359	        0.0004041044	        0.0001507029	        0.0129716571	        0.0053007653	        0.0004487248	        0.1000000000	        0.0010000000	        0.6289278132	        0.0001581234	        0.0001486831
        0.0754358219	        0.5696811563	        0.8805067768	       -0.0097442461	        0.0001972081	        0.0004992792	        0.0001608521	        0.0140367275	        0.0053977288	        0.0005470479	        0.1000000000	        0.0010000000	        0.6301179289	        0.0001363422	        0.0001259225
        0.0844384110	        0.6108989409	        0.8762219328	       -0.0101187920	        0.0002504595	        0.0006080430	        0.0001714482	        0.0148881323	        0.0053916132	        0.0006531142	        0.1000000000	        0.0010000000	        0.6312541684	        0.0001191141	        0.0001076691
        0.0943009237	        0.6508433922	        0.8720905152	       -0.0105529155	        0.0003123124	        0.0007303088	        0.0001830135	        0.0155097112	        0.0052858446	        0.0007650982	        0.1000000000	        0.0010000000	        0.6323536098	        0.0001056782	        0.0000934427
        0.1050948725	        0.6893352837	        0.8680456191	       -0.0110654524	        0.0003833289	        0.0008650856	        0.0001959292	        0.0159021261	        0.0050930364	        0.0008809866	        0.1000000000	        0.0010000000	        0.6334337430	        0.0000953471	        0.0000823493
        0.1168955085	        0.7262660916	        0.8640209663	       -0.0116529614	        0.0004639763	        0.0010104736	        0.0002104362	        0.0160786443	        0.0048310271	        0.0009986729	        0.1000000000	        0.0010000000	        0.6345121390	        0.0000875234	        0.0000738640
        0.1297815392	        0.7615849773	        0.8599519261	       -0.0123285996	        0.0005545937	        0.0011639699	        0.0002266472	        0.0160605854	        0.0045193413	        0.0011160353	        0.1000000000	        0.0010000000	        0.6356061678	        0.0000816938	        0.0000674330
        0.1438347190	        0.7952850677	        0.8557765769	       -0.0130921350	        0.0006553650	        0.0013228228	        0.0002445602	        0.0158733006	        0.0041765861	        0.0012309988	        0.1000000000	        0.0010000000	        0.6367327083	        0.0000774276	        0.0000625549
        0.1591392914	        0.8273904150	        0.8514360583	       -0.0139643658	        0.0007663013	        0.0014844995	        0.0002640682	        0.0155430946	        0.0038188862	        0.0013415846	        0.1000000000	        0.0010000000	        0.6379080540	        0.0000743613	        0.0000588619
        0.1757812632	        0.8579444125	        0.8468761851	       -0.0149472705	        0.0008872380	        0.0016473023	        0.0002849691	        0.0150951725	        0.0034592073	        0.0014459553	        0.1000000000	        0.0010000000	        0.6391474802	        0.0000721759	        0.0000561101
        0.1938474899	        0.8869999568	        0.8420497993	       -0.0160536677	        0.0010178511	        0.0018099423	        0.0003069786	        0.0145524812	        0.0031073096	        0.0015424600	        0.1000000000	        0.0010000000	        0.6404646052	        0.0000706182	        0.0000540291
        0.2134245548	        0.9146113102	        0.8369151462	       -0.0172872542	        0.0011577028	        0.0019719699	        0.0003297442	        0.0139352117	        0.0027700659	        0.0016296811	        0.1000000000	        0.0010000000	        0.6418718294	        0.0000694700	        0.0000525672
        0.2345974273	        0.9408274599	        0.8314412011	       -0.0186348462	        0.0013063196	        0.0021338701	        0.0003528642	        0.0132608274	        0.0024519689	        0.0017064921	        0.1000000000	        0.0010000000	        0.6433788677	        0.0000685396	        0.0000516387
        0.2574478906	        0.9656867078	        0.8256069392	       -0.0200757043	        0.0014633151	        0.0022961610	        0.0003759195	        0.0125443668	        0.0021556669	        0.0017721200	        0.1000000000	        0.0010000000	        0.6449929155	        0.0000676872	        0.0000510947
        0.2820527391	        0.9892122684	        0.8194020046	       -0.0215860616	        0.0016285643	        0.0024599816	        0.0003985018	        0.0117989442	        0.0018824689	        0.0018262140	        0.1000000000	        0.0010000000	        0.6467184201	        0.0000667962	        0.0000508579
        0.3084817527	        1.0114088151	        0.8128291591	       -0.0231246326	        0.0018024310	        0.0026267389	        0.0004202488	        0.0110363577	        0.0016327797	        0.0018689173	        0.1000000000	        0.0010000000	        0.6485563337	        0.0000657825	        0.0000509078
        0.3367954708	        1.0322601326	        0.8059023604	       -0.0246385949	        0.0019860444	        0.0027974634	        0.0004408795	        0.0102677042	        0.0014064442	        0.0019009255	        0.1000000000	        0.0010000000	        0.6505045598	        0.0000646061	        0.0000511567
        0.3670428018	        1.0517283536	        0.7986448151	       -0.0260774653	        0.0021816005	        0.0029737350	        0.0004602113	        0.0095039563	        0.0012030057	        0.0019235186	        0.1000000000	        0.0010000000	        0.6525584075	        0.0000632418	        0.0000515645
        0.3992585207	        1.0697556244	        0.7910909509	       -0.0273734530	        0.0023926256	        0.0031576955	        0.0004781717	        0.0087564268	        0.0010218790	        0.0019385441	        0.1000000000	        0.0010000000	        0.6547099317	        0.0000616784	        0.0000520863
        0.4334607283	        1.0862692624	        0.7832834314	       -0.0284664493	        0.0026241014	        0.0033512647	        0.0004947995	        0.0080369600	        0.0008624311	        0.0019483147	        0.1000000000	        0.0010000000	        0.6569486641	        0.0000599319	        0.0000526593
        0.4696483595	        1.1011912862	        0.7752703700	       -0.0292932328	        0.0028822804	        0.0035581223	        0.0005102272	        0.0073577480	        0.0007239785	        0.0019554019	        0.1000000000	        0.0010000000	        0.6592623100	        0.0000580034	        0.0000533207
        0.5077988477	        1.1144522601	        0.7671114887	       -0.0297720305	        0.0031739726	        0.0037825703	        0.0005246688	        0.0067307107	        0.0006057195	        0.0019623332	        0.1000000000	        0.0010000000	        0.6616348633	        0.0000559047	        0.0000540810
        0.5478660655	        1.1260074792	        0.7588685092	       -0.0298282966	        0.0035051244	        0.0040287773	        0.0005384156	        0.0061664160	        0.0005066269	        0.0019712235	        0.1000000000	        0.0010000000	        0.6640492768	        0.0000536677	        0.0000549296
        0.5897786695	        1.1358513633	        0.7506070809	       -0.0293839634	        0.0038786284	        0.0043033919	        0.0005518311	        0.0056728978	        0.0004253679	        0.0019834609	        0.1000000000	        0.0010000000	        0.6664868394	        0.0000513065	        0.0000558564
        0.6334389769	        1.1440249501	        0.7423972109	       -0.0283676061	        0.0042916513	        0.0046093998	        0.0005653827	        0.0052547500	        0.0003602981	        0.0019995532	        0.1000000000	        0.0010000000	        0.6689269826	        0.0000488977	        0.0000569683
        0.6787224963	        1.1506129515	        0.7342893560	       -0.0266906862	        0.0047332042	        0.0049379724	        0.0005796546	        0.0049128378	        0.0003095466	        0.0020191768	        0.1000000000	        0.0010000000	        0.6713544045	        0.0000466270	        0.0000581900
        0.7254782147	        1.1557307629	        0.7262944745	       -0.0243742932	        0.0051829701	        0.0052693245	        0.0005952911	        0.0046448271	        0.0002711779	        0.0020414190	        0.1000000000	        0.0010000000	        0.6737653159	        0.0000447131	        0.0000594540
        0.7735297135	        1.1595056425	        0.7183821070	       -0.0214463966	        0.0056123620	        0.0055739580	        0.0006129258	        0.0044463293	        0.0002433760	        0.0020651148	        0.1000000000	        0.0010000000	        0.6761684541	        0.0000433669	        0.0000608069
        0.8226771500	        1.1620576059	        0.7104759994	       -0.0180128762	        0.0059882634	        0.0058162155	        0.0006331262	        0.0043122087	        0.0002245923	        0.0020891412	        0.1000000000	        0.0010000000	        0.6785868747	        0.0000427773	        0.0000621555
        0.8727000940	        1.1634842334	        0.7024614303	       -0.0142342877	        0.0062788918	        0.0059675545	        0.0006563406	        0.0042377241	        0.0002136370	        0.0021126186	        0.1000000000	        0.0010000000	        0.6810561944	        0.0000430644	        0.0000635768
        0.9233611572	        1.1638511533	        0.6942032093	       -0.0102618327	        0.0064602480	        0.0060185467	        0.0006828679	        0.0042193095	        0.0002097155	        0.0021350163	        0.1000000000	        0.0010000000	        0.6836194541	        0.0000442588	        0.0000650737
        0.9744103051	        1.1631880990	        0.6855664404	       -0.0062885494	        0.0065211484	        0.0059820403	        0.0007128499	        0.0042549486	        0.0002124253	        0.0021561854	        0.1000000000	        0.0010000000	        0.6863209337	        0.0000463010	        0.0000665878
        1.0255896949	        1.1614897362	        0.6764383406	       -0.0024781310	        0.0064651879	        0.0058770750	        0.0007462824	        0.0043441834	        0.0002217295	        0.0021763513	        0.1000000000	        0.0010000000	        0.6891994007	        0.0000491322	        0.0000682035
        1.0766388428	        1.1587205810	        0.6667153025	        0.0010287728	        0.0063091219	        0.0057210055	        0.0007829960	        0.0044877450	        0.0002379093	        0.0021960391	        0.1000000000	        0.0010000000	        0.6922921522	        0.0000527189	        0.0000698589
        1.1272999060	        1.1548236187	        0.6563138428	        0.0040647479	        0.0060783103	        0.0055469677	        0.0008225688	        0.0046869661	        0.0002615036	        0.0022159846	        0.1000000000	        0.0010000000	        0.6956315775	        0.0000568468	        0.0000715346
        1.1773228500	        1.1497320668	        0.6452345542	        0.0065788692	        0.0058008307	        0.0053810286	        0.0008643557	        0.0049431269	        0.0002932419	        0.0022370481	        0.1000000000	        0.0010000000	        0.6992242396	        0.0000612603	        0.0000733231
        1.2264702865	        1.1433830030	        0.6335142085	        0.0085542089	        0.0055023013	        0.0052240077	        0.0009076174	        0.0052565239	        0.0003339443	        0.0022599633	        0.1000000000	        0.0010000000	        0.7030653904	        0.0000658980	        0.0000751554
        1.2745217853	        1.1357306530	        0.6211976466	        0.0099555899	        0.0052024432	        0.0050727316	        0.0009515059	        0.0056256965	        0.0003844174	        0.0022850793	        0.1000000000	        0.0010000000	        0.7071476826	        0.0000707340	        0.0000770054
        1.3212775037	        1.1267564441	        0.6083496801	        0.0107853222	        0.0049137535	        0.0049270721	        0.0009950233	        0.0060470780	        0.0004453734	        0.0023121752	        0.1000000000	        0.0010000000	        0.7114569344	        0.0000756945	        0.0000788926
        1.3665610231	        1.1164733943	        0.5950563803	        0.0110600701	        0.0046420129	        0.0047835995	        0.0010370492	        0.0065150925	        0.0005173872	        0.0023403631	        0.1000000000	        0.0010000000	        0.7159711853	        0.0000807454	        0.0000808017
        1.4102213305	        1.1049240980	        0.5814039976	        0.0108041299	        0.0043879020	        0.0046389152	        0.0010763697	        0.0070226184	        0.0006008979	        0.0023681051	        0.1000000000	        0.0010000000	        0.7206673965	        0.0000858576	        0.0000826397
        1.4521339345	        1.0921735409	        0.5674928827	        0.0100269970	        0.0041489115	        0.0044976318	        0.0011117010	        0.0075618050	        0.0006962664	        0.0023933941	        0.1000000000	        0.0010000000	        0.7255164032	        0.0000908501	        0.0000844941
        1.4922011523	        1.0782991748	        0.5534648759	        0.0088494583	        0.0039210522	        0.0043608850	        0.0011418773	        0.0081249903	        0.0008038767	        0.0024140293	        0.1000000000	        0.0010000000	        0.7304726843	        0.0000955894	        0.0000864891
        1.5303516405	        1.0633809238	        0.5394479721	        0.0073570889	        0.0037002027	        0.0042207290	        0.0011660503	        0.0087051537	        0.0009242008	        0.0024278068	        0.1000000000	        0.0010000000	        0.7354931435	        0.0001001659	        0.0000886106
        1.5665392717	        1.0474930335	        0.5255375788	        0.0056277287	        0.0034829189	        0.0040703479	        0.0011836477	        0.0092961764	        0.0010578510	        0.0024327074	        0.1000000000	        0.0010000000	        0.7405441477	        0.0001047150	        0.0000908704
        1.6007414793	        1.0306984065	        0.5118057263	        0.0037024615	        0.0032667994	        0.0039074588	        0.0011942800	        0.0098929438	        0.0012056168	        0.0024270478	        0.1000000000	        0.0010000000	        0.7455988321	        0.0001093139	        0.0000931050
        1.6329571982	        1.0130452616	        0.4983123077	        0.0015908025	        0.0030505592	        0.0037336594	        0.0011977021	        0.0104912728	        0.0013684810	        0.0024095696	        0.1000000000	        0.0010000000	        0.7506334191	        0.0001139607	        0.0000951825
        1.6632045292	        0.9945655913	        0.4851158262	       -0.0006954343	        0.0028339257	        0.0035527312	        0.0011938440	        0.0110877290	        0.0015476148	        0.0023794723	        0.1000000000	        0.0010000000	        0.7556234151	        0.0001185901	        0.0000976501
        1.6915182473	        0.9752748355	        0.4722757248	       -0.0030065967	        0.0026174517	        0.0033675146	        0.0011828882	        0.0116793418	        0.0017443476	        0.0023363991	        0.1000000000	        0.0010000000	        0.7605427482	        0.0001231627	        0.0001006514
        1.7179472609	        0.9551723162	        0.4598408359	       -0.0053151170	        0.0024023037	        0.0031781479	        0.0011653256	        0.0122632043	        0.0019600954	        0.0022803842	        0.1000000000	        0.0010000000	        0.7653682751	        0.0001277531	        0.0001038936
        1.7425521094	        0.9342421302	        0.4478372001	       -0.0075707927	        0.0021900511	        0.0029836939	        0.0011419175	        0.0128360272	        0.0021962479	        0.0022117889	        0.1000000000	        0.0010000000	        0.7700848921	        0.0001325289	        0.0001078949
        1.7654025727	        0.9124542754	        0.4362685470	       -0.0096966515	        0.0019824647	        0.0027838891	        0.0011136122	        0.0133937453	        0.0024540276	        0.0021312505	        0.1000000000	        0.0010000000	        0.7746859300	        0.0001376972	        0.0001128567
        1.7865754452	        0.8897658874	        0.4251188248	       -0.0116691763	        0.0017813488	        0.0025791959	        0.0010814639	        0.0139311289	        0.0027343014	        0.0020396359	        0.1000000000	        0.0010000000	        0.7791726831	        0.0001435036	        0.0001187822
        1.8061525101	        0.8661225812	        0.4143544584	       -0.0134717920	        0.0015884088	        0.0023703533	        0.0010465621	        0.0144413862	        0.0030373303	        0.0019380003	        0.1000000000	        0.0010000000	        0.7835539512	        0.0001502629	        0.0001262412
        1.8242187368	        0.8414599838	        0.4039235296	       -0.0150575460	        0.0014051556	        0.0021585634	        0.0010099744	        0.0149157390	        0.0033624346	        0.0018275490	        0.1000000000	        0.0010000000	        0.7878467684	        0.0001583699	        0.0001356792
        1.8408607086	        0.8157055989	        0.3937589276	       -0.0164226507	        0.0012328410	        0.0019452533	        0.0009726867	        0.0153430367	        0.0037075817	        0.0017096107	        0.1000000000	        0.0010000000	        0.7920754739	        0.0001683445	        0.0001476025
        1.8561652810	        0.7887812051	        0.3837741634	       -0.0175401813	        0.0010724238	        0.0017327331	        0.0009355514	        0.0157093573	        0.0040688670	        0.0015856101	        0.1000000000	        0.0010000000	        0.7962737939	        0.0001808183	        0.0001625808
        1.8702184608	        0.7606060255	        0.3738716384	       -0.0184284942	        0.0009245535	        0.0015240684	        0.0008992382	        0.0159978104	        0.0044399637	        0.0014570580	        0.1000000000	        0.0010000000	        0.8004817242	        0.0001965566	        0.0001813038
        1.8831044915	        0.7311009439	        0.3639380397	       -0.0190794679	        0.0007895785	        0.0013227771	        0.0008642067	        0.0161884405	        0.0048115288	        0.0013255341	        0.1000000000	        0.0010000000	        0.8047477803	        0.0002164910	        0.0002054128
        1.8949051275	        0.7001940795	        0.3538517193	       -0.0194529499	        0.0006675634	        0.0011328247	        0.0008306800	        0.0162585696	        0.0051707508	        0.0011926824	        0.1000000000	        0.0010000000	        0.8091262016	        0.0002416705	        0.0002370942
        1.9056990763	        0.6678279717	        0.3434846518	       -0.0194667754	        0.0005583199	        0.0009576354	        0.0007986425	        0.0161836204	        0.0055011703	        0.0010602008	        0.1000000000	        0.0010000000	        0.8136764244	        0.0002733186	        0.0002767715
        1.9155615890	        0.6339685814	        0.3327050737	       -0.0191857997	        0.0004614446	        0.0007999002	        0.0007678377	        0.0159386736	        0.0057830458	        0.0009298280	        0.1000000000	        0.0010000000	        0.8184622947	        0.0003127546	        0.0003253687
        1.9245641781	        0.5986161078	        0.3213863010	       -0.0185755022	        0.0003763599	        0.0006611329	        0.0007377695	        0.0155009932	        0.0059945961	        0.0008033260	        0.1000000000	        0.0010000000	        0.8235485241	        0.0003613362	        0.0003883304
        1.9327744427	        0.5618173370	        0.3094111052	       -0.0174455849	        0.0003023597	        0.0005412929	        0.0007077015	        0.0148534999	        0.0061143429	        0.0006824459	        0.1000000000	        0.0010000000	        0.8289990018	        0.0004205644	        0.0004651660
        1.9402559838	        0.5236788709	        0.2966708760	       -0.0159543837	        0.0002386552	        0.0004392764	        0.0006766228	        0.0139890322	        0.0061246340	        0.0005688765	        0.1000000000	        0.0010000000	        0.8348774503	        0.0004919883	        0.0005548751
        1.9470683933	        0.4843800436	        0.2830748151	       -0.0140792344	        0.0001844185	        0.0003532930	        0.0006431983	        0.0129149850	        0.0060161461	        0.0004641781	        0.1000000000	        0.0010000000	        0.8412434449	        0.0005771077	        0.0006636315
        1.9532673011	        0.4441838082	        0.2685511033	       -0.0117384786	        0.0001388253	        0.0002811393	        0.0006057828	        0.0116571624	        0.0057924852	        0.0003696958	        0.1000000000	        0.0010000000	        0.8481519121	        0.0006774705	        0.0007862625
        1.9589044686	        0.4034434893	        0.2530473206	       -0.0092572521	        0.0001010943	        0.0002207304	        0.0005625923	        0.0102614867	        0.0054736313	        0.0002864649	        0.1000000000	        0.0010000000	        0.8556528865	        0.0007943334	        0.0009235511
        1.9640279170	        0.3626028767	        0.2365437859	       -0.0065317042	        0.0000705194	        0.0001703395	        0.0005121656	        0.0087921200	        0.0050968397	        0.0002151235	        0.1000000000	        0.0010000000	        0.8637847270	        0.0009282354	        0.0010694957
        1.9686820816	        0.3221863670	        0.2190621330	       -0.0040853312	        0.0000464869	        0.0001287035	        0.0004541202	        0.0073248610	        0.0047139379	        0.0001558449	        0.1000000000	        0.0010000000	        0.8725688102	        0.0010783244	        0.0012159794
        1.9729079831	        0.2830717942	        0.2006883806	       -0.0019545315	        0.0000332111	        0.0000949389	        0.0003899128	        0.0059479088	        0.0043890695	        0.0001086870	        0.1000000000	        0.0010000000	        0.8819957948	        0.0012417253	        0.0013741281
        1.9767434111	        0.2460156241	        0.1815810308	       -0.0000887919	        0.0000230291	        0.0000682881	        0.0003229609	        0.0047091619	        0.0041450716	        0.0000728280	        0.1000000000	        0.0010000000	        0.8920176742	        0.0014138393	        0.0015374012
        1.9802231129	        0.2112105653	        0.1619631365	        0.0014298453	        0.0000151012	        0.0000479011	        0.0002576385	        0.0036286341	        0.0039931211	        0.0000465989	        0.1000000000	        0.0010000000	        0.9025470945	        0.0015891490	        0.0016896303
        1.9833789852	        0.1787651788	        0.1420982373	        0.0024076894	        0.0000092738	        0.0000327726	        0.0001978472	        0.0027141725	        0.0039361378	        0.0000282415	        0.1000000000	        0.0010000000	        0.9134654468	        0.0017623656	        0.0018231352
        1.9862402627	        0.1487373588	        0.1222581645	        0.0027989452	        0.0000052765	        0.0000218351	        0.0001460747	        0.0019630984	        0.0039697357	        0.0000160393	        0.1000000000	        0.0010000000	        0.9246370478	        0.0019293811	        0.0019525815
        1.9888337046	        0.1211231824	        0.1026940459	        0.0028815154	        0.0000027436	        0.0000140947	        0.0001032736	        0.0013642764	        0.0040843591	        0.0000084081	        0.1000000000	        0.0010000000	        0.9359241109	        0.0020876638	        0.0020920492
        1.9911837738	        0.0958577105	        0.0836176830	        0.0028801138	        0.0000012769	        0.0000087225	        0.0000692784	        0.0009012715	        0.0042677693	        0.0000039763	        0.1000000000	        0.0010000000	        0.9471983144	        0.0022360565	        0.0022177471
        1.9933128092	        0.0728271042	        0.0651954149	        0.0025744654	        0.0000005137	        0.0000050770	        0.0000433186	        0.0005554744	        0.0045071517	        0.0000016342	        0.1000000000	        0.0010000000	        0.9583467890	        0.0023741911	        0.0023191262
        1.9952411902	        0.0518861308	        0.0475513390	        0.0020436228	        0.0000001674	        0.0000026822	        0.0000243930	        0.0003084214	        0.0047904820	        0.0000005461	        0.1000000000	        0.0010000000	        0.9692731751	        0.0025020860	        0.0024144201
        1.9969874916	        0.0328749035	        0.0307719361	        0.0013683663	        0.0000000386	        0.0000011923	        0.0000114794	        0.0001431220	        0.0051071623	        0.0000001294	        0.1000000000	        0.0010000000	        0.9798977657	        0.0026200134	        0.0025002634
        1.9985686299	        0.0156315151	        0.0149119010	        0.0005518091	        0.0000000044	        0.0000003583	        0.0000036294	        0.0000446069	        0.0054481554	        0.0000000151	        0.1000000000	        0.0010000000	        0.9901565886	        0.0027283557	        0.0025725828
        2.0000000000	        0.0000000000	        0.0000000000	       -0.0003885280	        0.0000000000	        0.0000000000	        0.0000000000	        0.0000000000	        0.0058058595	        0.0000000000	        0.1000000000	        0.0010000000	        1.0000000000	        0.0028274818	        0.0026422045
