        0.0000000000	        0.0000000000	        1.0000000000	       -0.0001577619	        0.0000000000	        0.0000000000	        0.0000000000	        0.0000000000	        0.0010000000	        0.0000000000	        0.1000000000	        0.0010000000
        0.0014313701	        0.0162113493	        0.9946936739	        0.0000219882	        0.0000000001	        0.0000000001	        0.0000000003	        0.1000000000	        0.0010000000	        0.0666666667	        0.1000000000	        0.0010000000
        0.0030125084	        0.0340936171	        0.9888316478	        0.0002125301	        0.0000000024	        0.0000000014	        0.0000000052	        0.1000000000	        0.0010000000	        0.0666666667	        0.1000000000	        0.0010000000
        0.0047588098	        0.0538124279	        0.9823568167	        0.0004131207	        0.0000000147	        0.0000000086	        0.0000000320	        0.1000000000	        0.0010000000	        0.0666666667	        0.1000000000	        0.0010000000
        0.0066871908	        0.0755475186	        0.9752066116	        0.0006226383	        0.0000000569	        0.0000000335	        0.0000001244	        0.1000000000	        0.0010000000	        0.0666666667	        0.1000000000	        0.0010000000
        0.0088162262	        0.0994922364	        0.9673127950	        0.0008454522	        0.0000001712	        0.0000001007	        0.0000003740	        0.1000000000	        0.0010000000	        0.0666666667	        0.1000000000	        0.0010000000
        0.0111662954	        0.1258513420	        0.9586015571	        0.0010736023	        0.0000004378	        0.0000002576	        0.0000009561	        0.1000000000	        0.0010000000	        0.0666666667	        0.1000000000	        0.0010000000
        0.0137597373	        0.1548356608	        0.9489942034	        0.0012784028	        0.0000010014	        0.0000005897	        0.0000021863	        0.1000000000	        0.0010000000	        0.0666666667	        0.1000000000	        0.0010000000
        0.0166210148	        0.1866511752	        0.9384089385	        0.0014472655	        0.0000021107	        0.0000012444	        0.0000046046	        0.1000000000	        0.0010000000	        0.0666666667	        0.1000000000	        0.0010000000
        0.0197768871	        0.2214788542	        0.9267645742	        0.0015027923	        0.0000041770	        0.0000024684	        0.0000090988	        0.1000000000	        0.0010000000	        0.0666666667	        0.1000000000	        0.0010000000
        0.0232565889	        0.2594401615	        0.9139874690	        0.0013875925	        0.0000078578	        0.0000046626	        0.0000170704	        0.1000000000	        0.0010000000	        0.0666666667	        0.1000000000	        0.0010000000
        0.0270920169	        0.3005428494	        0.9000235936	        0.0010171464	        0.0000141685	        0.0000084656	        0.0000306361	        0.1000000000	        0.0010000000	        0.0666666667	        0.1000000000	        0.0010000000
        0.0313179184	        0.3446049198	        0.8848581306	        0.0002588237	        0.0000246227	        0.0000148784	        0.0000528202	        0.1000000000	        0.0010000000	        0.0666666667	        0.1000000000	        0.0010000000
        0.0359720830	        0.3911658053	        0.8685448011	       -0.0009507046	        0.0000413854	        0.0000254491	        0.0000876166	        0.1000000000	        0.0010000000	        0.0666666667	        0.1000000000	        0.0010000000
        0.0410955314	        0.4394159501	        0.8512445533	       -0.0026375470	        0.0000674067	        0.0000425393	        0.0001396677	        0.1000000000	        0.0010000000	        0.0666666667	        0.1000000000	        0.0010000000
        0.0467326989	        0.4882012467	        0.8332654376	       -0.0047437874	        0.0001064637	        0.0000696688	        0.0002131670	        0.1000000000	        0.0010000000	        0.0666666667	        0.1000000000	        0.0010000000
        0.0529316067	        0.5361577688	        0.8150803136	       -0.0070624178	        0.0001630151	        0.0001118496	        0.0003097305	        0.1000000000	        0.0010000000	        0.0666666667	        0.1000000000	        0.0010000000
        0.0597440162	        0.5819703499	        0.7972844232	       -0.0092573010	        0.0002417874	        0.0001756347	        0.0004258421	        0.1000000000	        0.0010000000	        0.0666666667	        0.1000000000	        0.0010000000
        0.0672255573	        0.6246492051	        0.7804698967	       -0.0109625168	        0.0003471128	        0.0002684184	        0.0005518913	        0.1000000000	        0.0010000000	        0.0666666667	        0.1000000000	        0.0010000000
        0.0754358219	        0.6636845499	        0.7650629317	       -0.0119650111	        0.0004821813	        0.0003968035	        0.0006749160	        0.1000000000	        0.0010000000	        0.0666666667	        0.1000000000	        0.0010000000
        0.0844384110	        0.6990251434	        0.7512300597	       -0.0122227012	        0.0006484316	        0.0005647860	        0.0007840193	        0.1000000000	        0.0010000000	        0.0666666667	        0.1000000000	        0.0010000000
        0.0943009237	        0.7309411344	        0.7389071490	       -0.0118855146	        0.0008452600	        0.0007728417	        0.0008740028	        0.1000000000	        0.0010000000	        0.0666666667	        0.1000000000	        0.0010000000
        0.1050948725	        0.7598664629	        0.7278974478	       -0.0111720158	        0.0010701190	        0.0010181673	        0.0009449110	        0.1000000000	        0.0010000000	        0.0666666667	        0.1000000000	        0.0010000000
        0.1168955085	        0.7862788592	        0.7179620616	       -0.0102766308	        0.0013189491	        0.0012956005	        0.0009995378	        0.1000000000	        0.0010000000	        0.0666666667	        0.1000000000	        0.0010000000
        0.1297815392	        0.8106295012	        0.7088726852	       -0.0093983104	        0.0015867964	        0.0015987025	        0.0010413483	        0.1000000000	        0.0010000000	        0.0666666667	        0.1000000000	        0.0010000000
        0.1438347190	        0.8333111297	        0.7004326927	       -0.0086205160	        0.0018684342	        0.0019206990	        0.0010734614	        0.1000000000	        0.0010000000	        0.0666666667	        0.1000000000	        0.0010000000
        0.1591392914	        0.8546493529	        0.6924807903	       -0.0080149148	        0.0021588515	        0.0022551451	        0.0010983539	        0.1000000000	        0.0010000000	        0.0666666667	        0.1000000000	        0.0010000000
        0.1757812632	        0.8749055561	        0.6848873983	       -0.0075926883	        0.0024535442	        0.0025962924	        0.0011178841	        0.1000000000	        0.0010000000	        0.0666666667	        0.1000000000	        0.0010000000
        0.1938474899	        0.8942844431	        0.6775489834	       -0.0073624568	        0.0027486177	        0.0029392040	        0.0011334104	        0.1000000000	        0.0010000000	        0.0666666667	        0.1000000000	        0.0010000000
        0.2134245548	        0.9129425949	        0.6703825247	       -0.0072801533	        0.0030407518	        0.0032796975	        0.0011459165	        0.1000000000	        0.0010000000	        0.0666666667	        0.1000000000	        0.0010000000
        0.2345974273	        0.9309964126	        0.6633208268	       -0.0073269444	        0.0033270876	        0.0036141952	        0.0011561130	        0.1000000000	        0.0010000000	        0.0666666667	        0.1000000000	        0.0010000000
        0.2574478906	        0.9485288554	        0.6563087839	       -0.0074724268	        0.0036050907	        0.0039395474	        0.0011645149	        0.1000000000	        0.0010000000	        0.0666666667	        0.1000000000	        0.0010000000
        0.2820527391	        0.9655948822	        0.6493004843	       -0.0077055853	        0.0038724226	        0.0042528695	        0.0011714976	        0.1000000000	        0.0010000000	        0.0666666667	        0.1000000000	        0.0010000000
        0.3084817527	        0.9822257138	        0.6422569960	       -0.0080362562	        0.0041268419	        0.0045514164	        0.0011773365	        0.1000000000	        0.0010000000	        0.0666666667	        0.1000000000	        0.0010000000
        0.3367954708	        0.9984321033	        0.6351446825	       -0.0084234152	        0.0043661408	        0.0048325008	        0.0011822352	        0.1000000000	        0.0010000000	        0.0666666667	        0.1000000000	        0.0010000000
        0.3670428018	        1.0142068110	        0.6279339259	       -0.0088258917	        0.0045881192	        0.0050934577	        0.0011863452	        0.1000000000	        0.0010000000	        0.0666666667	        0.1000000000	        0.0010000000
        0.3992585207	        1.0295264623	        0.6205981627	       -0.0092397763	        0.0047905917	        0.0053316498	        0.0011897795	        0.1000000000	        0.0010000000	        0.0666666667	        0.1000000000	        0.0010000000
        0.4334607283	        1.0443529401	        0.6131131628	       -0.0096498954	        0.0049714250	        0.0055445093	        0.0011926230	        0.1000000000	        0.0010000000	        0.0666666667	        0.1000000000	        0.0010000000
        0.4696483595	        1.0586344422	        0.6054565052	       -0.0100572150	        0.0051286016	        0.0057296114	        0.0011949388	        0.1000000000	        0.0010000000	        0.0666666667	        0.1000000000	        0.0010000000
        0.5077988477	        1.0723063086	        0.5976072188	       -0.0104094691	        0.0052603053	        0.0058847754	        0.0011967738	        0.1000000000	        0.0010000000	        0.0666666667	        0.1000000000	        0.0010000000
        0.5478660655	        1.0852917137	        0.5895455806	       -0.0106345650	        0.0053650275	        0.0060081897	        0.0011981620	        0.1000000000	        0.0010000000	        0.0666666667	        0.1000000000	        0.0010000000
        0.5897786695	        1.0975023024	        0.5812530755	       -0.0106627222	        0.0054416923	        0.0060985590	        0.0011991275	        0.1000000000	        0.0010000000	        0.0666666667	        0.1000000000	        0.0010000000
        0.6334389769	        1.1088388573	        0.5727125505	       -0.0104600209	        0.0054897995	        0.0061552745	        0.0011996868	        0.1000000000	        0.0010000000	        0.0666666667	        0.1000000000	        0.0010000000
        0.6787224963	        1.1191920927	        0.5639086211	       -0.0099620331	        0.0055095889	        0.0061786069	        0.0011998507	        0.1000000000	        0.0010000000	        0.0666666667	        0.1000000000	        0.0010000000
        0.7254782147	        1.1284437107	        0.5548284307	       -0.0091834850	        0.0055022301	        0.0061699304	        0.0011996266	        0.1000000000	        0.0010000000	        0.0666666667	        0.1000000000	        0.0010000000
        0.7735297135	        1.1364679246	        0.5454629210	       -0.0080720903	        0.0054700497	        0.0061319897	        0.0011990210	        0.1000000000	        0.0010000000	        0.0666666667	        0.1000000000	        0.0010000000
        0.8226771500	        1.1431337772	        0.5358088606	       -0.0065989397	        0.0054168236	        0.0060692428	        0.0011980404	        0.1000000000	        0.0010000000	        0.0666666667	        0.1000000000	        0.0010000000
        0.8727000940	        1.1483087717	        0.5258720331	       -0.0047356747	        0.0053482129	        0.0059883716	        0.0011966834	        0.1000000000	        0.0010000000	        0.0666666667	        0.1000000000	        0.0010000000
        0.9233611572	        1.1518646105	        0.5156724245	       -0.0026439618	        0.0052726660	        0.0058993408	        0.0011947974	        0.1000000000	        0.0010000000	        0.0666666667	        0.1000000000	        0.0010000000
        0.9744103051	        1.1536860286	        0.5052553843	       -0.0005499401	        0.0052056172	        0.0058203393	        0.0011905060	        0.1000000000	        0.0010000000	        0.0666666667	        0.1000000000	        0.0010000000
        1.0255896949	        1.1536860286	        0.4947446157	        0.0014452690	        0.0052056172	        0.0058203393	        0.0011905060	        0.1000000000	        0.0010000000	        0.0666666667	        0.1000000000	        0.0010000000
        1.0766388428	        1.1518646105	        0.4843275755	        0.0033865354	        0.0052726660	        0.0058993408	        0.0011947974	        0.1000000000	        0.0010000000	        0.0666666667	        0.1000000000	        0.0010000000
        1.1272999060	        1.1483087717	        0.4741279669	        0.0052376111	        0.0053482129	        0.0059883716	        0.0011966834	        0.1000000000	        0.0010000000	        0.0666666667	        0.1000000000	        0.0010000000
        1.1773228500	        1.1431337772	        0.4641911394	        0.0068962677	        0.0054168236	        0.0060692428	        0.0011980404	        0.1000000000	        0.0010000000	        0.0666666667	        0.1000000000	        0.0010000000
        1.2264702865	        1.1364679246	        0.4545370790	        0.0082994247	        0.0054700497	        0.0061319897	        0.0011990210	        0.1000000000	        0.0010000000	        0.0666666667	        0.1000000000	        0.0010000000
        1.2745217853	        1.1284437107	        0.4451715693	        0.0094184248	        0.0055022301	        0.0061699304	        0.0011996266	        0.1000000000	        0.0010000000	        0.0666666667	        0.1000000000	        0.0010000000
        1.3212775037	        1.1191920927	        0.4360913789	        0.0102433068	        0.0055095889	        0.0061786069	        0.0011998507	        0.1000000000	        0.0010000000	        0.0666666667	        0.1000000000	        0.0010000000
        1.3665610231	        1.1088388573	        0.4272874495	        0.0107663537	        0.0054897995	        0.0061552745	        0.0011996868	        0.1000000000	        0.0010000000	        0.0666666667	        0.1000000000	        0.0010000000
        1.4102213305	        1.0975023024	        0.4187469245	        0.0110319308	        0.0054416923	        0.0060985590	        0.0011991275	        0.1000000000	        0.0010000000	        0.0666666667	        0.1000000000	        0.0010000000
        1.4521339345	        1.0852917137	        0.4104544194	        0.0111015991	        0.0053650275	        0.0060081897	        0.0011981620	        0.1000000000	        0.0010000000	        0.0666666667	        0.1000000000	        0.0010000000
        1.4922011523	        1.0723063086	        0.4023927812	        0.0110149655	        0.0052603053	        0.0058847754	        0.0011967738	        0.1000000000	        0.0010000000	        0.0666666667	        0.1000000000	        0.0010000000
        1.5303516405	        1.0586344422	        0.3945434948	        0.0108174452	        0.0051286016	        0.0057296114	        0.0011949388	        0.1000000000	        0.0010000000	        0.0666666667	        0.1000000000	        0.0010000000
        1.5665392717	        1.0443529401	        0.3868868372	        0.0105490296	        0.0049714250	        0.0055445093	        0.0011926230	        0.1000000000	        0.0010000000	        0.0666666667	        0.1000000000	        0.0010000000
        1.6007414793	        1.0295264623	        0.3794018373	        0.0102505024	        0.0047905917	        0.0053316498	        0.0011897795	        0.1000000000	        0.0010000000	        0.0666666667	        0.1000000000	        0.0010000000
        1.6329571982	        1.0142068110	        0.3720660741	        0.0099361430	        0.0045881192	        0.0050934577	        0.0011863452	        0.1000000000	        0.0010000000	        0.0666666667	        0.1000000000	        0.0010000000
        1.6632045292	        0.9984321033	        0.3648553175	        0.0096057426	        0.0043661408	        0.0048325008	        0.0011822352	        0.1000000000	        0.0010000000	        0.0666666667	        0.1000000000	        0.0010000000
        1.6915182473	        0.9822257138	        0.3577430040	        0.0093154247	        0.0041268419	        0.0045514164	        0.0011773365	        0.1000000000	        0.0010000000	        0.0666666667	        0.1000000000	        0.0010000000
        1.7179472609	        0.9655948822	        0.3506995157	        0.0090484816	        0.0038724226	        0.0042528695	        0.0011714976	        0.1000000000	        0.0010000000	        0.0666666667	        0.1000000000	        0.0010000000
        1.7425521094	        0.9485288554	        0.3436912161	        0.0087995313	        0.0036050907	        0.0039395474	        0.0011645149	        0.1000000000	        0.0010000000	        0.0666666667	        0.1000000000	        0.0010000000
        1.7654025727	        0.9309964126	        0.3366791732	        0.0086279312	        0.0033270876	        0.0036141952	        0.0011561130	        0.1000000000	        0.0010000000	        0.0666666667	        0.1000000000	        0.0010000000
        1.7865754452	        0.9129425949	        0.3296174753	        0.0085584245	        0.0030407518	        0.0032796975	        0.0011459165	        0.1000000000	        0.0010000000	        0.0666666667	        0.1000000000	        0.0010000000
        1.8061525101	        0.8942844431	        0.3224510166	        0.0086184454	        0.0027486177	        0.0029392040	        0.0011334104	        0.1000000000	        0.0010000000	        0.0666666667	        0.1000000000	        0.0010000000
        1.8242187368	        0.8749055561	        0.3151126017	        0.0088523677	        0.0024535442	        0.0025962924	        0.0011178841	        0.1000000000	        0.0010000000	        0.0666666667	        0.1000000000	        0.0010000000
        1.8408607086	        0.8546493529	        0.3075192097	        0.0092688497	        0.0021588515	        0.0022551451	        0.0010983539	        0.1000000000	        0.0010000000	        0.0666666667	        0.1000000000	        0.0010000000
        1.8561652810	        0.8333111297	        0.2995673073	        0.0098452609	        0.0018684342	        0.0019206990	        0.0010734614	        0.1000000000	        0.0010000000	        0.0666666667	        0.1000000000	        0.0010000000
        1.8702184608	        0.8106295012	        0.2911273148	        0.0105670468	        0.0015867964	        0.0015987025	        0.0010413483	        0.1000000000	        0.0010000000	        0.0666666667	        0.1000000000	        0.0010000000
        1.8831044915	        0.7862788592	        0.2820379384	        0.0113482508	        0.0013189491	        0.0012956005	        0.0009995378	        0.1000000000	        0.0010000000	        0.0666666667	        0.1000000000	        0.0010000000
        1.8949051275	        0.7598664629	        0.2721025522	        0.0121069739	        0.0010701190	        0.0010181673	        0.0009449110	        0.1000000000	        0.0010000000	        0.0666666667	        0.1000000000	        0.0010000000
        1.9056990763	        0.7309411344	        0.2610928510	        0.0127504573	        0.0008452600	        0.0007728417	        0.0008740028	        0.1000000000	        0.0010000000	        0.0666666667	        0.1000000000	        0.0010000000
        1.9155615890	        0.6990251434	        0.2487699403	        0.0129520195	        0.0006484316	        0.0005647860	        0.0007840193	        0.1000000000	        0.0010000000	        0.0666666667	        0.1000000000	        0.0010000000
        1.9245641781	        0.6636845499	        0.2349370683	        0.0124773914	        0.0004821813	        0.0003968035	        0.0006749160	        0.1000000000	        0.0010000000	        0.0666666667	        0.1000000000	        0.0010000000
        1.9327744427	        0.6246492051	        0.2195301033	        0.0113814231	        0.0003471128	        0.0002684184	        0.0005518913	        0.1000000000	        0.0010000000	        0.0666666667	        0.1000000000	        0.0010000000
        1.9402559838	        0.5819703499	        0.2027155768	        0.0094803329	        0.0002417874	        0.0001756347	        0.0004258421	        0.1000000000	        0.0010000000	        0.0666666667	        0.1000000000	        0.0010000000
        1.9470683933	        0.5361577688	        0.1849196864	        0.0070739698	        0.0001630151	        0.0001118496	        0.0003097305	        0.1000000000	        0.0010000000	        0.0666666667	        0.1000000000	        0.0010000000
        1.9532673011	        0.4882012467	        0.1667345624	        0.0046703135	        0.0001064637	        0.0000696688	        0.0002131670	        0.1000000000	        0.0010000000	        0.0666666667	        0.1000000000	        0.0010000000
        1.9589044686	        0.4394159501	        0.1487554467	        0.0023884472	        0.0000674067	        0.0000425393	        0.0001396677	        0.1000000000	        0.0010000000	        0.0666666667	        0.1000000000	        0.0010000000
        1.9640279170	        0.3911658053	        0.1314551989	        0.0006953111	        0.0000413854	        0.0000254491	        0.0000876166	        0.1000000000	        0.0010000000	        0.0666666667	        0.1000000000	        0.0010000000
        1.9686820816	        0.3446049198	        0.1151418694	       -0.0006067091	        0.0000246227	        0.0000148784	        0.0000528202	        0.1000000000	        0.0010000000	        0.0666666667	        0.1000000000	        0.0010000000
        1.9729079831	        0.3005428494	        0.0999764064	       -0.0014278600	        0.0000141685	        0.0000084656	        0.0000306361	        0.1000000000	        0.0010000000	        0.0666666667	        0.1000000000	        0.0010000000
        1.9767434111	        0.2594401615	        0.0860125310	       -0.0017554108	        0.0000078578	        0.0000046626	        0.0000170704	        0.1000000000	        0.0010000000	        0.0666666667	        0.1000000000	        0.0010000000
        1.9802231129	        0.2214788542	        0.0732354258	       -0.0017306167	        0.0000041770	        0.0000024684	        0.0000090988	        0.1000000000	        0.0010000000	        0.0666666667	        0.1000000000	        0.0010000000
        1.9833789852	        0.1866511752	        0.0615910615	       -0.0015701875	        0.0000021107	        0.0000012444	        0.0000046046	        0.1000000000	        0.0010000000	        0.0666666667	        0.1000000000	        0.0010000000
        1.9862402627	        0.1548356608	        0.0510057966	       -0.0014077180	        0.0000010014	        0.0000005897	        0.0000021863	        0.1000000000	        0.0010000000	        0.0666666667	        0.1000000000	        0.0010000000
        1.9888337046	        0.1258513420	        0.0413984429	       -0.0011698749	        0.0000004378	        0.0000002576	        0.0000009561	        0.1000000000	        0.0010000000	        0.0666666667	        0.1000000000	        0.0010000000
        1.9911837738	        0.0994922364	        0.0326872050	       -0.0008471183	        0.0000001712	        0.0000001007	        0.0000003740	        0.1000000000	        0.0010000000	        0.0666666667	        0.1000000000	        0.0010000000
        1.9933128092	        0.0755475186	        0.0247933884	       -0.0005839941	        0.0000000569	        0.0000000335	        0.0000001244	        0.1000000000	        0.0010000000	        0.0666666667	        0.1000000000	        0.0010000000
        1.9952411902	        0.0538124279	        0.0176431833	       -0.0003966153	        0.0000000147	        0.0000000086	        0.0000000320	        0.1000000000	        0.0010000000	        0.0666666667	        0.1000000000	        0.0010000000
        1.9969874916	        0.0340936171	        0.0111683522	       -0.0002521140	        0.0000000024	        0.0000000014	        0.0000000052	        0.1000000000	        0.0010000000	        0.0666666667	        0.1000000000	        0.0010000000
        1.9985686299	        0.0162113493	        0.0053063261	       -0.0001415071	        0.0000000001	        0.0000000001	        0.0000000003	        0.1000000000	        0.0010000000	        0.0666666667	        0.1000000000	        0.0010000000
        2.0000000000	        0.0000000000	        0.0000000000	       -0.0000577164	        0.0000000000	        0.0000000000	        0.0000000000	        0.0000000000	        0.0010000000	        0.0000000000	        0.1000000000	        0.0010000000
