        0.0000000000	        0.0000000000	        1.0000000000	       -0.0001394017	        0.0000000000	        0.0000000000	        0.0000000000	        0.0000000000	        0.0010000000	        0.0000000000	        0.1000000000	        0.0010000000
        0.0014313701	        0.0150779383	        0.9947498949	        0.0000717372	        0.0000000000	        0.0000000000	        0.0000000001	        0.1000000000	        0.0010000000	        0.0666666667	        0.1000000000	        0.0010000000
        0.0030125084	        0.0317081171	        0.9889499718	        0.0003009658	        0.0000000009	        0.0000000009	        0.0000000020	        0.1000000000	        0.0010000000	        0.0666666667	        0.1000000000	        0.0010000000
        0.0047588098	        0.0500441324	        0.9825436974	        0.0005492602	        0.0000000059	        0.0000000057	        0.0000000127	        0.1000000000	        0.0010000000	        0.0666666667	        0.1000000000	        0.0010000000
        0.0066871908	        0.0702529901	        0.9754690423	        0.0008175596	        0.0000000230	        0.0000000223	        0.0000000497	        0.1000000000	        0.0010000000	        0.0666666667	        0.1000000000	        0.0010000000
        0.0088162262	        0.0925152820	        0.9676581376	        0.0011110838	        0.0000000696	        0.0000000673	        0.0000001504	        0.1000000000	        0.0010000000	        0.0666666667	        0.1000000000	        0.0010000000
        0.0111662954	        0.1170244870	        0.9590370809	        0.0014256882	        0.0000001794	        0.0000001730	        0.0000003878	        0.1000000000	        0.0010000000	        0.0666666667	        0.1000000000	        0.0010000000
        0.0137597373	        0.1439846026	        0.9495260551	        0.0017402953	        0.0000004141	        0.0000003980	        0.0000008948	        0.1000000000	        0.0010000000	        0.0666666667	        0.1000000000	        0.0010000000
        0.0166210148	        0.1736047381	        0.9390400563	        0.0020482552	        0.0000008816	        0.0000008443	        0.0000019044	        0.1000000000	        0.0010000000	        0.0666666667	        0.1000000000	        0.0010000000
        0.0197768871	        0.2060884110	        0.9274907392	        0.0023040818	        0.0000017646	        0.0000016840	        0.0000038086	        0.1000000000	        0.0010000000	        0.0666666667	        0.1000000000	        0.0010000000
        0.0232565889	        0.2416140546	        0.9147902237	        0.0024641097	        0.0000033625	        0.0000031995	        0.0000072468	        0.1000000000	        0.0010000000	        0.0666666667	        0.1000000000	        0.0010000000
        0.0270920169	        0.2803018953	        0.9008582066	        0.0024621833	        0.0000061531	        0.0000058445	        0.0000132264	        0.1000000000	        0.0010000000	        0.0666666667	        0.1000000000	        0.0010000000
        0.0313179184	        0.3221618243	        0.8856343572	        0.0021861766	        0.0000108762	        0.0000103341	        0.0000232735	        0.1000000000	        0.0010000000	        0.0666666667	        0.1000000000	        0.0010000000
        0.0359720830	        0.3670195363	        0.8690985882	        0.0015553563	        0.0000186401	        0.0000177795	        0.0000395854	        0.1000000000	        0.0010000000	        0.0666666667	        0.1000000000	        0.0010000000
        0.0410955314	        0.4144282567	        0.8513017083	        0.0004920350	        0.0000310429	        0.0000298847	        0.0000651012	        0.1000000000	        0.0010000000	        0.0666666667	        0.1000000000	        0.0010000000
        0.0467326989	        0.4635945928	        0.8324065303	       -0.0010644345	        0.0000502787	        0.0000492239	        0.0001033040	        0.1000000000	        0.0010000000	        0.0666666667	        0.1000000000	        0.0010000000
        0.0529316067	        0.5133737778	        0.8127315557	       -0.0030380536	        0.0000791728	        0.0000795905	        0.0001574575	        0.1000000000	        0.0010000000	        0.0666666667	        0.1000000000	        0.0010000000
        0.0597440162	        0.5623940214	        0.7927732495	       -0.0051875607	        0.0001210589	        0.0001263117	        0.0002290448	        0.1000000000	        0.0010000000	        0.0666666667	        0.1000000000	        0.0010000000
        0.0672255573	        0.6093128839	        0.7731661855	       -0.0071795006	        0.0001794305	        0.0001962306	        0.0003157979	        0.1000000000	        0.0010000000	        0.0666666667	        0.1000000000	        0.0010000000
        0.0754358219	        0.6531040845	        0.7545535903	       -0.0086241190	        0.0002573949	        0.0002968795	        0.0004108031	        0.1000000000	        0.0010000000	        0.0666666667	        0.1000000000	        0.0010000000
        0.0844384110	        0.6932258541	        0.7374122777	       -0.0092757578	        0.0003571008	        0.0004347043	        0.0005043689	        0.1000000000	        0.0010000000	        0.0666666667	        0.1000000000	        0.0010000000
        0.0943009237	        0.7296054938	        0.7219448450	       -0.0091154959	        0.0004793433	        0.0006131968	        0.0005880694	        0.1000000000	        0.0010000000	        0.0666666667	        0.1000000000	        0.0010000000
        0.1050948725	        0.7625001594	        0.7081025489	       -0.0082803053	        0.0006234447	        0.0008320938	        0.0006576514	        0.1000000000	        0.0010000000	        0.0666666667	        0.1000000000	        0.0010000000
        0.1168955085	        0.7923353149	        0.6956868311	       -0.0070243199	        0.0007873928	        0.0010878005	        0.0007128715	        0.1000000000	        0.0010000000	        0.0666666667	        0.1000000000	        0.0010000000
        0.1297815392	        0.8195823561	        0.6844470412	       -0.0056300809	        0.0009681660	        0.0013744389	        0.0007556775	        0.1000000000	        0.0010000000	        0.0666666667	        0.1000000000	        0.0010000000
        0.1438347190	        0.8446873283	        0.6741392143	       -0.0042618476	        0.0011621512	        0.0016849669	        0.0007886173	        0.1000000000	        0.0010000000	        0.0666666667	        0.1000000000	        0.0010000000
        0.1591392914	        0.8680386039	        0.6645507078	       -0.0030854643	        0.0013655500	        0.0020120973	        0.0008140315	        0.1000000000	        0.0010000000	        0.0666666667	        0.1000000000	        0.0010000000
        0.1757812632	        0.8899577809	        0.6555054806	       -0.0021430186	        0.0015746980	        0.0023489268	        0.0008338017	        0.1000000000	        0.0010000000	        0.0666666667	        0.1000000000	        0.0010000000
        0.1938474899	        0.9107021464	        0.6468610117	       -0.0014902755	        0.0017862599	        0.0026892788	        0.0008493521	        0.1000000000	        0.0010000000	        0.0666666667	        0.1000000000	        0.0010000000
        0.2134245548	        0.9304717806	        0.6385026562	       -0.0010888679	        0.0019973064	        0.0030278126	        0.0008617316	        0.1000000000	        0.0010000000	        0.0666666667	        0.1000000000	        0.0010000000
        0.2345974273	        0.9494177356	        0.6303379323	       -0.0009248339	        0.0022053026	        0.0033599768	        0.0008717047	        0.1000000000	        0.0010000000	        0.0666666667	        0.1000000000	        0.0010000000
        0.2574478906	        0.9676496726	        0.6222916026	       -0.0009355882	        0.0024080465	        0.0036818780	        0.0008798275	        0.1000000000	        0.0010000000	        0.0666666667	        0.1000000000	        0.0010000000
        0.2820527391	        0.9852423690	        0.6143017180	       -0.0010920967	        0.0026035882	        0.0039901261	        0.0008865052	        0.1000000000	        0.0010000000	        0.0666666667	        0.1000000000	        0.0010000000
        0.3084817527	        1.0022409903	        0.6063165383	       -0.0013697131	        0.0027901558	        0.0042816954	        0.0008920348	        0.1000000000	        0.0010000000	        0.0666666667	        0.1000000000	        0.0010000000
        0.3367954708	        1.0186652342	        0.5982921792	       -0.0017024859	        0.0029660999	        0.0045538225	        0.0008966353	        0.1000000000	        0.0010000000	        0.0666666667	        0.1000000000	        0.0010000000
        0.3670428018	        1.0345125234	        0.5901908382	       -0.0020580427	        0.0031298632	        0.0048039504	        0.0009004693	        0.1000000000	        0.0010000000	        0.0666666667	        0.1000000000	        0.0010000000
        0.3992585207	        1.0497604388	        0.5819794804	       -0.0024171499	        0.0032799782	        0.0050297209	        0.0009036583	        0.1000000000	        0.0010000000	        0.0666666667	        0.1000000000	        0.0010000000
        0.4334607283	        1.0643685700	        0.5736288967	       -0.0027635616	        0.0034150902	        0.0052290116	        0.0009062936	        0.1000000000	        0.0010000000	        0.0666666667	        0.1000000000	        0.0010000000
        0.4696483595	        1.0782799443	        0.5651130781	       -0.0030704533	        0.0035340071	        0.0054000144	        0.0009084441	        0.1000000000	        0.0010000000	        0.0666666667	        0.1000000000	        0.0010000000
        0.5077988477	        1.0914221797	        0.5564088789	       -0.0033103898	        0.0036357716	        0.0055413515	        0.0009101622	        0.1000000000	        0.0010000000	        0.0666666667	        0.1000000000	        0.0010000000
        0.5478660655	        1.1037085029	        0.5474959734	       -0.0034260211	        0.0037197575	        0.0056522273	        0.0009114880	        0.1000000000	        0.0010000000	        0.0666666667	        0.1000000000	        0.0010000000
        0.5897786695	        1.1150387854	        0.5383571404	       -0.0033966265	        0.0037857899	        0.0057326139	        0.0009124533	        0.1000000000	        0.0010000000	        0.0666666667	        0.1000000000	        0.0010000000
        0.6334389769	        1.1253007799	        0.5289789516	       -0.0031721022	        0.0038342914	        0.0057834739	        0.0009130843	        0.1000000000	        0.0010000000	        0.0666666667	        0.1000000000	        0.0010000000
        0.6787224963	        1.1343718066	        0.5193529850	       -0.0026898722	        0.0038664603	        0.0058070268	        0.0009134051	        0.1000000000	        0.0010000000	        0.0666666667	        0.1000000000	        0.0010000000
        0.7254782147	        1.1421212445	        0.5094777450	       -0.0019262452	        0.0038844931	        0.0058070756	        0.0009134399	        0.1000000000	        0.0010000000	        0.0666666667	        0.1000000000	        0.0010000000
        0.7735297135	        1.1484143437	        0.4993615604	       -0.0009521052	        0.0038918867	        0.0057894466	        0.0009132130	        0.1000000000	        0.0010000000	        0.0666666667	        0.1000000000	        0.0010000000
        0.8226771500	        1.1531180810	        0.4890269381	        0.0002160936	        0.0038939459	        0.0057627366	        0.0009127162	        0.1000000000	        0.0010000000	        0.0666666667	        0.1000000000	        0.0010000000
        0.8727000940	        1.1561099572	        0.4785179204	        0.0015332717	        0.0038992342	        0.0057405037	        0.0009110442	        0.1000000000	        0.0010000000	        0.0666666667	        0.1000000000	        0.0010000000
        0.9233611572	        1.1572885283	        0.4679333587	        0.0029346090	        0.0039372716	        0.0057685660	        0.0009100864	        0.1000000000	        0.0010000000	        0.0666666667	        0.1000000000	        0.0010000000
        0.9744103051	        1.1566153735	        0.4574480842	        0.0044440730	        0.0040343382	        0.0058870466	        0.0009129085	        0.1000000000	        0.0010000000	        0.0666666667	        0.1000000000	        0.0010000000
        1.0255896949	        1.1541535659	        0.4472286444	        0.0060819783	        0.0041662109	        0.0060580528	        0.0009169347	        0.1000000000	        0.0010000000	        0.0666666667	        0.1000000000	        0.0010000000
        1.0766388428	        1.1500240112	        0.4373445898	        0.0077331718	        0.0042922905	        0.0062192819	        0.0009188752	        0.1000000000	        0.0010000000	        0.0666666667	        0.1000000000	        0.0010000000
        1.1272999060	        1.1443546037	        0.4278037266	        0.0092768937	        0.0044049554	        0.0063594248	        0.0009204173	        0.1000000000	        0.0010000000	        0.0666666667	        0.1000000000	        0.0010000000
        1.1773228500	        1.1372763026	        0.4186010950	        0.0106223854	        0.0044992327	        0.0064713287	        0.0009216109	        0.1000000000	        0.0010000000	        0.0666666667	        0.1000000000	        0.0010000000
        1.2264702865	        1.1289185462	        0.4097251293	        0.0117204543	        0.0045716784	        0.0065502293	        0.0009224777	        0.1000000000	        0.0010000000	        0.0666666667	        0.1000000000	        0.0010000000
        1.2745217853	        1.1194065901	        0.4011607803	        0.0125694385	        0.0046199789	        0.0065931052	        0.0009230336	        0.1000000000	        0.0010000000	        0.0666666667	        0.1000000000	        0.0010000000
        1.3212775037	        1.1088598768	        0.3928912430	        0.0131929585	        0.0046427323	        0.0065983182	        0.0009232906	        0.1000000000	        0.0010000000	        0.0666666667	        0.1000000000	        0.0010000000
        1.3665610231	        1.0973909488	        0.3848989100	        0.0135735933	        0.0046392972	        0.0065653631	        0.0009232571	        0.1000000000	        0.0010000000	        0.0666666667	        0.1000000000	        0.0010000000
        1.4102213305	        1.0851046477	        0.3771658718	        0.0137016748	        0.0046096731	        0.0064946699	        0.0009229373	        0.1000000000	        0.0010000000	        0.0666666667	        0.1000000000	        0.0010000000
        1.4521339345	        1.0720974695	        0.3696741431	        0.0136393306	        0.0045543946	        0.0063874333	        0.0009223306	        0.1000000000	        0.0010000000	        0.0666666667	        0.1000000000	        0.0010000000
        1.4922011523	        1.0584570087	        0.3624057210	        0.0134720934	        0.0044744353	        0.0062454588	        0.0009214315	        0.1000000000	        0.0010000000	        0.0666666667	        0.1000000000	        0.0010000000
        1.5303516405	        1.0442614527	        0.3553425328	        0.0132161107	        0.0043711158	        0.0060710203	        0.0009202287	        0.1000000000	        0.0010000000	        0.0666666667	        0.1000000000	        0.0010000000
        1.5665392717	        1.0295790969	        0.3484663034	        0.0128956078	        0.0042460174	        0.0058667286	        0.0009187040	        0.1000000000	        0.0010000000	        0.0666666667	        0.1000000000	        0.0010000000
        1.6007414793	        1.0144678473	        0.3417583583	        0.0125472151	        0.0041009013	        0.0056354121	        0.0009168315	        0.1000000000	        0.0010000000	        0.0666666667	        0.1000000000	        0.0010000000
        1.6329571982	        0.9989746716	        0.3351993588	        0.0121678180	        0.0039376360	        0.0053800104	        0.0009145750	        0.1000000000	        0.0010000000	        0.0666666667	        0.1000000000	        0.0010000000
        1.6632045292	        0.9831349437	        0.3287689627	        0.0117614261	        0.0037581341	        0.0051034859	        0.0009118860	        0.1000000000	        0.0010000000	        0.0666666667	        0.1000000000	        0.0010000000
        1.6915182473	        0.9669716161	        0.3224453904	        0.0113979339	        0.0035643020	        0.0048087553	        0.0009086992	        0.1000000000	        0.0010000000	        0.0666666667	        0.1000000000	        0.0010000000
        1.7179472609	        0.9504941318	        0.3162048696	        0.0110723768	        0.0033580059	        0.0044986456	        0.0009049278	        0.1000000000	        0.0010000000	        0.0666666667	        0.1000000000	        0.0010000000
        1.7425521094	        0.9336969712	        0.3100209179	        0.0107848149	        0.0031410558	        0.0041758794	        0.0009004554	        0.1000000000	        0.0010000000	        0.0666666667	        0.1000000000	        0.0010000000
        1.7654025727	        0.9165577000	        0.3038634113	        0.0105434678	        0.0029152145	        0.0038430942	        0.0008951250	        0.1000000000	        0.0010000000	        0.0666666667	        0.1000000000	        0.0010000000
        1.7865754452	        0.8990343633	        0.2976973648	        0.0103712847	        0.0026822325	        0.0035029028	        0.0008887239	        0.1000000000	        0.0010000000	        0.0666666667	        0.1000000000	        0.0010000000
        1.8061525101	        0.8810620369	        0.2914813327	        0.0102913200	        0.0024439144	        0.0031579958	        0.0008809606	        0.1000000000	        0.0010000000	        0.0666666667	        0.1000000000	        0.0010000000
        1.8242187368	        0.8625483394	        0.2851653054	        0.0103438619	        0.0022022153	        0.0028112884	        0.0008714333	        0.1000000000	        0.0010000000	        0.0666666667	        0.1000000000	        0.0010000000
        1.8408607086	        0.8433677119	        0.2786879578	        0.0105331135	        0.0019593614	        0.0024661011	        0.0008595850	        0.1000000000	        0.0010000000	        0.0666666667	        0.1000000000	        0.0010000000
        1.8561652810	        0.8233543684	        0.2719730945	        0.0108690315	        0.0017179783	        0.0021263490	        0.0008446414	        0.1000000000	        0.0010000000	        0.0666666667	        0.1000000000	        0.0010000000
        1.8702184608	        0.8022940572	        0.2649251917	        0.0113328233	        0.0014811930	        0.0017966928	        0.0008255290	        0.1000000000	        0.0010000000	        0.0666666667	        0.1000000000	        0.0010000000
        1.8831044915	        0.7799153482	        0.2574241494	        0.0118816285	        0.0012526627	        0.0014825799	        0.0008007764	        0.1000000000	        0.0010000000	        0.0666666667	        0.1000000000	        0.0010000000
        1.8949051275	        0.7558823269	        0.2493199805	        0.0124732037	        0.0010364711	        0.0011900892	        0.0007684228	        0.1000000000	        0.0010000000	        0.0666666667	        0.1000000000	        0.0010000000
        1.9056990763	        0.7297927408	        0.2404296197	        0.0130520874	        0.0008368507	        0.0009255010	        0.0007260100	        0.1000000000	        0.0010000000	        0.0666666667	        0.1000000000	        0.0010000000
        1.9155615890	        0.7011891473	        0.2305410028	        0.0133823939	        0.0006577290	        0.0006945632	        0.0006708424	        0.1000000000	        0.0010000000	        0.0666666667	        0.1000000000	        0.0010000000
        1.9245641781	        0.6695950160	        0.2194342135	        0.0132663801	        0.0005021721	        0.0005015150	        0.0006008326	        0.1000000000	        0.0010000000	        0.0666666667	        0.1000000000	        0.0010000000
        1.9327744427	        0.6345901994	        0.2069327067	        0.0126568221	        0.0003718701	        0.0003480591	        0.0005161578	        0.1000000000	        0.0010000000	        0.0666666667	        0.1000000000	        0.0010000000
        1.9402559838	        0.5959334580	        0.1929882733	        0.0112838496	        0.0002668372	        0.0002326351	        0.0004211151	        0.1000000000	        0.0010000000	        0.0666666667	        0.1000000000	        0.0010000000
        1.9470683933	        0.5537143129	        0.1777680577	        0.0092480875	        0.0001854508	        0.0001504782	        0.0003242423	        0.1000000000	        0.0010000000	        0.0666666667	        0.1000000000	        0.0010000000
        1.9532673011	        0.5084743229	        0.1616727022	        0.0069099764	        0.0001248222	        0.0000947550	        0.0002353712	        0.1000000000	        0.0010000000	        0.0666666667	        0.1000000000	        0.0010000000
        1.9589044686	        0.4612117484	        0.1452441346	        0.0044458056	        0.0000813604	        0.0000583314	        0.0001616158	        0.1000000000	        0.0010000000	        0.0666666667	        0.1000000000	        0.0010000000
        1.9640279170	        0.4132234830	        0.1290187721	        0.0023671598	        0.0000513378	        0.0000351503	        0.0001055020	        0.1000000000	        0.0010000000	        0.0666666667	        0.1000000000	        0.0010000000
        1.9686820816	        0.3658402233	        0.1134192557	        0.0006314437	        0.0000313263	        0.0000207014	        0.0000657653	        0.1000000000	        0.0010000000	        0.0666666667	        0.1000000000	        0.0010000000
        1.9729079831	        0.3201825735	        0.0987198012	       -0.0005975135	        0.0000184467	        0.0000118704	        0.0000392353	        0.1000000000	        0.0010000000	        0.0666666667	        0.1000000000	        0.0010000000
        1.9767434111	        0.2770337133	        0.0850630561	       -0.0012573614	        0.0000104459	        0.0000065905	        0.0000223926	        0.1000000000	        0.0010000000	        0.0666666667	        0.1000000000	        0.0010000000
        1.9802231129	        0.2368352744	        0.0724956860	       -0.0014705688	        0.0000056577	        0.0000035172	        0.0000121841	        0.1000000000	        0.0010000000	        0.0666666667	        0.1000000000	        0.0010000000
        1.9833789852	        0.1997555992	        0.0610028223	       -0.0014641415	        0.0000029072	        0.0000017870	        0.0000062772	        0.1000000000	        0.0010000000	        0.0666666667	        0.1000000000	        0.0010000000
        1.9862402627	        0.1657768108	        0.0505343295	       -0.0013829737	        0.0000014002	        0.0000008530	        0.0000030276	        0.1000000000	        0.0010000000	        0.0666666667	        0.1000000000	        0.0010000000
        1.9888337046	        0.1347700180	        0.0410224920	       -0.0011897874	        0.0000006205	        0.0000003753	        0.0000013426	        0.1000000000	        0.0010000000	        0.0666666667	        0.1000000000	        0.0010000000
        1.9911837738	        0.1065491768	        0.0323929654	       -0.0008799822	        0.0000002456	        0.0000001477	        0.0000005317	        0.1000000000	        0.0010000000	        0.0666666667	        0.1000000000	        0.0010000000
        1.9933128092	        0.0809053398	        0.0245710876	       -0.0006183412	        0.0000000827	        0.0000000494	        0.0000001789	        0.1000000000	        0.0010000000	        0.0666666667	        0.1000000000	        0.0010000000
        1.9952411902	        0.0576265288	        0.0174852366	       -0.0004270163	        0.0000000215	        0.0000000128	        0.0000000466	        0.1000000000	        0.0010000000	        0.0666666667	        0.1000000000	        0.0010000000
        1.9969874916	        0.0365082848	        0.0110684189	       -0.0002718367	        0.0000000035	        0.0000000021	        0.0000000076	        0.1000000000	        0.0010000000	        0.0666666667	        0.1000000000	        0.0010000000
        1.9985686299	        0.0173586455	        0.0052588507	       -0.0001456221	        0.0000000002	        0.0000000001	        0.0000000004	        0.1000000000	        0.0010000000	        0.0666666667	        0.1000000000	        0.0010000000
        2.0000000000	        0.0000000000	        0.0000000000	       -0.0000428169	        0.0000000000	        0.0000000000	        0.0000000000	        0.0000000000	        0.0010000000	        0.0000000000	        0.1000000000	        0.0010000000
