        0.0000000000	        0.0000000000	        1.0000000000	        0.0002851550	        0.0000000000	        0.0000000000	        0.0000000000	        0.0000000000	        0.0010000000	        0.0000000000	        0.1000000000	        0.0010000000
        0.0014313701	        0.0143066999	        0.9960028714	       -0.0011440036	        0.0000000000	        0.0000000000	        0.0000000001	        0.1000000000	        0.0010000000	        0.0666666667	        0.1000000000	        0.0010000000
        0.0030125084	        0.0300858780	        0.9919806085	       -0.0025078942	        0.0000000008	        0.0000000008	        0.0000000012	        0.1000000000	        0.0010000000	        0.0666666667	        0.1000000000	        0.0010000000
        0.0047588098	        0.0474831712	        0.9879461011	       -0.0038875016	        0.0000000053	        0.0000000052	        0.0000000069	        0.1000000000	        0.0010000000	        0.0666666667	        0.1000000000	        0.0010000000
        0.0066871908	        0.0666569574	        0.9839029865	       -0.0054190128	        0.0000000206	        0.0000000201	        0.0000000243	        0.1000000000	        0.0010000000	        0.0666666667	        0.1000000000	        0.0010000000
        0.0088162262	        0.0877785986	        0.9798476832	       -0.0071181757	        0.0000000623	        0.0000000606	        0.0000000667	        0.1000000000	        0.0010000000	        0.0666666667	        0.1000000000	        0.0010000000
        0.0111662954	        0.1110319536	        0.9757663823	       -0.0089977053	        0.0000001601	        0.0000001554	        0.0000001567	        0.1000000000	        0.0010000000	        0.0666666667	        0.1000000000	        0.0010000000
        0.0137597373	        0.1366115139	        0.9716366992	       -0.0110754388	        0.0000003677	        0.0000003566	        0.0000003314	        0.1000000000	        0.0010000000	        0.0666666667	        0.1000000000	        0.0010000000
        0.0166210148	        0.1647180613	        0.9674261694	       -0.0133631062	        0.0000007788	        0.0000007544	        0.0000006520	        0.1000000000	        0.0010000000	        0.0666666667	        0.1000000000	        0.0010000000
        0.0197768871	        0.1955500513	        0.9630951362	       -0.0158829074	        0.0000015496	        0.0000015001	        0.0000012174	        0.1000000000	        0.0010000000	        0.0666666667	        0.1000000000	        0.0010000000
        0.0232565889	        0.2292879765	        0.9585965755	       -0.0186546247	        0.0000029335	        0.0000028402	        0.0000021862	        0.1000000000	        0.0010000000	        0.0666666667	        0.1000000000	        0.0010000000
        0.0270920169	        0.2660679017	        0.9538802522	       -0.0217012194	        0.0000053297	        0.0000051681	        0.0000038066	        0.1000000000	        0.0010000000	        0.0666666667	        0.1000000000	        0.0010000000
        0.0313179184	        0.3059398250	        0.9488975320	       -0.0250420706	        0.0000093485	        0.0000090985	        0.0000064569	        0.1000000000	        0.0010000000	        0.0666666667	        0.1000000000	        0.0010000000
        0.0359720830	        0.3488080751	        0.9436069693	       -0.0286804667	        0.0000158935	        0.0000155773	        0.0000106896	        0.1000000000	        0.0010000000	        0.0666666667	        0.1000000000	        0.0010000000
        0.0410955314	        0.3943574688	        0.9379828611	       -0.0326012139	        0.0000262536	        0.0000260384	        0.0000172660	        0.1000000000	        0.0010000000	        0.0666666667	        0.1000000000	        0.0010000000
        0.0467326989	        0.4419833540	        0.9320263215	       -0.0367953876	        0.0000421858	        0.0000426233	        0.0000271466	        0.1000000000	        0.0010000000	        0.0666666667	        0.1000000000	        0.0010000000
        0.0529316067	        0.4907638743	        0.9257777207	       -0.0411662517	        0.0000659532	        0.0000684633	        0.0000413777	        0.1000000000	        0.0010000000	        0.0666666667	        0.1000000000	        0.0010000000
        0.0597440162	        0.5395231288	        0.9193266583	       -0.0456206312	        0.0001002624	        0.0001079733	        0.0000608078	        0.1000000000	        0.0010000000	        0.0666666667	        0.1000000000	        0.0010000000
        0.0672255573	        0.5870068650	        0.9128114551	       -0.0499906168	        0.0001480535	        0.0001669892	        0.0000856410	        0.1000000000	        0.0010000000	        0.0666666667	        0.1000000000	        0.0010000000
        0.0754358219	        0.6321219361	        0.9063987066	       -0.0540795299	        0.0002121373	        0.0002524225	        0.0001150381	        0.1000000000	        0.0010000000	        0.0666666667	        0.1000000000	        0.0010000000
        0.0844384110	        0.6741313608	        0.9002427478	       -0.0577294018	        0.0002947574	        0.0003711210	        0.0001471530	        0.1000000000	        0.0010000000	        0.0666666667	        0.1000000000	        0.0010000000
        0.0943009237	        0.7127191157	        0.8944439009	       -0.0608047666	        0.0003972018	        0.0005281762	        0.0001798053	        0.1000000000	        0.0010000000	        0.0666666667	        0.1000000000	        0.0010000000
        0.1050948725	        0.7479265652	        0.8890308763	       -0.0632657553	        0.0005195715	        0.0007255957	        0.0002113764	        0.1000000000	        0.0010000000	        0.0666666667	        0.1000000000	        0.0010000000
        0.1168955085	        0.7800269706	        0.8839725498	       -0.0651197157	        0.0006607546	        0.0009619996	        0.0002412321	        0.1000000000	        0.0010000000	        0.0666666667	        0.1000000000	        0.0010000000
        0.1297815392	        0.8094036970	        0.8792029623	       -0.0664034103	        0.0008185884	        0.0012331930	        0.0002695295	        0.1000000000	        0.0010000000	        0.0666666667	        0.1000000000	        0.0010000000
        0.1438347190	        0.8364632107	        0.8746431552	       -0.0671793655	        0.0009901524	        0.0015331151	        0.0002967961	        0.1000000000	        0.0010000000	        0.0666666667	        0.1000000000	        0.0010000000
        0.1591392914	        0.8615850603	        0.8702143507	       -0.0675067766	        0.0011721127	        0.0018547857	        0.0003236023	        0.1000000000	        0.0010000000	        0.0666666667	        0.1000000000	        0.0010000000
        0.1757812632	        0.8850989923	        0.8658439108	       -0.0674163754	        0.0013610368	        0.0021910649	        0.0003503991	        0.1000000000	        0.0010000000	        0.0666666667	        0.1000000000	        0.0010000000
        0.1938474899	        0.9072783506	        0.8614670953	       -0.0669551278	        0.0015536317	        0.0025351667	        0.0003774757	        0.1000000000	        0.0010000000	        0.0666666667	        0.1000000000	        0.0010000000
        0.2134245548	        0.9283418142	        0.8570267326	       -0.0661370739	        0.0017468838	        0.0028809368	        0.0004049713	        0.1000000000	        0.0010000000	        0.0666666667	        0.1000000000	        0.0010000000
        0.2345974273	        0.9484586511	        0.8524722602	       -0.0650022558	        0.0019381118	        0.0032229434	        0.0004329103	        0.1000000000	        0.0010000000	        0.0666666667	        0.1000000000	        0.0010000000
        0.2574478906	        0.9677549014	        0.8477584483	       -0.0635478293	        0.0021249564	        0.0035564439	        0.0004612241	        0.1000000000	        0.0010000000	        0.0666666667	        0.1000000000	        0.0010000000
        0.2820527391	        0.9863192597	        0.8428446580	       -0.0617788422	        0.0023053361	        0.0038772871	        0.0004897589	        0.1000000000	        0.0010000000	        0.0666666667	        0.1000000000	        0.0010000000
        0.3084817527	        1.0042081661	        0.8376942586	       -0.0597010520	        0.0024773915	        0.0041817999	        0.0005183208	        0.1000000000	        0.0010000000	        0.0666666667	        0.1000000000	        0.0010000000
        0.3367954708	        1.0214499852	        0.8322737509	       -0.0573064797	        0.0026394376	        0.0044666897	        0.0005467528	        0.1000000000	        0.0010000000	        0.0666666667	        0.1000000000	        0.0010000000
        0.3670428018	        1.0380483224	        0.8265513729	       -0.0546036566	        0.0027899339	        0.0047289830	        0.0005749644	        0.1000000000	        0.0010000000	        0.0666666667	        0.1000000000	        0.0010000000
        0.3992585207	        1.0539846027	        0.8204961917	       -0.0515663804	        0.0029274763	        0.0049660066	        0.0006029128	        0.1000000000	        0.0010000000	        0.0666666667	        0.1000000000	        0.0010000000
        0.4334607283	        1.0692200605	        0.8140774664	       -0.0482048834	        0.0030508133	        0.0051754138	        0.0006305962	        0.1000000000	        0.0010000000	        0.0666666667	        0.1000000000	        0.0010000000
        0.4696483595	        1.0836972861	        0.8072641692	       -0.0445039829	        0.0031588861	        0.0053552570	        0.0006581112	        0.1000000000	        0.0010000000	        0.0666666667	        0.1000000000	        0.0010000000
        0.5077988477	        1.0973414720	        0.8000233750	       -0.0404734158	        0.0032508958	        0.0055041037	        0.0006856108	        0.1000000000	        0.0010000000	        0.0666666667	        0.1000000000	        0.0010000000
        0.5478660655	        1.1100615115	        0.7923209114	       -0.0361142157	        0.0033263909	        0.0056211934	        0.0007132639	        0.1000000000	        0.0010000000	        0.0666666667	        0.1000000000	        0.0010000000
        0.5897786695	        1.1217511260	        0.7841210073	       -0.0314465834	        0.0033853830	        0.0057066384	        0.0007414069	        0.1000000000	        0.0010000000	        0.0666666667	        0.1000000000	        0.0010000000
        0.6334389769	        1.1322902318	        0.7753842315	       -0.0264733131	        0.0034284932	        0.0057616695	        0.0007707663	        0.1000000000	        0.0010000000	        0.0666666667	        0.1000000000	        0.0010000000
        0.6787224963	        1.1415468493	        0.7660626594	       -0.0212308251	        0.0034571409	        0.0057889392	        0.0008024764	        0.1000000000	        0.0010000000	        0.0666666667	        0.1000000000	        0.0010000000
        0.7254782147	        1.1493800184	        0.7560981120	       -0.0157965582	        0.0034737791	        0.0057929033	        0.0008378221	        0.1000000000	        0.0010000000	        0.0666666667	        0.1000000000	        0.0010000000
        0.7735297135	        1.1556444070	        0.7454254215	       -0.0102488701	        0.0034822215	        0.0057803574	        0.0008781160	        0.1000000000	        0.0010000000	        0.0666666667	        0.1000000000	        0.0010000000
        0.8226771500	        1.1601975408	        0.7339783766	       -0.0046868199	        0.0034882486	        0.0057614431	        0.0009244117	        0.1000000000	        0.0010000000	        0.0666666667	        0.1000000000	        0.0010000000
        0.8727000940	        1.1629106874	        0.7217095519	        0.0007629213	        0.0035017844	        0.0057533739	        0.0009748925	        0.1000000000	        0.0010000000	        0.0666666667	        0.1000000000	        0.0010000000
        0.9233611572	        1.1636804821	        0.7086887611	        0.0060953756	        0.0035718077	        0.0058409063	        0.0010363603	        0.1000000000	        0.0010000000	        0.0666666667	        0.1000000000	        0.0010000000
        0.9744103051	        1.1625040259	        0.6951144859	        0.0114216910	        0.0036974977	        0.0060214018	        0.0011080194	        0.1000000000	        0.0010000000	        0.0666666667	        0.1000000000	        0.0010000000
        1.0255896949	        1.1594844512	        0.6811365692	        0.0167811733	        0.0038349421	        0.0062183034	        0.0011828304	        0.1000000000	        0.0010000000	        0.0666666667	        0.1000000000	        0.0010000000
        1.0766388428	        1.1547574836	        0.6668147312	        0.0221320243	        0.0039648031	        0.0063983871	        0.0012596559	        0.1000000000	        0.0010000000	        0.0666666667	        0.1000000000	        0.0010000000
        1.1272999060	        1.1484639502	        0.6521871934	        0.0274363879	        0.0040808876	        0.0065514233	        0.0013380060	        0.1000000000	        0.0010000000	        0.0666666667	        0.1000000000	        0.0010000000
        1.1773228500	        1.1407449900	        0.6372874618	        0.0325888639	        0.0041790048	        0.0066708355	        0.0014169518	        0.1000000000	        0.0010000000	        0.0666666667	        0.1000000000	        0.0010000000
        1.2264702865	        1.1317383864	        0.6221496997	        0.0375286977	        0.0042562117	        0.0067523594	        0.0014955600	        0.1000000000	        0.0010000000	        0.0666666667	        0.1000000000	        0.0010000000
        1.2745217853	        1.1215764861	        0.6068079232	        0.0422285509	        0.0043105101	        0.0067934710	        0.0015728374	        0.1000000000	        0.0010000000	        0.0666666667	        0.1000000000	        0.0010000000
        1.3212775037	        1.1103849036	        0.5912997049	        0.0465727971	        0.0043406649	        0.0067930440	        0.0016472453	        0.1000000000	        0.0010000000	        0.0666666667	        0.1000000000	        0.0010000000
        1.3665610231	        1.0982815833	        0.5756728568	        0.0505497042	        0.0043460691	        0.0067511038	        0.0017164259	        0.1000000000	        0.0010000000	        0.0666666667	        0.1000000000	        0.0010000000
        1.4102213305	        1.0853760038	        0.5599915056	        0.0541102046	        0.0043266320	        0.0066686197	        0.0017785655	        0.1000000000	        0.0010000000	        0.0666666667	        0.1000000000	        0.0010000000
        1.4521339345	        1.0717684944	        0.5443160198	        0.0573709135	        0.0042827336	        0.0065473242	        0.0018335001	        0.1000000000	        0.0010000000	        0.0666666667	        0.1000000000	        0.0010000000
        1.4922011523	        1.0575496990	        0.5286925558	        0.0602698593	        0.0042151661	        0.0063895451	        0.0018815392	        0.1000000000	        0.0010000000	        0.0666666667	        0.1000000000	        0.0010000000
        1.5303516405	        1.0428001143	        0.5131571604	        0.0628107659	        0.0041250508	        0.0061980548	        0.0019221281	        0.1000000000	        0.0010000000	        0.0666666667	        0.1000000000	        0.0010000000
        1.5665392717	        1.0275896108	        0.4977475149	        0.0649709596	        0.0040137426	        0.0059759309	        0.0019542069	        0.1000000000	        0.0010000000	        0.0666666667	        0.1000000000	        0.0010000000
        1.6007414793	        1.0119769223	        0.4824988881	        0.0667988432	        0.0038827741	        0.0057264354	        0.0019768337	        0.1000000000	        0.0010000000	        0.0666666667	        0.1000000000	        0.0010000000
        1.6329571982	        0.9960091012	        0.4674453853	        0.0682257656	        0.0037337905	        0.0054529051	        0.0019887815	        0.1000000000	        0.0010000000	        0.0666666667	        0.1000000000	        0.0010000000
        1.6632045292	        0.9797208551	        0.4526222808	        0.0694405922	        0.0035684909	        0.0051586570	        0.0019890045	        0.1000000000	        0.0010000000	        0.0666666667	        0.1000000000	        0.0010000000
        1.6915182473	        0.9631337167	        0.4380600777	        0.0703288228	        0.0033885975	        0.0048469221	        0.0019767763	        0.1000000000	        0.0010000000	        0.0666666667	        0.1000000000	        0.0010000000
        1.7179472609	        0.9462549694	        0.4237854269	        0.0710503278	        0.0031958230	        0.0045208013	        0.0019514284	        0.1000000000	        0.0010000000	        0.0666666667	        0.1000000000	        0.0010000000
        1.7425521094	        0.9290761935	        0.4098194184	        0.0716402868	        0.0029918616	        0.0041832532	        0.0019126870	        0.1000000000	        0.0010000000	        0.0666666667	        0.1000000000	        0.0010000000
        1.7654025727	        0.9115713200	        0.3961738820	        0.0720822747	        0.0027784041	        0.0038371210	        0.0018607196	        0.1000000000	        0.0010000000	        0.0666666667	        0.1000000000	        0.0010000000
        1.7865754452	        0.8936940341	        0.3828492779	        0.0725674211	        0.0025571748	        0.0034851978	        0.0017960479	        0.1000000000	        0.0010000000	        0.0666666667	        0.1000000000	        0.0010000000
        1.8061525101	        0.8753743391	        0.3698321564	        0.0729475037	        0.0023299962	        0.0031303365	        0.0017196752	        0.1000000000	        0.0010000000	        0.0666666667	        0.1000000000	        0.0010000000
        1.8242187368	        0.8565141031	        0.3570906184	        0.0733582137	        0.0020988842	        0.0027756024	        0.0016329114	        0.1000000000	        0.0010000000	        0.0666666667	        0.1000000000	        0.0010000000
        1.8408607086	        0.8369814224	        0.3445731425	        0.0736971269	        0.0018661570	        0.0024244525	        0.0015370989	        0.1000000000	        0.0010000000	        0.0666666667	        0.1000000000	        0.0010000000
        1.8561652810	        0.8166037324	        0.3322064066	        0.0739672671	        0.0016345467	        0.0020809142	        0.0014334897	        0.1000000000	        0.0010000000	        0.0666666667	        0.1000000000	        0.0010000000
        1.8702184608	        0.7951598971	        0.3198942543	        0.0739661650	        0.0014072773	        0.0017497130	        0.0013231554	        0.1000000000	        0.0010000000	        0.0666666667	        0.1000000000	        0.0010000000
        1.8831044915	        0.7723721363	        0.3075155108	        0.0737836879	        0.0011880663	        0.0014362793	        0.0012069161	        0.1000000000	        0.0010000000	        0.0666666667	        0.1000000000	        0.0010000000
        1.8949051275	        0.7478999136	        0.2949241659	        0.0731329449	        0.0009809946	        0.0011465504	        0.0010853178	        0.1000000000	        0.0010000000	        0.0666666667	        0.1000000000	        0.0010000000
        1.9056990763	        0.7213401787	        0.2819514974	        0.0718879324	        0.0007902121	        0.0008865059	        0.0009586654	        0.1000000000	        0.0010000000	        0.0666666667	        0.1000000000	        0.0010000000
        1.9155615890	        0.6922418776	        0.2684189669	        0.0698214151	        0.0006194859	        0.0006614177	        0.0008273321	        0.1000000000	        0.0010000000	        0.0666666667	        0.1000000000	        0.0010000000
        1.9245641781	        0.6601467575	        0.2541657026	        0.0668922143	        0.0004716734	        0.0004748970	        0.0006925282	        0.1000000000	        0.0010000000	        0.0666666667	        0.1000000000	        0.0010000000
        1.9327744427	        0.6246699563	        0.2391020635	        0.0630101852	        0.0003482573	        0.0003279366	        0.0005575819	        0.1000000000	        0.0010000000	        0.0666666667	        0.1000000000	        0.0010000000
        1.9402559838	        0.5856252216	        0.2232729302	        0.0580699418	        0.0002491050	        0.0002183168	        0.0004287004	        0.1000000000	        0.0010000000	        0.0666666667	        0.1000000000	        0.0010000000
        1.9470683933	        0.5431722494	        0.2068989311	        0.0523568498	        0.0001725430	        0.0001408300	        0.0003136900	        0.1000000000	        0.0010000000	        0.0666666667	        0.1000000000	        0.0010000000
        1.9532673011	        0.4979220649	        0.1903388345	        0.0464926332	        0.0001157261	        0.0000885282	        0.0002188401	        0.1000000000	        0.0010000000	        0.0666666667	        0.1000000000	        0.0010000000
        1.9589044686	        0.4509171171	        0.1739739612	        0.0405264895	        0.0000751692	        0.0000544401	        0.0001463528	        0.1000000000	        0.0010000000	        0.0666666667	        0.1000000000	        0.0010000000
        1.9640279170	        0.4034530898	        0.1581018041	        0.0347054549	        0.0000472791	        0.0000327809	        0.0000944111	        0.1000000000	        0.0010000000	        0.0666666667	        0.1000000000	        0.0010000000
        1.9686820816	        0.3568133248	        0.1428910426	        0.0295802770	        0.0000287718	        0.0000192947	        0.0000590335	        0.1000000000	        0.0010000000	        0.0666666667	        0.1000000000	        0.0010000000
        1.9729079831	        0.3120443469	        0.1283885081	        0.0250973576	        0.0000169087	        0.0000110591	        0.0000358541	        0.1000000000	        0.0010000000	        0.0666666667	        0.1000000000	        0.0010000000
        1.9767434111	        0.2698535425	        0.1145614051	        0.0211915391	        0.0000095642	        0.0000061389	        0.0000211223	        0.1000000000	        0.0010000000	        0.0666666667	        0.1000000000	        0.0010000000
        1.9802231129	        0.2306217441	        0.1013379511	        0.0178109058	        0.0000051793	        0.0000032767	        0.0000120107	        0.1000000000	        0.0010000000	        0.0666666667	        0.1000000000	        0.0010000000
        1.9833789852	        0.1944766523	        0.0886352003	        0.0149010001	        0.0000026637	        0.0000016658	        0.0000065350	        0.1000000000	        0.0010000000	        0.0666666667	        0.1000000000	        0.0010000000
        1.9862402627	        0.1613775047	        0.0763760041	        0.0122362287	        0.0000012854	        0.0000007960	        0.0000033566	        0.1000000000	        0.0010000000	        0.0666666667	        0.1000000000	        0.0010000000
        1.9888337046	        0.1311851976	        0.0645011604	        0.0097195209	        0.0000005713	        0.0000003508	        0.0000015948	        0.1000000000	        0.0010000000	        0.0666666667	        0.1000000000	        0.0010000000
        1.9911837738	        0.1037113180	        0.0529701953	        0.0076147078	        0.0000002271	        0.0000001383	        0.0000006795	        0.1000000000	        0.0010000000	        0.0666666667	        0.1000000000	        0.0010000000
        1.9933128092	        0.0787488434	        0.0417565692	        0.0058229876	        0.0000000768	        0.0000000464	        0.0000002467	        0.1000000000	        0.0010000000	        0.0666666667	        0.1000000000	        0.0010000000
        1.9952411902	        0.0560897624	        0.0308466901	        0.0042213254	        0.0000000201	        0.0000000121	        0.0000000693	        0.1000000000	        0.0010000000	        0.0666666667	        0.1000000000	        0.0010000000
        1.9969874916	        0.0355343382	        0.0202420174	        0.0027724270	        0.0000000033	        0.0000000020	        0.0000000122	        0.1000000000	        0.0010000000	        0.0666666667	        0.1000000000	        0.0010000000
        1.9985686299	        0.0168954214	        0.0099532938	        0.0013022256	        0.0000000002	        0.0000000001	        0.0000000007	        0.1000000000	        0.0010000000	        0.0666666667	        0.1000000000	        0.0010000000
        2.0000000000	        0.0000000000	        0.0000000000	       -0.0002908396	        0.0000000000	        0.0000000000	        0.0000000000	        0.0000000000	        0.0010000000	        0.0000000000	        0.1000000000	        0.0010000000
