        0.0000000000	        0.0000000000	        1.0000000000	        0.0000000000	        0.0000000000	        0.0000000000	        0.0000000000	        0.0000000000	        0.0000000000	        0.0000000000	        0.0059397141	        0.0000000000	        0.0000000000	        0.0048860620
        0.0006386460	        0.0060361662	        0.9965149015	        0.0000000000	        0.0000000000	        0.0000000000	        0.0000000001	        0.0000000007	        0.0000000040	        0.0000054509	        0.0057984633	        0.0000000002	        0.0000074733	        0.0034342495
        0.0013591019	        0.0128414085	        0.9925828229	        0.0000000000	        0.0000000000	        0.0000000000	        0.0000000005	        0.0000000053	        0.0000000291	        0.0000179902	        0.0056464080	        0.0000000021	        0.0000285011	        0.0026727806
        0.0021717769	        0.0205122742	        0.9881469399	        0.0000000000	        0.0000000000	        0.0000000000	        0.0000000022	        0.0000000200	        0.0000001093	        0.0000400658	        0.0054838273	        0.0000000099	        0.0000646962	        0.0021788357
        0.0030883849	        0.0291569883	        0.9831434865	        0.0000000000	        0.0000000000	        0.0000000000	        0.0000000076	        0.0000000556	        0.0000003044	        0.0000747818	        0.0053113702	        0.0000000330	        0.0001184542	        0.0018282191
        0.0041221033	        0.0388966773	        0.9775011109	        0.0000000000	        0.0000000000	        0.0000000000	        0.0000000212	        0.0000001308	        0.0000007157	        0.0001260499	        0.0051301563	        0.0000000904	        0.0001928668	        0.0015675544
        0.0052877492	        0.0498666002	        0.9711403247	        0.0000000000	        0.0000000000	        0.0000000000	        0.0000000518	        0.0000002755	        0.0000015062	        0.0001987682	        0.0049418958	        0.0000002170	        0.0002917595	        0.0013693254
        0.0066019743	        0.0622172810	        0.9639731735	        0.0000000000	        0.0000000000	        0.0000000000	        0.0000001157	        0.0000005367	        0.0000029317	        0.0002990310	        0.0047490286	        0.0000004742	        0.0004197821	        0.0012178084
        0.0080834821	        0.0761153518	        0.9559033433	        0.0000000000	        0.0000000000	        0.0000000000	        0.0000002406	        0.0000009868	        0.0000053820	        0.0004343675	        0.0045548838	        0.0000009641	        0.0005825247	        0.0011034538
        0.0097532660	        0.0917437772	        0.9468270571	        0.0000000000	        0.0000000000	        0.0000000000	        0.0000004728	        0.0000017358	        0.0000094398	        0.0006139986	        0.0043638565	        0.0000018506	        0.0007866335	        0.0010202394
        0.0116348733	        0.1093009327	        0.9366353488	        0.0000000000	        0.0000000000	        0.0000000000	        0.0000008861	        0.0000029497	        0.0000159659	        0.0008490869	        0.0041815902	        0.0000033879	        0.0010398766	        0.0009642331
        0.0137546927	        0.1289977573	        0.9252187113	        0.0000000000	        0.0000000000	        0.0000000000	        0.0000015933	        0.0000048816	        0.0000262259	        0.0011529176	        0.0040151365	        0.0000059554	        0.0013510597	        0.0009326784
        0.0161422702	        0.1510519839	        0.9124757960	        0.0000000000	        0.0000000000	        0.0000000000	        0.0000027588	        0.0000079247	        0.0000420776	        0.0015409022	        0.0038730347	        0.0000101013	        0.0017295887	        0.0009233123
        0.0188306506	        0.1756784554	        0.8983287916	        0.0000000000	        0.0000000000	        0.0000000000	        0.0000046082	        0.0000126983	        0.0000662082	        0.0020302159	        0.0037652082	        0.0000165873	        0.0021843127	        0.0009338494
        0.0218567475	        0.2030751262	        0.8827486344	        0.0000000000	        0.0000000000	        0.0000000000	        0.0000074285	        0.0000201727	        0.0001022932	        0.0026388230	        0.0037025232	        0.0000264293	        0.0027210844	        0.0009618267
        0.0252617393	        0.2334058056	        0.8657909172	        0.0000000000	        0.0000000000	        0.0000000000	        0.0000115540	        0.0000318031	        0.0001546992	        0.0033836441	        0.0036958271	        0.0000409235	        0.0033385240	        0.0010050378
        0.0290914903	        0.2667827858	        0.8476352320	        0.0000000000	        0.0000000000	        0.0000000000	        0.0000173343	        0.0000496206	        0.0002272743	        0.0042778035	        0.0037543421	        0.0000616433	        0.0040224059	        0.0010609904
        0.0333969940	        0.3032538325	        0.8286114860	        0.0000000000	        0.0000000000	        0.0000000000	        0.0000250971	        0.0000763415	        0.0003216554	        0.0053272879	        0.0038834826	        0.0000904021	        0.0047411206	        0.0011221921
        0.0382348325	        0.3427968074	        0.8091945017	        0.0000000000	        0.0000000000	        0.0000000000	        0.0000351242	        0.0001155640	        0.0004359014	        0.0065277971	        0.0040824842	        0.0001291800	        0.0054461209	        0.0011748996
        0.0436676462	        0.3853213911	        0.7899538855	        0.0000000000	        0.0000000000	        0.0000000000	        0.0000476596	        0.0001719953	        0.0005640896	        0.0078627508	        0.0043425347	        0.0001800245	        0.0060805294	        0.0012053813
        0.0497646022	        0.4301006583	        0.7714598835	        0.0000000000	        0.0000000000	        0.0000000000	        0.0000709057	        0.0002514770	        0.0006970668	        0.0092889406	        0.0046473095	        0.0002441786	        0.0065949368	        0.0012049018
        0.0566018496	        0.4760722882	        0.7541753930	        0.0000000000	        0.0000000000	        0.0000000000	        0.0001021389	        0.0003608292	        0.0008246224	        0.0107096025	        0.0049383792	        0.0003217186	        0.0069625971	        0.0011723315
        0.0642629411	        0.5224691830	        0.7383926084	        0.0000000000	        0.0000000000	        0.0000000000	        0.0001416753	        0.0005082648	        0.0009395300	        0.0120303589	        0.0051617667	        0.0004123217	        0.0071846625	        0.0011135266
        0.0728392004	        0.5686238994	        0.7242192944	        0.0000000000	        0.0000000000	        0.0000000000	        0.0001906129	        0.0007022905	        0.0010376218	        0.0131698632	        0.0052787292	        0.0005149487	        0.0072838671	        0.0010380414
        0.0824300053	        0.6139664431	        0.7116020467	        0.0000000000	        0.0000000000	        0.0000000000	        0.0002500879	        0.0009500950	        0.0011176772	        0.0140700108	        0.0052705542	        0.0006278380	        0.0072928034	        0.0009554622
        0.0931429507	        0.6580487106	        0.7003780822	        0.0000000000	        0.0000000000	        0.0000000000	        0.0003212180	        0.0012560407	        0.0011808430	        0.0147009297	        0.0051385308	        0.0007486476	        0.0072434494	        0.0008731134
        0.1050938490	        0.7005496645	        0.6903326287	        0.0000000000	        0.0000000000	        0.0000000000	        0.0004050300	        0.0016206828	        0.0012296407	        0.0150591898	        0.0048993964	        0.0008746298	        0.0071615310	        0.0007954941
        0.1184065179	        0.7412655277	        0.6812424635	        0.0000000000	        0.0000000000	        0.0000000000	        0.0005023780	        0.0020403515	        0.0012669837	        0.0151616640	        0.0045786899	        0.0010028016	        0.0070653405	        0.0007247842
        0.1332122955	        0.7800906528	        0.6729000222	        0.0000000000	        0.0000000000	        0.0000000000	        0.0006138611	        0.0025071125	        0.0012955385	        0.0150379072	        0.0042044113	        0.0011300917	        0.0069669132	        0.0006616454
        0.1496492201	        0.8169943030	        0.6651222435	        0.0000000000	        0.0000000000	        0.0000000000	        0.0007397499	        0.0030089666	        0.0013174636	        0.0147232081	        0.0038024176	        0.0012534608	        0.0068738229	        0.0006058981
        0.1678608015	        0.8519971970	        0.6577505944	        0.0000000000	        0.0000000000	        0.0000000000	        0.0008799401	        0.0035302866	        0.0013343891	        0.0142533938	        0.0033939046	        0.0013700038	        0.0067907638	        0.0005569719
        0.1879943127	        0.8851500697	        0.6506471568	        0.0000000000	        0.0000000000	        0.0000000000	        0.0010339495	        0.0040525587	        0.0013474993	        0.0136616032	        0.0029946188	        0.0014770474	        0.0067206992	        0.0005141649
        0.2101985296	        0.9165151585	        0.6436895387	        0.0000000000	        0.0000000000	        0.0000000000	        0.0012009836	        0.0045554902	        0.0013576366	        0.0129767462	        0.0026151949	        0.0015722561	        0.0066656189	        0.0004767779
        0.2346208557	        0.9461506048	        0.6367658945	        0.0000000000	        0.0000000000	        0.0000000000	        0.0013800995	        0.0050184850	        0.0013653935	        0.0122232079	        0.0022620574	        0.0016537575	        0.0066270032	        0.0004441744
        0.2614037844	        0.9740973113	        0.6297705709	        0.0000000000	        0.0000000000	        0.0000000000	        0.0015705027	        0.0054224128	        0.0013711830	        0.0114213779	        0.0019384908	        0.0017202945	        0.0066060787	        0.0004158012
        0.2906806794	        1.0003677739	        0.6226006041	        0.0000000000	        0.0000000000	        0.0000000000	        0.0017720121	        0.0057515363	        0.0013752903	        0.0105886922	        0.0016456545	        0.0017714029	        0.0066039169	        0.0003911869
        0.3225708876	        1.0249368538	        0.6151533016	        0.0000000000	        0.0000000000	        0.0000000000	        0.0019857184	        0.0059954253	        0.0013779101	        0.0097409651	        0.0013834372	        0.0018076028	        0.0066213977	        0.0003699287
        0.3571742551	        1.0477354152	        0.6073253585	        0.0000000000	        0.0000000000	        0.0000000000	        0.0022148185	        0.0061506692	        0.0013791797	        0.0088938232	        0.0011511143	        0.0018305675	        0.0066590332	        0.0003516734
        0.3945651751	        1.0686492770	        0.5990143164	        0.0000000000	        0.0000000000	        0.0000000000	        0.0024655132	        0.0062221578	        0.0013792168	        0.0080639957	        0.0009477928	        0.0018431976	        0.0067166398	        0.0003360945
        0.4347863703	        1.0875276196	        0.5901235388	        0.0000000000	        0.0000000000	        0.0000000000	        0.0027476663	        0.0062235926	        0.0013781764	        0.0072700705	        0.0007726255	        0.0018494919	        0.0067928517	        0.0003228687
        0.4778426900	        1.1042054477	        0.5805718484	        0.0000000000	        0.0000000000	        0.0000000000	        0.0030746290	        0.0061767134	        0.0013763243	        0.0065321853	        0.0006247816	        0.0018540919	        0.0068845273	        0.0003116574
        0.5236952751	        1.1185412817	        0.5703078089	        0.0000000000	        0.0000000000	        0.0000000000	        0.0034613454	        0.0061086616	        0.0013740961	        0.0058702342	        0.0005032052	        0.0018614683	        0.0069862089	        0.0003021002
        0.5722565058	        1.1304621372	        0.5593256963	        0.0000000000	        0.0000000000	        0.0000000000	        0.0039199026	        0.0060473300	        0.0013720695	        0.0053008009	        0.0004062943	        0.0018749322	        0.0070899409	        0.0002938289
        0.6233861842	        1.1399972017	        0.5476764356	        0.0000000000	        0.0000000000	        0.0000000000	        0.0044525705	        0.0060156373	        0.0013708009	        0.0048340400	        0.0003317168	        0.0018959003	        0.0071857858	        0.0002865032
        0.6768894010	        1.1472807193	        0.5354657911	        0.0000000000	        0.0000000000	        0.0000000000	        0.0050442326	        0.0060268214	        0.0013705968	        0.0044722204	        0.0002765315	        0.0019238284	        0.0072631362	        0.0002798553
        0.7325164896	        1.1525198939	        0.5228374689	        0.0000000000	        0.0000000000	        0.0000000000	        0.0056580142	        0.0060828568	        0.0013713923	        0.0042108224	        0.0002375811	        0.0019568434	        0.0073124388	        0.0002737218
        0.7899653716	        1.1559435920	        0.5099480068	        0.0000000000	        0.0000000000	        0.0000000000	        0.0062381279	        0.0061766019	        0.0013728330	        0.0040414932	        0.0002119589	        0.0019926679	        0.0073266175	        0.0002680437
        0.8488864424	        1.1577542793	        0.4969451632	        0.0000000000	        0.0000000000	        0.0000000000	        0.0067212823	        0.0062964501	        0.0013744853	        0.0039553034	        0.0001973497	        0.0020293691	        0.0073016929	        0.0002628388
        0.9088899606	        1.1580969268	        0.4839577071	        0.0000000000	        0.0000000000	        0.0000000000	        0.0070533854	        0.0064313861	        0.0013760241	        0.0039451086	        0.0001921842	        0.0020657358	        0.0072366432	        0.0002581637
        0.9695556872	        1.1570468031	        0.4710966088	        0.0000000000	        0.0000000000	        0.0000000000	        0.0072046587	        0.0065746312	        0.0013774216	        0.0040066598	        0.0001956471	        0.0021013493	        0.0071329297	        0.0002540868
        1.0304443128	        1.1546121535	        0.4584603104	        0.0000000000	        0.0000000000	        0.0000000000	        0.0071765074	        0.0067228956	        0.0013785454	        0.0041386318	        0.0002076076	        0.0021364882	        0.0069940188	        0.0002506741
        1.0911100394	        1.1507475256	        0.4461411791	        0.0000000000	        0.0000000000	        0.0000000000	        0.0069976796	        0.0068786313	        0.0013795688	        0.0043418586	        0.0002285130	        0.0021719490	        0.0068251145	        0.0002479953
        1.1511135576	        1.1453748657	        0.4342301599	        0.0000000000	        0.0000000000	        0.0000000000	        0.0067125763	        0.0070472531	        0.0013808732	        0.0046180276	        0.0002592551	        0.0022087887	        0.0066329892	        0.0002461365
        1.2100346284	        1.1384095386	        0.4228119237	        0.0000000000	        0.0000000000	        0.0000000000	        0.0063675917	        0.0072299880	        0.0013824687	        0.0049681099	        0.0003010119	        0.0022479700	        0.0064256198	        0.0002452111
        1.2674835104	        1.1297866944	        0.4119550243	        0.0000000000	        0.0000000000	        0.0000000000	        0.0060007239	        0.0074230972	        0.0013843327	        0.0053909147	        0.0003550740	        0.0022899385	        0.0062115511	        0.0002453655
        1.3231105990	        1.1194816789	        0.4017040637	        0.0000000000	        0.0000000000	        0.0000000000	        0.0056368138	        0.0076168089	        0.0013863217	        0.0058822172	        0.0004226915	        0.0023342378	        0.0059990664	        0.0002467726
        1.3766138158	        1.1075189543	        0.3920756328	        0.0000000000	        0.0000000000	        0.0000000000	        0.0052878715	        0.0077961340	        0.0013882293	        0.0064347609	        0.0005049846	        0.0023793105	        0.0057954144	        0.0002496205
        1.4277434942	        1.0939679359	        0.3830592567	        0.0000000000	        0.0000000000	        0.0000000000	        0.0049563832	        0.0079430264	        0.0013898529	        0.0070390828	        0.0006029468	        0.0024225785	        0.0056063033	        0.0002540988
        1.4763047249	        1.0789290260	        0.3746221822	        0.0000000000	        0.0000000000	        0.0000000000	        0.0046394189	        0.0080389960	        0.0013910340	        0.0076847725	        0.0007175283	        0.0024607724	        0.0054357387	        0.0002603904
        1.5221573100	        1.0625157991	        0.3667157525	        0.0000000000	        0.0000000000	        0.0000000000	        0.0043321159	        0.0080674135	        0.0013916640	        0.0083616774	        0.0008497589	        0.0024903858	        0.0052861444	        0.0002686687
        1.5652136297	        1.0448387136	        0.3592814244	        0.0000000000	        0.0000000000	        0.0000000000	        0.0040299826	        0.0080151584	        0.0013916678	        0.0090607116	        0.0010008638	        0.0025081127	        0.0051586475	        0.0002791017
        1.6054348249	        1.0259932578	        0.3522554005	        0.0000000000	        0.0000000000	        0.0000000000	        0.0037300652	        0.0078736237	        0.0013909825	        0.0097741705	        0.0011723403	        0.0025111760	        0.0050534114	        0.0002918608
        1.6428257449	        1.0060530190	        0.3455716631	        0.0000000000	        0.0000000000	        0.0000000000	        0.0034312765	        0.0076392419	        0.0013895392	        0.0104956247	        0.0013659806	        0.0024975198	        0.0049699485	        0.0003071307
        1.6774291124	        0.9850667696	        0.3391636327	        0.0000000000	        0.0000000000	        0.0000000000	        0.0031342181	        0.0073136671	        0.0013872513	        0.0112195345	        0.0015838402	        0.0024658812	        0.0049073773	        0.0003251228
        1.7093193206	        0.9630582703	        0.3329647939	        0.0000000000	        0.0000000000	        0.0000000000	        0.0028407608	        0.0069036519	        0.0013840066	        0.0119407109	        0.0018281505	        0.0024157757	        0.0048646164	        0.0003460875
        1.7385962156	        0.9400276676	        0.3269085855	        0.0000000000	        0.0000000000	        0.0000000000	        0.0025535576	        0.0064205910	        0.0013796598	        0.0126537057	        0.0021011721	        0.0023474289	        0.0048405173	        0.0003703268
        1.7653791443	        0.9159537355	        0.3209277561	        0.0000000000	        0.0000000000	        0.0000000000	        0.0022755906	        0.0058797048	        0.0013740223	        0.0133521718	        0.0024049733	        0.0022616805	        0.0048339404	        0.0003982069
        1.7898014704	        0.8907965721	        0.3149532962	        0.0000000000	        0.0000000000	        0.0000000000	        0.0020098003	        0.0052988918	        0.0013668463	        0.0140282104	        0.0027411161	        0.0021598798	        0.0048437800	        0.0004301676
        1.8120056873	        0.8645006476	        0.3089129944	        0.0000000000	        0.0000000000	        0.0000000000	        0.0017588134	        0.0046973548	        0.0013578013	        0.0146717113	        0.0031102237	        0.0020437810	        0.0048689340	        0.0004667297
        1.8321391985	        0.8369983131	        0.3027296276	        0.0000000000	        0.0000000000	        0.0000000000	        0.0015247669	        0.0040941631	        0.0013464412	        0.0152697048	        0.0035114046	        0.0019154479	        0.0049082161	        0.0005084944
        1.8503507799	        0.8082140270	        0.2963187852	        0.0000000000	        0.0000000000	        0.0000000000	        0.0013092155	        0.0035069320	        0.0013321583	        0.0158057651	        0.0039415214	        0.0017771700	        0.0049601927	        0.0005561302
        1.8667877045	        0.7780696650	        0.2895863561	        0.0000000000	        0.0000000000	        0.0000000000	        0.0011131047	        0.0029507729	        0.0013141246	        0.0162595504	        0.0043943209	        0.0016313907	        0.0050229214	        0.0006103357
        1.8815934821	        0.7464913360	        0.2824258109	        0.0000000000	        0.0000000000	        0.0000000000	        0.0009367945	        0.0024376082	        0.0012912171	        0.0166066241	        0.0048594997	        0.0014806488	        0.0050935544	        0.0006717627
        1.8949061510	        0.7134181112	        0.2747156471	        0.0000000000	        0.0000000000	        0.0000000000	        0.0007801160	        0.0019758765	        0.0012619362	        0.0168187710	        0.0053218716	        0.0013275295	        0.0051677623	        0.0007408700
        1.9068570493	        0.6788129488	        0.2663178752	        0.0000000000	        0.0000000000	        0.0000000000	        0.0006424504	        0.0015705866	        0.0012243391	        0.0168650950	        0.0057609283	        0.0011746222	        0.0052389448	        0.0008176738
        1.9175699947	        0.6426757953	        0.2570793670	        0.0000000000	        0.0000000000	        0.0000000000	        0.0005228176	        0.0012236310	        0.0011760500	        0.0167142083	        0.0061512179	        0.0010244787	        0.0052972515	        0.0009013517
        1.9271607996	        0.6050583435	        0.2468394313	        0.0000000000	        0.0000000000	        0.0000000000	        0.0004199698	        0.0009342451	        0.0011144748	        0.0163377564	        0.0064640385	        0.0008795664	        0.0053286163	        0.0009896939
        1.9357370589	        0.5660792225	        0.2354487488	        0.0000000000	        0.0000000000	        0.0000000000	        0.0003324826	        0.0006994879	        0.0010374134	        0.0157152825	        0.0066708492	        0.0007422081	        0.0053143791	        0.0010784967
        1.9433981504	        0.5259376345	        0.2228048646	        0.0000000000	        0.0000000000	        0.0000000000	        0.0002588420	        0.0005146537	        0.0009441984	        0.0148399845	        0.0067484204	        0.0006145051	        0.0052326040	        0.0011612329
        1.9502353978	        0.4849229379	        0.2089031135	        0.0000000000	        0.0000000000	        0.0000000000	        0.0001975253	        0.0003735899	        0.0008370428	        0.0137243018	        0.0066850607	        0.0004982431	        0.0050623843	        0.0012296041
        1.9563323538	        0.4434177620	        0.1938848475	        0.0000000000	        0.0000000000	        0.0000000000	        0.0001470758	        0.0002690200	        0.0007214765	        0.0124036935	        0.0064864420	        0.0003947906	        0.0047910917	        0.0012754840
        1.9617651675	        0.4018929707	        0.1780466509	        0.0000000000	        0.0000000000	        0.0000000000	        0.0001061669	        0.0001930735	        0.0006047031	        0.0109367624	        0.0061790291	        0.0003050075	        0.0044212856	        0.0012937882
        1.9666030060	        0.3608933802	        0.1617860344	        0.0000000000	        0.0000000000	        0.0000000000	        0.0000736448	        0.0001381586	        0.0004926831	        0.0094003485	        0.0058093575	        0.0002291857	        0.0039721466	        0.0012845807
        1.9709085097	        0.3210122809	        0.1455116105	        0.0000000000	        0.0000000000	        0.0000000000	        0.0000485328	        0.0000979935	        0.0003887775	        0.0078794460	        0.0054385771	        0.0001670366	        0.0034740432	        0.0012530715
        1.9747382607	        0.2830976111	        0.1295813953	        0.0000000000	        0.0000000000	        0.0000000000	        0.0000340713	        0.0000683425	        0.0002956039	        0.0064644202	        0.0051370742	        0.0001180812	        0.0029606090	        0.0012080050
        1.9781432525	        0.2478679388	        0.1142886767	        0.0000000000	        0.0000000000	        0.0000000000	        0.0000239796	        0.0000465825	        0.0002157525	        0.0052053051	        0.0049337835	        0.0000810621	        0.0024623422	        0.0011596358
        1.9811693494	        0.2154873832	        0.0998621149	        0.0000000000	        0.0000000000	        0.0000000000	        0.0000161951	        0.0000309486	        0.0001510484	        0.0041166553	        0.0048354434	        0.0000539561	        0.0020025364	        0.0011179878
        1.9838577298	        0.1859502672	        0.0864618399	        0.0000000000	        0.0000000000	        0.0000000000	        0.0000104654	        0.0000200477	        0.0001016799	        0.0031981727	        0.0048396138	        0.0000347353	        0.0015954960	        0.0010913035
        1.9862453073	        0.1591937737	        0.0741763802	        0.0000000000	        0.0000000000	        0.0000000000	        0.0000064588	        0.0000126783	        0.0000660656	        0.0024403769	        0.0049367898	        0.0000215673	        0.0012469921	        0.0010836892
        1.9883651267	        0.1350995081	        0.0630283356	        0.0000000000	        0.0000000000	        0.0000000000	        0.0000038007	        0.0000078248	        0.0000415285	        0.0018275312	        0.0051131622	        0.0000128704	        0.0009562794	        0.0010963626
        1.9902467340	        0.1135042317	        0.0529890992	        0.0000000000	        0.0000000000	        0.0000000000	        0.0000021272	        0.0000046949	        0.0000252185	        0.0013407754	        0.0053531987	        0.0000073467	        0.0007186463	        0.0011309924
        1.9919165179	        0.0942159739	        0.0439968719	        0.0000000000	        0.0000000000	        0.0000000000	        0.0000011271	        0.0000027194	        0.0000147193	        0.0009606930	        0.0056415536	        0.0000039844	        0.0005276228	        0.0011900883
        1.9933980257	        0.0770302853	        0.0359722114	        0.0000000000	        0.0000000000	        0.0000000000	        0.0000005608	        0.0000015058	        0.0000081887	        0.0006689869	        0.0059642031	        0.0000020332	        0.0003764286	        0.0012768670
        1.9947122508	        0.0617431547	        0.0288289024	        0.0000000000	        0.0000000000	        0.0000000000	        0.0000002586	        0.0000007863	        0.0000042880	        0.0004493361	        0.0063089555	        0.0000009621	        0.0002587327	        0.0013956998
        1.9958778967	        0.0481595606	        0.0224807119	        0.0000000000	        0.0000000000	        0.0000000000	        0.0000001082	        0.0000003796	        0.0000020731	        0.0002876798	        0.0066655658	        0.0000004128	        0.0001689661	        0.0015531205
        1.9969116151	        0.0360982058	        0.0168452506	        0.0000000000	        0.0000000000	        0.0000000000	        0.0000000396	        0.0000001640	        0.0000008962	        0.0001721734	        0.0070256412	        0.0000001549	        0.0001023953	        0.0017596468
        1.9978282231	        0.0253935226	        0.0118459646	        0.0000000000	        0.0000000000	        0.0000000000	        0.0000000119	        0.0000000597	        0.0000003266	        0.0000929887	        0.0073824598	        0.0000000476	        0.0000550846	        0.0020334770
        1.9986408981	        0.0158959759	        0.0074129634	        0.0000000000	        0.0000000000	        0.0000000000	        0.0000000026	        0.0000000162	        0.0000000884	        0.0000420602	        0.0077307653	        0.0000000105	        0.0000238258	        0.0024094937
        1.9993613540	        0.0074714201	        0.0034831562	        0.0000000000	        0.0000000000	        0.0000000000	        0.0000000003	        0.0000000022	        0.0000000122	        0.0000128279	        0.0080665663	        0.0000000012	        0.0000060809	        0.0029676040
        2.0000000000	        0.0000000000	        0.0000000000	        0.0000000000	        0.0000000000	        0.0000000000	        0.0000000000	        0.0000000000	        0.0000000000	        0.0000000000	        0.0083869494	        0.0000000000	        0.0000000000	        0.0039757243
