        0.0000000000	        0.0000000000	        1.0000000000	        0.0000000000	        0.0000000000	        0.0000000000	        0.0000000000	        0.0000000000	        0.0000000000	        0.0000000000	        0.0059337294	        0.0000000000	        0.0000000000	        0.0036664227
        0.0006386460	        0.0060359861	        0.9965532495	        0.0000000000	        0.0000000000	        0.0000000000	        0.0000000001	        0.0000000007	        0.0000000038	        0.0000054454	        0.0057927111	        0.0000000002	        0.0000056078	        0.0027466071
        0.0013591019	        0.0128410234	        0.9926644356	        0.0000000000	        0.0000000000	        0.0000000000	        0.0000000005	        0.0000000051	        0.0000000277	        0.0000179721	        0.0056409071	        0.0000000021	        0.0000220088	        0.0022260482
        0.0021717769	        0.0205116555	        0.9882773538	        0.0000000000	        0.0000000000	        0.0000000000	        0.0000000022	        0.0000000191	        0.0000001034	        0.0000400254	        0.0054785965	        0.0000000099	        0.0000508995	        0.0018697816
        0.0030883849	        0.0291561030	        0.9833289230	        0.0000000000	        0.0000000000	        0.0000000000	        0.0000000076	        0.0000000530	        0.0000002868	        0.0000747065	        0.0053064274	        0.0000000329	        0.0000945840	        0.0016065005
        0.0041221033	        0.0388954879	        0.9777485354	        0.0000000000	        0.0000000000	        0.0000000000	        0.0000000211	        0.0000001242	        0.0000006718	        0.0001259230	        0.0051255184	        0.0000000902	        0.0001559646	        0.0014046545
        0.0052877492	        0.0498650639	        0.9714574870	        0.0000000000	        0.0000000000	        0.0000000000	        0.0000000518	        0.0000002607	        0.0000014102	        0.0001985681	        0.0049375774	        0.0000002167	        0.0002386075	        0.0012476215
        0.0066019743	        0.0622153497	        0.9643686066	        0.0000000000	        0.0000000000	        0.0000000000	        0.0000001156	        0.0000005069	        0.0000027390	        0.0002987302	        0.0047450413	        0.0000004736	        0.0003468491	        0.0011257831
        0.0080834821	        0.0761129726	        0.9563862828	        0.0000000000	        0.0000000000	        0.0000000000	        0.0000002404	        0.0000009305	        0.0000050201	        0.0004339308	        0.0045512348	        0.0000009628	        0.0004859264	        0.0010332935
        0.0097532660	        0.0917408952	        0.9474072165	        0.0000000000	        0.0000000000	        0.0000000000	        0.0000004723	        0.0000016345	        0.0000087948	        0.0006133820	        0.0043605472	        0.0000018481	        0.0006621131	        0.0009665215
        0.0116348733	        0.1092974969	        0.9373224520	        0.0000000000	        0.0000000000	        0.0000000000	        0.0000008850	        0.0000027747	        0.0000148637	        0.0008482354	        0.0041786142	        0.0000033833	        0.0008828239	        0.0009231707
        0.0137546927	        0.1289937332	        0.9260216193	        0.0000000000	        0.0000000000	        0.0000000000	        0.0000015914	        0.0000045885	        0.0000244082	        0.0011517641	        0.0040124779	        0.0000059474	        0.0011566004	        0.0009016783
        0.0161422702	        0.1510473770	        0.9134009832	        0.0000000000	        0.0000000000	        0.0000000000	        0.0000027554	        0.0000074452	        0.0000391695	        0.0015393655	        0.0038706661	        0.0000100877	        0.0014928024	        0.0009007136
        0.0188306506	        0.1756733517	        0.8993778209	        0.0000000000	        0.0000000000	        0.0000000000	        0.0000046023	        0.0000119270	        0.0000616835	        0.0020282014	        0.0037630892	        0.0000165650	        0.0019006692	        0.0009187363
        0.0218567475	        0.2030697516	        0.8839142899	        0.0000000000	        0.0000000000	        0.0000000000	        0.0000074187	        0.0000189485	        0.0000954586	        0.0026362247	        0.0037005999	        0.0000263941	        0.0023872150	        0.0009537788
        0.0252617393	        0.2334006040	        0.8670521852	        0.0000000000	        0.0000000000	        0.0000000000	        0.0000115385	        0.0000298900	        0.0001447642	        0.0033803499	        0.0036940337	        0.0000408696	        0.0029533908	        0.0010036947
        0.0290914903	        0.2667784962	        0.8489527909	        0.0000000000	        0.0000000000	        0.0000000000	        0.0000173111	        0.0000466977	        0.0002135770	        0.0042737047	        0.0037526059	        0.0000615636	        0.0035886685	        0.0010656795
        0.0333969940	        0.3032515335	        0.8299265547	        0.0000000000	        0.0000000000	        0.0000000000	        0.0000250640	        0.0000719898	        0.0003039426	        0.0053222899	        0.0038817315	        0.0000902880	        0.0042660595	        0.0011322308
        0.0382348325	        0.3427978910	        0.8104331504	        0.0000000000	        0.0000000000	        0.0000000000	        0.0000350797	        0.0001092330	        0.0004144928	        0.0065218279	        0.0040806545	        0.0001290219	        0.0049412955	        0.0011898374
        0.0436676462	        0.3853274476	        0.7910370236	        0.0000000000	        0.0000000000	        0.0000000000	        0.0000476028	        0.0001629604	        0.0005398686	        0.0078557616	        0.0043405763	        0.0001798119	        0.0055597870	        0.0012246009
        0.0497646022	        0.4301177068	        0.7723165200	        0.0000000000	        0.0000000000	        0.0000000000	        0.0000707724	        0.0002388052	        0.0006712743	        0.0092810191	        0.0046451720	        0.0002439074	        0.0060713692	        0.0012272642
        0.0566018496	        0.4761065374	        0.7547540997	        0.0000000000	        0.0000000000	        0.0000000000	        0.0001019715	        0.0003433600	        0.0007985270	        0.0107011180	        0.0049362560	        0.0003213901	        0.0064459514	        0.0011961944
        0.0642629411	        0.5225227585	        0.7386665356	        0.0000000000	        0.0000000000	        0.0000000000	        0.0001414760	        0.0004845781	        0.0009140917	        0.0120214911	        0.0051597389	        0.0004119339	        0.0066804331	        0.0011371107
        0.0728392004	        0.5686974048	        0.7241844392	        0.0000000000	        0.0000000000	        0.0000000000	        0.0001903864	        0.0006707501	        0.0010133944	        0.0131606724	        0.0052767914	        0.0005144991	        0.0067939989	        0.0010598622
        0.0824300053	        0.6140590078	        0.7112711622	        0.0000000000	        0.0000000000	        0.0000000000	        0.0002498410	        0.0009089637	        0.0010948491	        0.0140604463	        0.0052686360	        0.0006273225	        0.0068171016	        0.0009745761
        0.0931429507	        0.6581582860	        0.6997733781	        0.0000000000	        0.0000000000	        0.0000000000	        0.0003209591	        0.0012036447	        0.0011593557	        0.0146908761	        0.0051365381	        0.0007480601	        0.0067808450	        0.0008891214
        0.1050938490	        0.7006734230	        0.6894797410	        0.0000000000	        0.0000000000	        0.0000000000	        0.0004047687	        0.0015555895	        0.0012093133	        0.0150485235	        0.0048972502	        0.0008739616	        0.0067108485	        0.0008084027
        0.1184065179	        0.7414002478	        0.6801666057	        0.0000000000	        0.0000000000	        0.0000000000	        0.0005021255	        0.0019615345	        0.0012476026	        0.0151502964	        0.0045763487	        0.0010020422	        0.0066256250	        0.0007348388
        0.1332122955	        0.7802330266	        0.6716240520	        0.0000000000	        0.0000000000	        0.0000000000	        0.0006136293	        0.0024140866	        0.0012769053	        0.0150258071	        0.0042018761	        0.0011292296	        0.0065375050	        0.0006691991
        0.1496492201	        0.8171411491	        0.6636659840	        0.0000000000	        0.0000000000	        0.0000000000	        0.0007395517	        0.0029018874	        0.0012994132	        0.0147104043	        0.0037997236	        0.0012524841	        0.0064543262	        0.0006113296
        0.1678608015	        0.8521455846	        0.6561308321	        0.0000000000	        0.0000000000	        0.0000000000	        0.0008797889	        0.0034100063	        0.0013167916	        0.0142399667	        0.0033911077	        0.0013689016	        0.0063809881	        0.0005606410
        0.1879943127	        0.8852973725	        0.6488779469	        0.0000000000	        0.0000000000	        0.0000000000	        0.0010338589	        0.0039206314	        0.0013302558	        0.0136476702	        0.0029917830	        0.0014758107	        0.0063206043	        0.0005163932
        0.2101985296	        0.9166590575	        0.6417826180	        0.0000000000	        0.0000000000	        0.0000000000	        0.0012009680	        0.0044141204	        0.0013406730	        0.0129624479	        0.0026123828	        0.0015708787	        0.0062752703	        0.0004778427
        0.2346208557	        0.9462890563	        0.6347311139	        0.0000000000	        0.0000000000	        0.0000000000	        0.0013801744	        0.0048704172	        0.0013486550	        0.0122086965	        0.0022593240	        0.0016522373	        0.0062465382	        0.0004443095
        0.2614037844	        0.9742284918	        0.6276163151	        0.0000000000	        0.0000000000	        0.0000000000	        0.0015706864	        0.0052707652	        0.0013546294	        0.0114068094	        0.0019358812	        0.0017186340	        0.0062356793	        0.0004152003
        0.2906806794	        1.0004900120	        0.6203341983	        0.0000000000	        0.0000000000	        0.0000000000	        0.0017723294	        0.0055995916	        0.0013588927	        0.0105742230	        0.0016432035	        0.0017696106	        0.0062437862	        0.0003900079
        0.3225708876	        1.0250485568	        0.6127814184	        0.0000000000	        0.0000000000	        0.0000000000	        0.0019862051	        0.0058463961	        0.0013616483	        0.0097267507	        0.0013811706	        0.0018056945	        0.0062717366	        0.0003682974
        0.3571742551	        1.0478350052	        0.6048544460	        0.0000000000	        0.0000000000	        0.0000000000	        0.0022155292	        0.0060074613	        0.0013630405	        0.0088800196	        0.0011490504	        0.0018285665	        0.0063200160	        0.0003496873
        0.3945651751	        1.0687351582	        0.5964510673	        0.0000000000	        0.0000000000	        0.0000000000	        0.0024665309	        0.0060871574	        0.0013631932	        0.0080507608	        0.0009459438	        0.0018411356	        0.0063883873	        0.0003338255
        0.4347863703	        1.0875982141	        0.5874754076	        0.0000000000	        0.0000000000	        0.0000000000	        0.0027491113	        0.0060985036	        0.0013622662	        0.0072575625	        0.0007709986	        0.0018474068	        0.0064754029	        0.0003203663
        0.4778426900	        1.1042593364	        0.5778475918	        0.0000000000	        0.0000000000	        0.0000000000	        0.0030766633	        0.0060624698	        0.0013605291	        0.0065205541	        0.0006233782	        0.0018520249	        0.0065778130	        0.0003089521
        0.5236952751	        1.1185774547	        0.5675179603	        0.0000000000	        0.0000000000	        0.0000000000	        0.0034641632	        0.0060054349	        0.0013584186	        0.0058596038	        0.0005020197	        0.0018594573	        0.0066900353	        0.0002992082
        0.5722565058	        1.1304802831	        0.5564828133	        0.0000000000	        0.0000000000	        0.0000000000	        0.0039236979	        0.0059546356	        0.0013565098	        0.0052912470	        0.0004053129	        0.0018730057	        0.0068039918	        0.0002907576
        0.6233861842	        1.1399978852	        0.5447949318	        0.0000000000	        0.0000000000	        0.0000000000	        0.0044574826	        0.0059325206	        0.0013553530	        0.0048255723	        0.0003309178	        0.0018940730	        0.0069096516	        0.0002832575
        0.6768894010	        1.1472653206	        0.5325612717	        0.0000000000	        0.0000000000	        0.0000000000	        0.0050502811	        0.0059520776	        0.0013552478	        0.0044647820	        0.0002758872	        0.0019221026	        0.0069963657	        0.0002764426
        0.7325164896	        1.1524903191	        0.5199257072	        0.0000000000	        0.0000000000	        0.0000000000	        0.0056650567	        0.0060152275	        0.0013561243	        0.0042043066	        0.0002370626	        0.0019552140	        0.0070545965	        0.0002701545
        0.7899653716	        1.1559018957	        0.5070438798	        0.0000000000	        0.0000000000	        0.0000000000	        0.0062458686	        0.0061149086	        0.0013576279	        0.0040357700	        0.0002115387	        0.0019911284	        0.0070773272	        0.0002643392
        0.8488864424	        1.1577023533	        0.4940618435	        0.0000000000	        0.0000000000	        0.0000000000	        0.0067293397	        0.0062396535	        0.0013593278	        0.0039502426	        0.0001970047	        0.0020279162	        0.0070606546	        0.0002590168
        0.9088899606	        1.1580363268	        0.4811062258	        0.0000000000	        0.0000000000	        0.0000000000	        0.0070613941	        0.0063785875	        0.0013609032	        0.0039405935	        0.0001918957	        0.0020643715	        0.0070036236	        0.0002542439
        0.9695556872	        1.1569787089	        0.4682857260	        0.0000000000	        0.0000000000	        0.0000000000	        0.0072123605	        0.0065250406	        0.0013623281	        0.0040025918	        0.0001954005	        0.0021000805	        0.0069077360	        0.0002500863
        1.0304443128	        1.1545374278	        0.4556965662	        0.0000000000	        0.0000000000	        0.0000000000	        0.0071837927	        0.0066758034	        0.0013634739	        0.0041349270	        0.0002073914	        0.0021353262	        0.0067764641	        0.0002466060
        1.0911100394	        1.1506668360	        0.4434290183	        0.0000000000	        0.0000000000	        0.0000000000	        0.0070045710	        0.0068333599	        0.0013645134	        0.0043384404	        0.0002283172	        0.0021709076	        0.0066149817	        0.0002438680
        1.1511135576	        1.1452888419	        0.4315720663	        0.0000000000	        0.0000000000	        0.0000000000	        0.0067191743	        0.0070031248	        0.0013658255	        0.0046148178	        0.0002590702	        0.0022078820	        0.0064299951	        0.0002419532
        1.2100346284	        1.1383189339	        0.4202085865	        0.0000000000	        0.0000000000	        0.0000000000	        0.0063740133	        0.0071863383	        0.0013674203	        0.0049650211	        0.0003008273	        0.0022472099	        0.0062293899	        0.0002409700
        1.2674835104	        1.1296925119	        0.4094055735	        0.0000000000	        0.0000000000	        0.0000000000	        0.0060070581	        0.0073792927	        0.0013692756	        0.0053878460	        0.0003548770	        0.0022893321	        0.0060216091	        0.0002410596
        1.3231105990	        1.1193852298	        0.3992063761	        0.0000000000	        0.0000000000	        0.0000000000	        0.0056431029	        0.0075722803	        0.0013712495	        0.0058790559	        0.0004224666	        0.0023337856	        0.0058148403	        0.0002423904
        1.3766138158	        1.1074218319	        0.3896266831	        0.0000000000	        0.0000000000	        0.0000000000	        0.0052941130	        0.0077504158	        0.0013731380	        0.0064313895	        0.0005047139	        0.0023790071	        0.0056162583	        0.0002451464
        1.4277434942	        1.0938719258	        0.3806554686	        0.0000000000	        0.0000000000	        0.0000000000	        0.0049625423	        0.0078957944	        0.0013747410	        0.0070353886	        0.0006026107	        0.0024224135	        0.0054315264	        0.0002495140
        1.4763047249	        1.0788359903	        0.3722597348	        0.0000000000	        0.0000000000	        0.0000000000	        0.0046454439	        0.0079900948	        0.0013759019	        0.0076806573	        0.0007171062	        0.0024607329	        0.0052646364	        0.0002556736
        1.5221573100	        1.0624275740	        0.3643908164	        0.0000000000	        0.0000000000	        0.0000000000	        0.0043379505	        0.0080168719	        0.0013765135	        0.0083570631	        0.0008492303	        0.0024904590	        0.0051180258	        0.0002637974
        1.5652136297	        1.0447570397	        0.3569903245	        0.0000000000	        0.0000000000	        0.0000000000	        0.0040355741	        0.0079631915	        0.0013765014	        0.0090555432	        0.0010002089	        0.0025082871	        0.0049928550	        0.0002740530
        1.6054348249	        1.0259197484	        0.3499947157	        0.0000000000	        0.0000000000	        0.0000000000	        0.0037353690	        0.0078206236	        0.0013758030	        0.0097684161	        0.0011715403	        0.0025114421	        0.0048893341	        0.0002866116
        1.6428257449	        1.0059891568	        0.3433382784	        0.0000000000	        0.0000000000	        0.0000000000	        0.0034362579	        0.0075857557	        0.0013743498	        0.0104892742	        0.0013650181	        0.0024978700	        0.0048070287	        0.0003016586
        1.6774291124	        0.9850139211	        0.3369547584	        0.0000000000	        0.0000000000	        0.0000000000	        0.0031388524	        0.0072603640	        0.0013720552	        0.0112125983	        0.0015826995	        0.0024663097	        0.0047451122	        0.0003194065
        1.7093193206	        0.9630177076	        0.3307779645	        0.0000000000	        0.0000000000	        0.0000000000	        0.0028450329	        0.0068512800	        0.0013688073	        0.0119332190	        0.0018268185	        0.0024162775	        0.0047025560	        0.0003401065
        1.7385962156	        0.9400005905	        0.3247416469	        0.0000000000	        0.0000000000	        0.0000000000	        0.0025574611	        0.0063699270	        0.0013644609	        0.0126457081	        0.0020996391	        0.0023479993	        0.0046782601	        0.0003640621
        1.7653791443	        0.9159412888	        0.3187788483	        0.0000000000	        0.0000000000	        0.0000000000	        0.0022791264	        0.0058315009	        0.0013588274	        0.0133437404	        0.0024032352	        0.0022623149	        0.0046711288	        0.0003916405
        1.7898014704	        0.8907998554	        0.3128208369	        0.0000000000	        0.0000000000	        0.0000000000	        0.0020129755	        0.0052538248	        0.0013516589	        0.0140194413	        0.0027391774	        0.0021605727	        0.0046800940	        0.0004232827
        1.8120056873	        0.8645207151	        0.3067956688	        0.0000000000	        0.0000000000	        0.0000000000	        0.0017616403	        0.0046559831	        0.0013426252	        0.0146627288	        0.0031081011	        0.0020445261	        0.0047040872	        0.0004595106
        1.8321391985	        0.8370361603	        0.3006263899	        0.0000000000	        0.0000000000	        0.0000000000	        0.0015272620	        0.0040568958	        0.0013312803	        0.0152606652	        0.0035091319	        0.0019162379	        0.0047419517	        0.0005009257
        1.8503507799	        0.8082705628	        0.2942288802	        0.0000000000	        0.0000000000	        0.0000000000	        0.0013113982	        0.0034740127	        0.0013170175	        0.0157968606	        0.0039391554	        0.0017779962	        0.0047922831	        0.0005481961
        1.8667877045	        0.7781456650	        0.2875093717	        0.0000000000	        0.0000000000	        0.0000000000	        0.0011149970	        0.0029222771	        0.0012990105	        0.0162510112	        0.0043919478	        0.0016322432	        0.0048531708	        0.0006020184
        1.8815934821	        0.7465873751	        0.2803617773	        0.0000000000	        0.0000000000	        0.0000000000	        0.0009384195	        0.0024134541	        0.0012761404	        0.0165987171	        0.0048572407	        0.0014815163	        0.0049218078	        0.0006630388
        1.8949061510	        0.7135344731	        0.2726652081	        0.0000000000	        0.0000000000	        0.0000000000	        0.0007814978	        0.0019558447	        0.0012469152	        0.0168117929	        0.0053198852	        0.0013283996	        0.0049939250	        0.0007317051
        1.9068570493	        0.6789495118	        0.2642825630	        0.0000000000	        0.0000000000	        0.0000000000	        0.0006436130	        0.0015543465	        0.0012094058	        0.0168593569	        0.0057594074	        0.0011754815	        0.0050630169	        0.0008080132
        1.9175699947	        0.6428319001	        0.2550620198	        0.0000000000	        0.0000000000	        0.0000000000	        0.0005237848	        0.0012107702	        0.0011612601	        0.0167100096	        0.0061503771	        0.0010253130	        0.0051193892	        0.0008911082
        1.9271607996	        0.6052326524	        0.2448447806	        0.0000000000	        0.0000000000	        0.0000000000	        0.0004207645	        0.0009242994	        0.0010999218	        0.0163353468	        0.0064640890	        0.0008803612	        0.0051492313	        0.0009787330
        1.9357370589	        0.5662695909	        0.2334841473	        0.0000000000	        0.0000000000	        0.0000000000	        0.0003331264	        0.0006919717	        0.0010232440	        0.0157148148	        0.0066719608	        0.0007429494	        0.0051342863	        0.0010666272
        1.9433981504	        0.5261410253	        0.2208809918	        0.0000000000	        0.0000000000	        0.0000000000	        0.0002593552	        0.0005090906	        0.0009306224	        0.0148414669	        0.0067506762	        0.0006151801	        0.0050532051	        0.0011482139
        1.9502353978	        0.4851354178	        0.2070342853	        0.0000000000	        0.0000000000	        0.0000000000	        0.0001979267	        0.0003695413	        0.0008243227	        0.0137275623	        0.0066884162	        0.0004988414	        0.0048858255	        0.0012151834
        1.9563323538	        0.4436346209	        0.1920884345	        0.0000000000	        0.0000000000	        0.0000000000	        0.0001473826	        0.0002661105	        0.0007098904	        0.0124083749	        0.0064907062	        0.0003953051	        0.0046202657	        0.0012594638
        1.9617651675	        0.4021089898	        0.1763413889	        0.0000000000	        0.0000000000	        0.0000000000	        0.0001063949	        0.0001910045	        0.0005944939	        0.0109423596	        0.0061838825	        0.0003054355	        0.0042595590	        0.0012760850
        1.9666030060	        0.3611032375	        0.1601897083	        0.0000000000	        0.0000000000	        0.0000000000	        0.0000738085	        0.0001367075	        0.0004840223	        0.0094062897	        0.0058144118	        0.0002295289	        0.0038228409	        0.0012652330
        1.9709085097	        0.3212110424	        0.1440390064	        0.0000000000	        0.0000000000	        0.0000000000	        0.0000486450	        0.0000969989	        0.0003817500	        0.0078851969	        0.0054434596	        0.0001673012	        0.0033398776	        0.0012321791
        1.9747382607	        0.2832802086	        0.1282429479	        0.0000000000	        0.0000000000	        0.0000000000	        0.0000341267	        0.0000676825	        0.0002901831	        0.0064695373	        0.0051415008	        0.0001182756	        0.0028433061	        0.0011856270
        1.9781432525	        0.2480315570	        0.1130897456	        0.0000000000	        0.0000000000	        0.0000000000	        0.0000240192	        0.0000461623	        0.0002117971	        0.0052096343	        0.0049377887	        0.0000811988	        0.0023624772	        0.0011356928
        1.9811693494	        0.2156321410	        0.0988029197	        0.0000000000	        0.0000000000	        0.0000000000	        0.0000162222	        0.0000306940	        0.0001483246	        0.0041201947	        0.0048391192	        0.0000540489	        0.0019196199	        0.0010921993
        1.9838577298	        0.1860767584	        0.0855380637	        0.0000000000	        0.0000000000	        0.0000000000	        0.0000104829	        0.0000199019	        0.0000999064	        0.0032009780	        0.0048430880	        0.0000347959	        0.0015282286	        0.0010631869
        1.9862453073	        0.1593029804	        0.0733802950	        0.0000000000	        0.0000000000	        0.0000000000	        0.0000064696	        0.0000125994	        0.0000649667	        0.0024425388	        0.0049402013	        0.0000216053	        0.0011935879	        0.0010526879
        1.9883651267	        0.1351926789	        0.0623501410	        0.0000000000	        0.0000000000	        0.0000000000	        0.0000038070	        0.0000077846	        0.0000408759	        0.0018291548	        0.0051166426	        0.0000128932	        0.0009147654	        0.0010619150
        1.9902467340	        0.1135827531	        0.0524181289	        0.0000000000	        0.0000000000	        0.0000000000	        0.0000021306	        0.0000046756	        0.0000248460	        0.0013419646	        0.0053568607	        0.0000073597	        0.0006870777	        0.0010924549
        1.9919165179	        0.0942812609	        0.0435224578	        0.0000000000	        0.0000000000	        0.0000000000	        0.0000011288	        0.0000027108	        0.0000145151	        0.0009615415	        0.0056454868	        0.0000039915	        0.0005042054	        0.0011466635
        1.9933980257	        0.0770837061	        0.0355841960	        0.0000000000	        0.0000000000	        0.0000000000	        0.0000005617	        0.0000015023	        0.0000080817	        0.0006695746	        0.0059684738	        0.0000020368	        0.0003595705	        0.0012275551
        1.9947122508	        0.0617859865	        0.0285178931	        0.0000000000	        0.0000000000	        0.0000000000	        0.0000002590	        0.0000007851	        0.0000042350	        0.0004497285	        0.0063136093	        0.0000009638	        0.0002470538	        0.0013392390
        1.9958778967	        0.0481929704	        0.0222381736	        0.0000000000	        0.0000000000	        0.0000000000	        0.0000001083	        0.0000003792	        0.0000020487	        0.0002879295	        0.0066706307	        0.0000004136	        0.0001612864	        0.0014878848
        1.9969116151	        0.0361232459	        0.0166635084	        0.0000000000	        0.0000000000	        0.0000000000	        0.0000000397	        0.0000001639	        0.0000008861	        0.0001723220	        0.0070311309	        0.0000001551	        0.0000977130	        0.0016834619
        1.9978282231	        0.0254111346	        0.0117181588	        0.0000000000	        0.0000000000	        0.0000000000	        0.0000000119	        0.0000000597	        0.0000003231	        0.0000930685	        0.0073883769	        0.0000000477	        0.0000525522	        0.0019432643
        1.9986408981	        0.0159069990	        0.0073329851	        0.0000000000	        0.0000000000	        0.0000000000	        0.0000000026	        0.0000000162	        0.0000000875	        0.0000420961	        0.0077371038	        0.0000000105	        0.0000227251	        0.0023004973
        1.9993613540	        0.0074766004	        0.0034455765	        0.0000000000	        0.0000000000	        0.0000000000	        0.0000000003	        0.0000000022	        0.0000000120	        0.0000128388	        0.0080733138	        0.0000000012	        0.0000057986	        0.0028313042
        2.0000000000	        0.0000000000	        0.0000000000	        0.0000000000	        0.0000000000	        0.0000000000	        0.0000000000	        0.0000000000	        0.0000000000	        0.0000000000	        0.0083940888	        0.0000000000	        0.0000000000	        0.0037911644
