        0.0000000000	        0.0000000000	        1.0000000000	        0.8038435036	       20.0257978356	        0.0009423103	        0.0000000000	        0.0000000000	        0.0000000000	        0.0000000000	        0.0058880362	        0.0000000000	        0.0000000000	        0.0002585124
        0.0006386460	        0.0059150777	        0.9974052500	        0.7970838414	       20.0244719663	        0.0009377885	        0.0000000000	        0.0000000007	        0.0000000028	        0.0000054035	        0.0057484415	        0.0000000002	        0.0000003954	        0.0001955994
        0.0013591019	        0.0125838946	        0.9944907031	        0.7894935328	       20.0229757409	        0.0009327310	        0.0000000005	        0.0000000050	        0.0000000203	        0.0000178319	        0.0055981565	        0.0000000021	        0.0000015589	        0.0001616561
        0.0021717769	        0.0201010988	        0.9912190915	        0.7809765553	       20.0212861924	        0.0009270816	        0.0000000022	        0.0000000185	        0.0000000744	        0.0000397086	        0.0054374482	        0.0000000096	        0.0000036258	        0.0001403108
        0.0030883849	        0.0285727943	        0.9875494487	        0.7714275030	       20.0193766180	        0.0009207801	        0.0000000074	        0.0000000501	        0.0000002006	        0.0000741053	        0.0052669447	        0.0000000319	        0.0000067889	        0.0001267669
        0.0041221033	        0.0381177479	        0.9834369711	        0.7607311834	       20.0172156724	        0.0009137629	        0.0000000205	        0.0000001138	        0.0000004522	        0.0001248910	        0.0050877332	        0.0000000874	        0.0000113085	        0.0001190608
        0.0052877492	        0.0488686049	        0.9788329703	        0.7487623781	       20.0147661347	        0.0009059640	        0.0000000503	        0.0000002292	        0.0000009034	        0.0001969073	        0.0049014751	        0.0000002098	        0.0000175323	        0.0001163113
        0.0066019743	        0.0609730191	        0.9736849524	        0.7353858432	       20.0119832152	        0.0008973154	        0.0000001121	        0.0000004230	        0.0000016523	        0.0002961753	        0.0047105410	        0.0000004584	        0.0000259269	        0.0001181599
        0.0080834821	        0.0745945128	        0.9679368878	        0.7204566521	       20.0088122045	        0.0008877494	        0.0000002330	        0.0000007313	        0.0000028273	        0.0004301287	        0.0045181630	        0.0000009318	        0.0000371228	        0.0001245406
        0.0097532660	        0.0899127596	        0.9615297782	        0.7038210138	       20.0051851840	        0.0008772005	        0.0000004574	        0.0000012047	        0.0000046019	        0.0006078677	        0.0043286049	        0.0000017883	        0.0000519760	        0.0001355630
        0.0116348733	        0.1071227905	        0.9544027258	        0.6853177362	       20.0010163984	        0.0008656088	        0.0000008565	        0.0000019184	        0.0000072250	        0.0008404057	        0.0041473367	        0.0000032731	        0.0000716498	        0.0001514332
        0.0137546927	        0.1264323899	        0.9464948789	        0.6647816563	       19.9962086086	        0.0008529231	        0.0000015389	        0.0000029904	        0.0000110744	        0.0011408548	        0.0039811893	        0.0000057527	        0.0000977161	        0.0001723697
        0.0161422702	        0.1480567332	        0.9377489192	        0.6420574316	       19.9907647252	        0.0008390971	        0.0000026626	        0.0000046136	        0.0000167422	        0.0015244458	        0.0038384360	        0.0000097562	        0.0001322589	        0.0001984808
        0.0188306506	        0.1722093177	        0.9281172060	        0.6170090931	       19.9848151787	        0.0008240938	        0.0000044446	        0.0000071091	        0.0000251581	        0.0020082093	        0.0037287071	        0.0000160194	        0.0001779337	        0.0002295837
        0.0218567475	        0.1990887616	        0.9175722195	        0.5895296387	       19.9783144731	        0.0008079001	        0.0000071614	        0.0000110070	        0.0000377288	        0.0026100808	        0.0036625935	        0.0000255256	        0.0002378663	        0.0002650085
        0.0252617393	        0.2288623946	        0.9061229790	        0.5595607921	       19.9708570656	        0.0007905394	        0.0000111350	        0.0000171531	        0.0000563992	        0.0033471961	        0.0036507726	        0.0000395312	        0.0003151822	        0.0003035366
        0.0290914903	        0.2616495183	        0.8938374073	        0.5271346817	       19.9621953912	        0.0007720698	        0.0000167037	        0.0000268189	        0.0000834437	        0.0042332967	        0.0037025320	        0.0000595669	        0.0004119153	        0.0003433395
        0.0333969940	        0.2975085589	        0.8808668153	        0.4924045337	       19.9522818366	        0.0007525866	        0.0000241842	        0.0000418245	        0.0001209061	        0.0052755304	        0.0038237422	        0.0000874057	        0.0005272343	        0.0003809827
        0.0382348325	        0.3364313328	        0.8674632128	        0.4556465581	       19.9409358935	        0.0007322174	        0.0000338484	        0.0000646765	        0.0001697123	        0.0064713543	        0.0040146142	        0.0001249965	        0.0006554124	        0.0004110233
        0.0436676462	        0.3783441439	        0.8539740122	        0.4173219995	       19.9277979533	        0.0007111448	        0.0000459282	        0.0000986593	        0.0002286450	        0.0078064532	        0.0042678604	        0.0001743740	        0.0007848098	        0.0004281548
        0.0497646022	        0.4226176931	        0.8407987803	        0.3780805699	       19.9130985047	        0.0006895942	        0.0000675596	        0.0001477444	        0.0002937272	        0.0092417134	        0.0045687482	        0.0002369093	        0.0008997642	        0.0004293168
        0.0566018496	        0.4682438361	        0.8283126903	        0.3386944472	       19.8970518437	        0.0006678155	        0.0000974150	        0.0002163480	        0.0003588963	        0.0106875540	        0.0048649343	        0.0003128612	        0.0009857131	        0.0004147553
        0.0642629411	        0.5144395172	        0.8167960199	        0.3000107910	       19.8783153134	        0.0006460752	        0.0001352169	        0.0003094371	        0.0004184518	        0.0120492849	        0.0051026801	        0.0004020147	        0.0010346320	        0.0003876420
        0.0728392004	        0.5605443781	        0.8063978813	        0.2628931877	       19.8576116066	        0.0006246372	        0.0001820189	        0.0004320477	        0.0004683943	        0.0132438519	        0.0052418781	        0.0005035114	        0.0010470016	        0.0003526080
        0.0824300053	        0.6059829977	        0.7971380187	        0.2280823043	       19.8333983415	        0.0006037438	        0.0002389192	        0.0005884565	        0.0005069445	        0.0142090238	        0.0052608356	        0.0006157646	        0.0010297469	        0.0003142229
        0.0931429507	        0.6502919992	        0.7889386559	        0.1961380644	       19.8075864290	        0.0005835706	        0.0003070073	        0.0007813927	        0.0005343339	        0.0149095374	        0.0051572134	        0.0007365800	        0.0009923717	        0.0002760482
        0.1050938490	        0.6931290100	        0.7816672989	        0.1674169675	       19.7772711758	        0.0005642965	        0.0003872952	        0.0010115157	        0.0005520855	        0.0153365933	        0.0049444655	        0.0008633183	        0.0009438016	        0.0002403585
        0.1184065179	        0.7342665906	        0.7751730295	        0.1420175942	       19.7437243644	        0.0005459926	        0.0004806395	        0.0012771731	        0.0005622173	        0.0155026719	        0.0046458312	        0.0009930630	        0.0008909042	        0.0002083081
        0.1332122955	        0.7735760505	        0.7693092274	        0.1198910915	       19.7059051863	        0.0005287634	        0.0005876618	        0.0015743723	        0.0005666949	        0.0154343608	        0.0042881735	        0.0011227703	        0.0008383197	        0.0001802670
        0.1496492201	        0.8110061441	        0.7639441515	        0.1008042557	       19.6647866586	        0.0005126436	        0.0007086774	        0.0018968336	        0.0005671645	        0.0151654116	        0.0038972077	        0.0012493949	        0.0007888919	        0.0001561405
        0.1678608015	        0.8465605952	        0.7589636495	        0.0844722629	       19.6177572821	        0.0004976790	        0.0008436463	        0.0022361698	        0.0005649013	        0.0147312858	        0.0034946603	        0.0013699982	        0.0007442176	        0.0001356006
        0.1879943127	        0.8802769586	        0.7542699211	        0.0705583557	       19.5667039792	        0.0004839131	        0.0009921636	        0.0025821762	        0.0005608456	        0.0141655719	        0.0030971549	        0.0014818495	        0.0007051058	        0.0001182318
        0.2101985296	        0.9122080082	        0.7497787130	        0.0587202151	       19.5093529106	        0.0004712898	        0.0011535119	        0.0029233378	        0.0005556794	        0.0134981060	        0.0027162982	        0.0015825322	        0.0006719059	        0.0001036101
        0.2346208557	        0.9424058881	        0.7454162002	        0.0486404164	       19.4462141297	        0.0004596918	        0.0013268001	        0.0032475127	        0.0005498915	        0.0127544026	        0.0023594233	        0.0016700680	        0.0006447196	        0.0000913419
        0.2614037844	        0.9709087341	        0.7411161182	        0.0400200609	       19.3772981109	        0.0004491540	        0.0015112207	        0.0035428333	        0.0005438364	        0.0119559872	        0.0020305804	        0.0017430629	        0.0006235308	        0.0000810795
        0.2906806794	        0.9977293847	        0.7368173537	        0.0326175912	       19.3016234026	        0.0004399235	        0.0017064540	        0.0037987624	        0.0005377753	        0.0111213024	        0.0017315251	        0.0018008780	        0.0006082772	        0.0000725230
        0.3225708876	        1.0228461356	        0.7324621662	        0.0262498655	       19.2186887069	        0.0004319128	        0.0019132378	        0.0040072291	        0.0005319015	        0.0102669465	        0.0014625762	        0.0018438107	        0.0005988820	        0.0000654172
        0.3571742551	        1.0461963117	        0.7279952054	        0.0207347307	       19.1292712473	        0.0004247891	        0.0021340858	        0.0041637430	        0.0005263606	        0.0094090461	        0.0012232934	        0.0018732564	        0.0005952555	        0.0000595453
        0.3945651751	        1.0676747234	        0.7233635106	        0.0159152972	       19.0319767290	        0.0004186262	        0.0023740548	        0.0042684426	        0.0005212797	        0.0085645257	        0.0010129504	        0.0018917867	        0.0005972739	        0.0000547226
        0.4347863703	        1.0871405386	        0.7185179143	        0.0116679216	       18.9273825339	        0.0004135876	        0.0026413079	        0.0043267543	        0.0005167875	        0.0077519198	        0.0008307894	        0.0019030478	        0.0006047371	        0.0000507916
        0.4778426900	        1.1044365932	        0.7134162117	        0.0078354403	       18.8142801252	        0.0004097411	        0.0029469821	        0.0043493546	        0.0005130499	        0.0069912519	        0.0006760414	        0.0019113709	        0.0006173151	        0.0000476185
        0.5236952751	        1.1194225589	        0.7080277684	        0.0042751162	       18.6946341866	        0.0004071917	        0.0033036361	        0.0043509668	        0.0005102979	        0.0063025706	        0.0005477401	        0.0019210540	        0.0006344996	        0.0000450936
        0.5722565058	        1.1320160177	        0.7023385714	        0.0008794147	       18.5673442281	        0.0004061677	        0.0037215653	        0.0043478349	        0.0005088289	        0.0057032399	        0.0004444358	        0.0019354553	        0.0006555924	        0.0000431341
        0.6233861842	        1.1422260885	        0.6963543740	       -0.0025600567	       18.4337175275	        0.0004067676	        0.0042029305	        0.0043539848	        0.0005089700	        0.0052049495	        0.0003639996	        0.0019562534	        0.0006797613	        0.0000416890
        0.6768894010	        1.1501616688	        0.6900985757	       -0.0063507726	       18.2925593640	        0.0004089943	        0.0047351178	        0.0043778765	        0.0005110673	        0.0048119835	        0.0003036862	        0.0019832682	        0.0007061748	        0.0000407429
        0.7325164896	        1.1560074089	        0.6836038897	       -0.0106367626	       18.1453382480	        0.0004130538	        0.0052864218	        0.0044207359	        0.0005154347	        0.0045217732	        0.0002604644	        0.0020149362	        0.0007341593	        0.0000403145
        0.7899653716	        1.1599782333	        0.6769017975	       -0.0154451187	       17.9936019608	        0.0004195491	        0.0058076469	        0.0044774326	        0.0005223071	        0.0043274026	        0.0002314590	        0.0020491407	        0.0007633003	        0.0000404494
        0.8488864424	        1.1622721567	        0.6700145130	       -0.0208281493	       17.8368002388	        0.0004289834	        0.0062413628	        0.0045395960	        0.0005318833	        0.0042207478	        0.0002143144	        0.0020839630	        0.0007934452	        0.0000412107
        0.9088899606	        1.1630361240	        0.6629520579	       -0.0268019357	       17.6765713919	        0.0004417593	        0.0065366775	        0.0045993518	        0.0005443700	        0.0041950208	        0.0002073929	        0.0021181160	        0.0008246087	        0.0000426698
        0.9695556872	        1.1623492595	        0.6557152921	       -0.0330928119	       17.5129693777	        0.0004576902	        0.0066637434	        0.0046524519	        0.0005599840	        0.0042461783	        0.0002098258	        0.0021510791	        0.0008568297	        0.0000448996
        1.0304443128	        1.1602213357	        0.6483035282	       -0.0396071925	       17.3486402200	        0.0004773852	        0.0066215465	        0.0046978453	        0.0005787356	        0.0043732211	        0.0002214746	        0.0021830495	        0.0008900456	        0.0000479685
        1.0911100394	        1.1566030561	        0.6407225242	       -0.0461941708	       17.1842275957	        0.0005005607	        0.0064357525	        0.0047396413	        0.0006006559	        0.0045775919	        0.0002428430	        0.0022147985	        0.0009240643	        0.0000519386
        1.1511135576	        1.1514057392	        0.6329928279	       -0.0526274940	       17.0200964921	        0.0005268886	        0.0061483992	        0.0047847818	        0.0006257404	        0.0048618853	        0.0002749507	        0.0022474378	        0.0009586085	        0.0000568651
        1.2100346284	        1.1445280007	        0.6251521503	       -0.0588066109	       16.8584701079	        0.0005560975	        0.0058047316	        0.0048373702	        0.0006536871	        0.0052281256	        0.0003191666	        0.0022820738	        0.0009934500	        0.0000628008
        1.2674835104	        1.1358849966	        0.6172507081	       -0.0648679866	       16.7000891559	        0.0005877646	        0.0054425551	        0.0048980012	        0.0006841495	        0.0056760232	        0.0003770084	        0.0023193595	        0.0010286088	        0.0000698118
        1.3231105990	        1.1254332079	        0.6093425471	       -0.0710379108	       16.5457077706	        0.0006209761	        0.0050869399	        0.0049625806	        0.0007167365	        0.0062017566	        0.0004499480	        0.0023590515	        0.0010644731	        0.0000779940
        1.3766138158	        1.1131836086	        0.6014758994	       -0.0774750291	       16.3957884128	        0.0006560599	        0.0047501163	        0.0050229932	        0.0007510536	        0.0067977306	        0.0005392787	        0.0023997390	        0.0011018241	        0.0000874912
        1.4277434942	        1.0991999309	        0.5936864195	       -0.0844466536	       16.2520577104	        0.0006933261	        0.0044345832	        0.0050685656	        0.0007867264	        0.0074533684	        0.0006460883	        0.0024388766	        0.0011417588	        0.0000985070
        1.4763047249	        1.0835846386	        0.5859935420	       -0.0920171816	       16.1147804953	        0.0007321816	        0.0041372017	        0.0050880275	        0.0008234206	        0.0081565453	        0.0007713375	        0.0024731126	        0.0011855671	        0.0001113119
        1.5221573100	        1.0664591721	        0.5784008535	       -0.1002758435	       15.9839701866	        0.0007717192	        0.0038527374	        0.0050710854	        0.0008608123	        0.0088950655	        0.0009159950	        0.0024987842	        0.0012346072	        0.0001262470
        1.5652136297	        1.0479450547	        0.5708978067	       -0.1094104701	       15.8604338645	        0.0008118600	        0.0035762303	        0.0050094476	        0.0008985974	        0.0096577207	        0.0010811729	        0.0025124111	        0.0012902196	        0.0001437272
        1.6054348249	        1.0281497716	        0.5634615384	       -0.1196021761	       15.7447404407	        0.0008527103	        0.0033042062	        0.0048975857	        0.0009365086	        0.0104347570	        0.0012682126	        0.0025110728	        0.0013536830	        0.0001642488
        1.6428257449	        1.0071583638	        0.5560585349	       -0.1308503508	       15.6357912503	        0.0008940678	        0.0030350306	        0.0047329934	        0.0009742528	        0.0112178163	        0.0014787049	        0.0024926299	        0.0014261904	        0.0001883998
        1.6774291124	        0.9850298356	        0.5486461343	       -0.1432761750	       15.5343086453	        0.0009360758	        0.0027687478	        0.0045163150	        0.0010114972	        0.0119995191	        0.0017144372	        0.0024558065	        0.0015088433	        0.0002168767
        1.7093193206	        0.9617968914	        0.5411728860	       -0.1570927040	       15.4406303036	        0.0009785847	        0.0025066760	        0.0042511311	        0.0010478650	        0.0127728510	        0.0019772701	        0.0024001711	        0.0016026489	        0.0002505075
        1.7385962156	        0.9374676770	        0.5335781010	       -0.1725614588	       15.3531586582	        0.0010216654	        0.0022509358	        0.0039438383	        0.0010829566	        0.0135304634	        0.0022689398	        0.0023260569	        0.0017085114	        0.0002902824
        1.7653791443	        0.9120286292	        0.5257908233	       -0.1899514605	       15.2727229735	        0.0010649480	        0.0020040124	        0.0036031022	        0.0011163003	        0.0142639522	        0.0025907757	        0.0022344519	        0.0018271856	        0.0003373906
        1.7898014704	        0.8854479638	        0.5177282095	       -0.2096120733	       15.1990986050	        0.0011083761	        0.0017683984	        0.0032392821	        0.0011473394	        0.0149631456	        0.0029433168	        0.0021268797	        0.0019591867	        0.0003932640
        1.8120056873	        0.8576796657	        0.5092931134	       -0.2319951760	       15.1313824693	        0.0011520674	        0.0015463322	        0.0028635414	        0.0011753597	        0.0156154261	        0.0033258102	        0.0020052835	        0.0021046191	        0.0004596254
        1.8321391985	        0.8286680805	        0.5003707549	       -0.2577641874	       15.0690861307	        0.0011963016	        0.0013396299	        0.0024871209	        0.0011994615	        0.0162051250	        0.0037355825	        0.0018719203	        0.0022629010	        0.0005385419
        1.8503507799	        0.7983533583	        0.4908243382	       -0.2875196854	       15.0123342609	        0.0012407765	        0.0011495949	        0.0021205046	        0.0012184325	        0.0167130574	        0.0041672980	        0.0017292688	        0.0024323093	        0.0006324719
        1.8667877045	        0.7666780707	        0.4804898005	       -0.3218538194	       14.9607986370	        0.0012853608	        0.0009769919	        0.0017728165	        0.0012305987	        0.0171163161	        0.0046121594	        0.0015799511	        0.0026092875	        0.0007442958
        1.8815934821	        0.7335953254	        0.4691698897	       -0.3613546264	       14.9129514757	        0.0013300940	        0.0008220664	        0.0014514170	        0.0012336500	        0.0173884990	        0.0050571811	        0.0014266669	        0.0027874358	        0.0008772996
        1.8949061510	        0.6990785843	        0.4566283943	       -0.4066646752	       14.8702224350	        0.0013752992	        0.0006845973	        0.0011617058	        0.0012244445	        0.0175005991	        0.0054847530	        0.0012721367	        0.0029561343	        0.0010350425
        1.9068570493	        0.6631331434	        0.4425868150	       -0.4586623093	       14.8302405522	        0.0014212963	        0.0005639680	        0.0009071534	        0.0011988816	        0.0174228136	        0.0058728210	        0.0011190498	        0.0030989085	        0.0012209665
        1.9175699947	        0.6258087881	        0.4267289799	       -0.5171133285	       14.7941254088	        0.0014674777	        0.0004592475	        0.0006895002	        0.0011520013	        0.0171274728	        0.0061960688	        0.0009700104	        0.0031920604	        0.0014373926
        1.9271607996	        0.5872125145	        0.4087259917	       -0.5823213582	       14.7617775494	        0.0015140548	        0.0003692739	        0.0005089700	        0.0010787612	        0.0165931139	        0.0064284340	        0.0008274764	        0.0032050147	        0.0016831880
        1.9357370589	        0.5475195120	        0.3882970115	       -0.6543335500	       14.7315746976	        0.0015611285	        0.0002927358	        0.0003644622	        0.0009761759	        0.0158093789	        0.0065470377	        0.0006936848	        0.0031052350	        0.0019491015
        1.9433981504	        0.5069801778	        0.3653209462	       -0.7313652460	       14.7037235460	        0.0016078143	        0.0002282497	        0.0002535576	        0.0008467111	        0.0147819447	        0.0065371311	        0.0005705654	        0.0028706981	        0.0022106269
        1.9502353978	        0.4659212960	        0.3399796076	       -0.8135762326	       14.6786288308	        0.0016546367	        0.0001744387	        0.0001723770	        0.0007008834	        0.0135362567	        0.0063970663	        0.0004596467	        0.0025077852	        0.0024232427
        1.9563323538	        0.4247410442	        0.3128386910	       -0.8985424258	       14.6558568223	        0.0017007039	        0.0001300123	        0.0001156592	        0.0005550760	        0.0121186924	        0.0061418909	        0.0003619727	        0.0020608597	        0.0025313468
        1.9617651675	        0.3838991627	        0.2847615962	       -0.9853778015	       14.6347710711	        0.0017461274	        0.0000938373	        0.0000773974	        0.0004241549	        0.0105940945	        0.0058042178	        0.0002780492	        0.0015976536	        0.0024958998
        1.9666030060	        0.3439030235	        0.2566734582	       -1.0722594675	       14.6152860742	        0.0017903772	        0.0000649741	        0.0000519453	        0.0003155162	        0.0090392960	        0.0054316329	        0.0002078322	        0.0011783634	        0.0023193079
        1.9709085097	        0.3052865970	        0.2293453484	       -1.1570042360	       14.5976067248	        0.0018326683	        0.0000426538	        0.0000349022	        0.0002294210	        0.0075331583	        0.0050808782	        0.0001507604	        0.0008354600	        0.0020424754
        1.9747382607	        0.2688573339	        0.2033160393	       -1.2392744926	       14.5818803202	        0.0018732903	        0.0000309624	        0.0000233785	        0.0001633227	        0.0061570966	        0.0048138642	        0.0001062003	        0.0005748423	        0.0017206663
        1.9781432525	        0.2351988378	        0.1789157726	       -1.3185138330	       14.5675425468	        0.0019121961	        0.0000217463	        0.0000155636	        0.0001140007	        0.0049454958	        0.0046430584	        0.0000727274	        0.0003868302	        0.0014010098
        1.9811693494	        0.2043378340	        0.1563155920	       -1.3936303938	       14.5543358364	        0.0019489764	        0.0000146569	        0.0000102893	        0.0000782204	        0.0039045135	        0.0045712953	        0.0000483090	        0.0002561167	        0.0011135101
        1.9838577298	        0.1762433022	        0.1355722770	       -1.4632993610	       14.5424024918	        0.0019830674	        0.0000094566	        0.0000067635	        0.0000529556	        0.0030302596	        0.0045938834	        0.0000310497	        0.0001675771	        0.0008715632
        1.9862453073	        0.1508330618	        0.1166640031	       -1.5274912435	       14.5316386008	        0.0020145125	        0.0000058316	        0.0000044254	        0.0000354803	        0.0023111351	        0.0047006205	        0.0000192562	        0.0001086859	        0.0006758035
        1.9883651267	        0.1279766180	        0.0995177367	       -1.5868342983	       14.5218178303	        0.0020436548	        0.0000034317	        0.0000028782	        0.0000235276	        0.0017305817	        0.0048781599	        0.0000114823	        0.0000699827	        0.0005210475
        1.9902467340	        0.1075060031	        0.0840301960	       -1.6415742487	       14.5128534900	        0.0020706183	        0.0000019220	        0.0000018514	        0.0000153809	        0.0012698447	        0.0051121167	        0.0000065514	        0.0000447276	        0.0004007833
        1.9919165179	        0.0892306457	        0.0700830409	       -1.6916320518	       14.5047779586	        0.0020953470	        0.0000010196	        0.0000011684	        0.0000098400	        0.0009101399	        0.0053885700	        0.0000035525	        0.0000283124	        0.0003085055
        1.9933980257	        0.0729517035	        0.0575529212	       -1.7370782578	       14.4975805572	        0.0021178578	        0.0000005081	        0.0000007153	        0.0000060948	        0.0006340146	        0.0056949235	        0.0000018128	        0.0000176687	        0.0002384124
        1.9947122508	        0.0584731210	        0.0463175685	       -1.7781129937	       14.4912138470	        0.0021382342	        0.0000002348	        0.0000004181	        0.0000035989	        0.0004260100	        0.0060202712	        0.0000008580	        0.0000107846	        0.0001857719
        1.9958778967	        0.0456087770	        0.0362593013	       -1.8150103597	       14.4856114652	        0.0021565984	        0.0000000984	        0.0000002279	        0.0000019791	        0.0002728485	        0.0063554563	        0.0000003682	        0.0000063523	        0.0001469897
        1.9969116151	        0.0341863242	        0.0272669468	       -1.8480812449	       14.4806993825	        0.0021730929	        0.0000000361	        0.0000001115	        0.0000009756	        0.0001633551	        0.0066929720	        0.0000001382	        0.0000035266	        0.0001195256
        1.9978282231	        0.0240487026	        0.0192368030	       -1.8776489049	       14.4764027776	        0.0021878687	        0.0000000109	        0.0000000457	        0.0000004029	        0.0000882550	        0.0070267980	        0.0000000425	        0.0000017643	        0.0001018032
        1.9986408981	        0.0150542147	        0.0120730074	       -1.9040333294	       14.4726500298	        0.0022010773	        0.0000000023	        0.0000000137	        0.0000001213	        0.0000399310	        0.0073522212	        0.0000000094	        0.0000007193	        0.0000932720
        1.9993613540	        0.0070758111	        0.0056875381	       -1.9275416219	       14.4693748474	        0.0022128651	        0.0000000003	        0.0000000020	        0.0000000180	        0.0000121818	        0.0076656601	        0.0000000010	        0.0000001744	        0.0000950595
        2.0000000000	        0.0000000000	        0.0000000000	       -1.9484624480	       14.4665172148	        0.0022233709	        0.0000000000	        0.0000000000	        0.0000000000	        0.0000000000	        0.0079645018	        0.0000000000	        0.0000000000	        0.0001140324
