        0.0000000000	        0.0000000000	        1.0000000000	        5.7282948459	       30.0721876987	        0.0005560177	        0.0000000000	        0.0000000000	        0.0000000000	        0.0000000000	        0.0053492041	        0.0000000000	        0.0000000000	        0.0000004236
        0.0006386460	        0.0056829614	        0.9986927918	        5.3685289479	       30.0603928596	        0.0005254654	        0.0000000000	        0.0000000007	        0.0000000013	        0.0000049090	        0.0052270011	        0.0000000002	        0.0000000006	        0.0000003860
        0.0013591019	        0.0120897301	        0.9973054401	        4.9858335742	       30.0474707158	        0.0004930729	        0.0000000004	        0.0000000044	        0.0000000082	        0.0000162022	        0.0050953747	        0.0000000018	        0.0000000028	        0.0000004014
        0.0021717769	        0.0193111006	        0.9958437336	        4.5824781157	       30.0333458738	        0.0004590629	        0.0000000019	        0.0000000148	        0.0000000257	        0.0000360846	        0.0049545398	        0.0000000081	        0.0000000070	        0.0000004459
        0.0030883849	        0.0274488363	        0.9943158637	        4.1619373964	       30.0179360489	        0.0004237624	        0.0000000065	        0.0000000370	        0.0000000592	        0.0000673522	        0.0048050243	        0.0000000270	        0.0000000142	        0.0000005100
        0.0041221033	        0.0366168259	        0.9927324045	        3.7290741550	       30.0011449366	        0.0003876166	        0.0000000181	        0.0000000785	        0.0000001148	        0.0001135278	        0.0046477538	        0.0000000739	        0.0000000255	        0.0000005874
        0.0052877492	        0.0469422592	        0.9911060741	        3.2902575049	       29.9828494713	        0.0003511931	        0.0000000444	        0.0000001503	        0.0000001993	        0.0001790214	        0.0044841520	        0.0000001777	        0.0000000426	        0.0000006723
        0.0066019743	        0.0585667375	        0.9894512260	        2.8533452672	       29.9628782100	        0.0003151734	        0.0000000989	        0.0000002690	        0.0000003205	        0.0002693197	        0.0043162576	        0.0000003885	        0.0000000672	        0.0000007597
        0.0080834821	        0.0716471673	        0.9877830503	        2.4274148805	       29.9409759509	        0.0002803155	        0.0000002054	        0.0000004590	        0.0000004869	        0.0003912009	        0.0041468575	        0.0000007903	        0.0000001017	        0.0000008447
        0.0097532660	        0.0863561735	        0.9861165110	        2.0220630309	       29.9167473178	        0.0002473737	        0.0000004030	        0.0000007561	        0.0000007080	        0.0005529713	        0.0039796347	        0.0000015183	        0.0000001487	        0.0000009235
        0.0116348733	        0.1028816088	        0.9844650999	        1.6459986421	       29.8895686029	        0.0002169458	        0.0000007539	        0.0000012120	        0.0000009949	        0.0007647026	        0.0038193230	        0.0000027819	        0.0000002113	        0.0000009935
        0.0137546927	        0.1214245357	        0.9828394772	        1.3052350417	       29.8585486085	        0.0001893057	        0.0000013536	        0.0000019007	        0.0000013606	        0.0010384267	        0.0036718499	        0.0000048956	        0.0000002932	        0.0000010537
        0.0161422702	        0.1421948571	        0.9812459370	        1.0055834290	       29.8232270611	        0.0001648919	        0.0000023407	        0.0000029276	        0.0000018234	        0.0013882057	        0.0035444270	        0.0000083149	        0.0000003985	        0.0000011052
        0.0188306506	        0.1654037367	        0.9796852621	        0.7491823331	       29.7836434503	        0.0001440462	        0.0000039063	        0.0000044397	        0.0000024094	        0.0018299343	        0.0034455159	        0.0000136767	        0.0000005325	        0.0000011512
        0.0218567475	        0.1912523155	        0.9781517075	        0.5363824924	       29.7395580213	        0.0001269163	        0.0000062951	        0.0000066371	        0.0000031576	        0.0023806768	        0.0033845577	        0.0000218380	        0.0000007019	        0.0000011973
        0.0252617393	        0.2199172774	        0.9766325516	        0.3663651614	       29.6901261059	        0.0001134126	        0.0000097954	        0.0000097775	        0.0000041217	        0.0030573198	        0.0033713268	        0.0000339038	        0.0000009150	        0.0000012523
        0.0290914903	        0.2515354576	        0.9751086878	        0.2358486115	       29.6349613272	        0.0001033159	        0.0000147130	        0.0000141615	        0.0000053674	        0.0038744246	        0.0034147895	        0.0000512363	        0.0000011824	        0.0000013291
        0.0333969940	        0.2861910385	        0.9735559559	        0.1388296707	       29.5739222267	        0.0000962738	        0.0000213381	        0.0000201101	        0.0000069701	        0.0048414339	        0.0035214674	        0.0000754351	        0.0000015173	        0.0000014423
        0.0382348325	        0.3239084714	        0.9719464879	        0.0692125185	       29.5055277191	        0.0000919130	        0.0000299190	        0.0000279641	        0.0000090187	        0.0059597563	        0.0036935165	        0.0001082886	        0.0000019371	        0.0000016039
        0.0436676462	        0.3646515709	        0.9702506318	        0.0203722747	       29.4299700507	        0.0000898424	        0.0000406615	        0.0000381127	        0.0000116198	        0.0072204985	        0.0039269787	        0.0001516978	        0.0000024640	        0.0000018254
        0.0497646022	        0.4081232066	        0.9684386593	       -0.0139151793	       29.3467459367	        0.0000897363	        0.0000566005	        0.0000510850	        0.0000149145	        0.0085983448	        0.0042109349	        0.0002073444	        0.0000031270	        0.0000021199
        0.0566018496	        0.4534834544	        0.9664821942	       -0.0387741644	       29.2537264487	        0.0000913865	        0.0000820353	        0.0000676825	        0.0000190991	        0.0100316248	        0.0045148905	        0.0002759566	        0.0000039628	        0.0000025022
        0.0642629411	        0.4998499327	        0.9643556294	       -0.0580388042	       29.1509871187	        0.0000947162	        0.0001142842	        0.0000891297	        0.0000244460	        0.0114261158	        0.0047857092	        0.0003574567	        0.0000050168	        0.0000029873
        0.0728392004	        0.5465775791	        0.9620374122	       -0.0741991840	       29.0382994558	        0.0000997780	        0.0001542398	        0.0001171105	        0.0000312956	        0.0126967698	        0.0049801334	        0.0004513620	        0.0000063404	        0.0000035883
        0.0824300053	        0.5930690355	        0.9595100445	       -0.0886094710	       28.9127551246	        0.0001067324	        0.0002028440	        0.0001534559	        0.0000399765	        0.0137716382	        0.0050687349	        0.0005564302	        0.0000079857	        0.0000043129
        0.0931429507	        0.6388088636	        0.9567578269	       -0.1017755679	       28.7744741756	        0.0001158085	        0.0002610380	        0.0001998066	        0.0000507550	        0.0146008818	        0.0050392933	        0.0006707221	        0.0000100020	        0.0000051620
        0.1050938490	        0.6833834600	        0.9537631079	       -0.1136184771	       28.6223749098	        0.0001272611	        0.0003296996	        0.0002573386	        0.0000638219	        0.0151599789	        0.0048959814	        0.0007917321	        0.0000124380	        0.0000061319
        0.1184065179	        0.7264862580	        0.9505028269	       -0.1237849636	       28.4534713357	        0.0001413325	        0.0004095734	        0.0003266428	        0.0000793136	        0.0154476560	        0.0046552967	        0.0009165534	        0.0000153467	        0.0000072184
        0.1332122955	        0.7679105633	        0.9469464608	       -0.1317784708	       28.2681915826	        0.0001581659	        0.0005012019	        0.0004076450	        0.0000973144	        0.0154804746	        0.0043405933	        0.0010420488	        0.0000187873	        0.0000084182
        0.1496492201	        0.8075339258	        0.9430556896	       -0.1371458978	       28.0644275741	        0.0001778417	        0.0006048667	        0.0004995891	        0.0001178428	        0.0152862953	        0.0039769712	        0.0011650091	        0.0000228240	        0.0000097272
        0.1678608015	        0.8452980630	        0.9387850505	       -0.1395921955	       27.8408020319	        0.0002002827	        0.0007205555	        0.0006009841	        0.0001408155	        0.0148983181	        0.0035875648	        0.0012822997	        0.0000275205	        0.0000111388
        0.1879943127	        0.8811874937	        0.9340827193	       -0.1391268543	       27.5945817227	        0.0002252761	        0.0008479744	        0.0007095845	        0.0001660279	        0.0143505979	        0.0031914918	        0.0013910024	        0.0000329357	        0.0000126413
        0.2101985296	        0.9152088491	        0.9288905077	       -0.1356994718	       27.3245914380	        0.0002524696	        0.0009866331	        0.0008223828	        0.0001931295	        0.0136752635	        0.0028031997	        0.0014885657	        0.0000391186	        0.0000142170
        0.2346208557	        0.9473717751	        0.9231442855	       -0.1294543411	       27.0300887584	        0.0002813209	        0.0011360357	        0.0009356762	        0.0002216016	        0.0129012666	        0.0024327501	        0.0015729773	        0.0000461041	        0.0000158404
        0.2614037844	        0.9776716738	        0.9167742297	       -0.1208856981	       26.7078500957	        0.0003111714	        0.0012960191	        0.0010453130	        0.0002507952	        0.0120543332	        0.0020865985	        0.0016429685	        0.0000539180	        0.0000174810
        0.2906806794	        1.0060744255	        0.9097044012	       -0.1108129812	       26.3571611080	        0.0003413783	        0.0014672783	        0.0011470700	        0.0002800173	        0.0111577859	        0.0017685483	        0.0016982485	        0.0000625905	        0.0000191076
        0.3225708876	        1.0325038595	        0.9018514159	       -0.1001277566	       25.9761295809	        0.0003713208	        0.0016521075	        0.0012370971	        0.0003086061	        0.0102339281	        0.0014806696	        0.0017397479	        0.0000721667	        0.0000206904
        0.3571742551	        1.0568343001	        0.8931242661	       -0.0897229236	       25.5627270767	        0.0004005475	        0.0018553206	        0.0013128005	        0.0003360712	        0.0093056493	        0.0012240596	        0.0017698080	        0.0000827308	        0.0000222067
        0.3945651751	        1.0788928719	        0.8834262973	       -0.0807601842	       25.1154198387	        0.0004289244	        0.0020851801	        0.0013733614	        0.0003621903	        0.0083977503	        0.0009993500	        0.0017921981	        0.0000944119	        0.0000236407
        0.4347863703	        1.0984782057	        0.8726581793	       -0.0737735293	       24.6338623786	        0.0004566190	        0.0023538931	        0.0014205392	        0.0003871361	        0.0075372393	        0.0008068864	        0.0018117908	        0.0001073983	        0.0000249888
        0.4778426900	        1.1154004847	        0.8607294332	       -0.0693654746	       24.1152686627	        0.0004841410	        0.0026768606	        0.0014586913	        0.0004114915	        0.0067517771	        0.0006465503	        0.0018337588	        0.0001219233	        0.0000262601
        0.5236952751	        1.1295380557	        0.8475714417	       -0.0674258799	       23.5622405796	        0.0005122370	        0.0030696439	        0.0014940671	        0.0004361803	        0.0060660322	        0.0005173451	        0.0018623808	        0.0001382472	        0.0000274833
        0.5722565058	        1.1408895730	        0.8331550927	       -0.0677260818	       22.9725552763	        0.0005417220	        0.0035420586	        0.0015334933	        0.0004623260	        0.0054971246	        0.0004170453	        0.0018999100	        0.0001566805	        0.0000287209
        0.6233861842	        1.1495920888	        0.8174992641	       -0.0705005609	       22.3493876867	        0.0005735471	        0.0040903991	        0.0015822001	        0.0004910619	        0.0050516156	        0.0003422436	        0.0019461502	        0.0001776665	        0.0000300898
        0.6768894010	        1.1558906760	        0.8006575257	       -0.0770234512	       21.6935006683	        0.0006090248	        0.0046910165	        0.0016430009	        0.0005238273	        0.0047259648	        0.0002888683	        0.0019990073	        0.0002021216	        0.0000318088
        0.7325164896	        1.1600753785	        0.7826765620	       -0.0882984264	       21.0078119476	        0.0006503728	        0.0052995759	        0.0017156933	        0.0005623901	        0.0045100834	        0.0002529038	        0.0020556175	        0.0002316051	        0.0000342008
        0.7899653716	        1.1624172560	        0.7635564200	       -0.1027695180	       20.2962497344	        0.0006998273	        0.0058585901	        0.0017984530	        0.0006084594	        0.0043918177	        0.0002309670	        0.0021133733	        0.0002682158	        0.0000376538
        0.8488864424	        1.1631259114	        0.7432639597	       -0.1195636925	       19.5649628885	        0.0007588264	        0.0063115655	        0.0018891625	        0.0006632770	        0.0043603892	        0.0002205850	        0.0021704721	        0.0003143059	        0.0000425871
        0.9088899606	        1.1623326989	        0.7217548477	       -0.1387851488	       18.8204452015	        0.0008285134	        0.0066182055	        0.0019864558	        0.0007278978	        0.0044080980	        0.0002202209	        0.0022260231	        0.0003724001	        0.0000494742
        0.9695556872	        1.1600934638	        0.6989942914	       -0.1585125718	       18.0693742985	        0.0009095187	        0.0067640828	        0.0020906478	        0.0008036488	        0.0045305362	        0.0002291653	        0.0022799137	        0.0004450063	        0.0000588497
        1.0304443128	        1.1564035693	        0.6749720975	       -0.1758021339	       17.3191674709	        0.0010008097	        0.0067611176	        0.0021955732	        0.0008883494	        0.0047258172	        0.0002473752	        0.0023325846	        0.0005331552	        0.0000711121
        1.0911100394	        1.1512202129	        0.6497522323	       -0.1894670843	       16.5784727131	        0.0010999786	        0.0066398018	        0.0023030590	        0.0009801911	        0.0049932486	        0.0002752954	        0.0023847635	        0.0006363492	        0.0000865147
        1.1511135576	        1.1444882458	        0.6235534714	       -0.1991839914	       15.8539479181	        0.0012043590	        0.0064376465	        0.0024214771	        0.0010785561	        0.0053318109	        0.0003136759	        0.0024371531	        0.0007522489	        0.0001050846
        1.2100346284	        1.1361652198	        0.5967212915	       -0.2021372706	       15.1503931984	        0.0013104343	        0.0061891477	        0.0025499046	        0.0011794876	        0.0057388176	        0.0003633946	        0.0024900820	        0.0008760780	        0.0001264463
        1.2674835104	        1.1262407486	        0.5696679511	       -0.1968461186	       14.4756604463	        0.0014127108	        0.0059198844	        0.0026850425	        0.0012785650	        0.0062091208	        0.0004253120	        0.0025431825	        0.0010020453	        0.0001499677
        1.3231105990	        1.1147459404	        0.5428247999	       -0.1866612667	       13.8292302533	        0.0015071143	        0.0056449750	        0.0028213967	        0.0013718963	        0.0067350847	        0.0005001890	        0.0025951967	        0.0011251890	        0.0001750219
        1.3766138158	        1.1017516201	        0.5165588125	       -0.1765222148	       13.2158114960	        0.0015933208	        0.0053707633	        0.0029512870	        0.0014574708	        0.0073072749	        0.0005886842	        0.0026439907	        0.0012427402	        0.0002012570
        1.4277434942	        1.0873578756	        0.4911160078	       -0.1649550518	       12.6326209568	        0.0016712029	        0.0050978420	        0.0030666494	        0.0015346090	        0.0079155391	        0.0006914219	        0.0026867770	        0.0013536480	        0.0002285647
        1.4763047249	        1.0716794471	        0.4666436970	       -0.1486989585	       12.0839583002	        0.0017386984	        0.0048239348	        0.0031588497	        0.0016016633	        0.0085500856	        0.0008090977	        0.0027204682	        0.0014567975	        0.0002567975
        1.5221573100	        1.0548312378	        0.4432252727	       -0.1268795732	       11.5677656662	        0.0017946748	        0.0045461109	        0.0032208165	        0.0016569667	        0.0092022647	        0.0009425868	        0.0027420530	        0.0015511384	        0.0002857767
        1.5652136297	        1.0369168113	        0.4208933344	       -0.0978811235	       11.0837797408	        0.0018374245	        0.0042622081	        0.0032458163	        0.0016984272	        0.0098649359	        0.0010930268	        0.0027489099	        0.0016354443	        0.0003152446
        1.6054348249	        1.0180208936	        0.3996461579	       -0.0640416694	       10.6302320334	        0.0018665819	        0.0039714895	        0.0032301161	        0.0017250724	        0.0105324534	        0.0012618616	        0.0027390148	        0.0017091149	        0.0003449978
        1.6428257449	        0.9982055361	        0.3794483420	       -0.0240722355	       10.2041227417	        0.0018815504	        0.0036747842	        0.0031719881	        0.0017364930	        0.0112003819	        0.0014508450	        0.0027110434	        0.0017716948	        0.0003747916
        1.6774291124	        0.9775089994	        0.3602440698	        0.0227324069	        9.8055538683	        0.0018819999	        0.0033742614	        0.0030718597	        0.0017323362	        0.0118650580	        0.0016620063	        0.0026643882	        0.0018225318	        0.0004042518
        1.7093193206	        0.9559462949	        0.3419667445	        0.0801109624	        9.4314539488	        0.0018676985	        0.0030730478	        0.0029328708	        0.0017123049	        0.0125230829	        0.0018975797	        0.0025991176	        0.0018607946	        0.0004328592
        1.7385962156	        0.9335105769	        0.3245542891	        0.1484930319	        9.0796674632	        0.0018378701	        0.0027747926	        0.0027599774	        0.0016760036	        0.0131707915	        0.0021598906	        0.0025158993	        0.0018855065	        0.0004599560
        1.7653791443	        0.9101748965	        0.3079500557	        0.2268466662	        8.7490833545	        0.0017929712	        0.0024832884	        0.0025595056	        0.0016236287	        0.0138037092	        0.0024511870	        0.0024159074	        0.0018958590	        0.0004848356
        1.7898014704	        0.8858941664	        0.2921014681	        0.3139244766	        8.4372827354	        0.0017340245	        0.0022021605	        0.0023387889	        0.0015560954	        0.0144159925	        0.0027733943	        0.0023007249	        0.0018913866	        0.0005068110
        1.8120056873	        0.8606073045	        0.2769597577	        0.4082339796	        8.1433500667	        0.0016627300	        0.0019346318	        0.0021054841	        0.0014748294	        0.0149998457	        0.0031277674	        0.0021722492	        0.0018719734	        0.0005252461
        1.8321391985	        0.8342396651	        0.2624798680	        0.5067344786	        7.8647547193	        0.0015806312	        0.0016833679	        0.0018670683	        0.0013817316	        0.0155449155	        0.0035144110	        0.0020326072	        0.0018378677	        0.0005395947
        1.8503507799	        0.8067060028	        0.2486189553	        0.6054824488	        7.6008433237	        0.0014901015	        0.0014503944	        0.0016304958	        0.0012792018	        0.0160376819	        0.0039316410	        0.0018840812	        0.0017896884	        0.0005494384
        1.8667877045	        0.7779143360	        0.2353345851	        0.6993446674	        7.3510098131	        0.0013944286	        0.0012370734	        0.0014017286	        0.0011699145	        0.0164608972	        0.0043751785	        0.0017290479	        0.0017283404	        0.0005544950
        1.8815934821	        0.7477711715	        0.2225823322	        0.7826969725	        7.1148196187	        0.0012966893	        0.0010441258	        0.0011856885	        0.0010567319	        0.0167931773	        0.0048372027	        0.0015699300	        0.0016549460	        0.0005546247
        1.8949061510	        0.7161886075	        0.2103144010	        0.8497652461	        6.8914496875	        0.0011998669	        0.0008716847	        0.0009861703	        0.0009424661	        0.0170089216	        0.0053053657	        0.0014091590	        0.0015707268	        0.0005498073
        1.9068570493	        0.6830938216	        0.1984790539	        0.8949050372	        6.6790709392	        0.0011064073	        0.0007193707	        0.0008058325	        0.0008296582	        0.0170788246	        0.0057619865	        0.0012491462	        0.0014768873	        0.0005401067
        1.9175699947	        0.6484413151	        0.1870216053	        0.9122338658	        6.4800677082	        0.0010200924	        0.0005863798	        0.0006463555	        0.0007205056	        0.0169713177	        0.0061837964	        0.0010922583	        0.0013745821	        0.0005256517
        1.9271607996	        0.6122279550	        0.1758875671	        0.8974625991	        6.2931124791	        0.0009426994	        0.0004715774	        0.0005086013	        0.0006168369	        0.0166553081	        0.0065427615	        0.0009407893	        0.0012649839	        0.0005066464
        1.9357370589	        0.5745102641	        0.1650302317	        0.8461990928	        6.1171606562	        0.0008756742	        0.0003735936	        0.0003927121	        0.0005202173	        0.0161044674	        0.0068085652	        0.0007969239	        0.0011494857	        0.0004834357
        1.9433981504	        0.5354225893	        0.1544203817	        0.7555537686	        5.9546845236	        0.0008211335	        0.0002909172	        0.0002981524	        0.0004321831	        0.0153029954	        0.0069531490	        0.0006626838	        0.0010300323	        0.0004566412
        1.9502353978	        0.4951938541	        0.1440565657	        0.6196107283	        5.8027395551	        0.0007790255	        0.0002219841	        0.0002236389	        0.0003544227	        0.0142521672	        0.0069571404	        0.0005398519	        0.0009094094	        0.0004273045
        1.9563323538	        0.4541597893	        0.1339644079	        0.4361435089	        5.6628356958	        0.0007501571	        0.0001652597	        0.0001669516	        0.0002883779	        0.0129761677	        0.0068170488	        0.0004298784	        0.0007911118	        0.0003968580
        1.9617651675	        0.4127670300	        0.1241828174	        0.1984284266	        5.5336633714	        0.0007345755	        0.0001193062	        0.0001248880	        0.0002343222	        0.0115249980	        0.0065511000	        0.0003337777	        0.0006786219	        0.0003668099
        1.9666030060	        0.3715652063	        0.1147351587	       -0.0960562680	        5.4151717762	        0.0007320003	        0.0000828315	        0.0000936743	        0.0001906780	        0.0099721267	        0.0062011375	        0.0002520381	        0.0005744909	        0.0003382994
        1.9709085097	        0.3311828142	        0.1056115442	       -0.4474003744	        5.3080646999	        0.0007420480	        0.0000547030	        0.0000698444	        0.0001545187	        0.0084055606	        0.0058288073	        0.0001845654	        0.0004799500	        0.0003118848
        1.9747382607	        0.2924601116	        0.0967769031	       -0.8593648041	        5.2104581069	        0.0007638883	        0.0000368593	        0.0000511123	        0.0001233221	        0.0069213520	        0.0055091635	        0.0001309509	        0.0003953120	        0.0002877374
        1.9781432525	        0.2562484288	        0.0881946888	       -1.3365626316	        5.1217388802	        0.0007971335	        0.0000259593	        0.0000364012	        0.0000960512	        0.0055877195	        0.0052906057	        0.0000901350	        0.0003205776	        0.0002659754
        1.9811693494	        0.2228944372	        0.0798455275	       -1.8726885308	        5.0418813146	        0.0008404784	        0.0000175484	        0.0000251795	        0.0000727017	        0.0044284484	        0.0051831415	        0.0000601501	        0.0002556837	        0.0002468500
        1.9838577298	        0.1924173501	        0.0717325939	       -2.4532029782	        4.9709826835	        0.0008918658	        0.0000113507	        0.0000169483	        0.0000534425	        0.0034461973	        0.0051863450	        0.0000388186	        0.0002004258	        0.0002307149
        1.9862453073	        0.1647736673	        0.0638763884	       -3.0746160392	        4.9083889492	        0.0009500427	        0.0000070114	        0.0000111290	        0.0000381820	        0.0026331301	        0.0052913178	        0.0000241592	        0.0001543338	        0.0002176116
        1.9883651267	        0.1398577787	        0.0563041333	       -3.7374578830	        4.8530855751	        0.0010141149	        0.0000041291	        0.0000071320	        0.0000265018	        0.0019739761	        0.0054837807	        0.0000144491	        0.0001166439	        0.0002072911
        1.9902467340	        0.1175127830	        0.0490420823	       -4.4308415873	        4.8041858105	        0.0010825894	        0.0000023126	        0.0000044437	        0.0000177982	        0.0014494887	        0.0057470795	        0.0000082652	        0.0000863773	        0.0001998290
        1.9919165179	        0.0975477437	        0.0421131925	       -5.1371106431	        4.7609254917	        0.0011537782	        0.0000012262	        0.0000026713	        0.0000114752	        0.0010393766	        0.0060644688	        0.0000044916	        0.0000624730	        0.0001955930
        1.9933980257	        0.0797555821	        0.0355367487	       -5.8406789746	        4.7226391720	        0.0012260452	        0.0000006106	        0.0000015323	        0.0000070241	        0.0007242731	        0.0064205020	        0.0000022964	        0.0000438991	        0.0001950690
        1.9947122508	        0.0639275409	        0.0293277955	       -6.5290778343	        4.6887448190	        0.0012979458	        0.0000002818	        0.0000008263	        0.0000040215	        0.0004867781	        0.0068016800	        0.0000010886	        0.0000297182	        0.0001988258
        1.9958778967	        0.0498628983	        0.0234964905	       -7.1928163900	        4.6587318636	        0.0013682874	        0.0000001180	        0.0000004102	        0.0000021088	        0.0003118378	        0.0071966209	        0.0000004679	        0.0000191172	        0.0002075797
        1.9969116151	        0.0373744482	        0.0180477100	       -7.8250630999	        4.6321513793	        0.0014361405	        0.0000000432	        0.0000001813	        0.0000009801	        0.0001867379	        0.0075959758	        0.0000001758	        0.0000114132	        0.0002223486
        1.9978282231	        0.0262909243	        0.0129810512	       -8.4212536291	        4.6086079116	        0.0015008231	        0.0000000130	        0.0000000673	        0.0000003807	        0.0001009094	        0.0079922362	        0.0000000541	        0.0000060474	        0.0002447772
        1.9986408981	        0.0164575060	        0.0082912013	       -8.9786881797	        4.5877526063	        0.0015618704	        0.0000000028	        0.0000000185	        0.0000001089	        0.0000456662	        0.0083795104	        0.0000000120	        0.0000025730	        0.0002779252
        1.9993613540	        0.0077352505	        0.0039685615	       -9.4961532662	        4.5692773732	        0.0016190013	        0.0000000003	        0.0000000026	        0.0000000157	        0.0000139343	        0.0087533039	        0.0000000013	        0.0000006424	        0.0003287047
        2.0000000000	        0.0000000000	        0.0000000000	       -9.9735852991	        4.5529098873	        0.0016720830	        0.0000000000	        0.0000000000	        0.0000000000	        0.0000000000	        0.0091103151	        0.0000000000	        0.0000000000	        0.0004200337
