        0.0000000000	        0.0000000000	        1.0000000000	        4.4274750801	       26.4420673586	        0.0019935093	        0.0000000000	        0.0000000000	        0.0000000000	        0.0000000000	        0.0070930286	        0.0000000000	        0.0000000000	        0.0000615703
        0.0006386460	        0.0067163277	        0.9974220779	        4.3102274863	       26.4338669798	        0.0019478940	        0.0000000002	        0.0000000013	        0.0000000051	        0.0000083898	        0.0068786014	        0.0000000005	        0.0000000510	        0.0000501938
        0.0013591019	        0.0142889910	        0.9945837858	        4.1815199637	       26.4247699127	        0.0018978329	        0.0000000014	        0.0000000091	        0.0000000354	        0.0000276111	        0.0066504682	        0.0000000048	        0.0000002082	        0.0000437471
        0.0021717769	        0.0228256218	        0.9914685535	        4.0407634023	       26.4146884071	        0.0018431025	        0.0000000067	        0.0000000330	        0.0000001248	        0.0000612969	        0.0064097866	        0.0000000219	        0.0000004960	        0.0000395596
        0.0030883849	        0.0324468322	        0.9880613000	        3.8874872793	       26.4035240738	        0.0017835272	        0.0000000226	        0.0000000887	        0.0000003244	        0.0001140089	        0.0061583755	        0.0000000723	        0.0000009474	        0.0000368278
        0.0041221033	        0.0432874666	        0.9843492533	        3.7213872479	       26.3911637111	        0.0017189987	        0.0000000625	        0.0000002000	        0.0000007052	        0.0001914337	        0.0058988629	        0.0000001958	        0.0000016045	        0.0000351944
        0.0052877492	        0.0554977220	        0.9803229207	        3.5423787636	       26.3774725552	        0.0016494977	        0.0000001515	        0.0000004015	        0.0000013586	        0.0003006089	        0.0056348526	        0.0000004640	        0.0000025206	        0.0000344617
        0.0066019743	        0.0692439015	        0.9759772033	        3.3506537389	       26.3622835310	        0.0015751173	        0.0000003341	        0.0000007417	        0.0000023962	        0.0004501740	        0.0053711114	        0.0000009988	        0.0000037606	        0.0000344965
        0.0080834821	        0.0847083992	        0.9713126290	        3.1467342412	       26.3453803780	        0.0014960852	        0.0000006847	        0.0000012878	        0.0000039488	        0.0006506300	        0.0051137671	        0.0000019975	        0.0000054015	        0.0000351883
        0.0097532660	        0.1020882757	        0.9663366660	        2.9315125665	       26.3264715079	        0.0014127818	        0.0000013226	        0.0000021325	        0.0000061676	        0.0009145715	        0.0048705010	        0.0000037655	        0.0000075298	        0.0000364281
        0.0116348733	        0.1215915230	        0.9610650577	        2.7062598067	       26.3051499699	        0.0013257462	        0.0000024288	        0.0000034063	        0.0000092267	        0.0012568082	        0.0046506894	        0.0000067573	        0.0000102368	        0.0000380964
        0.0137546927	        0.1434299499	        0.9555230924	        2.4726106687	       26.2808751872	        0.0012356764	        0.0000042630	        0.0000052948	        0.0000133264	        0.0016942377	        0.0044654091	        0.0000116219	        0.0000136081	        0.0000400566
        0.0161422702	        0.1678078483	        0.9497466695	        2.2327491896	       26.2532795857	        0.0011435213	        0.0000071722	        0.0000080624	        0.0000186904	        0.0022452483	        0.0043271634	        0.0000192478	        0.0000177076	        0.0000421556
        0.0188306506	        0.1949066401	        0.9437829465	        1.9892557922	       26.2221992054	        0.0010504335	        0.0000115810	        0.0000120772	        0.0000255389	        0.0029283937	        0.0042491332	        0.0000307978	        0.0000225529	        0.0000442367
        0.0218567475	        0.2248676954	        0.9376900745	        1.7452324562	       26.1873356490	        0.0009577765	        0.0000179561	        0.0000178194	        0.0000340126	        0.0037601578	        0.0042437676	        0.0000477213	        0.0000280853	        0.0000461650
        0.0252617393	        0.2577776335	        0.9315353091	        1.5042523305	       26.1481057501	        0.0008670808	        0.0000267508	        0.0000258595	        0.0000440597	        0.0047519231	        0.0043206709	        0.0000717361	        0.0000341445	        0.0000478112
        0.0290914903	        0.2936606378	        0.9253908979	        1.2702526015	       26.1039338491	        0.0007800259	        0.0000383539	        0.0000368246	        0.0000553788	        0.0059067132	        0.0044840436	        0.0001047778	        0.0000404670	        0.0000489975
        0.0333969940	        0.3324791485	        0.9193280115	        1.0472581455	       26.0542672181	        0.0006983256	        0.0000530768	        0.0000514149	        0.0000675163	        0.0072166123	        0.0047302826	        0.0001489270	        0.0000467249	        0.0000495607
        0.0382348325	        0.3738013282	        0.9134102265	        0.8392237728	       25.9984352350	        0.0006236556	        0.0000776561	        0.0000705547	        0.0000801263	        0.0086519561	        0.0050468661	        0.0002059019	        0.0000526015	        0.0000494236
        0.0436676462	        0.4167247106	        0.9076889383	        0.6497174697	       25.9355766073	        0.0005575377	        0.0001144691	        0.0000957411	        0.0000932672	        0.0101381628	        0.0053861372	        0.0002764291	        0.0000578767	        0.0000486187
        0.0497646022	        0.4604247857	        0.9022019482	        0.4815998627	       25.8652073341	        0.0005012396	        0.0001616170	        0.0001294740	        0.0001074943	        0.0115799958	        0.0056845524	        0.0003606221	        0.0000624758	        0.0000472775
        0.0566018496	        0.5042599660	        0.8969725345	        0.3366351043	       25.7873010859	        0.0004556741	        0.0002205525	        0.0001751996	        0.0001234632	        0.0128916330	        0.0058914979	        0.0004581493	        0.0000664628	        0.0000455911
        0.0642629411	        0.5476602211	        0.8920054904	        0.2153105550	       25.7003185200	        0.0004213408	        0.0002928844	        0.0002366870	        0.0001415326	        0.0140037210	        0.0059747679	        0.0005680037	        0.0000700104	        0.0000437687
        0.0728392004	        0.5901554304	        0.8872820229	        0.1169556712	       25.6035393082	        0.0003983353	        0.0003803282	        0.0003173303	        0.0001618238	        0.0148715173	        0.0059234241	        0.0006885783	        0.0000733794	        0.0000420143
        0.0824300053	        0.6313877962	        0.8827587115	        0.0398309557	       25.4972075350	        0.0003863961	        0.0004846283	        0.0004196761	        0.0001844986	        0.0154765463	        0.0057455208	        0.0008177894	        0.0000768919	        0.0000405102
        0.0931429507	        0.6711103872	        0.8783724329	       -0.0184521624	       25.3792524664	        0.0003849157	        0.0006074633	        0.0005452310	        0.0002099046	        0.0158230691	        0.0054623997	        0.0009532134	        0.0000808832	        0.0000393950
        0.1050938490	        0.7091754976	        0.8740489055	       -0.0605472390	       25.2490900135	        0.0003930510	        0.0007503364	        0.0006944259	        0.0002384809	        0.0159317537	        0.0051019680	        0.0010922133	        0.0000856444	        0.0000387454
        0.1184065179	        0.7455171077	        0.8697109967	       -0.0890673988	       25.1072992508	        0.0004097429	        0.0009144592	        0.0008666127	        0.0002705525	        0.0158328289	        0.0046929130	        0.0012320423	        0.0000913809	        0.0000385723
        0.1332122955	        0.7801312644	        0.8652844931	       -0.1063581861	       24.9506481150	        0.0004337892	        0.0011006354	        0.0010600372	        0.0003061571	        0.0155602310	        0.0042608067	        0.0013699243	        0.0000981966	        0.0000388304
        0.1496492201	        0.8130571280	        0.8607011446	       -0.1145857241	       24.7806923653	        0.0004638787	        0.0013091546	        0.0012717789	        0.0003449676	        0.0151473925	        0.0038261593	        0.0015031192	        0.0001060990	        0.0000394354
        0.1678608015	        0.8443602504	        0.8558993335	       -0.1155206453	       24.5949121693	        0.0004985888	        0.0015397094	        0.0014976834	        0.0003862873	        0.0146246874	        0.0034039771	        0.0016289814	        0.0001150137	        0.0000402810
        0.1879943127	        0.8741186671	        0.8508238251	       -0.1108238622	       24.3924143288	        0.0005361858	        0.0017913517	        0.0017323392	        0.0004290976	        0.0140182234	        0.0030042459	        0.0017450211	        0.0001248032	        0.0000412534
        0.2101985296	        0.9024117224	        0.8454246268	       -0.1020286630	       24.1732746393	        0.0005750132	        0.0020625105	        0.0019691553	        0.0004721601	        0.0133495849	        0.0026328462	        0.0018489757	        0.0001352890	        0.0000422434
        0.2346208557	        0.9293111797	        0.8396554544	       -0.0905682639	       23.9363599873	        0.0006135024	        0.0023510964	        0.0022005959	        0.0005141428	        0.0126361722	        0.0022925693	        0.0019388967	        0.0001462723	        0.0000431548
        0.2614037844	        0.9548740462	        0.8334719468	       -0.0775443736	       23.6804621682	        0.0006503086	        0.0026547219	        0.0024186026	        0.0005537213	        0.0118918794	        0.0019840498	        0.0020132534	        0.0001575516	        0.0000439092
        0.2906806794	        0.9791365926	        0.8268306903	       -0.0639847357	       23.4055581637	        0.0006843928	        0.0029710680	        0.0026151974	        0.0005896763	        0.0111279440	        0.0017065402	        0.0020710543	        0.0001689369	        0.0000444472
        0.3225708876	        1.0021092374	        0.8196882750	       -0.0506844907	       23.1098309394	        0.0007147525	        0.0032984177	        0.0027832239	        0.0006209942	        0.0103538774	        0.0014585123	        0.0021119812	        0.0001802601	        0.0000447287
        0.3571742551	        1.0237723132	        0.8120011849	       -0.0381283145	       22.7935095809	        0.0007401824	        0.0036363575	        0.0029171543	        0.0006469001	        0.0095784192	        0.0012381039	        0.0021365209	        0.0001913795	        0.0000447302
        0.3945651751	        1.0440732534	        0.8037274412	       -0.0270498170	       22.4561209462	        0.0007599317	        0.0039865970	        0.0030138503	        0.0006669844	        0.0088104672	        0.0010434314	        0.0021460736	        0.0002021905	        0.0000444447
        0.4347863703	        1.0629264576	        0.7948269699	       -0.0178214185	       22.0980092059	        0.0007741979	        0.0043537669	        0.0030731764	        0.0006813010	        0.0080598923	        0.0008727856	        0.0021429933	        0.0002126298	        0.0000438807
        0.4778426900	        1.0802178635	        0.7852642437	       -0.0103753201	       21.7177195795	        0.0007837102	        0.0047458969	        0.0030983531	        0.0006902526	        0.0073380757	        0.0007247178	        0.0021305040	        0.0002226485	        0.0000430552
        0.5236952751	        1.0958165954	        0.7750151709	       -0.0045179616	       21.3162700911	        0.0007895082	        0.0051740685	        0.0030958809	        0.0006944727	        0.0066579313	        0.0005980146	        0.0021124282	        0.0002321858	        0.0000419901
        0.5722565058	        1.1095950282	        0.7640767228	       -0.0002427198	       20.8946686126	        0.0007921286	        0.0056505330	        0.0030748628	        0.0006948488	        0.0060331719	        0.0004915706	        0.0020926999	        0.0002411980	        0.0000407228
        0.6233861842	        1.1214552756	        0.7524746970	        0.0018148524	       20.4533063617	        0.0007916235	        0.0061846078	        0.0030456444	        0.0006927898	        0.0054767746	        0.0004041997	        0.0020747255	        0.0002497799	        0.0000393322
        0.6768894010	        1.1313549909	        0.7402591065	        0.0017265161	       19.9947242829	        0.0007896216	        0.0067762374	        0.0030179961	        0.0006901340	        0.0049990131	        0.0003344647	        0.0020607815	        0.0002582682	        0.0000379502
        0.7325164896	        1.1393218008	        0.7274984690	       -0.0004580383	       19.5191421598	        0.0007884501	        0.0074084646	        0.0029992861	        0.0006888006	        0.0046058406	        0.0002806195	        0.0020517028	        0.0002672747	        0.0000367535
        0.7899653716	        1.1454481355	        0.7142656246	       -0.0043196513	       19.0299521377	        0.0007906751	        0.0080418868	        0.0029932731	        0.0006905128	        0.0042984296	        0.0002407104	        0.0020470120	        0.0002776848	        0.0000359485
        0.8488864424	        1.1498668939	        0.7006247340	       -0.0100726271	       18.5292807916	        0.0007978301	        0.0086152938	        0.0030000031	        0.0006968277	        0.0040741302	        0.0002127984	        0.0020454128	        0.0002906684	        0.0000357645
        0.9088899606	        1.1527171135	        0.6866108146	       -0.0176815063	       18.0205247811	        0.0008117014	        0.0090555471	        0.0030169225	        0.0007092784	        0.0039283876	        0.0001952089	        0.0020453954	        0.0003076312	        0.0000364494
        0.9695556872	        1.1541111707	        0.6722215284	       -0.0265937906	       17.5068637345	        0.0008338418	        0.0092957791	        0.0030408112	        0.0007294228	        0.0038568200	        0.0001867297	        0.0020457245	        0.0003299713	        0.0000382538
        1.0304443128	        1.1541111707	        0.6574170416	       -0.0350458793	       16.9918159187	        0.0008645237	        0.0092957791	        0.0030634100	        0.0007566596	        0.0038568200	        0.0001867297	        0.0020457245	        0.0003584683	        0.0000413721
        1.0911100394	        1.1527171135	        0.6421610588	       -0.0430582505	       16.4786981194	        0.0009037975	        0.0090555471	        0.0030846027	        0.0007903853	        0.0039283876	        0.0001952089	        0.0020453954	        0.0003932174	        0.0000459562
        1.1511135576	        1.1498668939	        0.6264603586	       -0.0496914766	       15.9720819446	        0.0009501542	        0.0086152938	        0.0031125923	        0.0008305315	        0.0040741302	        0.0002127984	        0.0020454128	        0.0004335824	        0.0000521070
        1.2100346284	        1.1454481355	        0.6103922581	       -0.0549939578	       15.4727021683	        0.0010013429	        0.0080418868	        0.0031504910	        0.0008754603	        0.0042984296	        0.0002407104	        0.0020470120	        0.0004780809	        0.0000598257
        1.2674835104	        1.1393218008	        0.5940890051	       -0.0589163616	       14.9868857876	        0.0010542165	        0.0074084646	        0.0032007213	        0.0009238542	        0.0046058406	        0.0002806195	        0.0020517028	        0.0005248744	        0.0000690348
        1.3231105990	        1.1313549909	        0.5777226122	       -0.0609825670	       14.5145823367	        0.0011083674	        0.0067762374	        0.0032629914	        0.0009740854	        0.0049990131	        0.0003344647	        0.0020607815	        0.0005719558	        0.0000795623
        1.3766138158	        1.1214552756	        0.5614833266	       -0.0614307630	       14.0598712773	        0.0011638553	        0.0061846078	        0.0033329320	        0.0010242607	        0.0054767746	        0.0004041997	        0.0020747255	        0.0006174677	        0.0000911669
        1.4277434942	        1.1095950282	        0.5455445392	       -0.0595405093	       13.6215374918	        0.0012161758	        0.0056505330	        0.0034020312	        0.0010722092	        0.0060331719	        0.0004915706	        0.0020926999	        0.0006599278	        0.0001035825
        1.4763047249	        1.0958165954	        0.5300464270	       -0.0549973442	       13.2050626943	        0.0012615674	        0.0051740685	        0.0034588724	        0.0011154351	        0.0066579313	        0.0005980146	        0.0021124282	        0.0006983094	        0.0001165597
        1.5221573100	        1.0802178635	        0.5150853032	       -0.0480562709	       12.8080879522	        0.0012992136	        0.0047458969	        0.0034911718	        0.0011516861	        0.0073380757	        0.0007247178	        0.0021305040	        0.0007321133	        0.0001299169
        1.5652136297	        1.0629264576	        0.5007098355	       -0.0381265141	       12.4330070414	        0.0013293021	        0.0043537669	        0.0034879270	        0.0011790473	        0.0080598923	        0.0008727856	        0.0021429933	        0.0007612547	        0.0001435512
        1.6054348249	        1.0440732534	        0.4869326571	       -0.0248223738	       12.0780278544	        0.0013506407	        0.0039865970	        0.0034410628	        0.0011958166	        0.0088104672	        0.0010434314	        0.0021460736	        0.0007859377	        0.0001574361
        1.6428257449	        1.0237723132	        0.4737414555	       -0.0089014699	       11.7454446292	        0.0013614178	        0.0036363575	        0.0033463368	        0.0012009184	        0.0095784192	        0.0012381039	        0.0021365209	        0.0008066978	        0.0001716489
        1.6774291124	        1.0021092374	        0.4611028242	        0.0082927284	       11.4328820751	        0.0013619732	        0.0032984177	        0.0032035893	        0.0011942648	        0.0103538774	        0.0014585123	        0.0021119812	        0.0008244412	        0.0001864004
        1.7093193206	        0.9791365926	        0.4489643193	        0.0254543815	       11.1411841553	        0.0013529865	        0.0029710680	        0.0030164828	        0.0011766458	        0.0111279440	        0.0017065402	        0.0020710543	        0.0008403759	        0.0002020415
        1.7385962156	        0.9548740462	        0.4372576433	        0.0412864960	       10.8691815256	        0.0013364477	        0.0026547219	        0.0027918551	        0.0011494233	        0.0118918794	        0.0019840498	        0.0020132534	        0.0008559011	        0.0002190578
        1.7653791443	        0.9293111797	        0.4259016402	        0.0539047965	       10.6157356998	        0.0013149342	        0.0023510964	        0.0025388181	        0.0011143563	        0.0126361722	        0.0022925693	        0.0019388967	        0.0008725260	        0.0002380686
        1.7898014704	        0.9024117224	        0.4148025784	        0.0611088046	       10.3809874968	        0.0012912962	        0.0020625105	        0.0022677472	        0.0010734610	        0.0133495849	        0.0026328462	        0.0018489757	        0.0008917992	        0.0002598262
        1.8120056873	        0.8741186671	        0.4038534882	        0.0600805579	       10.1642863049	        0.0012684753	        0.0017913517	        0.0019892820	        0.0010288189	        0.0140182234	        0.0030042459	        0.0017450211	        0.0009152063	        0.0002851993
        1.8321391985	        0.8443602504	        0.3929319495	        0.0477329946	        9.9633007200	        0.0012496528	        0.0015397094	        0.0017134427	        0.0009823431	        0.0146246874	        0.0034039771	        0.0016289814	        0.0009440046	        0.0003151237
        1.8503507799	        0.8130571280	        0.3818980424	        0.0211500601	        9.7785194155	        0.0012383065	        0.0013091546	        0.0014489367	        0.0009354371	        0.0151473925	        0.0038261593	        0.0015031192	        0.0009789556	        0.0003504926
        1.8667877045	        0.7801312644	        0.3705941620	       -0.0225889688	        9.6090634765	        0.0012376166	        0.0011006354	        0.0012027062	        0.0008886979	        0.0155602310	        0.0042608067	        0.0013699243	        0.0010199565	        0.0003919675
        1.8815934821	        0.7455171077	        0.3588470803	       -0.0864709590	        9.4543252785	        0.0012501817	        0.0009144592	        0.0009797368	        0.0008417744	        0.0158328289	        0.0046929130	        0.0012320423	        0.0010655905	        0.0004396933
        1.8949061510	        0.7091754976	        0.3464738681	       -0.1734973815	        9.3132470992	        0.0012780479	        0.0007503364	        0.0007831062	        0.0007934121	        0.0159317537	        0.0051019680	        0.0010922133	        0.0011126704	        0.0004929275
        1.9068570493	        0.6711103872	        0.3332941663	       -0.2869968935	        9.1843054080	        0.0013229838	        0.0006074633	        0.0006142066	        0.0007417967	        0.0158230691	        0.0054623997	        0.0009532134	        0.0011559595	        0.0005496591
        1.9175699947	        0.6313877962	        0.3191502902	       -0.4273569161	        9.0682178191	        0.0013853613	        0.0004846283	        0.0004730348	        0.0006851276	        0.0154765463	        0.0057455208	        0.0008177894	        0.0011883761	        0.0006063950
        1.9271607996	        0.5901554304	        0.3039408416	       -0.5952695235	        8.9634370493	        0.0014654406	        0.0003803282	        0.0003584431	        0.0006226156	        0.0148715173	        0.0059234241	        0.0006885783	        0.0012020618	        0.0006584088
        1.9357370589	        0.5476602211	        0.2876540054	       -0.7900470896	        8.8686990439	        0.0015630425	        0.0002928844	        0.0002682818	        0.0005554536	        0.0140037210	        0.0059747679	        0.0005680037	        0.0011903316	        0.0007006368
        1.9433981504	        0.5042599660	        0.2703886270	       -1.0051553655	        8.7845595684	        0.0016750333	        0.0002205525	        0.0001994682	        0.0004866709	        0.0128916330	        0.0058914979	        0.0004581493	        0.0011497398	        0.0007289580
        1.9502353978	        0.4604247857	        0.2523514069	       -1.2388094886	        8.7088634859	        0.0018010441	        0.0001616170	        0.0001481401	        0.0004197827	        0.0115799958	        0.0056845524	        0.0003606221	        0.0010811364	        0.0007412218
        1.9563323538	        0.4167247106	        0.2338124966	       -1.4818253543	        8.6416564768	        0.0019365655	        0.0001144691	        0.0001100974	        0.0003568642	        0.0101381628	        0.0053861372	        0.0002764291	        0.0009890920	        0.0007374473
        1.9617651675	        0.3738013282	        0.2150577872	       -1.7296676705	        8.5816714727	        0.0020797877	        0.0000776561	        0.0000815200	        0.0002979523	        0.0086519561	        0.0050468661	        0.0002059019	        0.0008804156	        0.0007193789
        1.9666030060	        0.3324791485	        0.1963538476	       -1.9751672644	        8.5283223103	        0.0022270763	        0.0000530768	        0.0000596505	        0.0002426686	        0.0072166123	        0.0047302826	        0.0001489270	        0.0007628605	        0.0006899896
        1.9709085097	        0.2936606378	        0.1779418008	       -2.2110547984	        8.4814570871	        0.0023741734	        0.0000383539	        0.0000428582	        0.0001917361	        0.0059067132	        0.0044840436	        0.0001047778	        0.0006441351	        0.0006530527
        1.9747382607	        0.2577776335	        0.1600389963	       -2.4364202758	        8.4397261756	        0.0025200999	        0.0000267508	        0.0000301510	        0.0001466463	        0.0047519231	        0.0043206709	        0.0000717361	        0.0005309323	        0.0006126628
        1.9781432525	        0.2248676954	        0.1428322966	       -2.6492003255	        8.4024743867	        0.0026633257	        0.0000179561	        0.0000207761	        0.0001086908	        0.0037601578	        0.0042437676	        0.0000477213	        0.0004281324	        0.0005727023
        1.9811693494	        0.1949066401	        0.1264703421	       -2.8466804120	        8.3694490524	        0.0028013512	        0.0000115810	        0.0000140477	        0.0000782845	        0.0029283937	        0.0042491332	        0.0000307978	        0.0003384832	        0.0005360570
        1.9838577298	        0.1678078483	        0.1110592027	       -3.0262896330	        8.3405491800	        0.0029313110	        0.0000071722	        0.0000093292	        0.0000549087	        0.0022452483	        0.0043271634	        0.0000192478	        0.0002628135	        0.0005041866
        1.9862453073	        0.1434299499	        0.0966634563	       -3.1885785178	        8.3152259197	        0.0030526851	        0.0000042630	        0.0000060755	        0.0000374880	        0.0016942377	        0.0044654091	        0.0000116219	        0.0002005635	        0.0004781153
        1.9883651267	        0.1215915230	        0.0833112255	       -3.3356455622	        8.2927605634	        0.0031661830	        0.0000024288	        0.0000038628	        0.0000248311	        0.0012568082	        0.0046506894	        0.0000067573	        0.0001503804	        0.0004588427
        1.9902467340	        0.1020882757	        0.0710013011	       -3.4687185447	        8.2727387978	        0.0032718504	        0.0000013226	        0.0000023825	        0.0000158700	        0.0009145715	        0.0048705010	        0.0000037655	        0.0001105910	        0.0004472096
        1.9919165179	        0.0847083992	        0.0597104577	       -3.5882273268	        8.2549976676	        0.0033691651	        0.0000006847	        0.0000014140	        0.0000097157	        0.0006506300	        0.0051137671	        0.0000019975	        0.0000795017	        0.0004438736
        1.9933980257	        0.0692439015	        0.0493997828	       -3.6948998890	        8.2393571640	        0.0034579990	        0.0000003341	        0.0000007995	        0.0000056441	        0.0004501740	        0.0053711114	        0.0000009988	        0.0000555575	        0.0004494067
        1.9947122508	        0.0554977220	        0.0400197332	       -3.7896979440	        8.2256168922	        0.0035385556	        0.0000001515	        0.0000004249	        0.0000030715	        0.0003006089	        0.0056348526	        0.0000004640	        0.0000374098	        0.0004644491
        1.9958778967	        0.0432874666	        0.0315141082	       -3.8736804964	        8.2135742181	        0.0036112395	        0.0000000625	        0.0000002081	        0.0000015361	        0.0001914337	        0.0058988629	        0.0000001958	        0.0000239300	        0.0004899162
        1.9969116151	        0.0324468322	        0.0238231310	       -3.9479188215	        8.2030348770	        0.0036765668	        0.0000000226	        0.0000000910	        0.0000006841	        0.0001140089	        0.0061583755	        0.0000000723	        0.0000141953	        0.0005273188
        1.9978282231	        0.0228256218	        0.0168857917	       -4.0134457241	        8.1938186819	        0.0037351066	        0.0000000067	        0.0000000335	        0.0000002560	        0.0000612969	        0.0064097866	        0.0000000219	        0.0000074631	        0.0005793648
        1.9986408981	        0.0142889910	        0.0106415789	       -4.0712273386	        8.1857621122	        0.0037874417	        0.0000000014	        0.0000000092	        0.0000000709	        0.0000276111	        0.0066504682	        0.0000000048	        0.0000031430	        0.0006513611
        1.9993613540	        0.0067163277	        0.0050317154	       -4.1221494912	        8.1787189743	        0.0038341442	        0.0000000002	        0.0000000013	        0.0000000100	        0.0000083898	        0.0068786014	        0.0000000005	        0.0000007719	        0.0007555037
        2.0000000000	        0.0000000000	        0.0000000000	       -4.1670132414	        8.1725599211	        0.0038757602	        0.0000000000	        0.0000000000	        0.0000000000	        0.0000000000	        0.0070930286	        0.0000000000	        0.0000000000	        0.0009322956
