        0.0000000000	        0.0000000000	        1.0000000000	        3.3768852974	       26.3553500458	        0.0009604539	        0.0000000000	        0.0000000000	        0.0000000000	        0.0000000000	        0.0056437081	        0.0000000000	        0.0000000000	        0.0000178027
        0.0006386460	        0.0057900560	        0.9976359817	        3.3031988982	       26.3494043574	        0.0009415395	        0.0000000000	        0.0000000007	        0.0000000026	        0.0000051793	        0.0055117922	        0.0000000002	        0.0000000272	        0.0000143758
        0.0013591019	        0.0123177963	        0.9950226128	        3.2218020402	       26.3427363808	        0.0009206870	        0.0000000004	        0.0000000051	        0.0000000185	        0.0000170935	        0.0053697291	        0.0000000019	        0.0000001107	        0.0000127059
        0.0021717769	        0.0196758199	        0.9921412195	        3.1321478910	       26.3352606232	        0.0008977710	        0.0000000021	        0.0000000184	        0.0000000645	        0.0000380679	        0.0052177584	        0.0000000089	        0.0000002639	        0.0000119078
        0.0030883849	        0.0279679277	        0.9889737538	        3.0337231532	       26.3268807299	        0.0008726785	        0.0000000070	        0.0000000483	        0.0000001648	        0.0000710508	        0.0050564588	        0.0000000296	        0.0000005066	        0.0000117224
        0.0041221033	        0.0373103033	        0.9855034569	        2.9260729423	       26.3174873000	        0.0008453159	        0.0000000194	        0.0000001059	        0.0000003501	        0.0001197563	        0.0048868405	        0.0000000810	        0.0000008655	        0.0000120408
        0.0052877492	        0.0478327091	        0.9817156714	        2.8088311152	       26.3069548547	        0.0008156178	        0.0000000475	        0.0000002060	        0.0000006581	        0.0001888336	        0.0047104535	        0.0000001946	        0.0000013768	        0.0000128062
        0.0066019743	        0.0596796060	        0.9775988092	        2.6817559408	       26.2951375455	        0.0007835565	        0.0000001060	        0.0000003689	        0.0000011336	        0.0002840659	        0.0045295147	        0.0000004253	        0.0000020881	        0.0000139806
        0.0080834821	        0.0730110295	        0.9731454765	        2.5447701806	       26.2818629939	        0.0007491529	        0.0000002202	        0.0000006228	        0.0000018313	        0.0004125958	        0.0043470515	        0.0000008649	        0.0000030606	        0.0000155298
        0.0097532660	        0.0880029344	        0.9683537488	        2.3980032604	       26.2669233684	        0.0007124877	        0.0000004323	        0.0000010070	        0.0000028186	        0.0005831719	        0.0041670623	        0.0000016609	        0.0000043709	        0.0000174142
        0.0116348733	        0.1048465457	        0.9632285692	        2.2418309778	       26.2500623931	        0.0006737103	        0.0000008096	        0.0000015783	        0.0000041792	        0.0008063913	        0.0039946817	        0.0000030419	        0.0000061113	        0.0000195830
        0.0137546927	        0.1237460323	        0.9577832221	        2.0769130666	       26.2309628985	        0.0006330481	        0.0000014546	        0.0000024182	        0.0000060161	        0.0010948913	        0.0038363308	        0.0000053502	        0.0000083873	        0.0000219679
        0.0161422702	        0.1449136152	        0.9520408050	        1.9042770240	       26.2092801923	        0.0005908335	        0.0000025170	        0.0000036447	        0.0000084545	        0.0014633929	        0.0036998025	        0.0000090810	        0.0000113096	        0.0000244785
        0.0188306506	        0.1685612044	        0.9460355843	        1.7253197205	       26.1846377919	        0.0005475018	        0.0000042022	        0.0000054286	        0.0000116415	        0.0019284403	        0.0035942018	        0.0000149246	        0.0000149788	        0.0000269992
        0.0218567475	        0.1948881146	        0.9398140224	        1.5418771761	       26.1568030861	        0.0005036036	        0.0000067724	        0.0000080133	        0.0000157360	        0.0025076162	        0.0035296099	        0.0000238057	        0.0000194579	        0.0000293972
        0.0252617393	        0.2240656284	        0.9334350334	        1.3562313218	       26.1257823244	        0.0004597998	        0.0000105343	        0.0000117295	        0.0000208724	        0.0032180070	        0.0035163196	        0.0000369110	        0.0000247338	        0.0000315569
        0.0290914903	        0.2562209968	        0.9269686067	        1.1711425591	       26.0907335023	        0.0004168514	        0.0000158102	        0.0000169891	        0.0000270891	        0.0040738218	        0.0035635222	        0.0000556934	        0.0000306754	        0.0000334192
        0.0333969940	        0.2914248120	        0.9204919590	        0.9897356511	       26.0502850595	        0.0003755852	        0.0000229018	        0.0000242712	        0.0000342788	        0.0050833912	        0.0036774727	        0.0000818452	        0.0000370194	        0.0000349187
        0.0382348325	        0.3296849305	        0.9140832684	        0.8153057022	       26.0049636225	        0.0003368750	        0.0000320659	        0.0000341323	        0.0000422225	        0.0062461689	        0.0038594120	        0.0001172403	        0.0000434066	        0.0000359160
        0.0436676462	        0.3709469219	        0.9078140504	        0.6512561288	       25.9541656315	        0.0003015749	        0.0000435162	        0.0000472513	        0.0000506819	        0.0075505770	        0.0041037847	        0.0001638516	        0.0000494611	        0.0000363082
        0.0497646022	        0.4147375251	        0.9017423372	        0.5008061248	       25.8962344324	        0.0002704793	        0.0000625113	        0.0000645497	        0.0000595365	        0.0089640938	        0.0043977971	        0.0002232027	        0.0000548898	        0.0000360931
        0.0566018496	        0.4601300893	        0.8959089090	        0.3665289074	       25.8313739292	        0.0002442656	        0.0000902487	        0.0000873926	        0.0000688843	        0.0104099185	        0.0046991389	        0.0002957796	        0.0000595602	        0.0000353655
        0.0642629411	        0.5063035424	        0.8903374499	        0.2501078470	       25.7596444458	        0.0002234210	        0.0001253541	        0.0001178470	        0.0000790716	        0.0117935859	        0.0049544154	        0.0003814436	        0.0000635208	        0.0000342875
        0.0728392004	        0.5526084837	        0.8850354828	        0.1522067551	       25.6784360535	        0.0002082436	        0.0001687998	        0.0001586107	        0.0000904897	        0.0130308838	        0.0051219287	        0.0004795265	        0.0000669594	        0.0000330431
        0.0824300053	        0.5984613782	        0.8799925581	        0.0723817322	       25.5890655543	        0.0001988167	        0.0002216091	        0.0002125585	        0.0001033896	        0.0140546615	        0.0051761123	        0.0005886167	        0.0000701445	        0.0000318013
        0.0931429507	        0.6433750596	        0.8751777417	        0.0093248498	       25.4899507674	        0.0001950657	        0.0002848034	        0.0002822326	        0.0001179108	        0.0148224206	        0.0051097139	        0.0007066507	        0.0000733832	        0.0000307000
        0.1050938490	        0.6869732293	        0.8705407758	       -0.0388115003	       25.3794728603	        0.0001967424	        0.0003593369	        0.0003694592	        0.0001341845	        0.0153176569	        0.0049316155	        0.0008310596	        0.0000769847	        0.0000298397
        0.1184065179	        0.7289901296	        0.8660176866	       -0.0740682717	       25.2577145449	        0.0002035040	        0.0004460239	        0.0004751457	        0.0001523701	        0.0155461977	        0.0046617794	        0.0009589362	        0.0000812205	        0.0000292779
        0.1332122955	        0.7692589822	        0.8615381495	       -0.0983163297	       25.1243125106	        0.0002148896	        0.0005454645	        0.0005992069	        0.0001725997	        0.0155298636	        0.0043254079	        0.0010871938	        0.0000862947	        0.0000290296
        0.1496492201	        0.8076936667	        0.8570318667	       -0.1133009755	       24.9778762873	        0.0002303527	        0.0006579791	        0.0007405299	        0.0001948898	        0.0152996925	        0.0039479836	        0.0012127081	        0.0000923312	        0.0000290732
        0.1678608015	        0.8442676484	        0.8524322759	       -0.1205055013	       24.8168222221	        0.0002492641	        0.0007835643	        0.0008969328	        0.0002190783	        0.0148902109	        0.0035519853	        0.0013324415	        0.0000993789	        0.0000293608
        0.1879943127	        0.8789929947	        0.8476780661	       -0.1212673444	       24.6426112876	        0.0002708796	        0.0009218890	        0.0010651089	        0.0002447948	        0.0143353898	        0.0031553066	        0.0014435616	        0.0001074256	        0.0000298295
        0.2101985296	        0.9119010611	        0.8427131591	       -0.1168958722	       24.4519913384	        0.0002943636	        0.0010723539	        0.0012406481	        0.0002714846	        0.0136663031	        0.0027709760	        0.0015435654	        0.0001164184	        0.0000304113
        0.2346208557	        0.9430254133	        0.8374856501	       -0.1087330547	       24.2440468154	        0.0003188054	        0.0012342420	        0.0014181144	        0.0002984635	        0.0129101993	        0.0024076717	        0.0016304206	        0.0001262836	        0.0000310408
        0.2614037844	        0.9723869435	        0.8319459828	       -0.0980586206	       24.0201616906	        0.0003432663	        0.0014069955	        0.0015912656	        0.0003249867	        0.0120906113	        0.0020706062	        0.0017027328	        0.0001369459	        0.0000316600
        0.2906806794	        0.9999810047	        0.8260451356	       -0.0859748398	       23.7787073600	        0.0003670039	        0.0015906520	        0.0017535915	        0.0003503300	        0.0112281727	        0.0017624918	        0.0017599381	        0.0001483448	        0.0000322217
        0.3225708876	        1.0257667751	        0.8197334832	       -0.0736841218	       23.5182960225	        0.0003894610	        0.0017864614	        0.0018989568	        0.0003738718	        0.0103418709	        0.0014844249	        0.0018025068	        0.0001604449	        0.0000326899
        0.3571742551	        1.0496600597	        0.8129594975	       -0.0620685516	       23.2377896015	        0.0004103258	        0.0019976671	        0.0020225314	        0.0003951813	        0.0094504930	        0.0012366051	        0.0018321194	        0.0001732366	        0.0000330385
        0.3945651751	        1.0715323500	        0.8056704566	       -0.0517228684	       22.9380111071	        0.0004291770	        0.0022303322	        0.0021218015	        0.0004140455	        0.0085739427	        0.0010188415	        0.0018517353	        0.0001867195	        0.0000332482
        0.4347863703	        1.0912206783	        0.7978159993	       -0.0430945550	       22.6181808174	        0.0004459711	        0.0024939093	        0.0021974824	        0.0004305076	        0.0077339558	        0.0008308058	        0.0018654335	        0.0002008743	        0.0000333038
        0.4778426900	        1.1085529189	        0.7893545645	       -0.0361721596	       22.2767007658	        0.0004608788	        0.0028009710	        0.0022539351	        0.0004448522	        0.0069536043	        0.0006720097	        0.0018779037	        0.0002156284	        0.0000331955
        0.5236952751	        1.1233888338	        0.7802642221	       -0.0311071158	       21.9143259331	        0.0004741958	        0.0031652589	        0.0022985783	        0.0004575873	        0.0062551663	        0.0005415505	        0.0018935666	        0.0002308484	        0.0000329280
        0.5722565058	        1.1356668619	        0.7705517060	       -0.0280082362	       21.5321969457	        0.0004864537	        0.0035973248	        0.0023403350	        0.0004694604	        0.0056567071	        0.0004377842	        0.0019155502	        0.0002464114	        0.0000325408
        0.6233861842	        1.1454360057	        0.7602554980	       -0.0273370664	       21.1293828226	        0.0004986145	        0.0040979547	        0.0023871683	        0.0004814361	        0.0051688225	        0.0003581768	        0.0019449864	        0.0002623499	        0.0000321287
        0.6768894010	        1.1528534636	        0.7494347376	       -0.0295548537	       20.7074133365	        0.0005119281	        0.0046513471	        0.0024439037	        0.0004946863	        0.0047933894	        0.0002994997	        0.0019810341	        0.0002790182	        0.0000318490
        0.7325164896	        1.1581466234	        0.7381470651	       -0.0341231472	       20.2674294569	        0.0005273717	        0.0052216685	        0.0025112130	        0.0005103165	        0.0045250967	        0.0002583086	        0.0020215986	        0.0002971203	        0.0000319010
        0.7899653716	        1.1615581649	        0.7264338348	       -0.0408576911	       19.8110277258	        0.0005462498	        0.0057564943	        0.0025864989	        0.0005292668	        0.0043548077	        0.0002314651	        0.0020642886	        0.0003176496	        0.0000325011
        0.8488864424	        1.1632974170	        0.7143093300	       -0.0495146344	       19.3405629709	        0.0005697489	        0.0061979648	        0.0026656246	        0.0005523729	        0.0042730402	        0.0002165000	        0.0021071450	        0.0003417587	        0.0000338667
        0.9088899606	        1.1635105991	        0.7017620627	       -0.0593672549	       18.8577322128	        0.0005983887	        0.0064981985	        0.0027452833	        0.0005803043	        0.0042723695	        0.0002117635	        0.0021489766	        0.0003705839	        0.0000362084
        0.9695556872	        1.1622706232	        0.6887715343	       -0.0699210084	       18.3658036182	        0.0006330254	        0.0066325023	        0.0028243134	        0.0006139814	        0.0043484672	        0.0002164196	        0.0021893953	        0.0004051070	        0.0000397343
        1.0304443128	        1.1595818730	        0.6753049388	       -0.0813807676	       17.8674965108	        0.0006743947	        0.0066046773	        0.0028934551	        0.0006525189	        0.0044999983	        0.0002303591	        0.0022286956	        0.0004457715	        0.0000446173
        1.0911100394	        1.1553956312	        0.6613256832	       -0.0921401372	       17.3664373927	        0.0007215284	        0.0064426223	        0.0029553795	        0.0006958003	        0.0047276956	        0.0002540726	        0.0022676561	        0.0004924060	        0.0000509901
        1.1511135576	        1.1496331274	        0.6468612363	       -0.1006786360	       16.8671796508	        0.0007727598	        0.0061871157	        0.0030230757	        0.0007442182	        0.0050328960	        0.0002884946	        0.0023072677	        0.0005439413	        0.0000588946
        1.2100346284	        1.1422128579	        0.6320155199	       -0.1074685867	       16.3697140315	        0.0008275752	        0.0058795483	        0.0030971004	        0.0007958976	        0.0054158681	        0.0003348224	        0.0023483717	        0.0005984606	        0.0000682501
        1.2674835104	        1.1330771505	        0.6169244932	       -0.1121032247	       15.8806699847	        0.0008831843	        0.0055531247	        0.0031754352	        0.0008494375	        0.0058743622	        0.0003943264	        0.0023912446	        0.0006540306	        0.0000789271
        1.3231105990	        1.1222115930	        0.6017382281	       -0.1142320873	       15.4008198348	        0.0009394324	        0.0052290979	        0.0032533187	        0.0009032064	        0.0064028460	        0.0004681919	        0.0024352429	        0.0007088000	        0.0000907460
        1.3766138158	        1.1096521892	        0.5866014692	       -0.1126336158	       14.9344364552	        0.0009946088	        0.0049174092	        0.0033235390	        0.0009552210	        0.0069926841	        0.0005574383	        0.0024786476	        0.0007610340	        0.0001034821
        1.4277434942	        1.0954794156	        0.5716442856	       -0.1063332425	       14.4809914721	        0.0010446501	        0.0046197705	        0.0033775902	        0.0010031678	        0.0076331386	        0.0006629376	        0.0025187854	        0.0008092111	        0.0001168870
        1.4763047249	        1.0798030489	        0.5569760090	       -0.0946286363	       14.0444331113	        0.0010871622	        0.0043333190	        0.0034071003	        0.0010447422	        0.0083127410	        0.0007855144	        0.0025523831	        0.0008522091	        0.0001307307
        1.5221573100	        1.0627438763	        0.5426819602	       -0.0787680955	       13.6256592238	        0.0011222791	        0.0040536597	        0.0034044566	        0.0010780629	        0.0090205316	        0.0009260786	        0.0025760234	        0.0008894317	        0.0001448441
        1.5652136297	        1.0444174991	        0.5288153346	       -0.0590596849	       13.2254323240	        0.0011492638	        0.0037768702	        0.0033642053	        0.0011020276	        0.0097468390	        0.0010857430	        0.0025865678	        0.0009208470	        0.0001591462
        1.6054348249	        1.0249228620	        0.5154006413	       -0.0356611727	       12.8441211350	        0.0011672840	        0.0035004904	        0.0032834702	        0.0011159957	        0.0104835340	        0.0012658936	        0.0025814627	        0.0009467761	        0.0001736264
        1.6428257449	        1.0043357509	        0.5024391287	       -0.0077651357	       12.4816762280	        0.0011752691	        0.0032237821	        0.0031620829	        0.0011195710	        0.0112238552	        0.0014682019	        0.0025589087	        0.0009677276	        0.0001883270
        1.6774291124	        0.9827062351	        0.4899173133	        0.0242153169	       12.1390489602	        0.0011728568	        0.0029475449	        0.0030024622	        0.0011126063	        0.0119619618	        0.0016945781	        0.0025179128	        0.0009843751	        0.0002033520
        1.7093193206	        0.9600587383	        0.4778098738	        0.0583667874	       11.8165249018	        0.0011614417	        0.0026737310	        0.0028092642	        0.0010955178	        0.0126923429	        0.0019470668	        0.0024582575	        0.0009976341	        0.0002189006
        1.7385962156	        0.9363936759	        0.4660786118	        0.0922688590	       11.5118351687	        0.0011419903	        0.0024050039	        0.0025889782	        0.0010693940	        0.0134091638	        0.0022276795	        0.0023804208	        0.0010086865	        0.0002352946
        1.7653791443	        0.9116899562	        0.4546715472	        0.1235370927	       11.2250093086	        0.0011166353	        0.0021443225	        0.0023492956	        0.0010357870	        0.0141055926	        0.0025381502	        0.0022854722	        0.0010189084	        0.0002529847
        1.7898014704	        0.8859079731	        0.4435230000	        0.1500860650	       10.9571314017	        0.0010870721	        0.0018945963	        0.0020985068	        0.0009964511	        0.0147731236	        0.0028795961	        0.0021749620	        0.0010297733	        0.0002725474
        1.8120056873	        0.8589929917	        0.4325545505	        0.1692449499	       10.7069485543	        0.0010555467	        0.0016584272	        0.0018448556	        0.0009531561	        0.0154009117	        0.0032520611	        0.0020508151	        0.0010427661	        0.0002946818
        1.8321391985	        0.8308790386	        0.4216745631	        0.1779706217	       10.4728245492	        0.0010243534	        0.0014379419	        0.0015959721	        0.0009075805	        0.0159751394	        0.0036539227	        0.0019152344	        0.0010593030	        0.0003202027
        1.8503507799	        0.8014935697	        0.4107770258	        0.1726712567	       10.2543600351	        0.0009957610	        0.0012347016	        0.0013584250	        0.0008611835	        0.0164784694	        0.0040811604	        0.0017706180	        0.0010806176	        0.0003500155
        1.8667877045	        0.7707632742	        0.3997396968	        0.1494605416	       10.0524881889	        0.0009719974	        0.0010496756	        0.0011374273	        0.0008150616	        0.0168896797	        0.0045265166	        0.0016194888	        0.0011075798	        0.0003850537
        1.8815934821	        0.7386214100	        0.3884227177	        0.1044511570	        9.8647887823	        0.0009551165	        0.0008832620	        0.0009367446	        0.0007698165	        0.0171836390	        0.0049786450	        0.0014644375	        0.0011404239	        0.0004261551
        1.8949061510	        0.7050170055	        0.3766689153	        0.0335024138	        9.6919225166	        0.0009467193	        0.0007353421	        0.0007586479	        0.0007254028	        0.0173318501	        0.0054214364	        0.0013080749	        0.0011783536	        0.0004738427
        1.9068570493	        0.6699260833	        0.3643069391	       -0.0685837620	        9.5315009816	        0.0009482046	        0.0006053554	        0.0006041214	        0.0006811867	        0.0173038379	        0.0058338288	        0.0011529890	        0.0012191082	        0.0005280153
        1.9175699947	        0.6333647257	        0.3511589958	       -0.2052957727	        9.3847813373	        0.0009607513	        0.0004923875	        0.0004730720	        0.0006360263	        0.0170696619	        0.0061905155	        0.0010017023	        0.0012585483	        0.0005875468
        1.9271607996	        0.5954032647	        0.3370594340	       -0.3811572042	        9.2501108887	        0.0009852687	        0.0003952613	        0.0003645533	        0.0005886060	        0.0166037161	        0.0064639910	        0.0008566215	        0.0012905465	        0.0006499238
        1.9357370589	        0.5561802395	        0.3218822307	       -0.6003878667	        9.1263602161	        0.0010223857	        0.0003126295	        0.0002770083	        0.0005381519	        0.0158897008	        0.0066282136	        0.0007199745	        0.0013076101	        0.0007111818
        1.9433981504	        0.5159142117	        0.3055763906	       -0.8608665938	        9.0142685033	        0.0010715045	        0.0002430631	        0.0002083898	        0.0004850739	        0.0149261810	        0.0066637403	        0.0005937317	        0.0013024033	        0.0007663788
        1.9502353978	        0.4749112383	        0.2882018939	       -1.1660841177	        8.9114001453	        0.0011329410	        0.0001851326	        0.0001561720	        0.0004312779	        0.0137315788	        0.0065635207	        0.0004795146	        0.0012698622	        0.0008106514
        1.9563323538	        0.4335660390	        0.2699312746	       -1.5084793661	        8.8181213079	        0.0012048995	        0.0001374820	        0.0001173928	        0.0003793801	        0.0123469864	        0.0063378551	        0.0003785034	        0.0012087583	        0.0008403503
        1.9617651675	        0.3923553498	        0.2510191243	       -1.8856068734	        8.7331790546	        0.0012867451	        0.0000988849	        0.0000888051	        0.0003309353	        0.0108351324	        0.0060166946	        0.0002913606	        0.0011216001	        0.0008534914
        1.9666030060	        0.3518219385	        0.2317390573	       -2.2882227487	        8.6561027556	        0.0013764188	        0.0000682757	        0.0000673210	        0.0002854132	        0.0092744170	        0.0056478782	        0.0002181891	        0.0010133835	        0.0008495491
        1.9709085097	        0.3125468555	        0.2123392493	       -2.7044369556	        8.5868633948	        0.0014713026	        0.0000447414	        0.0000505645	        0.0002410683	        0.0077482447	        0.0052911304	        0.0001585370	        0.0008905091	        0.0008292291
        1.9747382607	        0.2753806544	        0.1930392012	       -3.1302564097	        8.5239486591	        0.0015704009	        0.0000320458	        0.0000372243	        0.0001974668	        0.0063437295	        0.0050130645	        0.0001118286	        0.0007604318	        0.0007946579
        1.9781432525	        0.2409714283	        0.1740459515	       -3.5600764914	        8.4667479650	        0.0016723626	        0.0000225044	        0.0000267119	        0.0001560197	        0.0051018244	        0.0048322824	        0.0000766696	        0.0006310519	        0.0007494207
        1.9811693494	        0.2093954724	        0.1555608441	       -3.9847108170	        8.4150754875	        0.0017748510	        0.0000151743	        0.0000186762	        0.0001188287	        0.0040319787	        0.0047532436	        0.0000509885	        0.0005095039	        0.0006981884
        1.9838577298	        0.1806315524	        0.1377697979	       -4.3933929729	        8.3688602129	        0.0018750377	        0.0000097985	        0.0000127531	        0.0000874651	        0.0031316763	        0.0047721027	        0.0000328122	        0.0004009755	        0.0006456490
        1.9862453073	        0.1546035102	        0.1208279699	       -4.7830946403	        8.3276111309	        0.0019718999	        0.0000060488	        0.0000085253	        0.0000624115	        0.0023900121	        0.0048788627	        0.0000203748	        0.0003081878	        0.0005947383
        1.9883651267	        0.1311835502	        0.1048484867	       -5.1548627622	        8.2906566907	        0.0020653885	        0.0000035638	        0.0000055771	        0.0000432066	        0.0017905927	        0.0050599435	        0.0000121646	        0.0002316177	        0.0005474097
        1.9902467340	        0.1102036451	        0.0899006485	       -5.5074206519	        8.2574737740	        0.0021549114	        0.0000019985	        0.0000035542	        0.0000289231	        0.0013144800	        0.0053004829	        0.0000069495	        0.0001701857	        0.0005058553
        1.9919165179	        0.0914711241	        0.0760156799	       -5.8376737154	        8.2276532483	        0.0022394677	        0.0000010616	        0.0000021880	        0.0000185857	        0.0009425207	        0.0055859896	        0.0000037731	        0.0001220125	        0.0004721761
        1.9933980257	        0.0747837520	        0.0631949648	       -6.1439022020	        8.2008514624	        0.0023184368	        0.0000005298	        0.0000012857	        0.0000113391	        0.0006568253	        0.0059032988	        0.0000019277	        0.0000849764	        0.0004481069
        1.9947122508	        0.0599414241	        0.0514175713	       -6.4256211710	        8.1767706888	        0.0023915413	        0.0000002451	        0.0000007097	        0.0000064686	        0.0004415003	        0.0062409866	        0.0000009134	        0.0000570412	        0.0004350920
        1.9958778967	        0.0467537749	        0.0406464172	       -6.6831804515	        8.1551478900	        0.0024587447	        0.0000001028	        0.0000003599	        0.0000033763	        0.0002828708	        0.0065894469	        0.0000003925	        0.0000364129	        0.0004345310
        1.9969116151	        0.0350443088	        0.0308332013	       -6.9174764521	        8.1357473963	        0.0025201746	        0.0000000378	        0.0000001620	        0.0000015593	        0.0001694141	        0.0069407935	        0.0000001475	        0.0000215931	        0.0004481628
        1.9978282231	        0.0246520729	        0.0219223424	       -7.1297457887	        8.1183560911	        0.0025760679	        0.0000000114	        0.0000000610	        0.0000006006	        0.0000915590	        0.0072886920	        0.0000000454	        0.0000113752	        0.0004787401
        1.9986408981	        0.0154318053	        0.0138541126	       -7.3214187042	        8.1027801815	        0.0026267291	        0.0000000025	        0.0000000169	        0.0000001700	        0.0000414390	        0.0076281717	        0.0000000100	        0.0000048155	        0.0005315290
        1.9993613540	        0.0072532385	        0.0065670877	       -7.4940161185	        8.0888429519	        0.0026725016	        0.0000000003	        0.0000000024	        0.0000000242	        0.0000126456	        0.0079554433	        0.0000000011	        0.0000011962	        0.0006188071
        2.0000000000	        0.0000000000	        0.0000000000	       -7.6490784476	        8.0763831161	        0.0027137462	        0.0000000000	        0.0000000000	        0.0000000000	        0.0000000000	        0.0082677297	        0.0000000000	        0.0000000000	        0.0007821062
