        0.0000000000	        0.0000000000	        1.0000000000	        6.6239370761	        0.0000000000	        0.0000000000	        0.0000000000	        0.0000000000	        0.0000000000	        0.0000000000	        0.0070930286	        0.0000000000	        0.0000000000	        0.0048741881
        0.0006386460	        0.0067163277	        0.9962977912	        6.2656339929	        0.0000000000	        0.0000000000	        0.0000000002	        0.0000000002	        0.0000000010	        0.0000083898	        0.0068786014	        0.0000000005	        0.0000057653	        0.0037609827
        0.0013591019	        0.0142889910	        0.9922228646	        5.8818157482	        0.0000000000	        0.0000000000	        0.0000000014	        0.0000000017	        0.0000000095	        0.0000276111	        0.0066504682	        0.0000000048	        0.0000229379	        0.0031110456
        0.0021717769	        0.0228256218	        0.9877477139	        5.4738825170	        0.0000000000	        0.0000000000	        0.0000000067	        0.0000000069	        0.0000000378	        0.0000612969	        0.0064097866	        0.0000000219	        0.0000535395	        0.0026521953
        0.0030883849	        0.0324468322	        0.9828440704	        5.0442780731	        0.0000000000	        0.0000000000	        0.0000000226	        0.0000000200	        0.0000001054	        0.0001140089	        0.0061583755	        0.0000000723	        0.0001002357	        0.0023013109
        0.0041221033	        0.0432874666	        0.9774827190	        4.5966794770	        0.0000000000	        0.0000000000	        0.0000000625	        0.0000000475	        0.0000002426	        0.0001914337	        0.0058988629	        0.0000001958	        0.0001663385	        0.0020209318
        0.0052877492	        0.0554977220	        0.9716331021	        4.1361491131	        0.0000000000	        0.0000000000	        0.0000001515	        0.0000001004	        0.0000004958	        0.0003006089	        0.0056348526	        0.0000004640	        0.0002558765	        0.0017906725
        0.0066019743	        0.0692439015	        0.9652626646	        3.6691947851	        0.0000000000	        0.0000000000	        0.0000003341	        0.0000001971	        0.0000009396	        0.0004501740	        0.0053711114	        0.0000009988	        0.0003736967	        0.0015980991
        0.0080834821	        0.0847083992	        0.9583359445	        3.2036496992	        0.0000000000	        0.0000000000	        0.0000006847	        0.0000003700	        0.0000017007	        0.0006506300	        0.0051137671	        0.0000019975	        0.0005255877	        0.0014350183
        0.0097532660	        0.1020882757	        0.9508135381	        2.7482332440	        0.0000000000	        0.0000000000	        0.0000013226	        0.0000006799	        0.0000030096	        0.0009145715	        0.0048705010	        0.0000037655	        0.0007184111	        0.0012957228
        0.0116348733	        0.1215915230	        0.9426513380	        2.3115778320	        0.0000000000	        0.0000000000	        0.0000024288	        0.0000012449	        0.0000053051	        0.0012568082	        0.0046506894	        0.0000067573	        0.0009602113	        0.0011760774
        0.0137546927	        0.1434299499	        0.9338009461	        1.9009040580	        0.0000000000	        0.0000000000	        0.0000042630	        0.0000023027	        0.0000094413	        0.0016942377	        0.0044654091	        0.0000116219	        0.0012602307	        0.0010730398
        0.0161422702	        0.1678078483	        0.9242131184	        1.5236060186	        0.0000000000	        0.0000000000	        0.0000071722	        0.0000043315	        0.0000170655	        0.0022452483	        0.0043271634	        0.0000192478	        0.0016286494	        0.0009845076
        0.0188306506	        0.1949066401	        0.9138483641	        1.1844648442	        0.0000000000	        0.0000000000	        0.0000115810	        0.0000082748	        0.0000312223	        0.0029283937	        0.0042491332	        0.0000307978	        0.0020756515	        0.0009095068
        0.0218567475	        0.2248676954	        0.9027004333	        0.8870678524	        0.0000000000	        0.0000000000	        0.0000179561	        0.0000159132	        0.0000570628	        0.0037601578	        0.0042437676	        0.0000477213	        0.0026090688	        0.0008483277
        0.0252617393	        0.2577776335	        0.8908391302	        0.6338981835	        0.0000000000	        0.0000000000	        0.0000267508	        0.0000304102	        0.0001020748	        0.0047519231	        0.0043206709	        0.0000717361	        0.0032295876	        0.0008008758
        0.0290914903	        0.2936606378	        0.8784704306	        0.4250178024	        0.0000000000	        0.0000000000	        0.0000383539	        0.0000570427	        0.0001746550	        0.0059067132	        0.0044840436	        0.0001047778	        0.0039231618	        0.0007639736
        0.0333969940	        0.3324791485	        0.8659851615	        0.2573377372	        0.0000000000	        0.0000000000	        0.0000530768	        0.0001040404	        0.0002798459	        0.0072166123	        0.0047302826	        0.0001489270	        0.0046536801	        0.0007320257
        0.0382348325	        0.3738013282	        0.8539302078	        0.1266521388	        0.0000000000	        0.0000000000	        0.0000776561	        0.0001831556	        0.0004134939	        0.0086519561	        0.0050468661	        0.0002059019	        0.0053650528	        0.0006990783
        0.0436676462	        0.4167247106	        0.8428475596	        0.0272391470	        0.0000000000	        0.0000000000	        0.0001144691	        0.0003086741	        0.0005596282	        0.0101381628	        0.0053861372	        0.0002764291	        0.0060007159	        0.0006616005
        0.0497646022	        0.4604247857	        0.8330705131	       -0.0472217448	        0.0000000000	        0.0000000000	        0.0001616170	        0.0004955357	        0.0006985405	        0.0115799958	        0.0056845524	        0.0003606221	        0.0065286785	        0.0006200896
        0.0566018496	        0.5042599660	        0.8246521182	       -0.1027080840	        0.0000000000	        0.0000000000	        0.0002205525	        0.0007572719	        0.0008178674	        0.0128916330	        0.0058914979	        0.0004581493	        0.0069483374	        0.0005776111
        0.0642629411	        0.5476602211	        0.8174434978	       -0.1442358658	        0.0000000000	        0.0000000000	        0.0002928844	        0.0011034365	        0.0009150852	        0.0140037210	        0.0059747679	        0.0005680037	        0.0072782432	        0.0005372211
        0.0728392004	        0.5901554304	        0.8112127507	       -0.1754663230	        0.0000000000	        0.0000000000	        0.0003803282	        0.0015380888	        0.0009939144	        0.0148715173	        0.0059234241	        0.0006885783	        0.0075415691	        0.0005006981
        0.0824300053	        0.6313877962	        0.8057262108	       -0.1987080490	        0.0000000000	        0.0000000000	        0.0004846283	        0.0020595150	        0.0010599214	        0.0154765463	        0.0057455208	        0.0008177894	        0.0077584283	        0.0004686172
        0.0931429507	        0.6711103872	        0.8007826704	       -0.2151579436	        0.0000000000	        0.0000000000	        0.0006074633	        0.0026608988	        0.0011181114	        0.0158230691	        0.0054623997	        0.0009532134	        0.0079440071	        0.0004408496
        0.1050938490	        0.7091754976	        0.7962196405	       -0.2254127865	        0.0000000000	        0.0000000000	        0.0007503364	        0.0033314171	        0.0011722037	        0.0159317537	        0.0051019680	        0.0010922133	        0.0081091938	        0.0004169721
        0.1184065179	        0.7455171077	        0.7919083243	       -0.2299181915	        0.0000000000	        0.0000000000	        0.0009144592	        0.0040573111	        0.0012246700	        0.0158328289	        0.0046929130	        0.0012320423	        0.0082617461	        0.0003964956
        0.1332122955	        0.7801312644	        0.7877458628	       -0.2291364875	        0.0000000000	        0.0000000000	        0.0011006354	        0.0048226969	        0.0012769836	        0.0155602310	        0.0042608067	        0.0013699243	        0.0084073029	        0.0003789678
        0.1496492201	        0.8130571280	        0.7836481386	       -0.2236074550	        0.0000000000	        0.0000000000	        0.0013091546	        0.0056100804	        0.0013298647	        0.0151473925	        0.0038261593	        0.0015031192	        0.0085501164	        0.0003640067
        0.1678608015	        0.8443602504	        0.7795439838	       -0.2138920038	        0.0000000000	        0.0000000000	        0.0015397094	        0.0064006700	        0.0013834662	        0.0146246874	        0.0034039771	        0.0016289814	        0.0086935478	        0.0003513056
        0.1879943127	        0.8741186671	        0.7753707801	       -0.2004404307	        0.0000000000	        0.0000000000	        0.0017913517	        0.0071746288	        0.0014374862	        0.0140182234	        0.0030042459	        0.0017450211	        0.0088403974	        0.0003406256
        0.2101985296	        0.9024117224	        0.7710712616	       -0.1841309046	        0.0000000000	        0.0000000000	        0.0020625105	        0.0079114052	        0.0014912926	        0.0133495849	        0.0026328462	        0.0018489757	        0.0089931265	        0.0003317862
        0.2346208557	        0.9293111797	        0.7665908759	       -0.1659788918	        0.0000000000	        0.0000000000	        0.0023510964	        0.0085902516	        0.0015440754	        0.0126361722	        0.0022925693	        0.0019388967	        0.0091540084	        0.0003246558
        0.2614037844	        0.9548740462	        0.7618755691	       -0.1467952037	        0.0000000000	        0.0000000000	        0.0026547219	        0.0091910065	        0.0015949354	        0.0118918794	        0.0019840498	        0.0020132534	        0.0093252291	        0.0003191443
        0.2906806794	        0.9791365926	        0.7568700616	       -0.1275286294	        0.0000000000	        0.0000000000	        0.0029710680	        0.0096951806	        0.0016429787	        0.0111279440	        0.0017065402	        0.0020710543	        0.0095089493	        0.0003151968
        0.3225708876	        1.0021092374	        0.7515162369	       -0.1089445343	        0.0000000000	        0.0000000000	        0.0032984177	        0.0100873496	        0.0016874147	        0.0103538774	        0.0014585123	        0.0021119812	        0.0097073294	        0.0003127880
        0.3571742551	        1.0237723132	        0.7457519236	       -0.0913493759	        0.0000000000	        0.0000000000	        0.0036363575	        0.0103568144	        0.0017275474	        0.0095784192	        0.0012381039	        0.0021365209	        0.0099225088	        0.0003119175
        0.3945651751	        1.0440732534	        0.7395107017	       -0.0747564068	        0.0000000000	        0.0000000000	        0.0039865970	        0.0104994127	        0.0017627124	        0.0088104672	        0.0010434314	        0.0021460736	        0.0101565280	        0.0003126039
        0.4347863703	        1.0629264576	        0.7327232765	       -0.0598027166	        0.0000000000	        0.0000000000	        0.0043537669	        0.0105192488	        0.0017924254	        0.0080598923	        0.0008727856	        0.0021429933	        0.0104111879	        0.0003148802
        0.4778426900	        1.0802178635	        0.7253197426	       -0.0471227398	        0.0000000000	        0.0000000000	        0.0047458969	        0.0104299430	        0.0018166244	        0.0073380757	        0.0007247178	        0.0021305040	        0.0106878268	        0.0003187870
        0.5236952751	        1.0958165954	        0.7172340420	       -0.0367405302	        0.0000000000	        0.0000000000	        0.0051740685	        0.0102548135	        0.0018356585	        0.0066579313	        0.0005980146	        0.0021124282	        0.0109870037	        0.0003243657
        0.5722565058	        1.1095950282	        0.7084124779	       -0.0289819518	        0.0000000000	        0.0000000000	        0.0056505330	        0.0100252943	        0.0018503360	        0.0060331719	        0.0004915706	        0.0020926999	        0.0113081405	        0.0003316526
        0.6233861842	        1.1214552756	        0.6988241213	       -0.0249700725	        0.0000000000	        0.0000000000	        0.0061846078	        0.0097771497	        0.0018623002	        0.0054767746	        0.0004041997	        0.0020747255	        0.0116492578	        0.0003406776
        0.6768894010	        1.1313549909	        0.6884684255	       -0.0248607292	        0.0000000000	        0.0000000000	        0.0067762374	        0.0095448771	        0.0018739603	        0.0049990131	        0.0003344647	        0.0020607815	        0.0120069322	        0.0003514688
        0.7325164896	        1.1393218008	        0.6773803000	       -0.0274202186	        0.0000000000	        0.0000000000	        0.0074084646	        0.0093557810	        0.0018876440	        0.0046058406	        0.0002806195	        0.0020517028	        0.0123766062	        0.0003640625
        0.7899653716	        1.1454481355	        0.6656319593	       -0.0332876977	        0.0000000000	        0.0000000000	        0.0080418868	        0.0092257988	        0.0019055227	        0.0042984296	        0.0002407104	        0.0020470120	        0.0127533705	        0.0003785210
        0.8488864424	        1.1498668939	        0.6533193499	       -0.0436090823	        0.0000000000	        0.0000000000	        0.0086152938	        0.0091586933	        0.0019301696	        0.0040741302	        0.0002127984	        0.0020454128	        0.0131329377	        0.0003949478
        0.9088899606	        1.1527171135	        0.6405403273	       -0.0554597684	        0.0000000000	        0.0000000000	        0.0090555471	        0.0091487792	        0.0019633618	        0.0039283876	        0.0001952089	        0.0020453954	        0.0135121340	        0.0004134776
        0.9695556872	        1.1541111707	        0.6273923665	       -0.0666675368	        0.0000000000	        0.0000000000	        0.0092957791	        0.0091858367	        0.0020151244	        0.0038568200	        0.0001867297	        0.0020457245	        0.0138888960	        0.0004342516
        1.0304443128	        1.1541111707	        0.6138420359	       -0.0794055580	        0.0000000000	        0.0000000000	        0.0092957791	        0.0090693413	        0.0020633936	        0.0038568200	        0.0001867297	        0.0020457245	        0.0142625288	        0.0004574633
        1.0911100394	        1.1527171135	        0.5997034047	       -0.0943152230	        0.0000000000	        0.0000000000	        0.0090555471	        0.0088048443	        0.0021081737	        0.0039283876	        0.0001952089	        0.0020453954	        0.0146328945	        0.0004834384
        1.1511135576	        1.1498668939	        0.5849152954	       -0.1082115118	        0.0000000000	        0.0000000000	        0.0086152938	        0.0085935190	        0.0021724003	        0.0040741302	        0.0002127984	        0.0020454128	        0.0149917218	        0.0005120994
        1.2100346284	        1.1454481355	        0.5696055335	       -0.1173277848	        0.0000000000	        0.0000000000	        0.0080418868	        0.0084451465	        0.0022436817	        0.0042984296	        0.0002407104	        0.0020470120	        0.0153218047	        0.0005427109
        1.2674835104	        1.1393218008	        0.5539655789	       -0.1224168146	        0.0000000000	        0.0000000000	        0.0074084646	        0.0083643857	        0.0023189504	        0.0046058406	        0.0002806195	        0.0020517028	        0.0156068951	        0.0005743582
        1.3231105990	        1.1313549909	        0.5382260160	       -0.1257988107	        0.0000000000	        0.0000000000	        0.0067762374	        0.0083470596	        0.0023959511	        0.0049990131	        0.0003344647	        0.0020607815	        0.0158347389	        0.0006060930
        1.3766138158	        1.1214552756	        0.5226142062	       -0.1245901940	        0.0000000000	        0.0000000000	        0.0061846078	        0.0083787940	        0.0024720716	        0.0054767746	        0.0004041997	        0.0020747255	        0.0159987568	        0.0006370786
        1.4277434942	        1.1095950282	        0.5073333409	       -0.1163166753	        0.0000000000	        0.0000000000	        0.0056505330	        0.0084365710	        0.0025430994	        0.0060331719	        0.0004915706	        0.0020926999	        0.0160981302	        0.0006666993
        1.4763047249	        1.0958165954	        0.4925468098	       -0.1010732242	        0.0000000000	        0.0000000000	        0.0051740685	        0.0084926069	        0.0026045266	        0.0066579313	        0.0005980146	        0.0021124282	        0.0161369063	        0.0006946234
        1.5221573100	        1.0802178635	        0.4783667753	       -0.0810490753	        0.0000000000	        0.0000000000	        0.0047458969	        0.0085191190	        0.0026531583	        0.0073380757	        0.0007247178	        0.0021305040	        0.0161223682	        0.0007207995
        1.5652136297	        1.0629264576	        0.4648509267	       -0.0542764016	        0.0000000000	        0.0000000000	        0.0043537669	        0.0084924161	        0.0026867540	        0.0080598923	        0.0008727856	        0.0021429933	        0.0160630951	        0.0007453860
        1.6054348249	        1.0440732534	        0.4520185104	       -0.0198363927	        0.0000000000	        0.0000000000	        0.0039865970	        0.0083953365	        0.0027032454	        0.0088104672	        0.0010434314	        0.0021460736	        0.0159675005	        0.0007686700
        1.6428257449	        1.0237723132	        0.4398629992	        0.0228327478	        0.0000000000	        0.0000000000	        0.0036363575	        0.0082179545	        0.0027011232	        0.0095784192	        0.0012381039	        0.0021365209	        0.0158431519	        0.0007910150
        1.6774291124	        1.0021092374	        0.4283615790	        0.0731396425	        0.0000000000	        0.0000000000	        0.0032984177	        0.0079570777	        0.0026796792	        0.0103538774	        0.0014585123	        0.0021119812	        0.0156965575	        0.0008128338
        1.7093193206	        0.9791365926	        0.4174800907	        0.1299398063	        0.0000000000	        0.0000000000	        0.0029710680	        0.0076151332	        0.0026391803	        0.0111279440	        0.0017065402	        0.0020710543	        0.0155331636	        0.0008345762
        1.7385962156	        0.9548740462	        0.4071756610	        0.1924689051	        0.0000000000	        0.0000000000	        0.0026547219	        0.0071988828	        0.0025806732	        0.0118918794	        0.0019840498	        0.0020132534	        0.0153574028	        0.0008567249
        1.7653791443	        0.9293111797	        0.3973988502	        0.2584598830	        0.0000000000	        0.0000000000	        0.0023510964	        0.0067182032	        0.0025059029	        0.0126361722	        0.0022925693	        0.0019388967	        0.0151727561	        0.0008797958
        1.7898014704	        0.9024117224	        0.3880932638	        0.3243257147	        0.0000000000	        0.0000000000	        0.0020625105	        0.0061850430	        0.0024174272	        0.0133495849	        0.0026328462	        0.0018489757	        0.0149817939	        0.0009043432
        1.8120056873	        0.8741186671	        0.3791938276	        0.3862596834	        0.0000000000	        0.0000000000	        0.0017913517	        0.0056125928	        0.0023184284	        0.0140182234	        0.0030042459	        0.0017450211	        0.0147861518	        0.0009309633
        1.8321391985	        0.8443602504	        0.3706250360	        0.4415644332	        0.0000000000	        0.0000000000	        0.0015397094	        0.0050146624	        0.0022122095	        0.0146246874	        0.0034039771	        0.0016289814	        0.0145864414	        0.0009602956
        1.8503507799	        0.8130571280	        0.3622997996	        0.4867457364	        0.0000000000	        0.0000000000	        0.0013091546	        0.0044052316	        0.0021018306	        0.0151473925	        0.0038261593	        0.0015031192	        0.0143821154	        0.0009930266
        1.8667877045	        0.7801312644	        0.3541166756	        0.5177998892	        0.0000000000	        0.0000000000	        0.0011006354	        0.0037981395	        0.0019899506	        0.0155602310	        0.0042608067	        0.0013699243	        0.0141712628	        0.0010298935
        1.8815934821	        0.7455171077	        0.3459555177	        0.5311341903	        0.0000000000	        0.0000000000	        0.0009144592	        0.0032068659	        0.0018785218	        0.0158328289	        0.0046929130	        0.0012320423	        0.0139502647	        0.0010716775
        1.8949061510	        0.7091754976	        0.3376717569	        0.5233766502	        0.0000000000	        0.0000000000	        0.0007503364	        0.0026443271	        0.0017684149	        0.0159317537	        0.0051019680	        0.0010922133	        0.0137132319	        0.0011191720
        1.9068570493	        0.6711103872	        0.3290887731	        0.4907181184	        0.0000000000	        0.0000000000	        0.0006074633	        0.0021225921	        0.0016590868	        0.0158230691	        0.0054623997	        0.0009532134	        0.0134511197	        0.0011730944
        1.9175699947	        0.6313877962	        0.3199881972	        0.4298239031	        0.0000000000	        0.0000000000	        0.0004846283	        0.0016524192	        0.0015481860	        0.0154765463	        0.0057455208	        0.0008177894	        0.0131503929	        0.0012338793
        1.9271607996	        0.5901554304	        0.3101006577	        0.3369672322	        0.0000000000	        0.0000000000	        0.0003803282	        0.0012425463	        0.0014312086	        0.0148715173	        0.0059234241	        0.0006885783	        0.0127912121	        0.0013012586
        1.9357370589	        0.5476602211	        0.2991024576	        0.2079559605	        0.0000000000	        0.0000000000	        0.0002928844	        0.0008987689	        0.0013015916	        0.0140037210	        0.0059747679	        0.0005680037	        0.0123455384	        0.0013735206
        1.9433981504	        0.5042599660	        0.2866318325	        0.0421028974	        0.0000000000	        0.0000000000	        0.0002205525	        0.0006229979	        0.0011518681	        0.0128916330	        0.0058914979	        0.0004581493	        0.0117767615	        0.0014464756
        1.9502353978	        0.4604247857	        0.2723501570	       -0.1649052038	        0.0000000000	        0.0000000000	        0.0001616170	        0.0004126564	        0.0009773119	        0.0115799958	        0.0056845524	        0.0003606221	        0.0110447560	        0.0015127184
        1.9563323538	        0.4167247106	        0.2560621748	       -0.4095579608	        0.0000000000	        0.0000000000	        0.0001144691	        0.0002608403	        0.0007816084	        0.0101381628	        0.0053861372	        0.0002764291	        0.0101215759	        0.0015627589
        1.9617651675	        0.3738013282	        0.2378736636	       -0.6914572398	        0.0000000000	        0.0000000000	        0.0000776561	        0.0001574586	        0.0005806187	        0.0086519561	        0.0050468661	        0.0002059019	        0.0090165552	        0.0015896444
        1.9666030060	        0.3324791485	        0.2182706862	       -1.0040551122	        0.0000000000	        0.0000000000	        0.0000530768	        0.0000911998	        0.0003984955	        0.0072166123	        0.0047302826	        0.0001489270	        0.0077923157	        0.0015951894
        1.9709085097	        0.2936606378	        0.1980087409	       -1.3380890143	        0.0000000000	        0.0000000000	        0.0000383539	        0.0000510577	        0.0002542117	        0.0059067132	        0.0044840436	        0.0001047778	        0.0065474379	        0.0015914440
        1.9747382607	        0.2577776335	        0.1778550703	       -1.6896503064	        0.0000000000	        0.0000000000	        0.0000267508	        0.0000277980	        0.0001525723	        0.0047519231	        0.0043206709	        0.0000717361	        0.0053744333	        0.0015950073
        1.9781432525	        0.2248676954	        0.1583885670	       -2.0533832650	        0.0000000000	        0.0000000000	        0.0000179561	        0.0000148356	        0.0000876235	        0.0037601578	        0.0042437676	        0.0000477213	        0.0043308316	        0.0016201420
        1.9811693494	        0.1949066401	        0.1399566165	       -2.4203217185	        0.0000000000	        0.0000000000	        0.0000115810	        0.0000078481	        0.0000490921	        0.0029283937	        0.0042491332	        0.0000307978	        0.0034377277	        0.0016745962
        1.9838577298	        0.1678078483	        0.1227241714	       -2.7797407930	        0.0000000000	        0.0000000000	        0.0000071722	        0.0000041664	        0.0000273259	        0.0022452483	        0.0043271634	        0.0000192478	        0.0026922128	        0.0017589406
        1.9862453073	        0.1434299499	        0.1067419839	       -3.1276254209	        0.0000000000	        0.0000000000	        0.0000042630	        0.0000022395	        0.0000153014	        0.0016942377	        0.0044654091	        0.0000116219	        0.0020798552	        0.0018722571
        1.9883651267	        0.1215915230	        0.0919983970	       -3.4636093460	        0.0000000000	        0.0000000000	        0.0000024288	        0.0000012209	        0.0000086521	        0.0012568082	        0.0046506894	        0.0000067573	        0.0015826380	        0.0020154262
        1.9902467340	        0.1020882757	        0.0784506689	       -3.7852049709	        0.0000000000	        0.0000000000	        0.0000013226	        0.0000006709	        0.0000049147	        0.0009145715	        0.0048705010	        0.0000037655	        0.0011828667	        0.0021910609
        1.9919165179	        0.0847083992	        0.0660417711	       -4.0882366252	        0.0000000000	        0.0000000000	        0.0000006847	        0.0000003668	        0.0000027697	        0.0006506300	        0.0051137671	        0.0000019975	        0.0008646782	        0.0024033078
        1.9933980257	        0.0692439015	        0.0547085563	       -4.3702317329	        0.0000000000	        0.0000000000	        0.0000003341	        0.0000001959	        0.0000015214	        0.0004501740	        0.0053711114	        0.0000009988	        0.0006144067	        0.0026581738
        1.9947122508	        0.0554977220	        0.0443854012	       -4.6301925034	        0.0000000000	        0.0000000000	        0.0000001515	        0.0000001000	        0.0000007965	        0.0003006089	        0.0056348526	        0.0000004640	        0.0004204934	        0.0029643455
        1.9958778967	        0.0432874666	        0.0350059388	       -4.8681104691	        0.0000000000	        0.0000000000	        0.0000000625	        0.0000000474	        0.0000003861	        0.0001914337	        0.0058988629	        0.0000001958	        0.0002732528	        0.0033346964
        1.9969116151	        0.0324468322	        0.0265040766	       -5.0846224285	        0.0000000000	        0.0000000000	        0.0000000226	        0.0000000200	        0.0000001661	        0.0001140089	        0.0061583755	        0.0000000723	        0.0001646178	        0.0037891603
        1.9978282231	        0.0228256218	        0.0188147596	       -5.2807679972	        0.0000000000	        0.0000000000	        0.0000000067	        0.0000000069	        0.0000000588	        0.0000612969	        0.0064097866	        0.0000000219	        0.0000879108	        0.0043608103
        1.9986408981	        0.0142889910	        0.0118746164	       -5.4578200779	        0.0000000000	        0.0000000000	        0.0000000014	        0.0000000017	        0.0000000146	        0.0000276111	        0.0066504682	        0.0000000048	        0.0000376579	        0.0051108243
        1.9993613540	        0.0067163277	        0.0056225116	       -5.6171675717	        0.0000000000	        0.0000000000	        0.0000000002	        0.0000000002	        0.0000000015	        0.0000083898	        0.0068786014	        0.0000000005	        0.0000094639	        0.0061753968
        2.0000000000	        0.0000000000	        0.0000000000	       -5.7602354310	        0.0000000000	        0.0000000000	        0.0000000000	        0.0000000000	        0.0000000000	        0.0000000000	        0.0070930286	        0.0000000000	        0.0000000000	        0.0080011436
