        0.0000000000	        0.0000000000	        1.0000000000	        6.6239370761	        0.0000000000	        0.0000000000	        0.0000000000	        0.0000000000	        0.0000000000	        0.0000024448	        0.0089857423	        0.0000000000	        0.0000000000	        0.0000010976
        0.0006386460	        0.0071080163	        0.9984664018	        6.2656339929	        0.0000000000	        0.0000000000	        0.0000000000	        0.0000000002	        0.0000000005	        0.0000061213	        0.0087908822	        0.0666666667	        0.0000000013	        0.0000008617
        0.0013591019	        0.0155351635	        0.9968382393	        5.8818157482	        0.0000000000	        0.0000000000	        0.0000000000	        0.0000000020	        0.0000000043	        0.0000223915	        0.0085937499	        0.0666666667	        0.0000000052	        0.0000007502
        0.0021717769	        0.0250390480	        0.9951234236	        5.4738825170	        0.0000000000	        0.0000000000	        0.0000000000	        0.0000000079	        0.0000000161	        0.0000558652	        0.0083980855	        0.0666666667	        0.0000000123	        0.0000006952
        0.0030883849	        0.0357538147	        0.9933335156	        5.0442780731	        0.0000000000	        0.0000000000	        0.0000000000	        0.0000000219	        0.0000000410	        0.0001124194	        0.0082082531	        0.0666666667	        0.0000000234	        0.0000006741
        0.0041221033	        0.0478287348	        0.9914840393	        4.5966794770	        0.0000000000	        0.0000000000	        0.0000000000	        0.0000000496	        0.0000000845	        0.0001994837	        0.0080289460	        0.0666666667	        0.0000000395	        0.0000006753
        0.0052877492	        0.0614291793	        0.9895946083	        4.1361491131	        0.0000000000	        0.0000000000	        0.0000000000	        0.0000000994	        0.0000001525	        0.0003263690	        0.0078645760	        0.0666666667	        0.0000000620	        0.0000006908
        0.0066019743	        0.0767372881	        0.9876887870	        3.6691947851	        0.0000000000	        0.0000000000	        0.0000000000	        0.0000001848	        0.0000002519	        0.0005046362	        0.0077181533	        0.0666666667	        0.0000000920	        0.0000007147
        0.0080834821	        0.0939521101	        0.9857936229	        3.2036496992	        0.0000000000	        0.0000000000	        0.0000000000	        0.0000003285	        0.0000003918	        0.0007484923	        0.0075893728	        0.0666666667	        0.0000001314	        0.0000007416
        0.0097532660	        0.1132888821	        0.9839388131	        2.7482332440	        0.0000000000	        0.0000000000	        0.0000000000	        0.0000005712	        0.0000005866	        0.0010751926	        0.0074714772	        0.0666666667	        0.0000001817	        0.0000007670
        0.0116348733	        0.1349769622	        0.9821555024	        2.3115778320	        0.0000000000	        0.0000000000	        0.0000000000	        0.0000009882	        0.0000008575	        0.0015054016	        0.0073462669	        0.0666666667	        0.0000002447	        0.0000007867
        0.0137546927	        0.1592545927	        0.9804747147	        1.9009040580	        0.0000000000	        0.0000000000	        0.0000000000	        0.0000017206	        0.0000012359	        0.0020631219	        0.0071814535	        0.0666666667	        0.0000003219	        0.0000007967
        0.0161422702	        0.1863512098	        0.9789253448	        1.5236060186	        0.0000000000	        0.0000000000	        0.0000000000	        0.0000030390	        0.0000017658	        0.0027727010	        0.0069667846	        0.0666666667	        0.0000004147	        0.0000007938
        0.0188306506	        0.2164708174	        0.9775320760	        1.1844648442	        0.0000000000	        0.0000000000	        0.0000000000	        0.0000054576	        0.0000025007	        0.0036569807	        0.0067169922	        0.0666666667	        0.0000005240	        0.0000007761
        0.0218567475	        0.2497640740	        0.9763128973	        0.8870678524	        0.0000000000	        0.0000000000	        0.0000000000	        0.0000099081	        0.0000034830	        0.0047326216	        0.0064483310	        0.0666666667	        0.0000006504	        0.0000007450
        0.0252617393	        0.2862870140	        0.9752764146	        0.6338981835	        0.0000000000	        0.0000000000	        0.0000000000	        0.0000179722	        0.0000047146	        0.0060027326	        0.0061739844	        0.0666666667	        0.0000007961	        0.0000007059
        0.0290914903	        0.3259760578	        0.9744192541	        0.4250178024	        0.0000000000	        0.0000000000	        0.0000000000	        0.0000321385	        0.0000061478	        0.0074508440	        0.0059206725	        0.0666666667	        0.0000009680	        0.0000006667
        0.0333969940	        0.3685978592	        0.9737236455	        0.2573377372	        0.0000000000	        0.0000000000	        0.0000000000	        0.0000558341	        0.0000077312	        0.0090328379	        0.0057271972	        0.0666666667	        0.0000011831	        0.0000006410
        0.0382348325	        0.4137117063	        0.9731559535	        0.1266521388	        0.0000000000	        0.0000000000	        0.0000000000	        0.0000929413	        0.0000095623	        0.0106777796	        0.0056188413	        0.0666666667	        0.0000014724	        0.0000006465
        0.0436676462	        0.4606838055	        0.9726691985	        0.0272391470	        0.0000000000	        0.0000000000	        0.0000000000	        0.0001467909	        0.0000120725	        0.0122922189	        0.0055970692	        0.0666666667	        0.0000018812	        0.0000007022
        0.0497646022	        0.5086953967	        0.9722097015	       -0.0472217448	        0.0000000000	        0.0000000000	        0.0000000000	        0.0002191960	        0.0000160453	        0.0137721147	        0.0056351419	        0.0666666667	        0.0000024676	        0.0000008263
        0.0566018496	        0.5568057359	        0.9717243526	       -0.1027080840	        0.0000000000	        0.0000000000	        0.0000000000	        0.0003100533	        0.0000224023	        0.0150210240	        0.0056870998	        0.0666666667	        0.0000033023	        0.0000010375
        0.0642629411	        0.6040642773	        0.9711642557	       -0.1442358658	        0.0000000000	        0.0000000000	        0.0000000000	        0.0004173457	        0.0000319472	        0.0159654123	        0.0057042093	        0.0666666667	        0.0000044714	        0.0000013573
        0.0728392004	        0.6496079494	        0.9704838389	       -0.1754663230	        0.0000000000	        0.0000000000	        0.0000000000	        0.0005373699	        0.0000452479	        0.0165644041	        0.0056519226	        0.0666666667	        0.0000060805	        0.0000018117
        0.0824300053	        0.6927250676	        0.9696374481	       -0.1987080490	        0.0000000000	        0.0000000000	        0.0000000000	        0.0006653653	        0.0000626491	        0.0168145549	        0.0055151979	        0.0666666667	        0.0000082591	        0.0000024315
        0.0931429507	        0.7329314481	        0.9685755948	       -0.2151579436	        0.0000000000	        0.0000000000	        0.0000000000	        0.0007963231	        0.0000843141	        0.0167443036	        0.0052941824	        0.0666666667	        0.0000111630	        0.0000032521
        0.1050938490	        0.7699426479	        0.9672420471	       -0.2254127865	        0.0000000000	        0.0000000000	        0.0000000000	        0.0009257014	        0.0001102441	        0.0164030712	        0.0050004783	        0.0666666667	        0.0000149745	        0.0000043099
        0.1184065179	        0.8037235004	        0.9655719636	       -0.2299181915	        0.0000000000	        0.0000000000	        0.0000000000	        0.0010498810	        0.0001402619	        0.0158495131	        0.0046512627	        0.0666666667	        0.0000198968	        0.0000056386
        0.1332122955	        0.8343033702	        0.9634914882	       -0.2291364875	        0.0000000000	        0.0000000000	        0.0000000000	        0.0011671852	        0.0001741059	        0.0151493200	        0.0042629995	        0.0666666667	        0.0000261414	        0.0000072612
        0.1496492201	        0.8619614912	        0.9609185876	       -0.2236074550	        0.0000000000	        0.0000000000	        0.0000000000	        0.0012768175	        0.0002113425	        0.0143565958	        0.0038515396	        0.0666666667	        0.0000339058	        0.0000091814
        0.1678608015	        0.8869833365	        0.9577644115	       -0.2138920038	        0.0000000000	        0.0000000000	        0.0000000000	        0.0013787216	        0.0002513644	        0.0135174663	        0.0034384348	        0.0666666667	        0.0000433445	        0.0000113761
        0.1879943127	        0.9096926538	        0.9539366524	       -0.2004404307	        0.0000000000	        0.0000000000	        0.0000000000	        0.0014740823	        0.0002934410	        0.0126702678	        0.0030367012	        0.0666666667	        0.0000545355	        0.0000137882
        0.2101985296	        0.9304222448	        0.9493462392	       -0.1841309046	        0.0000000000	        0.0000000000	        0.0000000000	        0.0015652803	        0.0003369323	        0.0118478907	        0.0026576756	        0.0666666667	        0.0000674522	        0.0000163290
        0.2346208557	        0.9495350498	        0.9439105739	       -0.1659788918	        0.0000000000	        0.0000000000	        0.0000000000	        0.0016518353	        0.0003807374	        0.0110605928	        0.0023124744	        0.0666666667	        0.0000819457	        0.0000188899
        0.2614037844	        0.9674338128	        0.9375544258	       -0.1467952037	        0.0000000000	        0.0000000000	        0.0000000000	        0.0017339173	        0.0004239622	        0.0103158482	        0.0020029534	        0.0666666667	        0.0000977769	        0.0000213591
        0.2906806794	        0.9844359056	        0.9302137028	       -0.1275286294	        0.0000000000	        0.0000000000	        0.0000000000	        0.0018110519	        0.0004657132	        0.0096171672	        0.0017305897	        0.0666666667	        0.0001146445	        0.0000236404
        0.3225708876	        1.0008031685	        0.9218347592	       -0.1089445343	        0.0000000000	        0.0000000000	        0.0000000000	        0.0018817136	        0.0005053329	        0.0089604911	        0.0014921263	        0.0666666667	        0.0001322509	        0.0000256712
        0.3571742551	        1.0167207495	        0.9123648052	       -0.0913493759	        0.0000000000	        0.0000000000	        0.0000000000	        0.0019404287	        0.0005415082	        0.0083333271	        0.0012867470	        0.0666666667	        0.0001503100	        0.0000274286
        0.3945651751	        1.0324447602	        0.9017491474	       -0.0747564068	        0.0000000000	        0.0000000000	        0.0000000000	        0.0019854691	        0.0005737417	        0.0077345217	        0.0011101775	        0.0666666667	        0.0001686428	        0.0000289196
        0.4347863703	        1.0480605526	        0.8899396153	       -0.0598027166	        0.0000000000	        0.0000000000	        0.0000000000	        0.0020152754	        0.0006019304	        0.0071586551	        0.0009560725	        0.0666666667	        0.0001872098	        0.0000301754
        0.4778426900	        1.0635615761	        0.8768739078	       -0.0471227398	        0.0000000000	        0.0000000000	        0.0000000000	        0.0020221879	        0.0006247092	        0.0065921765	        0.0008232215	        0.0666666667	        0.0002060403	        0.0000312587
        0.5236952751	        1.0788466124	        0.8624668000	       -0.0367405302	        0.0000000000	        0.0000000000	        0.0000000000	        0.0020070458	        0.0006424230	        0.0060362640	        0.0007065073	        0.0666666667	        0.0002254490	        0.0000322351
        0.5722565058	        1.0939364559	        0.8466414803	       -0.0289819518	        0.0000000000	        0.0000000000	        0.0000000000	        0.0019757167	        0.0006567461	        0.0055052797	        0.0006045583	        0.0666666667	        0.0002461107	        0.0000332177
        0.6233861842	        1.1084456645	        0.8293100987	       -0.0249700725	        0.0000000000	        0.0000000000	        0.0000000000	        0.0019248263	        0.0006680032	        0.0049955761	        0.0005171884	        0.0666666667	        0.0002690593	        0.0000344030
        0.6768894010	        1.1220941328	        0.8103033157	       -0.0248607292	        0.0000000000	        0.0000000000	        0.0000000000	        0.0018499283	        0.0006767413	        0.0044978375	        0.0004418917	        0.0666666667	        0.0002959090	        0.0000360493
        0.7325164896	        1.1346214815	        0.7893542899	       -0.0274202186	        0.0000000000	        0.0000000000	        0.0000000000	        0.0017544616	        0.0006840866	        0.0040230179	        0.0003789623	        0.0666666667	        0.0003284998	        0.0000384475
        0.7899653716	        1.1455390673	        0.7661710666	       -0.0332876977	        0.0000000000	        0.0000000000	        0.0000000000	        0.0016517652	        0.0006925111	        0.0035962947	        0.0003288564	        0.0666666667	        0.0003687416	        0.0000418782
        0.8488864424	        1.1542220659	        0.7405136863	       -0.0436090823	        0.0000000000	        0.0000000000	        0.0000000000	        0.0015573615	        0.0007051008	        0.0032379491	        0.0002905957	        0.0666666667	        0.0004183986	        0.0000465700
        0.9088899606	        1.1603572814	        0.7122661074	       -0.0554597684	        0.0000000000	        0.0000000000	        0.0000000000	        0.0014873086	        0.0007237024	        0.0029718010	        0.0002654208	        0.0666666667	        0.0004778934	        0.0000526223
        0.9695556872	        1.1635095271	        0.6817277093	       -0.0666675368	        0.0000000000	        0.0000000000	        0.0000000000	        0.0014703190	        0.0007573785	        0.0028295042	        0.0002520992	        0.0666666667	        0.0005484105	        0.0000600006
        1.0304443128	        1.1634221094	        0.6495756069	       -0.0794055580	        0.0000000000	        0.0000000000	        0.0000000000	        0.0014947933	        0.0008010562	        0.0028280955	        0.0002517875	        0.0666666667	        0.0006270712	        0.0000683626
        1.0911100394	        1.1600592052	        0.6165075053	       -0.0943152230	        0.0000000000	        0.0000000000	        0.0000000000	        0.0015607373	        0.0008547593	        0.0029674076	        0.0002650556	        0.0666666667	        0.0007125571	        0.0000776987
        1.1511135576	        1.1539245182	        0.5834105340	       -0.1082115118	        0.0000000000	        0.0000000000	        0.0000000000	        0.0016887326	        0.0009281234	        0.0032346859	        0.0002897558	        0.0666666667	        0.0008060188	        0.0000883304
        1.2100346284	        1.1453337955	        0.5510722505	       -0.1173277848	        0.0000000000	        0.0000000000	        0.0000000000	        0.0018503698	        0.0010094516	        0.0035975233	        0.0003267803	        0.0666666667	        0.0009024149	        0.0001003497
        1.2674835104	        1.1348328064	        0.5198584815	       -0.1224168146	        0.0000000000	        0.0000000000	        0.0000000000	        0.0020208583	        0.0010922256	        0.0040262564	        0.0003762891	        0.0666666667	        0.0010004637	        0.0001141467
        1.3231105990	        1.1227427588	        0.4898984684	       -0.1257988107	        0.0000000000	        0.0000000000	        0.0000000000	        0.0021863339	        0.0011747805	        0.0045018021	        0.0004371860	        0.0666666667	        0.0011006831	        0.0001300769
        1.3766138158	        1.1096330951	        0.4611700699	       -0.1245901940	        0.0000000000	        0.0000000000	        0.0000000000	        0.0023299651	        0.0012528640	        0.0050066536	        0.0005113351	        0.0666666667	        0.0012015922	        0.0001483091
        1.4277434942	        1.0955569773	        0.4335956008	       -0.1163166753	        0.0000000000	        0.0000000000	        0.0000000000	        0.0024414713	        0.0013220063	        0.0055290291	        0.0006009097	        0.0666666667	        0.0012996834	        0.0001685588
        1.4763047249	        1.0807283238	        0.4071593033	       -0.1010732242	        0.0000000000	        0.0000000000	        0.0000000000	        0.0025236159	        0.0013816976	        0.0060634706	        0.0007027460	        0.0666666667	        0.0013907062	        0.0001900887
        1.5221573100	        1.0653645000	        0.3818826899	       -0.0810490753	        0.0000000000	        0.0000000000	        0.0000000000	        0.0025696178	        0.0014262387	        0.0066082906	        0.0008235367	        0.0666666667	        0.0014689820	        0.0002120411
        1.5652136297	        1.0495534696	        0.3577998408	       -0.0542764016	        0.0000000000	        0.0000000000	        0.0000000000	        0.0025877263	        0.0014571813	        0.0071715347	        0.0009632860	        0.0666666667	        0.0015303139	        0.0002333196
        1.6054348249	        1.0334265036	        0.3349850894	       -0.0198363927	        0.0000000000	        0.0000000000	        0.0000000000	        0.0025792311	        0.0014722638	        0.0077515699	        0.0011226483	        0.0666666667	        0.0015703125	        0.0002526206
        1.6428257449	        1.0170256007	        0.3135024389	        0.0228327478	        0.0000000000	        0.0000000000	        0.0000000000	        0.0025434019	        0.0014694136	        0.0083445406	        0.0013042172	        0.0666666667	        0.0015858467	        0.0002687409
        1.6774291124	        1.0004519075	        0.2934029519	        0.0731396425	        0.0000000000	        0.0000000000	        0.0000000000	        0.0024829584	        0.0014483263	        0.0089539698	        0.0015126213	        0.0666666667	        0.0015755285	        0.0002806530
        1.7093193206	        0.9835546342	        0.2747334675	        0.1299398063	        0.0000000000	        0.0000000000	        0.0000000000	        0.0024027271	        0.0014098357	        0.0095853975	        0.0017509115	        0.0666666667	        0.0015397819	        0.0002875453
        1.7385962156	        0.9662185771	        0.2575339098	        0.1924689051	        0.0000000000	        0.0000000000	        0.0000000000	        0.0023076164	        0.0013551458	        0.0102465876	        0.0020231147	        0.0666666667	        0.0014808736	        0.0002889743
        1.7653791443	        0.9482088552	        0.2418373206	        0.2584598830	        0.0000000000	        0.0000000000	        0.0000000000	        0.0022038590	        0.0012868460	        0.0109511371	        0.0023319182	        0.0666666667	        0.0014029987	        0.0002850097
        1.7898014704	        0.9291280326	        0.2276618885	        0.3243257147	        0.0000000000	        0.0000000000	        0.0000000000	        0.0020959087	        0.0012085375	        0.0117076982	        0.0026719057	        0.0666666667	        0.0013119402	        0.0002763186
        1.8120056873	        0.9086232805	        0.2149796509	        0.3862596834	        0.0000000000	        0.0000000000	        0.0000000000	        0.0019805043	        0.0011218662	        0.0125020908	        0.0030416308	        0.0666666667	        0.0012139870	        0.0002640871
        1.8321391985	        0.8861986182	        0.2037075615	        0.4415644332	        0.0000000000	        0.0000000000	        0.0000000000	        0.0018565360	        0.0010303399	        0.0133214316	        0.0034360679	        0.0666666667	        0.0011150970	        0.0002497494
        1.8503507799	        0.8614469040	        0.1937263773	        0.4867457364	        0.0000000000	        0.0000000000	        0.0000000000	        0.0017232280	        0.0009373213	        0.0141452562	        0.0038407450	        0.0666666667	        0.0010201021	        0.0002347046
        1.8667877045	        0.8340242267	        0.1848875126	        0.5177998892	        0.0000000000	        0.0000000000	        0.0000000000	        0.0015785342	        0.0008454936	        0.0149370645	        0.0042390967	        0.0666666667	        0.0009323573	        0.0002201549
        1.8815934821	        0.8036515411	        0.1770173646	        0.5311341903	        0.0000000000	        0.0000000000	        0.0000000000	        0.0014204601	        0.0007570045	        0.0156418422	        0.0046126760	        0.0666666667	        0.0008536797	        0.0002069931
        1.8949061510	        0.7700575281	        0.1699263376	        0.5233766502	        0.0000000000	        0.0000000000	        0.0000000000	        0.0012492431	        0.0006735435	        0.0161955856	        0.0049498473	        0.0666666667	        0.0007845279	        0.0001957676
        1.9068570493	        0.7328688326	        0.1634191800	        0.4907181184	        0.0000000000	        0.0000000000	        0.0000000000	        0.0010687115	        0.0005964725	        0.0165346661	        0.0052363630	        0.0666666667	        0.0007243315	        0.0001867118
        1.9175699947	        0.6926001147	        0.1572994290	        0.4298239031	        0.0000000000	        0.0000000000	        0.0000000000	        0.0008848572	        0.0005260605	        0.0165931170	        0.0054514185	        0.0666666667	        0.0006717635	        0.0001797973
        1.9271607996	        0.6493786323	        0.1513704446	        0.3369672322	        0.0000000000	        0.0000000000	        0.0000000000	        0.0007059911	        0.0004619162	        0.0163262701	        0.0055853803	        0.0666666667	        0.0006249412	        0.0001747783
        1.9357370589	        0.6035075469	        0.1454356385	        0.2079559605	        0.0000000000	        0.0000000000	        0.0000000000	        0.0005404327	        0.0004024427	        0.0157078022	        0.0056371022	        0.0666666667	        0.0005815058	        0.0001711808
        1.9433981504	        0.5563722513	        0.1393026745	        0.0421028974	        0.0000000000	        0.0000000000	        0.0000000000	        0.0003960030	        0.0003458694	        0.0147580725	        0.0056204523	        0.0666666667	        0.0005387346	        0.0001682733
        1.9502353978	        0.5080832716	        0.1327982146	       -0.1649052038	        0.0000000000	        0.0000000000	        0.0000000000	        0.0002767118	        0.0002896354	        0.0135033300	        0.0055687604	        0.0666666667	        0.0004937954	        0.0001650558
        1.9563323538	        0.4601699991	        0.1257922211	       -0.4095579608	        0.0000000000	        0.0000000000	        0.0000000000	        0.0001846163	        0.0002336279	        0.0120356774	        0.0055286811	        0.0666666667	        0.0004445345	        0.0001604285
        1.9617651675	        0.4131538479	        0.1182381565	       -0.6914572398	        0.0000000000	        0.0000000000	        0.0000000000	        0.0001176564	        0.0001791386	        0.0104364146	        0.0055450215	        0.0666666667	        0.0003904940	        0.0001535563
        1.9666030060	        0.3679752090	        0.1101879683	       -1.0040551122	        0.0000000000	        0.0000000000	        0.0000000000	        0.0000720003	        0.0001298755	        0.0088130521	        0.0056431470	        0.0666666667	        0.0003335570	        0.0001443493
        1.9709085097	        0.3256500687	        0.1017810062	       -1.3380890143	        0.0000000000	        0.0000000000	        0.0000000000	        0.0000426916	        0.0000893644	        0.0072687822	        0.0058217141	        0.0666666667	        0.0002772587	        0.0001336190
        1.9747382607	        0.2860602593	        0.0931962912	       -1.6896503064	        0.0000000000	        0.0000000000	        0.0000000000	        0.0000246674	        0.0000587000	        0.0058522483	        0.0060577871	        0.0666666667	        0.0002251042	        0.0001227254
        1.9781432525	        0.2493306299	        0.0846031701	       -2.0533832650	        0.0000000000	        0.0000000000	        0.0000000000	        0.0000140023	        0.0000372209	        0.0046032006	        0.0063156645	        0.0666666667	        0.0001793516	        0.0001130504
        1.9811693494	        0.2157422426	        0.0761397186	       -2.4203217185	        0.0000000000	        0.0000000000	        0.0000000000	        0.0000078853	        0.0000230870	        0.0035439361	        0.0065685392	        0.0666666667	        0.0001407839	        0.0001054958
        1.9838577298	        0.1855884097	        0.0679100355	       -2.7797407930	        0.0000000000	        0.0000000000	        0.0000000000	        0.0000044527	        0.0000141994	        0.0026805241	        0.0068007719	        0.0666666667	        0.0001091240	        0.0001002285
        1.9862453073	        0.1586467815	        0.0599901115	       -3.1276254209	        0.0000000000	        0.0000000000	        0.0000000000	        0.0000025295	        0.0000087051	        0.0019942916	        0.0069980136	        0.0666666667	        0.0000835580	        0.0000972354
        1.9883651267	        0.1344524452	        0.0524338399	       -3.4636093460	        0.0000000000	        0.0000000000	        0.0000000000	        0.0000014379	        0.0000052990	        0.0014554362	        0.0071494022	        0.0666666667	        0.0000631250	        0.0000965531
        1.9902467340	        0.1127191964	        0.0452781301	       -3.7852049709	        0.0000000000	        0.0000000000	        0.0000000000	        0.0000008110	        0.0000031786	        0.0010378587	        0.0072656102	        0.0666666667	        0.0000469199	        0.0000982346
        1.9919165179	        0.0933189526	        0.0385467513	       -4.0882366252	        0.0000000000	        0.0000000000	        0.0000000000	        0.0000004492	        0.0000018611	        0.0007199342	        0.0073761238	        0.0666666667	        0.0000341645	        0.0001023532
        1.9933980257	        0.0760912848	        0.0322528569	       -4.3702317329	        0.0000000000	        0.0000000000	        0.0000000000	        0.0000002409	        0.0000010492	        0.0004827863	        0.0074973356	        0.0666666667	        0.0000242163	        0.0001090400
        1.9947122508	        0.0608492016	        0.0264006298	       -4.6301925034	        0.0000000000	        0.0000000000	        0.0000000000	        0.0000001227	        0.0000005589	        0.0003102069	        0.0076351972	        0.0666666667	        0.0000165538	        0.0001185391
        1.9958778967	        0.0473983858	        0.0209866578	       -4.8681104691	        0.0000000000	        0.0000000000	        0.0000000000	        0.0000000578	        0.0000002740	        0.0001885678	        0.0077897913	        0.0666666667	        0.0000107565	        0.0001312832
        1.9969116151	        0.0355488232	        0.0160012385	       -5.0846224285	        0.0000000000	        0.0000000000	        0.0000000000	        0.0000000242	        0.0000001187	        0.0001065994	        0.0079582034	        0.0666666667	        0.0000064858	        0.0001480232
        1.9978282231	        0.0251214153	        0.0114296511	       -5.2807679972	        0.0000000000	        0.0000000000	        0.0000000000	        0.0000000083	        0.0000000422	        0.0000551111	        0.0081362704	        0.0666666667	        0.0000034694	        0.0001700910
        1.9986408981	        0.0159513440	        0.0072533645	       -5.4578200779	        0.0000000000	        0.0000000000	        0.0000000000	        0.0000000020	        0.0000000105	        0.0000266978	        0.0083196015	        0.0666666667	        0.0000014897	        0.0002000200
        1.9993613540	        0.0078893776	        0.0034511401	       -5.6171675717	        0.0000000000	        0.0000000000	        0.0000000000	        0.0000000002	        0.0000000011	        0.0000154573	        0.0085041327	        0.0666666667	        0.0000003755	        0.0002433517
        2.0000000000	        0.0008019156	        0.0000000000	       -5.7602354310	        0.0000000000	        0.0000000000	        0.0000000000	        0.0000000000	        0.0000000000	        0.0000167337	        0.0086863924	        0.0000000000	        0.0000000000	        0.0003174982
