        0.0000000000	        0.0000000000	        1.0000000000	        1.0951283393	       19.9129140877	        5.7696308891	        0.0000000000	        0.0000000000	        0.0000000000	        0.0000000000	        0.0070930286	        0.0000000000	        0.0000000000	        0.0008391746
        0.0006386460	        0.0067163277	        0.9972579725	        1.0817328828	       19.9116825530	        5.7701852495	        0.0000000002	        0.0000000002	        0.0000000008	        0.0000083898	        0.0068786014	        0.0000000005	        0.0000009926	        0.0006482141
        0.0013591019	        0.0142889910	        0.9941818783	        1.0667601573	       19.9102827126	        5.7708009965	        0.0000000014	        0.0000000017	        0.0000000072	        0.0000276111	        0.0066504682	        0.0000000048	        0.0000039513	        0.0005374191
        0.0021717769	        0.0228256218	        0.9907336914	        1.0500449419	       19.9086904520	        5.7714834288	        0.0000000067	        0.0000000069	        0.0000000293	        0.0000612969	        0.0064097866	        0.0000000219	        0.0000092295	        0.0004600381
        0.0030883849	        0.0324468322	        0.9868717551	        1.0314099967	       19.9068779700	        5.7722378736	        0.0000000226	        0.0000000198	        0.0000000834	        0.0001140089	        0.0061583755	        0.0000000723	        0.0000172975	        0.0004019126
        0.0041221033	        0.0432874666	        0.9825506283	        1.0106666671	       19.9048131750	        5.7730695352	        0.0000000625	        0.0000000469	        0.0000001955	        0.0001914337	        0.0058988629	        0.0000001958	        0.0000287479	        0.0003567879
        0.0052877492	        0.0554977220	        0.9777209920	        0.9876160151	       19.9024589865	        5.7739832925	        0.0000001515	        0.0000000982	        0.0000004058	        0.0003006089	        0.0056348526	        0.0000004640	        0.0000443150	        0.0003214009
        0.0066019743	        0.0692439015	        0.9723296527	        0.9620506928	       19.8997725218	        5.7749834320	        0.0000003341	        0.0000001904	        0.0000007782	        0.0004501740	        0.0053711114	        0.0000009988	        0.0000649059	        0.0002939199
        0.0080834821	        0.0847083992	        0.9663197089	        0.9337578800	       19.8967041592	        5.7760733050	        0.0000006847	        0.0000003509	        0.0000014172	        0.0006506300	        0.0051137671	        0.0000019975	        0.0000916411	        0.0002733195
        0.0097532660	        0.1020882757	        0.9596310147	        0.9025238962	       19.8931964630	        5.7772548934	        0.0000013226	        0.0000006283	        0.0000025037	        0.0009145715	        0.0048705010	        0.0000037655	        0.0001259086	        0.0002590921
        0.0116348733	        0.1215915230	        0.9522012173	        0.8681416995	       19.8891829678	        5.7785282720	        0.0000024288	        0.0000011118	        0.0000043623	        0.0012568082	        0.0046506894	        0.0000067573	        0.0001694282	        0.0002511024
        0.0137546927	        0.1434299499	        0.9439679329	        0.8304236683	       19.8845868326	        5.7798909606	        0.0000042630	        0.0000019685	        0.0000075850	        0.0016942377	        0.0044654091	        0.0000116219	        0.0002243163	        0.0002495086
        0.0161422702	        0.1678078483	        0.9348731344	        0.7892240584	       19.8793194096	        5.7813371735	        0.0000071722	        0.0000035088	        0.0000132309	        0.0022452483	        0.0043271634	        0.0000192478	        0.0002931156	        0.0002547244
        0.0188306506	        0.1949066401	        0.9248715594	        0.7444782129	       19.8732788377	        5.7828570058	        0.0000115810	        0.0000062932	        0.0000230994	        0.0029283937	        0.0042491332	        0.0000307978	        0.0003786995	        0.0002674280
        0.0218567475	        0.2248676954	        0.9139455892	        0.6962671265	       19.8663488752	        5.7844356616	        0.0000179561	        0.0000112823	        0.0000399887	        0.0037601578	        0.0042437676	        0.0000477213	        0.0004838702	        0.0002885307
        0.0252617393	        0.2577776335	        0.9021287376	        0.6449130438	       19.8583983194	        5.7860529305	        0.0000267508	        0.0000200307	        0.0000677295	        0.0047519231	        0.0043206709	        0.0000717361	        0.0006103723	        0.0003185333
        0.0290914903	        0.2936606378	        0.8895373501	        0.5910983758	       19.8492814464	        5.7876832452	        0.0000383539	        0.0000349339	        0.0001107148	        0.0059067132	        0.0044840436	        0.0001047778	        0.0007570650	        0.0003560900
        0.0333969940	        0.3324791485	        0.8764027100	        0.5359707319	       19.8388397793	        5.7892967457	        0.0000530768	        0.0000594932	        0.0001725165	        0.0072166123	        0.0047302826	        0.0001489270	        0.0009174199	        0.0003973012
        0.0382348325	        0.3738013282	        0.8630812801	        0.4811372489	       19.8269046893	        5.7908616261	        0.0000776561	        0.0000984061	        0.0002534436	        0.0086519561	        0.0050468661	        0.0002059019	        0.0010778184	        0.0004357071
        0.0436676462	        0.4167247106	        0.8500072755	        0.4284224793	       19.8132988819	        5.7923474097	        0.0001144691	        0.0001569348	        0.0003477191	        0.0101381628	        0.0053861372	        0.0002764291	        0.0012194388	        0.0004636651
        0.0497646022	        0.4604247857	        0.8375884647	        0.3794302109	       19.7978347770	        5.7937279596	        0.0001616170	        0.0002401685	        0.0004446896	        0.0115799958	        0.0056845524	        0.0003606221	        0.0013248394	        0.0004753649
        0.0566018496	        0.5042599660	        0.8261078815	        0.3351723244	       19.7803101861	        5.7949829359	        0.0002205525	        0.0003524838	        0.0005335721	        0.0128916330	        0.0058914979	        0.0004581493	        0.0013849267	        0.0004693021
        0.0642629411	        0.5476602211	        0.8156857034	        0.2959708923	       19.7605035983	        5.7960973192	        0.0002928844	        0.0004968125	        0.0006071134	        0.0140037210	        0.0059747679	        0.0005680037	        0.0014008646	        0.0004481618
        0.0728392004	        0.5901554304	        0.8063043822	        0.2616086440	       19.7381710039	        5.7970596622	        0.0003803282	        0.0006742856	        0.0006627622	        0.0148715173	        0.0059234241	        0.0006885783	        0.0013807948	        0.0004167473
        0.0824300053	        0.6313877962	        0.7978630087	        0.2315728196	       19.7130447235	        5.7978600946	        0.0004846283	        0.0008842490	        0.0007014781	        0.0154765463	        0.0057455208	        0.0008177894	        0.0013351574	        0.0003798795
        0.0931429507	        0.6711103872	        0.7902268835	        0.2052582746	       19.6848336451	        5.7984887859	        0.0006074633	        0.0011245557	        0.0007259106	        0.0158230691	        0.0054623997	        0.0009532134	        0.0012735242	        0.0003413097
        0.1050938490	        0.7091754976	        0.7832590925	        0.1820868570	       19.6532242652	        5.7989350765	        0.0007503364	        0.0013919634	        0.0007390664	        0.0159317537	        0.0051019680	        0.0010922133	        0.0012033718	        0.0003035271
        0.1184065179	        0.7455171077	        0.7768357311	        0.1615588209	       19.6178823266	        5.7991871948	        0.0009144592	        0.0016824902	        0.0007436500	        0.0158328289	        0.0046929130	        0.0012320423	        0.0011300443	        0.0002679876
        0.1332122955	        0.7801312644	        0.7708507912	        0.1432641368	       19.5784551144	        5.7992323976	        0.0011006354	        0.0019916503	        0.0007418595	        0.0155602310	        0.0042608067	        0.0013699243	        0.0010571687	        0.0002354291
        0.1496492201	        0.8130571280	        0.7652158136	        0.1268751021	       19.5345745783	        5.7990573982	        0.0013091546	        0.0023145598	        0.0007354012	        0.0151473925	        0.0038261593	        0.0015031192	        0.0009871293	        0.0002061353
        0.1678608015	        0.8443602504	        0.7598574201	        0.1121323638	       19.4858614651	        5.7986489882	        0.0015397094	        0.0026459469	        0.0007255780	        0.0146246874	        0.0034039771	        0.0016289814	        0.0009214573	        0.0001801203
        0.1879943127	        0.8741186671	        0.7547143057	        0.0988301160	       19.4319306208	        5.7979947918	        0.0017913517	        0.0029801127	        0.0007133869	        0.0140182234	        0.0030042459	        0.0017450211	        0.0008611128	        0.0001572474
        0.2101985296	        0.9024117224	        0.7497343758	        0.0868027110	       19.3723975812	        5.7970841009	        0.0020625105	        0.0033108925	        0.0006996001	        0.0133495849	        0.0026328462	        0.0018489757	        0.0008066778	        0.0001373009
        0.2346208557	        0.9293111797	        0.7448722615	        0.0759132742	       19.3068865205	        5.7959087454	        0.0023510964	        0.0036316589	        0.0006848275	        0.0126361722	        0.0022925693	        0.0019388967	        0.0007584854	        0.0001200294
        0.2614037844	        0.9548740462	        0.7400872489	        0.0660442411	       19.2350395609	        5.7944639363	        0.0026547219	        0.0039354049	        0.0006695613	        0.0118918794	        0.0019840498	        0.0020132534	        0.0007167050	        0.0001051714
        0.2906806794	        0.9791365926	        0.7353415887	        0.0570895475	       19.1565273768	        5.7927490101	        0.0029710680	        0.0042149466	        0.0006542076	        0.0111279440	        0.0017065402	        0.0020710543	        0.0006814009	        0.0000924694
        0.3225708876	        1.0021092374	        0.7305991495	        0.0489482491	       19.0710609409	        5.7907679889	        0.0032984177	        0.0044632860	        0.0006391097	        0.0103538774	        0.0014585123	        0.0021119812	        0.0006525701	        0.0000816790
        0.3571742551	        1.0237723132	        0.7258244150	        0.0415195046	       18.9784041797	        5.7885298617	        0.0036363575	        0.0046741747	        0.0006245667	        0.0095784192	        0.0012381039	        0.0021365209	        0.0006301684	        0.0000725731
        0.3945651751	        1.0440732534	        0.7209818828	        0.0346990907	       18.8783872296	        5.7860485070	        0.0039865970	        0.0048429011	        0.0006108506	        0.0088104672	        0.0010434314	        0.0021460736	        0.0006141257	        0.0000649454
        0.4347863703	        1.0629264576	        0.7160360018	        0.0283778841	       18.7709199213	        5.7833422072	        0.0043537669	        0.0049672692	        0.0005982248	        0.0080598923	        0.0008727856	        0.0021429933	        0.0006043513	        0.0000586117
        0.4778426900	        1.0802178635	        0.7109518550	        0.0224429799	       18.6560050789	        5.7804327732	        0.0047458969	        0.0050486251	        0.0005869662	        0.0073380757	        0.0007247178	        0.0021305040	        0.0006007305	        0.0000534116
        0.5236952751	        1.0958165954	        0.7056968072	        0.0167820948	       18.5337511648	        5.7773443975	        0.0051740685	        0.0050926257	        0.0005773885	        0.0066579313	        0.0005980146	        0.0021124282	        0.0006031123	        0.0000492099
        0.5722565058	        1.1095950282	        0.7002431833	        0.0112913849	       18.4043836981	        5.7741024601	        0.0056505330	        0.0051092903	        0.0005698615	        0.0060331719	        0.0004915706	        0.0020926999	        0.0006112934	        0.0000458987
        0.6233861842	        1.1214552756	        0.6945716223	        0.0058852273	       18.2682546145	        5.7707325717	        0.0061846078	        0.0051118895	        0.0005648121	        0.0054767746	        0.0004041997	        0.0020747255	        0.0006250065	        0.0000433998
        0.6768894010	        1.1313549909	        0.6886741119	        0.0005049973	       18.1258484058	        5.7672600882	        0.0067762374	        0.0051145721	        0.0005626925	        0.0049990131	        0.0003344647	        0.0020607815	        0.0006439313	        0.0000416670
        0.7325164896	        1.1393218008	        0.6825552345	       -0.0048792001	       17.9777833283	        5.7637100803	        0.0074084646	        0.0051292945	        0.0005639178	        0.0046058406	        0.0002806195	        0.0020517028	        0.0006677423	        0.0000406884
        0.7899653716	        1.1454481355	        0.6762304845	       -0.0102728337	       17.8248066519	        5.7601075114	        0.0080418868	        0.0051632010	        0.0005687946	        0.0042984296	        0.0002407104	        0.0020470120	        0.0006962001	        0.0000404864
        0.8488864424	        1.1498668939	        0.6697219143	       -0.0156781210	       17.6677818797	        5.7564769726	        0.0086152938	        0.0052175910	        0.0005774812	        0.0040741302	        0.0002127984	        0.0020454128	        0.0007292723	        0.0000411174
        0.9088899606	        1.1527171135	        0.6630529322	       -0.0210945173	       17.5076720062	        5.7528419868	        0.0090555471	        0.0052889155	        0.0005899935	        0.0039283876	        0.0001952089	        0.0020453954	        0.0007672552	        0.0000426713
        0.9695556872	        1.1541111707	        0.6562448483	       -0.0265502093	       17.3455139320	        5.7492235292	        0.0092957791	        0.0053713556	        0.0006092262	        0.0038568200	        0.0001867297	        0.0020457245	        0.0008108772	        0.0000452730
        1.0304443128	        1.1541111707	        0.6492492483	       -0.0322998293	       17.1823683609	        5.7456321307	        0.0092957791	        0.0053476884	        0.0006283990	        0.0038568200	        0.0001867297	        0.0020457245	        0.0008609712	        0.0000490657
        1.0911100394	        1.1527171135	        0.6419437388	       -0.0387975256	       17.0192918567	        5.7420555397	        0.0090555471	        0.0052205717	        0.0006473535	        0.0039283876	        0.0001952089	        0.0020453954	        0.0009188473	        0.0000542770
        1.1511135576	        1.1498668939	        0.6342683372	       -0.0463110702	       16.8573547957	        5.7384593865	        0.0086152938	        0.0051101422	        0.0006736299	        0.0040741302	        0.0002127984	        0.0020454128	        0.0009853368	        0.0000611586
        1.2100346284	        1.1454481355	        0.6262489566	       -0.0548422886	       16.6976299883	        5.7348022812	        0.0080418868	        0.0050242245	        0.0007046653	        0.0042984296	        0.0002407104	        0.0020470120	        0.0010601055	        0.0000698963
        1.2674835104	        1.1393218008	        0.6179296750	       -0.0643196773	       16.5411478275	        5.7310477436	        0.0074084646	        0.0049674390	        0.0007408142	        0.0046058406	        0.0002806195	        0.0020517028	        0.0011430998	        0.0000807027
        1.3231105990	        1.1313549909	        0.6093692220	       -0.0746393312	       16.3888657718	        5.7271688340	        0.0067762374	        0.0049388950	        0.0007821704	        0.0049990131	        0.0003344647	        0.0020607815	        0.0012345857	        0.0000938187
        1.3766138158	        1.1214552756	        0.6006321613	       -0.0856729538	       16.2416443620	        5.7231505283	        0.0061846078	        0.0049314478	        0.0008285002	        0.0054767746	        0.0004041997	        0.0020747255	        0.0013351910	        0.0001095239
        1.4277434942	        1.1095950282	        0.5917780748	       -0.0973061167	       16.1002250133	        5.7189899817	        0.0056505330	        0.0049328225	        0.0008792524	        0.0060331719	        0.0004915706	        0.0020926999	        0.0014459076	        0.0001281540
        1.4763047249	        1.0958165954	        0.5828527838	       -0.1094584175	       15.9652157603	        5.7146946710	        0.0051740685	        0.0049281681	        0.0009336468	        0.0066579313	        0.0005980146	        0.0021124282	        0.0015680333	        0.0001501181
        1.5221573100	        1.0802178635	        0.5738841204	       -0.1220931668	       15.8370846554	        5.7102795857	        0.0047458969	        0.0049030294	        0.0009907914	        0.0073380757	        0.0007247178	        0.0021305040	        0.0017030693	        0.0001759099
        1.5652136297	        1.0629264576	        0.5648821055	       -0.1352134101	       15.7161607061	        5.7057643847	        0.0043537669	        0.0048457201	        0.0010497770	        0.0080598923	        0.0008727856	        0.0021429933	        0.0018526040	        0.0002061119
        1.6054348249	        1.0440732534	        0.5558417280	       -0.1488517770	       15.6026406292	        5.7011711274	        0.0039865970	        0.0047485789	        0.0011097262	        0.0088104672	        0.0010434314	        0.0021460736	        0.0020182101	        0.0002413933
        1.6428257449	        1.0237723132	        0.5467463742	       -0.1630595080	       15.4965996936	        5.6965227194	        0.0036363575	        0.0046081613	        0.0011698055	        0.0095784192	        0.0012381039	        0.0021365209	        0.0022013637	        0.0002825050
        1.6774291124	        1.0021092374	        0.5375706679	       -0.1778981121	       15.3980051221	        5.6918419486	        0.0032984177	        0.0044247272	        0.0012292162	        0.0103538774	        0.0014585123	        0.0021119812	        0.0024033816	        0.0003302734
        1.7093193206	        0.9791365926	        0.5282822353	       -0.1934346073	       15.3067308859	        5.6871508990	        0.0029710680	        0.0042014122	        0.0012871763	        0.0111279440	        0.0017065402	        0.0020710543	        0.0026253683	        0.0003855927
        1.7385962156	        0.9548740462	        0.5188423634	       -0.2097400497	       15.2225729987	        5.6824705615	        0.0026547219	        0.0039433542	        0.0013428980	        0.0118918794	        0.0019840498	        0.0020132534	        0.0028681576	        0.0004494158
        1.7653791443	        0.9293111797	        0.5092056836	       -0.2268906330	       15.1452646248	        5.6778205297	        0.0023510964	        0.0036569205	        0.0013955588	        0.0126361722	        0.0022925693	        0.0019388967	        0.0031322385	        0.0005227400
        1.7898014704	        0.9024117224	        0.4993190086	       -0.2449707046	       15.0744904738	        5.6732187272	        0.0020625105	        0.0033490917	        0.0014442637	        0.0133495849	        0.0026328462	        0.0018489757	        0.0034176501	        0.0006065848
        1.8120056873	        0.8741186671	        0.4891193812	       -0.2640772477	       15.0099000940	        5.6686811549	        0.0017913517	        0.0030270092	        0.0014879940	        0.0140182234	        0.0030042459	        0.0017450211	        0.0037238262	        0.0007019545
        1.8321391985	        0.8443602504	        0.4785313224	       -0.2843255629	       14.9511197992	        5.6642216643	        0.0015397094	        0.0026976748	        0.0015255360	        0.0146246874	        0.0034039771	        0.0016289814	        0.0040493612	        0.0008097738
        1.8503507799	        0.8130571280	        0.4674632165	       -0.3058559558	       14.8977630817	        5.6598517735	        0.0013091546	        0.0023677756	        0.0015553819	        0.0151473925	        0.0038261593	        0.0015031192	        0.0043916551	        0.0009307800
        1.8667877045	        0.7801312644	        0.4558027862	       -0.3288411233	       14.8494394639	        5.6555805406	        0.0011006354	        0.0020436088	        0.0015755957	        0.0155602310	        0.0042608067	        0.0013699243	        0.0047463717	        0.0010653395
        1.8815934821	        0.7455171077	        0.4434117540	       -0.3534934917	       14.8057618302	        5.6514145119	        0.0009144592	        0.0017310671	        0.0015836407	        0.0158328289	        0.0046929130	        0.0012320423	        0.0051066232	        0.0012131419
        1.8949061510	        0.7091754976	        0.4301201822	       -0.3800707454	       14.7663523536	        5.6473577659	        0.0007503364	        0.0014356425	        0.0015761765	        0.0159317537	        0.0051019680	        0.0010922133	        0.0054617725	        0.0013727034
        1.9068570493	        0.6711103872	        0.4157218894	       -0.4088757909	       14.7308471965	        5.6434120833	        0.0006074633	        0.0011623943	        0.0015488761	        0.0158230691	        0.0054623997	        0.0009532134	        0.0057957795	        0.0015405959
        1.9175699947	        0.6313877962	        0.3999741352	       -0.4402438903	       14.6989002139	        5.6395772964	        0.0004846283	        0.0009158274	        0.0014963968	        0.0154765463	        0.0057455208	        0.0008177894	        0.0060851894	        0.0017103509
        1.9271607996	        0.5901554304	        0.3826078542	       -0.4745046501	       14.6701859204	        5.6358518936	        0.0003803282	        0.0006996421	        0.0014127968	        0.0148715173	        0.0059234241	        0.0006885783	        0.0062973705	        0.0018711549
        1.9357370589	        0.5476602211	        0.3633587789	       -0.5119017778	       14.6444019507	        5.6322339765	        0.0002928844	        0.0005163626	        0.0012928848	        0.0140037210	        0.0059747679	        0.0005680037	        0.0063906857	        0.0020069133
        1.9433981504	        0.5042599660	        0.3420318071	       -0.5524572739	       14.6212710679	        5.6287226309	        0.0002205525	        0.0003669212	        0.0011349645	        0.0128916330	        0.0058914979	        0.0004581493	        0.0063197538	        0.0020970789
        1.9502353978	        0.4604247857	        0.3186024528	       -0.5957935855	       14.6005423730	        5.6253196236	        0.0001616170	        0.0002503533	        0.0009446263	        0.0115799958	        0.0056845524	        0.0003606221	        0.0060491273	        0.0021212561
        1.9563323538	        0.4167247106	        0.2933291515	       -0.6409912175	       14.5819908329	        5.6220309997	        0.0001144691	        0.0001637794	        0.0007373046	        0.0101381628	        0.0053861372	        0.0002764291	        0.0055737848	        0.0020681526
        1.9617651675	        0.3738013282	        0.2668064677	       -0.6866162466	       14.5654142845	        5.6188677931	        0.0000776561	        0.0001027765	        0.0005359330	        0.0086519561	        0.0050468661	        0.0002059019	        0.0049339806	        0.0019445406
        1.9666030060	        0.3324791485	        0.2398867530	       -0.7309973969	       14.5506283820	        5.6158451042	        0.0000530768	        0.0000621423	        0.0003632622	        0.0072166123	        0.0047302826	        0.0001489270	        0.0042075224	        0.0017759227
        1.9709085097	        0.2936606378	        0.2134736174	       -0.7726560865	       14.5374615858	        5.6129795232	        0.0000383539	        0.0000364580	        0.0002316903	        0.0059067132	        0.0044840436	        0.0001047778	        0.0034791602	        0.0015958839
        1.9747382607	        0.2577776335	        0.1883009801	       -0.8106349887	       14.5257525274	        5.6102858860	        0.0000267508	        0.0000208602	        0.0001405613	        0.0047519231	        0.0043206709	        0.0000717361	        0.0028108575	        0.0014328542
        1.9781432525	        0.2248676954	        0.1648327274	       -0.8445505150	       14.5153501435	        5.6077747346	        0.0000179561	        0.0000117087	        0.0000821406	        0.0037601578	        0.0042437676	        0.0000477213	        0.0022327934	        0.0013039548
        1.9811693494	        0.1949066401	        0.1432863545	       -0.8744448377	       14.5061149131	        5.6054512363	        0.0000115810	        0.0000065007	        0.0000468942	        0.0029283937	        0.0042491332	        0.0000307978	        0.0017507449	        0.0012149838
        1.9838577298	        0.1678078483	        0.1237039713	       -0.9006021587	       14.4979196691	        5.6033153833	        0.0000071722	        0.0000036050	        0.0000265259	        0.0022452483	        0.0043271634	        0.0000192478	        0.0013573057	        0.0011635456
        1.9862453073	        0.1434299499	        0.1060220853	       -0.9234096494	       14.4906496272	        5.6013628950	        0.0000042630	        0.0000020111	        0.0000150178	        0.0016942377	        0.0044654091	        0.0000116219	        0.0010401516	        0.0011454928
        1.9883651267	        0.1215915230	        0.0901229024	       -0.9432732189	       14.4842018349	        5.5995863278	        0.0000024288	        0.0000011299	        0.0000085354	        0.0012568082	        0.0046506894	        0.0000067573	        0.0007865085	        0.0011578269
        1.9902467340	        0.1020882757	        0.0758663295	       -0.9605752961	       14.4784843093	        5.5979761165	        0.0000013226	        0.0000006356	        0.0000048464	        0.0009145715	        0.0048705010	        0.0000037655	        0.0005849902	        0.0011988053
        1.9919165179	        0.0847083992	        0.0631076025	       -0.9756582522	       14.4734150590	        5.5965214344	        0.0000006847	        0.0000003536	        0.0000027176	        0.0006506300	        0.0051137671	        0.0000019975	        0.0004260554	        0.0012678752
        1.9933980257	        0.0692439015	        0.0517060787	       -0.9888211084	       14.4689211034	        5.5952108521	        0.0000003341	        0.0000001913	        0.0000014802	        0.0004501740	        0.0053711114	        0.0000009988	        0.0003019014	        0.0013658327
        1.9947122508	        0.0554977220	        0.0415292359	       -1.0003220583	       14.4649375438	        5.5940328190	        0.0000001515	        0.0000000985	        0.0000007667	        0.0003006089	        0.0056348526	        0.0000004640	        0.0002061933	        0.0014951837
        1.9958778967	        0.0432874666	        0.0324542521	       -1.0103830134	       14.4614067063	        5.5929759998	        0.0000000625	        0.0000000470	        0.0000003672	        0.0001914337	        0.0058988629	        0.0000001958	        0.0001337894	        0.0016608215
        1.9969116151	        0.0324468322	        0.0243684107	       -1.0191944711	       14.4582773637	        5.5920295003	        0.0000000226	        0.0000000199	        0.0000001560	        0.0001140089	        0.0061583755	        0.0000000723	        0.0000805107	        0.0018713712
        1.9978282231	        0.0228256218	        0.0171689371	       -1.0269200414	       14.4555040325	        5.5911830110	        0.0000000067	        0.0000000069	        0.0000000546	        0.0000612969	        0.0064097866	        0.0000000219	        0.0000429607	        0.0021421036
        1.9986408981	        0.0142889910	        0.0107625587	       -1.0337004254	       14.4530463421	        5.5904268891	        0.0000000014	        0.0000000017	        0.0000000134	        0.0000276111	        0.0066504682	        0.0000000048	        0.0000183922	        0.0025021979
        1.9993613540	        0.0067163277	        0.0050649304	       -1.0396568297	       14.4508684698	        5.5897521978	        0.0000000002	        0.0000000002	        0.0000000014	        0.0000083898	        0.0068786014	        0.0000000005	        0.0000046201	        0.0030176089
        2.0000000000	        0.0000000000	        0.0000000000	       -1.0448938623	       14.4489386354	        5.5891507144	        0.0000000000	        0.0000000000	        0.0000000000	        0.0000000000	        0.0070930286	        0.0000000000	        0.0000000000	        0.0039059887
