        0.0000000000	        0.0000000000	        1.0000000000	        5.1837892826	       25.6804072626	        2.7102592703	        0.0000000000	        0.0000000000	        0.0000000000	        0.0000000000	        0.0070930286	        0.0000000000	        0.0000000000	        0.0000617988
        0.0006386460	        0.0067163277	        0.9970644845	        5.0411158001	       25.6783732949	        2.7123444401	        0.0000000002	        0.0000000002	        0.0000000008	        0.0000083898	        0.0068786014	        0.0000000005	        0.0000000731	        0.0000477703
        0.0013591019	        0.0142889910	        0.9938346289	        4.8849484211	       25.6759106354	        2.7146018559	        0.0000000014	        0.0000000017	        0.0000000075	        0.0000276111	        0.0066504682	        0.0000000048	        0.0000002912	        0.0000397210
        0.0021717769	        0.0228256218	        0.9902921743	        4.7146567525	       25.6729270518	        2.7170314985	        0.0000000067	        0.0000000069	        0.0000000295	        0.0000612969	        0.0064097866	        0.0000000219	        0.0000006810	        0.0000342176
        0.0030883849	        0.0324468322	        0.9864206021	        4.5297421007	       25.6693116922	        2.7196289352	        0.0000000226	        0.0000000195	        0.0000000809	        0.0001140089	        0.0061583755	        0.0000000723	        0.0000012791	        0.0000302274
        0.0041221033	        0.0432874666	        0.9822060098	        4.3298870616	       25.6649318035	        2.7223840454	        0.0000000625	        0.0000000453	        0.0000001813	        0.0001914337	        0.0058988629	        0.0000001958	        0.0000021323	        0.0000272992
        0.0052877492	        0.0554977220	        0.9776381188	        4.1150057660	       25.6596293273	        2.7252796553	        0.0000001515	        0.0000000928	        0.0000003563	        0.0003006089	        0.0056348526	        0.0000004640	        0.0000033004	        0.0000252012
        0.0066019743	        0.0692439015	        0.9727113977	        3.8852987151	       25.6532172531	        2.7282900237	        0.0000003341	        0.0000001747	        0.0000006398	        0.0004501740	        0.0053711114	        0.0000009988	        0.0000048594	        0.0000238068
        0.0080834821	        0.0847083992	        0.9674262674	        3.6413079575	       25.6454759038	        2.7313792479	        0.0000006847	        0.0000003107	        0.0000010793	        0.0006506300	        0.0051137671	        0.0000019975	        0.0000069053	        0.0000230489
        0.0097532660	        0.1020882757	        0.9617903545	        3.3839708379	       25.6361493081	        2.7344996533	        0.0000013226	        0.0000005338	        0.0000017488	        0.0009145715	        0.0048705010	        0.0000037655	        0.0000095604	        0.0000228999
        0.0116348733	        0.1215915230	        0.9558197735	        3.1146703591	       25.6249419028	        2.7375902743	        0.0000024288	        0.0000009038	        0.0000027734	        0.0012568082	        0.0046506894	        0.0000067573	        0.0000129799	        0.0000233601
        0.0137546927	        0.1434299499	        0.9495404627	        2.8352828248	       25.6115158879	        2.7405755753	        0.0000042630	        0.0000015314	        0.0000043691	        0.0016942377	        0.0044654091	        0.0000116219	        0.0000173575	        0.0000244503
        0.0161422702	        0.1678078483	        0.9429896919	        2.5482272422	       25.5954896617	        2.7433646258	        0.0000071722	        0.0000026230	        0.0000069001	        0.0022452483	        0.0043271634	        0.0000192478	        0.0000229259	        0.0000262027
        0.0188306506	        0.1949066401	        0.9362179849	        2.2565278466	       25.5764379202	        2.7458510406	        0.0000115810	        0.0000045563	        0.0000109466	        0.0029283937	        0.0042491332	        0.0000307978	        0.0000299383	        0.0000286518
        0.0218567475	        0.2248676954	        0.9292915982	        1.9638917059	       25.5538941011	        2.7479141300	        0.0000179561	        0.0000079824	        0.0000173204	        0.0037601578	        0.0042437676	        0.0000477213	        0.0000386079	        0.0000318151
        0.0252617393	        0.2577776335	        0.9222949976	        1.6747804428	       25.5273557885	        2.7494218396	        0.0000267508	        0.0000139305	        0.0000269376	        0.0047519231	        0.0043206709	        0.0000717361	        0.0000489930	        0.0000356203
        0.0290914903	        0.2936606378	        0.9153328468	        1.3944512995	       25.4962935316	        2.7502361541	        0.0000383539	        0.0000240155	        0.0000407252	        0.0059067132	        0.0044840436	        0.0001047778	        0.0000608593	        0.0000397899
        0.0333969940	        0.3324791485	        0.9085296750	        1.1288937717	       25.4601627240	        2.7502215921	        0.0000530768	        0.0000406310	        0.0000592794	        0.0072166123	        0.0047302826	        0.0001489270	        0.0000735216	        0.0000438199
        0.0382348325	        0.3738013282	        0.9020219210	        0.8844343916	       25.4184154929	        2.7492567016	        0.0000776561	        0.0000669671	        0.0000822898	        0.0086519561	        0.0050468661	        0.0002059019	        0.0000857918	        0.0000470461
        0.0436676462	        0.4167247106	        0.8959359526	        0.6667760554	       25.3705060220	        2.7472465918	        0.0001144691	        0.0001065457	        0.0001080165	        0.0101381628	        0.0053861372	        0.0002764291	        0.0000962390	        0.0000488302
        0.0497646022	        0.4604247857	        0.8903575121	        0.4797424045	       25.3158843021	        2.7441326589	        0.0001616170	        0.0001626720	        0.0001339038	        0.0115799958	        0.0056845524	        0.0003606221	        0.0001037714	        0.0000488498
        0.0566018496	        0.5042599660	        0.8853110196	        0.3244861940	       25.2539809405	        2.7398961979	        0.0002205525	        0.0002380382	        0.0001578980	        0.0128916330	        0.0058914979	        0.0004581493	        0.0001081351	        0.0000472619
        0.0642629411	        0.5476602211	        0.8807596392	        0.1996049912	       25.1841906505	        2.7345556453	        0.0002928844	        0.0003342252	        0.0001791921	        0.0140037210	        0.0059747679	        0.0005680037	        0.0001099245	        0.0000445874
        0.0728392004	        0.5901554304	        0.8766225273	        0.1019539344	       25.1058605967	        2.7281601084	        0.0003803282	        0.0004514721	        0.0001982495	        0.0148715173	        0.0059234241	        0.0006885783	        0.0001101921	        0.0000414455
        0.0824300053	        0.6313877962	        0.8727973016	        0.0276340981	       25.0182852297	        2.7207825660	        0.0004846283	        0.0005886888	        0.0002162556	        0.0154765463	        0.0057455208	        0.0008177894	        0.0001100149	        0.0000383435
        0.0931429507	        0.6711103872	        0.8691775974	       -0.0272623277	       24.9207055866	        2.7125148195	        0.0006074633	        0.0007436470	        0.0002345131	        0.0158230691	        0.0054623997	        0.0009532134	        0.0001102519	        0.0000356014
        0.1050938490	        0.7091754976	        0.8656627386	       -0.0662597077	       24.8123107778	        2.7034644813	        0.0007503364	        0.0009132533	        0.0002540638	        0.0159317537	        0.0051019680	        0.0010922133	        0.0001114896	        0.0000333720
        0.1184065179	        0.7455171077	        0.8621612068	       -0.0923717695	       24.6922406947	        2.6937532534	        0.0009144592	        0.0010938272	        0.0002755501	        0.0158328289	        0.0046929130	        0.0012320423	        0.0001140846	        0.0000316930
        0.1332122955	        0.7801312644	        0.8585906415	       -0.1081181006	       24.5595899505	        2.6835155595	        0.0011006354	        0.0012813370	        0.0002992165	        0.0155602310	        0.0042608067	        0.0013699243	        0.0001182272	        0.0000305342
        0.1496492201	        0.8130571280	        0.8548764246	       -0.1155963791	       24.4134134949	        2.6728968132	        0.0013091546	        0.0014715779	        0.0003249669	        0.0151473925	        0.0038261593	        0.0015031192	        0.0001239945	        0.0000298302
        0.1678608015	        0.8443602504	        0.8509499830	       -0.1165637317	       24.2527344216	        2.6620509253	        0.0015397094	        0.0016602888	        0.0003524345	        0.0146246874	        0.0034039771	        0.0016289814	        0.0001313844	        0.0000294991
        0.1879943127	        0.8741186671	        0.8467473059	       -0.1125079875	       24.0765544647	        2.6511369294	        0.0017913517	        0.0018432238	        0.0003810466	        0.0140182234	        0.0030042459	        0.0017450211	        0.0001403345	        0.0000294534
        0.2101985296	        0.9024117224	        0.8422078243	       -0.1047040136	       23.8838676627	        2.6403148135	        0.0020625105	        0.0020162036	        0.0004100825	        0.0133495849	        0.0026328462	        0.0018489757	        0.0001507329	        0.0000296051
        0.2346208557	        0.9293111797	        0.8372736546	       -0.0942564391	       23.6736776660	        2.6297407820	        0.0023510964	        0.0021751793	        0.0004387296	        0.0126361722	        0.0022925693	        0.0019388967	        0.0001624251	        0.0000298696
        0.2614037844	        0.9548740462	        0.8318891555	       -0.0821319555	       23.4450191662	        2.6195622402	        0.0026547219	        0.0023163364	        0.0004661384	        0.0118918794	        0.0019840498	        0.0020132534	        0.0001752207	        0.0000301676
        0.2906806794	        0.9791365926	        0.8260007497	       -0.0691842988	       23.1969838870	        2.6099127944	        0.0029710680	        0.0024362613	        0.0004914822	        0.0111279440	        0.0017065402	        0.0020710543	        0.0001889052	        0.0000304282
        0.3225708876	        1.0021092374	        0.8195569821	       -0.0561740492	       22.9287514948	        2.6009075130	        0.0032984177	        0.0025321812	        0.0005140217	        0.0103538774	        0.0014585123	        0.0021119812	        0.0002032549	        0.0000305911
        0.3571742551	        1.0237723132	        0.8125088241	       -0.0437838965	       22.6396256549	        2.5926386200	        0.0036363575	        0.0026022751	        0.0005331755	        0.0095784192	        0.0012381039	        0.0021365209	        0.0002180599	        0.0000306095
        0.3945651751	        1.0440732534	        0.8048102860	       -0.0326280248	       22.3290753205	        2.5851717536	        0.0039865970	        0.0026460430	        0.0005485960	        0.0088104672	        0.0010434314	        0.0021460736	        0.0002331518	        0.0000304524
        0.4347863703	        1.0629264576	        0.7964194685	       -0.0232519469	       21.9967811795	        2.5785429902	        0.0043537669	        0.0026646912	        0.0005602457	        0.0080598923	        0.0008727856	        0.0021429933	        0.0002484363	        0.0000301079
        0.4778426900	        1.0802178635	        0.7873002493	       -0.0161169745	       21.6426869125	        2.5727570843	        0.0047458969	        0.0026614555	        0.0005684653	        0.0073380757	        0.0007247178	        0.0021305040	        0.0002639281	        0.0000295851
        0.5236952751	        1.0958165954	        0.7774248092	       -0.0115641863	       21.2670541271	        2.5677877955	        0.0051740685	        0.0026417269	        0.0005740160	        0.0066579313	        0.0005980146	        0.0021124282	        0.0002797820	        0.0000289169
        0.5722565058	        1.1095950282	        0.7667770370	       -0.0097569351	       20.8705181861	        2.5635816151	        0.0056505330	        0.0026128081	        0.0005780682	        0.0060331719	        0.0004915706	        0.0020926999	        0.0002963102	        0.0000281613
        0.6233861842	        1.1214552756	        0.7553564526	       -0.0106180918	       20.4541385667	        2.5600661390	        0.0061846078	        0.0025831612	        0.0005821054	        0.0054767746	        0.0004041997	        0.0020747255	        0.0003139724	        0.0000274004
        0.6768894010	        1.1313549909	        0.7431817051	       -0.0137787825	       20.0194348583	        2.5571635881	        0.0067762374	        0.0025611704	        0.0005877258	        0.0049990131	        0.0003344647	        0.0020607815	        0.0003333217	        0.0000267366
        0.7325164896	        1.1393218008	        0.7302925649	       -0.0185991170	       19.5683936057	        2.5548076051	        0.0074084646	        0.0025537178	        0.0005963670	        0.0046058406	        0.0002806195	        0.0020517028	        0.0003548953	        0.0000262843
        0.7899653716	        1.1454481355	        0.7167497353	       -0.0241708050	       19.1034466753	        2.5529613411	        0.0080418868	        0.0025650657	        0.0006090055	        0.0042984296	        0.0002407104	        0.0020470120	        0.0003790641	        0.0000261594
        0.8488864424	        1.1498668939	        0.7026342728	       -0.0294983875	       18.6273974543	        2.5516312165	        0.0086152938	        0.0025964745	        0.0006259328	        0.0040741302	        0.0002127984	        0.0020454128	        0.0004059073	        0.0000264709
        0.9088899606	        1.1527171135	        0.6880478372	       -0.0331826705	       18.1433629216	        2.5508830707	        0.0090555471	        0.0026466743	        0.0006465443	        0.0039283876	        0.0001952089	        0.0020453954	        0.0004352517	        0.0000273228
        0.9695556872	        1.1541111707	        0.6731213239	       -0.0335560411	       17.6546355252	        2.5508607822	        0.0092957791	        0.0027129578	        0.0006722449	        0.0038568200	        0.0001867297	        0.0020457245	        0.0004672727	        0.0000288486
        1.0304443128	        1.1541111707	        0.6578910666	       -0.0320569280	       17.1641919628	        2.5517064014	        0.0092957791	        0.0027353651	        0.0006933187	        0.0038568200	        0.0001867297	        0.0020457245	        0.0005011571	        0.0000311141
        1.0911100394	        1.1527171135	        0.6422739676	       -0.0330636640	       16.6746319569	        2.5533902145	        0.0090555471	        0.0027127421	        0.0007093857	        0.0039283876	        0.0001952089	        0.0020453954	        0.0005372594	        0.0000342741
        1.1511135576	        1.1498668939	        0.6262982207	       -0.0380862661	       16.1888247359	        2.5557062969	        0.0086152938	        0.0027048946	        0.0007306717	        0.0040741302	        0.0002127984	        0.0020454128	        0.0005766814	        0.0000385462
        1.2100346284	        1.1454481355	        0.6101122763	       -0.0454639835	       15.7099745552	        2.5584400822	        0.0080418868	        0.0027147845	        0.0007559051	        0.0042984296	        0.0002407104	        0.0020470120	        0.0006187248	        0.0000440089
        1.2674835104	        1.1393218008	        0.5938616797	       -0.0536589332	       15.2411835128	        2.5614555262	        0.0074084646	        0.0027441079	        0.0007858942	        0.0046058406	        0.0002806195	        0.0020517028	        0.0006629597	        0.0000507247
        1.3231105990	        1.1313549909	        0.5776968509	       -0.0613641143	       14.7852898804	        2.5646865879	        0.0067762374	        0.0027919080	        0.0008203827	        0.0049990131	        0.0003344647	        0.0020607815	        0.0007085208	        0.0000586781
        1.3766138158	        1.1214552756	        0.5617674087	       -0.0672311218	       14.3447807057	        2.5681286103	        0.0061846078	        0.0028538087	        0.0008581363	        0.0054767746	        0.0004041997	        0.0020747255	        0.0007540649	        0.0000677621
        1.4277434942	        1.1095950282	        0.5462115818	       -0.0701734207	       13.9216848650	        2.5718260878	        0.0056505330	        0.0029222163	        0.0008971314	        0.0060331719	        0.0004915706	        0.0020926999	        0.0007980321	        0.0000778000
        1.4763047249	        1.0958165954	        0.5311448016	       -0.0694947354	       13.5175220935	        2.5758493024	        0.0051740685	        0.0029874572	        0.0009349429	        0.0066579313	        0.0005980146	        0.0021124282	        0.0008390184	        0.0000885927
        1.5221573100	        1.0802178635	        0.5166523853	       -0.0649922473	       13.1332963824	        2.5802681918	        0.0047458969	        0.0030394081	        0.0009691887	        0.0073380757	        0.0007247178	        0.0021305040	        0.0008760950	        0.0000999721
        1.5652136297	        1.0629264576	        0.5027874241	       -0.0569331532	       12.7695364396	        2.5851294048	        0.0043537669	        0.0030690354	        0.0009979066	        0.0080598923	        0.0008727856	        0.0021429933	        0.0009089873	        0.0001118470
        1.6054348249	        1.0440732534	        0.4895727133	       -0.0459744374	       12.4263652678	        2.5904415444	        0.0039865970	        0.0030694451	        0.0010197793	        0.0088104672	        0.0010434314	        0.0021460736	        0.0009381077	        0.0001242327
        1.6428257449	        1.0237723132	        0.4770046780	       -0.0330647619	       12.1035826632	        2.5961694868	        0.0036363575	        0.0030363480	        0.0010342033	        0.0095784192	        0.0012381039	        0.0021365209	        0.0009644825	        0.0001372652
        1.6774291124	        1.0021092374	        0.4650577013	       -0.0193614196	       11.8007472641	        2.6022362572	        0.0032984177	        0.0029680572	        0.0010412417	        0.0103538774	        0.0014585123	        0.0021119812	        0.0009896205	        0.0001512058
        1.7093193206	        0.9791365926	        0.4536880037	       -0.0061712660	       11.5172501751	        2.6085299105	        0.0029710680	        0.0028651984	        0.0010415054	        0.0111279440	        0.0017065402	        0.0020710543	        0.0010153628	        0.0001664377
        1.7385962156	        0.9548740462	        0.4428367541	        0.0050857442	       11.2523761759	        2.6149129908	        0.0026547219	        0.0027302809	        0.0010359993	        0.0118918794	        0.0019840498	        0.0020132534	        0.0010437364	        0.0001834609
        1.7653791443	        0.9293111797	        0.4324323363	        0.0128954208	       11.0053512730	        2.6212326978	        0.0023510964	        0.0025672270	        0.0010259578	        0.0126361722	        0.0022925693	        0.0019388967	        0.0010768218	        0.0002028835
        1.7898014704	        0.9024117224	        0.4223917571	        0.0156546454	       10.7753770581	        2.6273304924	        0.0020625105	        0.0023809148	        0.0010126826	        0.0133495849	        0.0026328462	        0.0018489757	        0.0011166337	        0.0002254121
        1.8120056873	        0.8741186671	        0.4126211701	        0.0116651628	       10.5616534078	        2.6330503754	        0.0017913517	        0.0021767675	        0.0009973878	        0.0140182234	        0.0030042459	        0.0017450211	        0.0011650073	        0.0002518362
        1.8321391985	        0.8443602504	        0.4030154642	       -0.0008837901	       10.3633916845	        2.6382454464	        0.0015397094	        0.0019604138	        0.0009810527	        0.0146246874	        0.0034039771	        0.0016289814	        0.0012234717	        0.0002830025
        1.8503507799	        0.8130571280	        0.3934568567	       -0.0239443749	       10.1798208649	        2.6427826183	        0.0013091546	        0.0017374344	        0.0009642790	        0.0151473925	        0.0038261593	        0.0015031192	        0.0012930885	        0.0003197697
        1.8667877045	        0.7801312644	        0.3838124555	       -0.0596502329	       10.0101889813	        2.6465455639	        0.0011006354	        0.0015132014	        0.0009471425	        0.0155602310	        0.0042608067	        0.0013699243	        0.0013742195	        0.0003629279
        1.8815934821	        0.7455171077	        0.3739308661	       -0.1103645573	        9.8537619956	        2.6494361260	        0.0009144592	        0.0012927991	        0.0009290353	        0.0158328289	        0.0046929130	        0.0012320423	        0.0014661810	        0.0004130580
        1.8949061510	        0.7091754976	        0.3636382014	       -0.1787262321	        9.7098218434	        2.6513745580	        0.0007503364	        0.0010809953	        0.0009084959	        0.0159317537	        0.0051019680	        0.0010922133	        0.0015667286	        0.0004702948
        1.9068570493	        0.6711103872	        0.3527344981	       -0.2676706923	        9.5776650052	        2.6522991096	        0.0006074633	        0.0008822163	        0.0008830546	        0.0158230691	        0.0054623997	        0.0009532134	        0.0016713310	        0.0005339485
        1.9175699947	        0.6313877962	        0.3409928195	       -0.3803780723	        9.4566026839	        2.6521656344	        0.0004846283	        0.0007004689	        0.0008491756	        0.0154765463	        0.0057455208	        0.0008177894	        0.0017722574	        0.0006019515
        1.9271607996	        0.5901554304	        0.3281654911	       -0.5200656375	        9.3459634446	        2.6509480951	        0.0003803282	        0.0005391678	        0.0008024866	        0.0148715173	        0.0059234241	        0.0006885783	        0.0018577168	        0.0006701754
        1.9357370589	        0.5476602211	        0.3140046572	       -0.6895056452	        9.2450988050	        2.6486409646	        0.0002928844	        0.0004008571	        0.0007386095	        0.0140037210	        0.0059747679	        0.0005680037	        0.0019117325	        0.0007318809
        1.9433981504	        0.5042599660	        0.2983054795	       -0.8901657292	        9.1533911433	        2.6452643210	        0.0002205525	        0.0002868774	        0.0006548853	        0.0128916330	        0.0058914979	        0.0004581493	        0.0019160196	        0.0007779439
        1.9502353978	        0.4604247857	        0.2809742499	       -1.1210282261	        9.0702610026	        2.6408714492	        0.0001616170	        0.0001970925	        0.0005527727	        0.0115799958	        0.0056845524	        0.0003606221	        0.0018551446	        0.0007987610
        1.9563323538	        0.4167247106	        0.2621043225	       -1.3775306834	        8.9951679265	        2.6355566446	        0.0001144691	        0.0001298184	        0.0004395610	        0.0101381628	        0.0053861372	        0.0002764291	        0.0017242660	        0.0007880802
        1.9617651675	        0.3738013282	        0.2420167122	       -1.6514276993	        8.9275994398	        2.6294585409	        0.0000776561	        0.0000820505	        0.0003272988	        0.0086519561	        0.0050468661	        0.0002059019	        0.0015347828	        0.0007469185
        1.9666030060	        0.3324791485	        0.2212222679	       -1.9321200377	        8.8670501770	        2.6227541726	        0.0000530768	        0.0000500247	        0.0002287057	        0.0072166123	        0.0047302826	        0.0001489270	        0.0013119192	        0.0006841748
        1.9709085097	        0.2936606378	        0.2003053597	       -2.2090716767	        8.8130019978	        2.6156427985	        0.0000383539	        0.0000296607	        0.0001513930	        0.0059067132	        0.0044840436	        0.0001047778	        0.0010842491	        0.0006126616
        1.9747382607	        0.2577776335	        0.1797899026	       -2.4739882177	        8.7649177160	        2.6083242747	        0.0000267508	        0.0000172086	        0.0000959280	        0.0047519231	        0.0043206709	        0.0000717361	        0.0008733700	        0.0005439074
        1.9781432525	        0.2248676954	        0.1600656030	       -2.7216329194	        8.7222513407	        2.6009797633	        0.0000179561	        0.0000098274	        0.0000588211	        0.0037601578	        0.0042437676	        0.0000477213	        0.0006904371	        0.0004854819
        1.9811693494	        0.1949066401	        0.1413838049	       -2.9494373406	        8.6844658572	        2.5937600433	        0.0000115810	        0.0000055674	        0.0000353304	        0.0029283937	        0.0042491332	        0.0000307978	        0.0005382533	        0.0004406347
        1.9838577298	        0.1678078483	        0.1238845759	       -3.1567078455	        8.6510489329	        2.5867817184	        0.0000071722	        0.0000031610	        0.0000210689	        0.0022452483	        0.0043271634	        0.0000192478	        0.0004148338	        0.0004092759
        1.9862453073	        0.1434299499	        0.1076285179	       -3.3439073553	        8.6215231439	        2.5801287920	        0.0000042630	        0.0000018085	        0.0000125717	        0.0016942377	        0.0044654091	        0.0000116219	        0.0003161687	        0.0003902818
        1.9883651267	        0.1215915230	        0.0926234610	       -3.5121318749	        8.5954511519	        2.5738569472	        0.0000024288	        0.0000010412	        0.0000075071	        0.0012568082	        0.0046506894	        0.0000067573	        0.0002379363	        0.0003826369
        1.9902467340	        0.1020882757	        0.0788439511	       -3.6627731389	        8.5724371918	        2.5679987143	        0.0000013226	        0.0000005985	        0.0000044561	        0.0009145715	        0.0048705010	        0.0000037655	        0.0001762719	        0.0003855889
        1.9919165179	        0.0847083992	        0.0662439242	       -3.7973230313	        8.5521261789	        2.5625685066	        0.0000006847	        0.0000003390	        0.0000025967	        0.0006506300	        0.0051137671	        0.0000019975	        0.0001279699	        0.0003987034
        1.9933980257	        0.0692439015	        0.0547646822	       -3.9172680335	        8.5342014537	        2.5575670604	        0.0000003341	        0.0000001860	        0.0000014610	        0.0004501740	        0.0053711114	        0.0000009988	        0.0000904507	        0.0004219549
        1.9947122508	        0.0554977220	        0.0443400517	       -4.0240339599	        8.5183818404	        2.5529851400	        0.0000001515	        0.0000000968	        0.0000007773	        0.0003006089	        0.0056348526	        0.0000004640	        0.0000616571	        0.0004558521
        1.9958778967	        0.0432874666	        0.0348998962	       -4.1189582326	        8.5044184408	        2.5488065226	        0.0000000625	        0.0000000465	        0.0000003805	        0.0001914337	        0.0058988629	        0.0000001958	        0.0000399493	        0.0005016448
        1.9969116151	        0.0324468322	        0.0263726252	       -4.2032772914	        8.4920914077	        2.5450103478	        0.0000000226	        0.0000000197	        0.0000001645	        0.0001140089	        0.0061583755	        0.0000000723	        0.0000240158	        0.0005617223
        1.9978282231	        0.0228256218	        0.0186870369	       -4.2781226013	        8.4812068462	        2.5415729281	        0.0000000067	        0.0000000069	        0.0000000584	        0.0000612969	        0.0064097866	        0.0000000219	        0.0000128060	        0.0006404781
        1.9986408981	        0.0142889910	        0.0117736713	       -4.3445217612	        8.4715939186	        2.5384691174	        0.0000000014	        0.0000000017	        0.0000000145	        0.0000276111	        0.0066504682	        0.0000000048	        0.0000054800	        0.0007464706
        1.9993613540	        0.0067163277	        0.0055657816	       -4.4034026084	        8.4631021923	        2.5356733265	        0.0000000002	        0.0000000002	        0.0000000015	        0.0000083898	        0.0068786014	        0.0000000005	        0.0000013762	        0.0008992333
        2.0000000000	        0.0000000000	        0.0000000000	       -4.4555992997	        8.4555992423	        2.5331602520	        0.0000000000	        0.0000000000	        0.0000000000	        0.0000000000	        0.0070930286	        0.0000000000	        0.0000000000	        0.0011635108
