        0.0000000000	        0.0000000000	        1.0000000000	        0.0000664196	        0.0000000000	        0.0000000000	        0.0000000000	        0.0000000000	        0.0070156685	        0.0000000000	        0.1000000000	        0.0010000000	        1.0000000000	        0.0016794457	        0.0013762070	                 NaN	       30.8609176801	                 NaN
        0.0014313701	        0.0151224499	        0.9931757725	       -0.0011445855	        0.0000000035	        0.0000000039	        0.0000000181	        0.0000416842	        0.0065616201	        0.0000000115	        0.1000000000	        0.0010000000	        1.0000000000	        0.0016090343	        0.0013290793	        4.1425915109	       30.5846757382	       26.4420842273
        0.0030125084	        0.0318028097	        0.9859658580	       -0.0023753731	        0.0000000309	        0.0000000343	        0.0000001527	        0.0001330130	        0.0061225820	        0.0000000985	        0.1000000000	        0.0010000000	        1.0000000000	        0.0015359414	        0.0012745502	        3.8727596727	       30.2924708149	       26.4197111423
        0.0047588098	        0.0501930334	        0.9783785384	       -0.0036628244	        0.0000001354	        0.0000001504	        0.0000006372	        0.0002853812	        0.0057064115	        0.0000004173	        0.1000000000	        0.0010000000	        1.0000000000	        0.0014603682	        0.0012068924	        3.5922861510	       29.9868614967	       26.3945753457
        0.0066871908	        0.0704536354	        0.9704283401	       -0.0050722174	        0.0000004225	        0.0000004694	        0.0000018819	        0.0005119512	        0.0053221295	        0.0000012573	        0.1000000000	        0.0010000000	        1.0000000000	        0.0013824472	        0.0011283231	        3.3055229485	       29.6720169920	       26.3664940435
        0.0088162262	        0.0927485581	        0.9621379514	       -0.0066482004	        0.0000010717	        0.0000011908	        0.0000044967	        0.0008276828	        0.0049800020	        0.0000030854	        0.1000000000	        0.0010000000	        1.0000000000	        0.0013021797	        0.0010484891	        3.0161379461	       29.3514016604	       26.3352637143
        0.0111662954	        0.1172361386	        0.9535406482	       -0.0083622770	        0.0000023576	        0.0000026196	        0.0000092644	        0.0012490763	        0.0046914788	        0.0000065880	        0.1000000000	        0.0010000000	        1.0000000000	        0.0012195161	        0.0009676956	        2.7247641342	       29.0254293441	       26.3006652099
        0.0137597373	        0.1440555631	        0.9446822929	       -0.0102526576	        0.0000046578	        0.0000051754	        0.0000170266	        0.0017933881	        0.0044688244	        0.0000127029	        0.1000000000	        0.0010000000	        1.0000000000	        0.0011344636	        0.0008864587	        2.4357387380	       28.6982167113	       26.2624779733
        0.0166210148	        0.1733098355	        0.9356229719	       -0.0122792579	        0.0000084347	        0.0000093719	        0.0000284640	        0.0024770500	        0.0043242313	        0.0000226281	        0.1000000000	        0.0010000000	        1.0000000000	        0.0010473006	        0.0008063680	        2.1503013462	       28.3707767786	       26.2204754324
        0.0197768871	        0.2050490173	        0.9264354824	       -0.0144503560	        0.0000141812	        0.0000157568	        0.0000438131	        0.0033131895	        0.0042682686	        0.0000377974	        0.1000000000	        0.0010000000	        1.0000000000	        0.0009588194	        0.0007266984	        1.8724606316	       28.0468974097	       26.1744367781
        0.0232565889	        0.2392597842	        0.9172005473	       -0.0167391497	        0.0000223411	        0.0000248234	        0.0000626618	        0.0043085696	        0.0043077434	        0.0000598211	        0.1000000000	        0.0010000000	        1.0000000000	        0.0008704483	        0.0006487478	        1.6048560412	       27.7290002147	       26.1241441735
        0.0270920169	        0.2758662653	        0.9079979051	       -0.0191463500	        0.0000332418	        0.0000369353	        0.0000839918	        0.0054607905	        0.0044434186	        0.0000904000	        0.1000000000	        0.0010000000	        1.0000000000	        0.0007841454	        0.0005724187	        1.3512341416	       27.4206225759	       26.0693884343
        0.0313179184	        0.3147416108	        0.8988963721	       -0.0216814505	        0.0000470814	        0.0000523127	        0.0001063089	        0.0067567771	        0.0046683037	        0.0001312364	        0.1000000000	        0.0010000000	        1.0000000000	        0.0007007522	        0.0004996141	        1.1151214316	       27.1250879463	       26.0099665147
        0.0359720830	        0.3555914649	        0.8899786684	       -0.0243184427	        0.0000665036	        0.0000738929	        0.0001323037	        0.0081692667	        0.0049672680	        0.0001838049	        0.1000000000	        0.0010000000	        1.0000000000	        0.0006174065	        0.0004313882	        0.8989777129	       26.8446541992	       25.9456764862
        0.0410955314	        0.3975796347	        0.8814152434	       -0.0269483370	        0.0000993297	        0.0001103663	        0.0001710398	        0.0096391014	        0.0053072284	        0.0002485922	        0.1000000000	        0.0010000000	        1.0000000000	        0.0005343955	        0.0003688957	        0.7054088666	       26.5817249285	       25.8763160619
        0.0467326989	        0.4398294380	        0.8733262997	       -0.0294756034	        0.0001408983	        0.0001565537	        0.0002077978	        0.0110742704	        0.0056239014	        0.0003252413	        0.1000000000	        0.0010000000	        1.0000000000	        0.0004576985	        0.0003130155	        0.5353597385	       26.3370315537	       25.8016718152
        0.0529316067	        0.4817980412	        0.8657269768	       -0.0319075540	        0.0001920824	        0.0002134249	        0.0002419043	        0.0123987905	        0.0058684643	        0.0004132474	        0.1000000000	        0.0010000000	        1.0000000000	        0.0003908413	        0.0002640149	        0.3896878815	       26.1112037639	       25.7215158824
        0.0597440162	        0.5230316915	        0.8585990329	       -0.0342545407	        0.0002538515	        0.0002820573	        0.0002731772	        0.0135521018	        0.0060090026	        0.0005116263	        0.1000000000	        0.0010000000	        1.0000000000	        0.0003339713	        0.0002229326	        0.2679672993	       25.9035596891	       25.6355923898
        0.0672255573	        0.5631760683	        0.8519016416	       -0.0365041987	        0.0003272418	        0.0003636020	        0.0003020563	        0.0144946236	        0.0060318989	        0.0006190036	        0.1000000000	        0.0010000000	        1.0000000000	        0.0002864597	        0.0001893252	        0.1678959305	       25.7115023116	       25.5436063811
        0.0754358219	        0.6019753444	        0.8455803847	       -0.0386689858	        0.0004133095	        0.0004592328	        0.0003292807	        0.0152083036	        0.0059396343	        0.0007337221	        0.1000000000	        0.0010000000	        1.0000000000	        0.0002472495	        0.0001621974	        0.0877595421	       25.5329892110	       25.4452296690
        0.0844384110	        0.6392634341	        0.8395753014	       -0.0407443735	        0.0005130784	        0.0005700871	        0.0003556399	        0.0156935518	        0.0057463357	        0.0008539468	        0.1000000000	        0.0010000000	        1.0000000000	        0.0002151153	        0.0001406933	        0.0249790679	       25.3650720619	       25.3400929940
        0.0943009237	        0.6749505649	        0.8338261550	       -0.0427355183	        0.0006274850	        0.0006972056	        0.0003818206	        0.0159643671	        0.0054726863	        0.0009777538	        0.1000000000	        0.0010000000	        1.0000000000	        0.0001888428	        0.0001242244	       -0.0225208705	       25.2052675082	       25.2277883787
        0.1050948725	        0.7090079064	        0.8282763131	       -0.0446106725	        0.0007573229	        0.0008414698	        0.0004083667	        0.0160431939	        0.0051414541	        0.0011031981	        0.1000000000	        0.0010000000	        1.0000000000	        0.0001673454	        0.0001116410	       -0.0581249348	       25.0497371259	       25.1078620607
        0.1168955085	        0.7414523309	        0.8228734291	       -0.0463813583	        0.0009031883	        0.0010035426	        0.0004356468	        0.0159564812	        0.0047742712	        0.0012283598	        0.1000000000	        0.0010000000	        1.0000000000	        0.0001496927	        0.0001017475	       -0.0831252778	       24.8967135483	       24.9798388262
        0.1297815392	        0.7723326267	        0.8175712348	       -0.0480394104	        0.0010654302	        0.0011838113	        0.0004638036	        0.0157313602	        0.0043897514	        0.0013513753	        0.1000000000	        0.0010000000	        1.0000000000	        0.0001350995	        0.0000942462	       -0.0993170788	       24.7438923998	       24.8432094786
        0.1438347190	        0.8017178130	        0.8123298146	       -0.0495696803	        0.0012441067	        0.0013823408	        0.0004928088	        0.0153934660	        0.0040027142	        0.0014704597	        0.1000000000	        0.0010000000	        1.0000000000	        0.0001229321	        0.0000885858	       -0.1084478311	       24.5889853520	       24.6974331831
        0.1591392914	        0.8296877090	        0.8071152398	       -0.0509607370	        0.0014389533	        0.0015988370	        0.0005224878	        0.0149657214	        0.0036241666	        0.0015839246	        0.1000000000	        0.0010000000	        1.0000000000	        0.0001126870	        0.0000842905	       -0.1117964952	       24.4301498361	       24.5419463314
        0.1757812632	        0.8563255940	        0.8018993624	       -0.0521980970	        0.0016493662	        0.0018326291	        0.0005525321	        0.0144678307	        0.0032617174	        0.0016901970	        0.1000000000	        0.0010000000	        1.0000000000	        0.0001039645	        0.0000811424	       -0.1104708860	       24.2656936043	       24.3761644902
        0.1938474899	        0.8817126327	        0.7966595631	       -0.0532559416	        0.0018744087	        0.0020826763	        0.0005825555	        0.0139162491	        0.0029201805	        0.0017878419	        0.1000000000	        0.0010000000	        1.0000000000	        0.0000964534	        0.0000788355	       -0.1057603401	       24.0937246119	       24.1994849520
        0.2134245548	        0.9059236842	        0.7913779988	       -0.0541199022	        0.0021128455	        0.0023476061	        0.0006121058	        0.0133244367	        0.0026022070	        0.0018755905	        0.1000000000	        0.0010000000	        1.0000000000	        0.0000899090	        0.0000771113	       -0.0982439185	       23.9130597837	       24.0113037022
        0.2345974273	        0.9290241273	        0.7860418571	       -0.0547672738	        0.0023632155	        0.0026257950	        0.0006406543	        0.0127032668	        0.0023088627	        0.0019523754	        0.1000000000	        0.0010000000	        1.0000000000	        0.0000841327	        0.0000759990	       -0.0885942401	       23.7224186806	       23.8110129207
        0.2574478906	        0.9510673865	        0.7806434495	       -0.0551576834	        0.0026239507	        0.0029155007	        0.0006677007	        0.0120615023	        0.0020401145	        0.0020173726	        0.1000000000	        0.0010000000	        1.0000000000	        0.0000789716	        0.0000754515	       -0.0779437129	       23.5200593917	       23.5980031046
        0.2820527391	        0.9720929163	        0.7751793876	       -0.0552514582	        0.0028935491	        0.0032150546	        0.0006928667	        0.0114062920	        0.0017952184	        0.0020700507	        0.1000000000	        0.0010000000	        1.0000000000	        0.0000743128	        0.0000751174	       -0.0671903141	       23.3045024495	       23.3716927637
        0.3084817527	        0.9921244982	        0.7696500103	       -0.0550386456	        0.0031708096	        0.0035231218	        0.0007157601	        0.0107436643	        0.0015730169	        0.0021102235	        0.1000000000	        0.0010000000	        1.0000000000	        0.0000700554	        0.0000750705	       -0.0558989277	       23.0756604798	       23.1315594075
        0.3367954708	        1.0111688146	        0.7640615515	       -0.0544555604	        0.0034551255	        0.0038390284	        0.0007360920	        0.0100790045	        0.0013721619	        0.0021381041	        0.1000000000	        0.0010000000	        1.0000000000	        0.0000661169	        0.0000753149	       -0.0455165818	       22.8315910728	       22.8771076546
        0.3670428018	        1.0292144129	        0.7584242721	       -0.0534769646	        0.0037468287	        0.0041631430	        0.0007537515	        0.0094175086	        0.0011912741	        0.0021543528	        0.1000000000	        0.0010000000	        1.0000000000	        0.0000624322	        0.0000756027	       -0.0358402222	       22.5721051258	       22.6079453480
        0.3992585207	        1.0462313536	        0.7527540251	       -0.0520701693	        0.0040475498	        0.0044972775	        0.0007686172	        0.0087645965	        0.0010290527	        0.0021601068	        0.1000000000	        0.0010000000	        1.0000000000	        0.0000589335	        0.0000759921	       -0.0267940513	       22.2969865521	       22.3237806034
        0.4334607283	        1.0621720489	        0.7470734824	       -0.0501914170	        0.0043605328	        0.0048450364	        0.0007806161	        0.0081262527	        0.0008843401	        0.0021569788	        0.1000000000	        0.0010000000	        1.0000000000	        0.0000555575	        0.0000766392	       -0.0185149099	       22.0059064687	       22.0244213786
        0.4696483595	        1.0769739790	        0.7414124385	       -0.0477665069	        0.0046907907	        0.0052119897	        0.0007899621	        0.0075092380	        0.0007561452	        0.0021470032	        0.1000000000	        0.0010000000	        1.0000000000	        0.0000522642	        0.0000774780	       -0.0120749871	       21.6977113060	       21.7097862932
        0.5077988477	        1.0905650156	        0.7358046106	       -0.0447549960	        0.0050449348	        0.0056054831	        0.0007971269	        0.0069210987	        0.0006436259	        0.0021325114	        0.1000000000	        0.0010000000	        1.0000000000	        0.0000490362	        0.0000783687	       -0.0072230280	       21.3727628245	       21.3799858525
        0.5478660655	        1.1028717680	        0.7302867310	       -0.0411112994	        0.0054304554	        0.0060338393	        0.0008026414	        0.0063698977	        0.0005460346	        0.0021159298	        0.1000000000	        0.0010000000	        1.0000000000	        0.0000458701	        0.0000793301	       -0.0039291213	       21.0313879500	       21.0353170713
        0.5897786695	        1.1138305363	        0.7248956422	       -0.0367974402	        0.0058542314	        0.0065047016	        0.0008070885	        0.0058636411	        0.0004626354	        0.0020995135	        0.1000000000	        0.0010000000	        1.0000000000	        0.0000427854	        0.0000804206	       -0.0020297827	       20.6742438274	       20.6762736101
        0.6334389769	        1.1233991395	        0.7196644466	       -0.0317676540	        0.0063201531	        0.0070223924	        0.0008111784	        0.0054094712	        0.0003926178	        0.0020850673	        0.1000000000	        0.0010000000	        1.0000000000	        0.0000398321	        0.0000816103	       -0.0019389112	       20.3016048633	       20.3035437745
        0.6787224963	        1.1315666108	        0.7146161543	       -0.0260157211	        0.0068260236	        0.0075844707	        0.0008156583	        0.0050128260	        0.0003350344	        0.0020737284	        0.1000000000	        0.0010000000	        1.0000000000	        0.0000370839	        0.0000829570	       -0.0032022902	       19.9148479559	       19.9180502461
        0.7254782147	        1.1383574370	        0.7097603716	       -0.0195162108	        0.0073603532	        0.0081781703	        0.0008214096	        0.0046768382	        0.0002887903	        0.0020658855	        0.1000000000	        0.0010000000	        1.0000000000	        0.0000346342	        0.0000844566	       -0.0067045111	       19.5142008631	       19.5209053742
        0.7735297135	        1.1438283220	        0.7050874707	       -0.0123084288	        0.0079001362	        0.0087779291	        0.0008294448	        0.0044022058	        0.0002526923	        0.0020612638	        0.1000000000	        0.0010000000	        1.0000000000	        0.0000325835	        0.0000860179	       -0.0119665944	       19.1015194659	       19.1134860603
        0.8226771500	        1.1480579845	        0.7005692024	       -0.0044433843	        0.0084109307	        0.0093454786	        0.0008406723	        0.0041875889	        0.0002255424	        0.0020591388	        0.1000000000	        0.0010000000	        1.0000000000	        0.0000310190	        0.0000877145	       -0.0189969285	       18.6783817190	       18.6973786475
        0.8727000940	        1.1511328263	        0.6961597137	        0.0040094594	        0.0088502481	        0.0098336090	        0.0008560660	        0.0040303917	        0.0002062465	        0.0020586005	        0.1000000000	        0.0010000000	        1.0000000000	        0.0000300190	        0.0000894904	       -0.0280064715	       18.2463595308	       18.2743660023
        0.9233611572	        1.1531321441	        0.6917970450	        0.0129353400	        0.0091742835	        0.0101936484	        0.0008765190	        0.0039276819	        0.0001939092	        0.0020587877	        0.1000000000	        0.0010000000	        1.0000000000	        0.0000296506	        0.0000911541	       -0.0385085271	       17.8079373362	       17.8464458633
        0.9744103051	        1.1541157978	        0.6874066727	        0.0221656704	        0.0093466539	        0.0103851711	        0.0009023223	        0.0038770131	        0.0001879019	        0.0020590527	        0.1000000000	        0.0010000000	        1.0000000000	        0.0000299606	        0.0000927103	       -0.0489808814	       17.3668048964	       17.4157857778
        1.0255896949	        1.1541157978	        0.6829073157	        0.0315540704	        0.0093466539	        0.0103851711	        0.0009331627	        0.0038770131	        0.0001879019	        0.0020590527	        0.1000000000	        0.0010000000	        1.0000000000	        0.0000309846	        0.0000943696	       -0.0590527847	       16.9255137190	       16.9845665037
        1.0766388428	        1.1531321441	        0.6782131023	        0.0409729096	        0.0091742835	        0.0101936484	        0.0009687013	        0.0039276819	        0.0001939092	        0.0020587877	        0.1000000000	        0.0010000000	        1.0000000000	        0.0000327689	        0.0000961276	       -0.0692007711	       16.4857339402	       16.5549347112
        1.1272999060	        1.1511328263	        0.6732337293	        0.0502579449	        0.0088502481	        0.0098336090	        0.0010085857	        0.0040303917	        0.0002062465	        0.0020586005	        0.1000000000	        0.0010000000	        1.0000000000	        0.0000353673	        0.0000979272	       -0.0790288876	       16.0500029603	       16.1290318479
        1.1773228500	        1.1480579845	        0.6678780668	        0.0592541604	        0.0084109307	        0.0093454786	        0.0010523398	        0.0041875889	        0.0002255424	        0.0020591388	        0.1000000000	        0.0010000000	        1.0000000000	        0.0000388290	        0.0000996270	       -0.0885574495	       15.6203751182	       15.7089325677
        1.2264702865	        1.1438283220	        0.6620581093	        0.0677565895	        0.0079001362	        0.0087779291	        0.0010990996	        0.0044022058	        0.0002526923	        0.0020612638	        0.1000000000	        0.0010000000	        1.0000000000	        0.0000431765	        0.0001010642	       -0.0963588054	       15.2002869511	       15.2966457565
        1.2745217853	        1.1383574370	        0.6556988230	        0.0755831693	        0.0073603532	        0.0081781703	        0.0011473795	        0.0046768382	        0.0002887903	        0.0020658855	        0.1000000000	        0.0010000000	        1.0000000000	        0.0000483786	        0.0001023385	       -0.1013742156	       14.7926126104	       14.8939868260
        1.3212775037	        1.1315666108	        0.6487480419	        0.0826022126	        0.0068260236	        0.0075844707	        0.0011954430	        0.0050128260	        0.0003350344	        0.0020737284	        0.1000000000	        0.0010000000	        1.0000000000	        0.0000543508	        0.0001035746	       -0.1032834642	       14.3992157429	       14.5024992071
        1.3665610231	        1.1233991395	        0.6411832383	        0.0887295005	        0.0063201531	        0.0070223924	        0.0012416242	        0.0054094712	        0.0003926178	        0.0020850673	        0.1000000000	        0.0010000000	        1.0000000000	        0.0000609687	        0.0001049095	       -0.1021376558	       14.0213058512	       14.1234435070
        1.4102213305	        1.1138305363	        0.6330138205	        0.0939420313	        0.0058542314	        0.0065047016	        0.0012845657	        0.0058636411	        0.0004626354	        0.0020995135	        0.1000000000	        0.0010000000	        1.0000000000	        0.0000680975	        0.0001062946	       -0.0986168399	       13.6591923154	       13.7578091554
        1.4521339345	        1.1028717680	        0.6242767622	        0.0982126484	        0.0054304554	        0.0060338393	        0.0013231002	        0.0063698977	        0.0005460346	        0.0021159298	        0.1000000000	        0.0010000000	        1.0000000000	        0.0000756138	        0.0001076169	       -0.0924028782	       13.3139736237	       13.4063765019
        1.4922011523	        1.0905650156	        0.6150311207	        0.1015531089	        0.0050449348	        0.0056054831	        0.0013560966	        0.0069210987	        0.0006436259	        0.0021325114	        0.1000000000	        0.0010000000	        1.0000000000	        0.0000834218	        0.0001088785	       -0.0834787663	       12.9862129472	       13.0696917134
        1.5303516405	        1.0769739790	        0.6053493686	        0.1039884644	        0.0046907907	        0.0052119897	        0.0013825286	        0.0075092380	        0.0007561452	        0.0021470032	        0.1000000000	        0.0010000000	        1.0000000000	        0.0000914687	        0.0001102584	       -0.0716550401	       12.6764194792	       12.7480745193
        1.5665392717	        1.0621720489	        0.5953092418	        0.1056044112	        0.0043605328	        0.0048450364	        0.0014017075	        0.0081262527	        0.0008843401	        0.0021569788	        0.1000000000	        0.0010000000	        1.0000000000	        0.0000997614	        0.0001119626	       -0.0579347456	       12.3836757585	       12.4416105041
        1.6007414793	        1.0462313536	        0.5849839329	        0.1064792362	        0.0040475498	        0.0044972775	        0.0014134344	        0.0087645965	        0.0010290527	        0.0021601068	        0.1000000000	        0.0010000000	        1.0000000000	        0.0001083747	        0.0001139048	       -0.0430387321	       12.1071883104	       12.1502270425
        1.6329571982	        1.0292144129	        0.5744359160	        0.1066695248	        0.0037468287	        0.0041631430	        0.0014178046	        0.0094175086	        0.0011912741	        0.0021543528	        0.1000000000	        0.0010000000	        1.0000000000	        0.0001174349	        0.0001157679	       -0.0272641817	       11.8464741151	       11.8737382968
        1.6632045292	        1.0111688146	        0.5637145061	        0.1061773247	        0.0034551255	        0.0038390284	        0.0014149097	        0.0100790045	        0.0013721619	        0.0021381041	        0.1000000000	        0.0010000000	        1.0000000000	        0.0001270894	        0.0001180232	       -0.0097971808	       11.6020580536	       11.6118552344
        1.6915182473	        0.9921244982	        0.5528578975	        0.1051302116	        0.0031708096	        0.0035231218	        0.0014051173	        0.0107436643	        0.0015730169	        0.0021102235	        0.1000000000	        0.0010000000	        1.0000000000	        0.0001375267	        0.0001208865	        0.0071106191	       11.3712420850	       11.3641314659
        1.7179472609	        0.9720929163	        0.5418889477	        0.1035365181	        0.0028935491	        0.0032150546	        0.0013890776	        0.0114062920	        0.0017952184	        0.0020700507	        0.1000000000	        0.0010000000	        1.0000000000	        0.0001489842	        0.0001241515	        0.0237874166	       11.1538789505	       11.1300915339
        1.7425521094	        0.9510673865	        0.5308179586	        0.1014566025	        0.0026239507	        0.0029155007	        0.0013674516	        0.0120615023	        0.0020401145	        0.0020173726	        0.1000000000	        0.0010000000	        1.0000000000	        0.0001617338	        0.0001284165	        0.0391781395	       10.9483647473	       10.9091866078
        1.7654025727	        0.9290241273	        0.5196426008	        0.0989537495	        0.0023632155	        0.0026257950	        0.0013410580	        0.0127032668	        0.0023088627	        0.0019523754	        0.1000000000	        0.0010000000	        1.0000000000	        0.0001761119	        0.0001342701	        0.0520130246	       10.7528358780	       10.7008228534
        1.7865754452	        0.9059236842	        0.5083477239	        0.0961179777	        0.0021128455	        0.0023476061	        0.0013108684	        0.0133244367	        0.0026022070	        0.0018755905	        0.1000000000	        0.0010000000	        1.0000000000	        0.0001925466	        0.0001419005	        0.0602657023	       10.5646529233	       10.5043872211
        1.8061525101	        0.8817126327	        0.4969040215	        0.0929727571	        0.0018744087	        0.0020826763	        0.0012778316	        0.0139162491	        0.0029201805	        0.0017878419	        0.1000000000	        0.0010000000	        1.0000000000	        0.0002115699	        0.0001517028	        0.0631640543	       10.3824540315	       10.3192899773
        1.8242187368	        0.8563255940	        0.4852691836	        0.0895875317	        0.0016493662	        0.0018326291	        0.0012427607	        0.0144678307	        0.0032617174	        0.0016901970	        0.1000000000	        0.0010000000	        1.0000000000	        0.0002338379	        0.0001647249	        0.0587313862	       10.2036741597	       10.1449427735
        1.8408607086	        0.8296877090	        0.4733870104	        0.0860220814	        0.0014389533	        0.0015988370	        0.0012063445	        0.0149657214	        0.0036241666	        0.0015839246	        0.1000000000	        0.0010000000	        1.0000000000	        0.0002601772	        0.0001815705	        0.0450046770	       10.0257871017	        9.9807824247
        1.8561652810	        0.8017178130	        0.4611868652	        0.0823116044	        0.0012441067	        0.0013823408	        0.0011690100	        0.0153934660	        0.0040027142	        0.0014704597	        0.1000000000	        0.0010000000	        1.0000000000	        0.0002916118	        0.0002028764	        0.0203262965	        9.8466102380	        9.8262839416
        1.8702184608	        0.7723326267	        0.4485839581	        0.0784746858	        0.0010654302	        0.0011838113	        0.0011308069	        0.0157313602	        0.0043897514	        0.0013513753	        0.1000000000	        0.0010000000	        1.0000000000	        0.0003293881	        0.0002300904	       -0.0168241069	        9.6641328001	        9.6809569070
        1.8831044915	        0.7414523309	        0.4354803097	        0.0745620781	        0.0009031883	        0.0010035426	        0.0010913911	        0.0159564812	        0.0047742712	        0.0012283598	        0.1000000000	        0.0010000000	        1.0000000000	        0.0003750133	        0.0002653772	       -0.0687925271	        9.4755432471	        9.5443357741
        1.8949051275	        0.7090079064	        0.4217653782	        0.0706342067	        0.0007573229	        0.0008414698	        0.0010500304	        0.0160431939	        0.0051414541	        0.0011031981	        0.1000000000	        0.0010000000	        1.0000000000	        0.0004302940	        0.0003116985	       -0.1382151732	        9.2777727615	        9.4159879348
        1.9056990763	        0.6749505649	        0.4073176440	        0.0668000233	        0.0006274850	        0.0006972056	        0.0010056122	        0.0159643671	        0.0054726863	        0.0009777538	        0.1000000000	        0.0010000000	        1.0000000000	        0.0004973610	        0.0003696469	       -0.2287052751	        9.0668174884	        9.2955227635
        1.9155615890	        0.6392634341	        0.3920068981	        0.0629927191	        0.0005130784	        0.0005700871	        0.0009565379	        0.0156935518	        0.0057463357	        0.0008539468	        0.1000000000	        0.0010000000	        1.0000000000	        0.0005785794	        0.0004399636	       -0.3403603216	        8.8422592527	        9.1826195743
        1.9245641781	        0.6019753444	        0.3757031769	        0.0592258417	        0.0004133095	        0.0004592328	        0.0009007859	        0.0152083036	        0.0059396343	        0.0007337221	        0.1000000000	        0.0010000000	        1.0000000000	        0.0006763800	        0.0005292290	       -0.4746752791	        8.6023060308	        9.0769813100
        1.9327744427	        0.5631760683	        0.3582867507	        0.0556566791	        0.0003272418	        0.0003636020	        0.0008362883	        0.0144946236	        0.0060318989	        0.0006190036	        0.1000000000	        0.0010000000	        1.0000000000	        0.0007931069	        0.0006359564	       -0.6353508746	        8.3429838319	        8.9783347065
        1.9402559838	        0.5230316915	        0.3396590876	        0.0520838695	        0.0002538515	        0.0002820573	        0.0007611691	        0.0135521018	        0.0060090026	        0.0005116263	        0.1000000000	        0.0010000000	        1.0000000000	        0.0009305632	        0.0007565661	       -0.8187288027	        8.0677467288	        8.8864755315
        1.9470683933	        0.4817980412	        0.3197644292	        0.0484537596	        0.0001920824	        0.0002134249	        0.0006742443	        0.0123987905	        0.0058684643	        0.0004132474	        0.1000000000	        0.0010000000	        1.0000000000	        0.0010893668	        0.0008972909	       -1.0230942887	        7.7781069359	        8.8012012246
        1.9532673011	        0.4398294380	        0.2986107264	        0.0448462704	        0.0001408983	        0.0001565537	        0.0005758513	        0.0110742704	        0.0056239014	        0.0003252413	        0.1000000000	        0.0010000000	        1.0000000000	        0.0012683791	        0.0010493025	       -1.2478435516	        7.4744632439	        8.7223067956
        1.9589044686	        0.3975796347	        0.2762889378	        0.0409445976	        0.0000993297	        0.0001103663	        0.0004685386	        0.0096391014	        0.0053072284	        0.0002485922	        0.1000000000	        0.0010000000	        1.0000000000	        0.0014638984	        0.0012115183	       -1.4842536020	        7.1653533158	        8.6496069178
        1.9640279170	        0.3555914649	        0.2529939955	        0.0369818211	        0.0000665036	        0.0000738929	        0.0003564153	        0.0081692667	        0.0049672680	        0.0001838049	        0.1000000000	        0.0010000000	        1.0000000000	        0.0016632425	        0.0013761698	       -1.7315173678	        6.8513540984	        8.5828714662
        1.9686820816	        0.3147416108	        0.2291962067	        0.0328164755	        0.0000470814	        0.0000523127	        0.0002804311	        0.0067567771	        0.0046683037	        0.0001312364	        0.1000000000	        0.0010000000	        1.0000000000	        0.0018485065	        0.0015326572	       -1.9787159805	        6.5431556881	        8.5218716686
        1.9729079831	        0.2758662653	        0.2054612485	        0.0288600304	        0.0000332418	        0.0000369353	        0.0002162089	        0.0054607905	        0.0044434186	        0.0000904000	        0.1000000000	        0.0010000000	        1.0000000000	        0.0020185215	        0.0016954594	       -2.2230232548	        6.2432979947	        8.4663212495
        1.9767434111	        0.2392597842	        0.1820781977	        0.0252752925	        0.0000223411	        0.0000248234	        0.0001570164	        0.0043085696	        0.0043077434	        0.0000598211	        0.1000000000	        0.0010000000	        1.0000000000	        0.0021811484	        0.0018569966	       -2.4623222142	        5.9535820695	        8.4159042837
        1.9802231129	        0.2050490173	        0.1592608125	        0.0219939436	        0.0000141812	        0.0000157568	        0.0001067022	        0.0033131895	        0.0042682686	        0.0000377974	        0.1000000000	        0.0010000000	        1.0000000000	        0.0023351055	        0.0019998976	       -2.6925923384	        5.6777053401	        8.3702976785
        1.9833789852	        0.1733098355	        0.1372122872	        0.0188347235	        0.0000084347	        0.0000093719	        0.0000673216	        0.0024770500	        0.0043242313	        0.0000226281	        0.1000000000	        0.0010000000	        1.0000000000	        0.0024770256	        0.0021169375	       -2.9089832826	        5.4201880085	        8.3291712910
        1.9862402627	        0.1440555631	        0.1161043235	        0.0157202339	        0.0000046578	        0.0000051754	        0.0000391030	        0.0017933881	        0.0044688244	        0.0000127029	        0.1000000000	        0.0010000000	        1.0000000000	        0.0026053812	        0.0022271213	       -3.1090548068	        5.1831270634	        8.2921818702
        1.9888337046	        0.1172361386	        0.0960629928	        0.0128605017	        0.0000023576	        0.0000026196	        0.0000206667	        0.0012490763	        0.0046914788	        0.0000065880	        0.1000000000	        0.0010000000	        1.0000000000	        0.0027204562	        0.0023466491	       -3.2948759087	        4.9641033334	        8.2589792421
        1.9911837738	        0.0927485581	        0.0771648177	        0.0103697096	        0.0000010717	        0.0000011908	        0.0000097510	        0.0008276828	        0.0049800020	        0.0000030854	        0.1000000000	        0.0010000000	        1.0000000000	        0.0028237410	        0.0024492498	       -3.4677296665	        4.7614999354	        8.2292296019
        1.9933128092	        0.0704536354	        0.0594424975	        0.0080038054	        0.0000004225	        0.0000004694	        0.0000039709	        0.0005119512	        0.0053221295	        0.0000012573	        0.1000000000	        0.0010000000	        1.0000000000	        0.0029171068	        0.0025240687	       -3.6250712499	        4.5775534959	        8.2026247458
        1.9952411902	        0.0501930334	        0.0428954958	        0.0057524117	        0.0000001354	        0.0000001504	        0.0000013099	        0.0002853812	        0.0057064115	        0.0000004173	        0.1000000000	        0.0010000000	        1.0000000000	        0.0030022614	        0.0025927557	       -3.7677183302	        4.4111531566	        8.1788714868
        1.9969874916	        0.0318028097	        0.0275000808	        0.0036468885	        0.0000000309	        0.0000000343	        0.0000003062	        0.0001330130	        0.0061225820	        0.0000000985	        0.1000000000	        0.0010000000	        1.0000000000	        0.0030805521	        0.0026562219	       -3.8971302988	        4.2605677128	        8.1576980115
        1.9985686299	        0.0151224499	        0.0132175081	        0.0016644213	        0.0000000035	        0.0000000039	        0.0000000354	        0.0000416842	        0.0065616201	        0.0000000115	        0.1000000000	        0.0010000000	        1.0000000000	        0.0031529233	        0.0027107024	       -4.0141970989	        4.1246639707	        8.1388610696
        2.0000000000	        0.0000000000	        0.0000000000	       -0.0002102019	        0.0000000000	        0.0000000000	        0.0000000000	        0.0000000000	        0.0070156685	        0.0000000000	        0.1000000000	        0.0010000000	        1.0000000000	        0.0032176836	        0.0027654578	                 NaN	        4.0022426255	                 NaN
