        0.0000000000	        0.0000000000	        1.0000000000	        0.0005644933	        0.0000000000	        0.0000000000	        0.0000000000	        0.0000000000	        0.0070156685	        0.0000000000	        0.1000000000	        0.0010000000	        1.0000000000	        0.0010368367	        0.0006716170	                 NaN	       30.8363307584	                 NaN
        0.0014313701	        0.0151224499	        0.9959311435	       -0.0007756315	        0.0000000035	        0.0000000039	        0.0000000104	        0.0000416842	        0.0065616201	        0.0000000115	        0.1000000000	        0.0010000000	        1.0000000000	        0.0009256706	        0.0006394331	        6.1748403892	       30.7018902007	       30.0844061617
        0.0030125084	        0.0318028097	        0.9919262176	       -0.0019320958	        0.0000000309	        0.0000000343	        0.0000000819	        0.0001330130	        0.0061225820	        0.0000000985	        0.1000000000	        0.0010000000	        1.0000000000	        0.0008234055	        0.0005938320	        5.1155784992	       30.5620201748	       30.0504623249
        0.0047588098	        0.0501930334	        0.9879984684	       -0.0029873396	        0.0000001354	        0.0000001504	        0.0000003190	        0.0002853812	        0.0057064115	        0.0000004173	        0.1000000000	        0.0010000000	        1.0000000000	        0.0007312250	        0.0005277530	        4.0941908140	       30.4214540400	       30.0120349586
        0.0066871908	        0.0704536354	        0.9841463847	       -0.0040969259	        0.0000004225	        0.0000004694	        0.0000008855	        0.0005119512	        0.0053221295	        0.0000012573	        0.1000000000	        0.0010000000	        1.0000000000	        0.0006505091	        0.0004448342	        3.1828635823	       30.2877028504	       29.9694164922
        0.0088162262	        0.0927485581	        0.9803564773	       -0.0054035480	        0.0000010717	        0.0000011908	        0.0000020063	        0.0008276828	        0.0049800020	        0.0000030854	        0.1000000000	        0.0010000000	        1.0000000000	        0.0005809948	        0.0003691584	        2.4412685789	       30.1669743246	       29.9228474667
        0.0111662954	        0.1172361386	        0.9766115863	       -0.0068441875	        0.0000023576	        0.0000026196	        0.0000039634	        0.0012490763	        0.0046914788	        0.0000065880	        0.1000000000	        0.0010000000	        1.0000000000	        0.0005217252	        0.0003113343	        1.8292816455	       30.0552729573	       29.8723447928
        0.0137597373	        0.1440555631	        0.9728887146	       -0.0084149975	        0.0000046578	        0.0000051754	        0.0000070806	        0.0017933881	        0.0044688244	        0.0000127029	        0.1000000000	        0.0010000000	        1.0000000000	        0.0004717742	        0.0002638895	        1.3337599395	       29.9512295892	       29.8178535952
        0.0166210148	        0.1733098355	        0.9691604016	       -0.0101275116	        0.0000084347	        0.0000093719	        0.0000116843	        0.0024770500	        0.0043242313	        0.0000226281	        0.1000000000	        0.0010000000	        1.0000000000	        0.0004299122	        0.0002264055	        0.9475926669	       29.8540192000	       29.7592599333
        0.0197768871	        0.2050490173	        0.9653984814	       -0.0119606336	        0.0000141812	        0.0000157568	        0.0000180417	        0.0033131895	        0.0042682686	        0.0000377974	        0.1000000000	        0.0010000000	        1.0000000000	        0.0003948308	        0.0001976371	        0.6488084459	       29.7612260792	       29.6963452346
        0.0232565889	        0.2392597842	        0.9615742591	       -0.0139163222	        0.0000223411	        0.0000248234	        0.0000262950	        0.0043085696	        0.0043077434	        0.0000598211	        0.1000000000	        0.0010000000	        1.0000000000	        0.0003652695	        0.0001759073	        0.4271726830	       29.6715386846	       29.6288214163
        0.0270920169	        0.2758662653	        0.9576614513	       -0.0159716483	        0.0000332418	        0.0000369353	        0.0000364311	        0.0054607905	        0.0044434186	        0.0000904000	        0.1000000000	        0.0010000000	        1.0000000000	        0.0003401203	        0.0001605894	        0.2629108339	       29.5825828391	       29.5562917557
        0.0313179184	        0.3147416108	        0.9536348887	       -0.0181070811	        0.0000470814	        0.0000523127	        0.0000482499	        0.0067567771	        0.0046683037	        0.0001312364	        0.1000000000	        0.0010000000	        1.0000000000	        0.0003180467	        0.0001494694	        0.1394256498	       29.4922212063	       29.4782786413
        0.0359720830	        0.3555914649	        0.9494831560	       -0.0203064667	        0.0000665036	        0.0000738929	        0.0000634499	        0.0081692667	        0.0049672680	        0.0001838049	        0.1000000000	        0.0010000000	        1.0000000000	        0.0002960943	        0.0001412593	        0.0489755271	       29.3991518341	       29.3942542814
        0.0410955314	        0.3975796347	        0.9452513300	       -0.0224910502	        0.0000993297	        0.0001103663	        0.0000872761	        0.0096391014	        0.0053072284	        0.0002485922	        0.1000000000	        0.0010000000	        1.0000000000	        0.0002726847	        0.0001355208	       -0.0181993303	       29.3017955237	       29.3036154567
        0.0467326989	        0.4398294380	        0.9409859938	       -0.0245806463	        0.0001408983	        0.0001565537	        0.0001133045	        0.0110742704	        0.0056239014	        0.0003252413	        0.1000000000	        0.0010000000	        1.0000000000	        0.0002495661	        0.0001316995	       -0.0709558252	       29.1985937837	       29.2056893662
        0.0529316067	        0.4817980412	        0.9366970966	       -0.0265310964	        0.0001920824	        0.0002134249	        0.0001413032	        0.0123987905	        0.0058684643	        0.0004132474	        0.1000000000	        0.0010000000	        1.0000000000	        0.0002283016	        0.0001287493	       -0.1177782987	       29.0879785808	       29.0997564107
        0.0597440162	        0.5230316915	        0.9323833752	       -0.0283318689	        0.0002538515	        0.0002820573	        0.0001711279	        0.0135521018	        0.0060090026	        0.0005116263	        0.1000000000	        0.0010000000	        1.0000000000	        0.0002092115	        0.0001260691	       -0.1564778115	       28.9694596070	       28.9851073881
        0.0672255573	        0.5631760683	        0.9280364156	       -0.0299729207	        0.0003272418	        0.0003636020	        0.0002027929	        0.0144946236	        0.0060318989	        0.0006190036	        0.1000000000	        0.0010000000	        1.0000000000	        0.0001923218	        0.0001241636	       -0.1874274975	       28.8422454007	       28.8609881505
        0.0754358219	        0.6019753444	        0.9236429848	       -0.0314294359	        0.0004133095	        0.0004592328	        0.0002366265	        0.0152083036	        0.0059396343	        0.0007337221	        0.1000000000	        0.0010000000	        1.0000000000	        0.0001776775	        0.0001224348	       -0.2193267772	       28.7046453628	       28.7265780405
        0.0844384110	        0.6392634341	        0.9191785074	       -0.0327269807	        0.0005130784	        0.0005700871	        0.0002730599	        0.0156935518	        0.0057463357	        0.0008539468	        0.1000000000	        0.0010000000	        1.0000000000	        0.0001651652	        0.0001206052	       -0.2430861259	       28.5568209128	       28.5811295254
        0.0943009237	        0.6749505649	        0.9146181025	       -0.0338642668	        0.0006274850	        0.0006972056	        0.0003123432	        0.0159643671	        0.0054726863	        0.0009777538	        0.1000000000	        0.0010000000	        1.0000000000	        0.0001544803	        0.0001191594	       -0.2613904822	       28.3976812234	       28.4238202716
        0.1050948725	        0.7090079064	        0.9099355227	       -0.0348403318	        0.0007573229	        0.0008414698	        0.0003548229	        0.0160431939	        0.0051414541	        0.0011031981	        0.1000000000	        0.0010000000	        1.0000000000	        0.0001454036	        0.0001178266	       -0.2767680565	       28.2261175454	       28.2537943510
        0.1168955085	        0.7414523309	        0.9051014653	       -0.0356691775	        0.0009031883	        0.0010035426	        0.0004007402	        0.0159564812	        0.0047742712	        0.0012283598	        0.1000000000	        0.0010000000	        1.0000000000	        0.0001376985	        0.0001165933	       -0.2862159296	       28.0416031813	       28.0702247742
        0.1297815392	        0.7723326267	        0.9000881990	       -0.0363496361	        0.0010654302	        0.0011838113	        0.0004501962	        0.0157313602	        0.0043897514	        0.0013513753	        0.1000000000	        0.0010000000	        1.0000000000	        0.0001311358	        0.0001154634	       -0.2923300906	       27.8430171621	       27.8722501711
        0.1438347190	        0.8017178130	        0.8948671855	       -0.0368923070	        0.0012441067	        0.0013823408	        0.0005031355	        0.0153934660	        0.0040027142	        0.0014704597	        0.1000000000	        0.0010000000	        1.0000000000	        0.0001255081	        0.0001142857	       -0.2927244608	       27.6297804818	       27.6590529279
        0.1591392914	        0.8296877090	        0.8894131017	       -0.0373041567	        0.0014389533	        0.0015988370	        0.0005589465	        0.0149657214	        0.0036241666	        0.0015839246	        0.1000000000	        0.0010000000	        1.0000000000	        0.0001205502	        0.0001133592	       -0.2847348071	       27.4013317143	       27.4298051950
        0.1757812632	        0.8563255940	        0.8837089066	       -0.0375579174	        0.0016493662	        0.0018326291	        0.0006170729	        0.0144678307	        0.0032617174	        0.0016901970	        0.1000000000	        0.0010000000	        1.0000000000	        0.0001161085	        0.0001126290	       -0.2757821532	       27.1559850361	       27.1835632514
        0.1938474899	        0.8817126327	        0.8777361068	       -0.0376540826	        0.0018744087	        0.0020826763	        0.0006769904	        0.0139162491	        0.0029201805	        0.0017878419	        0.1000000000	        0.0010000000	        1.0000000000	        0.0001120889	        0.0001119914	       -0.2618964134	       26.8933031291	       26.9194927704
        0.2134245548	        0.9059236842	        0.8714819823	       -0.0375685581	        0.0021128455	        0.0023476061	        0.0007379557	        0.0133244367	        0.0026022070	        0.0018755905	        0.1000000000	        0.0010000000	        1.0000000000	        0.0001083945	        0.0001114930	       -0.2465198923	       26.6120665201	       26.6367185093
        0.2345974273	        0.9290241273	        0.8649353832	       -0.0372881617	        0.0023632155	        0.0026257950	        0.0007991334	        0.0127032668	        0.0023088627	        0.0019523754	        0.1000000000	        0.0010000000	        1.0000000000	        0.0001049447	        0.0001111310	       -0.2275186479	       26.3116832507	       26.3344351155
        0.2574478906	        0.9510673865	        0.8580920199	       -0.0367792437	        0.0026239507	        0.0029155007	        0.0008595660	        0.0120615023	        0.0020401145	        0.0020173726	        0.1000000000	        0.0010000000	        1.0000000000	        0.0001016642	        0.0001110048	       -0.2075516327	       25.9910393359	       26.0117944992
        0.2820527391	        0.9720929163	        0.8509515588	       -0.0360033701	        0.0028935491	        0.0032150546	        0.0009187674	        0.0114062920	        0.0017952184	        0.0020700507	        0.1000000000	        0.0010000000	        1.0000000000	        0.0000985415	        0.0001109763	       -0.1891582482	       25.6490822157	       25.6679980406
        0.3084817527	        0.9921244982	        0.8435143049	       -0.0349397111	        0.0031708096	        0.0035231218	        0.0009759147	        0.0107436643	        0.0015730169	        0.0021102235	        0.1000000000	        0.0010000000	        1.0000000000	        0.0000955182	        0.0001111336	       -0.1677862166	       25.2856424553	       25.3024210769
        0.3367954708	        1.0111688146	        0.8357927657	       -0.0335251995	        0.0034551255	        0.0038390284	        0.0010303869	        0.0100790045	        0.0013721619	        0.0021381041	        0.1000000000	        0.0010000000	        1.0000000000	        0.0000925510	        0.0001115171	       -0.1497085869	       24.8993692070	       24.9143400657
        0.3670428018	        1.0292144129	        0.8278004355	       -0.0317195204	        0.0037468287	        0.0041631430	        0.0010820995	        0.0094175086	        0.0011912741	        0.0021543528	        0.1000000000	        0.0010000000	        1.0000000000	        0.0000896289	        0.0001120473	       -0.1324158651	       24.4900445031	       24.5032860896
        0.3992585207	        1.0462313536	        0.8195594744	       -0.0294648507	        0.0040475498	        0.0044972775	        0.0011308816	        0.0087645965	        0.0010290527	        0.0021601068	        0.1000000000	        0.0010000000	        1.0000000000	        0.0000867100	        0.0001127471	       -0.1171894939	       24.0571962760	       24.0689152254
        0.4334607283	        1.0621720489	        0.8110997956	       -0.0267047081	        0.0043605328	        0.0048450364	        0.0011765930	        0.0081262527	        0.0008843401	        0.0021569788	        0.1000000000	        0.0010000000	        1.0000000000	        0.0000837397	        0.0001136227	       -0.1025422557	       23.6008540333	       23.6111082588
        0.4696483595	        1.0769739790	        0.8024647314	       -0.0233644797	        0.0046907907	        0.0052119897	        0.0012190188	        0.0075092380	        0.0007561452	        0.0021470032	        0.1000000000	        0.0010000000	        1.0000000000	        0.0000806508	        0.0001147289	       -0.0890844293	       23.1209799979	       23.1298884408
        0.5077988477	        1.0905650156	        0.7937103969	       -0.0193570272	        0.0050449348	        0.0056054831	        0.0012583738	        0.0069210987	        0.0006436259	        0.0021325114	        0.1000000000	        0.0010000000	        1.0000000000	        0.0000774103	        0.0001160513	       -0.0779707501	       22.6176835929	       22.6254806680
        0.5478660655	        1.1028717680	        0.7849012807	       -0.0145973071	        0.0054304554	        0.0060338393	        0.0012949941	        0.0063698977	        0.0005460346	        0.0021159298	        0.1000000000	        0.0010000000	        1.0000000000	        0.0000740076	        0.0001176223	       -0.0680722931	       22.0916189627	       22.0984261920
        0.5897786695	        1.1138305363	        0.7761096968	       -0.0089844483	        0.0058542314	        0.0065047016	        0.0013297822	        0.0058636411	        0.0004626354	        0.0020995135	        0.1000000000	        0.0010000000	        1.0000000000	        0.0000704945	        0.0001194092	       -0.0624902645	       21.5432561530	       21.5495051795
        0.6334389769	        1.1233991395	        0.7673996990	       -0.0024533102	        0.0063201531	        0.0070223924	        0.0013638319	        0.0054094712	        0.0003926178	        0.0020850673	        0.1000000000	        0.0010000000	        1.0000000000	        0.0000669696	        0.0001213683	       -0.0584235215	       20.9742235033	       20.9800658554
        0.6787224963	        1.1315666108	        0.7588268234	        0.0050542443	        0.0068260236	        0.0075844707	        0.0013977421	        0.0050128260	        0.0003350344	        0.0020737284	        0.1000000000	        0.0010000000	        1.0000000000	        0.0000635483	        0.0001235625	       -0.0562837538	       20.3861548041	       20.3917831795
        0.7254782147	        1.1383574370	        0.7504277116	        0.0135748355	        0.0073603532	        0.0081781703	        0.0014329070	        0.0046768382	        0.0002887903	        0.0020658855	        0.1000000000	        0.0010000000	        1.0000000000	        0.0000604177	        0.0001258958	       -0.0588552527	       19.7808357279	       19.7867212531
        0.7735297135	        1.1438283220	        0.7422045220	        0.0230688106	        0.0079001362	        0.0087779291	        0.0014702250	        0.0044022058	        0.0002526923	        0.0020612638	        0.1000000000	        0.0010000000	        1.0000000000	        0.0000577556	        0.0001283443	       -0.0612885849	       19.1615397519	       19.1676686104
        0.8226771500	        1.1480579845	        0.7341359864	        0.0334865504	        0.0084109307	        0.0093454786	        0.0015099301	        0.0041875889	        0.0002255424	        0.0020591388	        0.1000000000	        0.0010000000	        1.0000000000	        0.0000557131	        0.0001309513	       -0.0661094734	       18.5309811570	       18.5375921043
        0.8727000940	        1.1511328263	        0.7261693922	        0.0447235719	        0.0088502481	        0.0098336090	        0.0015528432	        0.0040303917	        0.0002062465	        0.0020586005	        0.1000000000	        0.0010000000	        1.0000000000	        0.0000544524	        0.0001336744	       -0.0730623685	       17.8925681209	       17.8998743577
        0.9233611572	        1.1531321441	        0.7182239140	        0.0566368363	        0.0091742835	        0.0101936484	        0.0016002196	        0.0039276819	        0.0001939092	        0.0020587877	        0.1000000000	        0.0010000000	        1.0000000000	        0.0000541317	        0.0001364078	       -0.0839227077	       17.2498727912	       17.2582650620
        0.9744103051	        1.1541157978	        0.7101893763	        0.0690119801	        0.0093466539	        0.0103851711	        0.0016526857	        0.0038770131	        0.0001879019	        0.0020590527	        0.1000000000	        0.0010000000	        1.0000000000	        0.0000548755	        0.0001391402	       -0.0945854718	       16.6075494872	       16.6170080344
        1.0255896949	        1.1541157978	        0.7019415630	        0.0816393757	        0.0093466539	        0.0103851711	        0.0017110280	        0.0038770131	        0.0001879019	        0.0020590527	        0.1000000000	        0.0010000000	        1.0000000000	        0.0000568127	        0.0001417691	       -0.1097867393	       15.9693044482	       15.9802831222
        1.0766388428	        1.1531321441	        0.6933322346	        0.0942197614	        0.0091742835	        0.0101936484	        0.0017753789	        0.0039276819	        0.0001939092	        0.0020587877	        0.1000000000	        0.0010000000	        1.0000000000	        0.0000600570	        0.0001442331	       -0.1225448673	       15.3404391475	       15.3526936342
        1.1272999060	        1.1511328263	        0.6842123819	        0.1064886715	        0.0088502481	        0.0098336090	        0.0018448965	        0.0040303917	        0.0002062465	        0.0020586005	        0.1000000000	        0.0010000000	        1.0000000000	        0.0000646936	        0.0001465676	       -0.1364476969	       14.7246892618	       14.7383340315
        1.1773228500	        1.1480579845	        0.6744274750	        0.1181449861	        0.0084109307	        0.0093454786	        0.0019191948	        0.0041875889	        0.0002255424	        0.0020591388	        0.1000000000	        0.0010000000	        1.0000000000	        0.0000708141	        0.0001486187	       -0.1494764138	       14.1262231873	       14.1411708287
        1.2264702865	        1.1438283220	        0.6638309508	        0.1288821113	        0.0079001362	        0.0087779291	        0.0019961770	        0.0044022058	        0.0002526923	        0.0020612638	        0.1000000000	        0.0010000000	        1.0000000000	        0.0000784168	        0.0001504029	       -0.1573170370	       13.5490528131	       13.5647845168
        1.2745217853	        1.1383574370	        0.6523076184	        0.1384508876	        0.0073603532	        0.0081781703	        0.0020723769	        0.0046768382	        0.0002887903	        0.0020658855	        0.1000000000	        0.0010000000	        1.0000000000	        0.0000873805	        0.0001520997	       -0.1585160303	       12.9959861127	       13.0118377157
        1.3212775037	        1.1315666108	        0.6397905393	        0.1466878711	        0.0068260236	        0.0075844707	        0.0021447382	        0.0050128260	        0.0003350344	        0.0020737284	        0.1000000000	        0.0010000000	        1.0000000000	        0.0000975104	        0.0001538404	       -0.1549005214	       12.4684835694	       12.4839736215
        1.3665610231	        1.1233991395	        0.6262652823	        0.1534950622	        0.0063201531	        0.0070223924	        0.0022110376	        0.0054094712	        0.0003926178	        0.0020850673	        0.1000000000	        0.0010000000	        1.0000000000	        0.0001085708	        0.0001556845	       -0.1468281889	       11.9674320085	       11.9821148274
        1.4102213305	        1.1138305363	        0.6117716297	        0.1588465230	        0.0058542314	        0.0065047016	        0.0022694721	        0.0058636411	        0.0004626354	        0.0020995135	        0.1000000000	        0.0010000000	        1.0000000000	        0.0001203094	        0.0001576536	       -0.1348419714	       11.4931032961	       11.5065874932
        1.4521339345	        1.1028717680	        0.5963962172	        0.1627664624	        0.0054304554	        0.0060338393	        0.0023179998	        0.0063698977	        0.0005460346	        0.0021159298	        0.1000000000	        0.0010000000	        1.0000000000	        0.0001324713	        0.0001599478	       -0.1166262801	       11.0455726563	       11.0572352843
        1.4922011523	        1.0905650156	        0.5802669149	        0.1653810783	        0.0050449348	        0.0056054831	        0.0023556177	        0.0069210987	        0.0006436259	        0.0021325114	        0.1000000000	        0.0010000000	        1.0000000000	        0.0001449085	        0.0001625512	       -0.0982608587	       10.6234726153	       10.6332987012
        1.5303516405	        1.0769739790	        0.5635182469	        0.1667693935	        0.0046907907	        0.0052119897	        0.0023816164	        0.0075092380	        0.0007561452	        0.0021470032	        0.1000000000	        0.0010000000	        1.0000000000	        0.0001575688	        0.0001653763	       -0.0742001538	       10.2266707953	       10.2340908107
        1.5665392717	        1.0621720489	        0.5462929703	        0.1670644759	        0.0043605328	        0.0048450364	        0.0023945613	        0.0081262527	        0.0008843401	        0.0021569788	        0.1000000000	        0.0010000000	        1.0000000000	        0.0001704241	        0.0001686481	       -0.0453539992	        9.8540170840	        9.8585524839
        1.6007414793	        1.0462313536	        0.5287276191	        0.1664068483	        0.0040475498	        0.0044972775	        0.0023937889	        0.0087645965	        0.0010290527	        0.0021601068	        0.1000000000	        0.0010000000	        1.0000000000	        0.0001835431	        0.0001723665	       -0.0129638530	        9.5041417129	        9.5054380982
        1.6329571982	        1.0292144129	        0.5109419586	        0.1649118108	        0.0037468287	        0.0041631430	        0.0023789861	        0.0094175086	        0.0011912741	        0.0021543528	        0.1000000000	        0.0010000000	        1.0000000000	        0.0001970482	        0.0001763508	        0.0240400290	        9.1759304317	        9.1735264288
        1.6632045292	        1.0111688146	        0.4930388715	        0.1626582002	        0.0034551255	        0.0038390284	        0.0023490344	        0.0100790045	        0.0013721619	        0.0021381041	        0.1000000000	        0.0010000000	        1.0000000000	        0.0002109940	        0.0001812186	        0.0715702123	        8.8687137808	        8.8615567595
        1.6915182473	        0.9921244982	        0.4751181138	        0.1598563703	        0.0031708096	        0.0035231218	        0.0023046661	        0.0107436643	        0.0015730169	        0.0021102235	        0.1000000000	        0.0010000000	        1.0000000000	        0.0002255705	        0.0001867307	        0.1139663028	        8.5793023868	        8.5679057565
        1.7179472609	        0.9720929163	        0.4572407044	        0.1564943050	        0.0028935491	        0.0032150546	        0.0022471092	        0.0114062920	        0.0017952184	        0.0020700507	        0.1000000000	        0.0010000000	        1.0000000000	        0.0002410115	        0.0001921762	        0.1650696029	        8.3081661930	        8.2916592327
        1.7425521094	        0.9510673865	        0.4394641299	        0.1526319293	        0.0026239507	        0.0029155007	        0.0021756230	        0.0120615023	        0.0020401145	        0.0020173726	        0.1000000000	        0.0010000000	        1.0000000000	        0.0002573194	        0.0001983797	        0.2263124948	        8.0543414418	        8.0317101924
        1.7654025727	        0.9290241273	        0.4218466435	        0.1483872074	        0.0023632155	        0.0026257950	        0.0020904600	        0.0127032668	        0.0023088627	        0.0019523754	        0.1000000000	        0.0010000000	        1.0000000000	        0.0002745257	        0.0002057025	        0.2916901617	        7.8159179715	        7.7867489553
        1.7865754452	        0.9059236842	        0.4044372129	        0.1438507249	        0.0021128455	        0.0023476061	        0.0019931345	        0.0133244367	        0.0026022070	        0.0018755905	        0.1000000000	        0.0010000000	        1.0000000000	        0.0002927611	        0.0002137450	        0.3582353516	        7.5914443533	        7.5556208181
        1.8061525101	        0.8817126327	        0.3872733433	        0.1390558862	        0.0018744087	        0.0020826763	        0.0018850852	        0.0139162491	        0.0029201805	        0.0017878419	        0.1000000000	        0.0010000000	        1.0000000000	        0.0003121125	        0.0002230157	        0.4297729263	        7.3803467313	        7.3373694387
        1.8242187368	        0.8563255940	        0.3703912446	        0.1341318361	        0.0016493662	        0.0018326291	        0.0017683568	        0.0144678307	        0.0032617174	        0.0016901970	        0.1000000000	        0.0010000000	        1.0000000000	        0.0003327341	        0.0002339522	        0.4951115143	        7.1804787871	        7.1309676356
        1.8408607086	        0.8296877090	        0.3538103708	        0.1291214214	        0.0014389533	        0.0015988370	        0.0016457947	        0.0149657214	        0.0036241666	        0.0015839246	        0.1000000000	        0.0010000000	        1.0000000000	        0.0003549552	        0.0002459310	        0.5530343040	        6.9909802952	        6.9356768648
        1.8561652810	        0.8017178130	        0.3375361584	        0.1240404269	        0.0012441067	        0.0013823408	        0.0015198373	        0.0153934660	        0.0040027142	        0.0014704597	        0.1000000000	        0.0010000000	        1.0000000000	        0.0003791263	        0.0002591314	        0.6031961002	        6.8112537913	        6.7509341813
        1.8702184608	        0.7723326267	        0.3215637661	        0.1189152433	        0.0010654302	        0.0011838113	        0.0013926806	        0.0157313602	        0.0043897514	        0.0013513753	        0.1000000000	        0.0010000000	        1.0000000000	        0.0004056683	        0.0002734560	        0.6416585137	        6.6404112847	        6.5762454333
        1.8831044915	        0.7414523309	        0.3058764452	        0.1137221372	        0.0009031883	        0.0010035426	        0.0012661205	        0.0159564812	        0.0047742712	        0.0012283598	        0.1000000000	        0.0010000000	        1.0000000000	        0.0004350521	        0.0002893651	        0.6699156120	        6.4782068476	        6.4112152864
        1.8949051275	        0.7090079064	        0.2904515904	        0.1084966305	        0.0007573229	        0.0008414698	        0.0011417216	        0.0160431939	        0.0051414541	        0.0011031981	        0.1000000000	        0.0010000000	        1.0000000000	        0.0004678683	        0.0003079780	        0.6801558262	        6.3234254495	        6.2554098669
        1.9056990763	        0.6749505649	        0.2752545478	        0.1032573453	        0.0006274850	        0.0006972056	        0.0010211057	        0.0159643671	        0.0054726863	        0.0009777538	        0.1000000000	        0.0010000000	        1.0000000000	        0.0005050238	        0.0003276528	        0.6651630855	        6.1750025459	        6.1084862373
        1.9155615890	        0.6392634341	        0.2602346218	        0.0978840341	        0.0005130784	        0.0005700871	        0.0009050498	        0.0156935518	        0.0057463357	        0.0008539468	        0.1000000000	        0.0010000000	        1.0000000000	        0.0005474359	        0.0003477956	        0.6345556847	        6.0337239973	        5.9702684288
        1.9245641781	        0.6019753444	        0.2453418106	        0.0923486947	        0.0004133095	        0.0004592328	        0.0007935502	        0.0152083036	        0.0059396343	        0.0007337221	        0.1000000000	        0.0010000000	        1.0000000000	        0.0005958591	        0.0003718989	        0.5854529948	        5.8990100316	        5.8404647322
        1.9327744427	        0.5631760683	        0.2305287508	        0.0867187586	        0.0003272418	        0.0003636020	        0.0006867747	        0.0144946236	        0.0060318989	        0.0006190036	        0.1000000000	        0.0010000000	        1.0000000000	        0.0006513134	        0.0003982363	        0.5029305489	        5.7690116949	        5.7187186400
        1.9402559838	        0.5230316915	        0.2157417675	        0.0808471739	        0.0002538515	        0.0002820573	        0.0005845896	        0.0135521018	        0.0060090026	        0.0005116263	        0.1000000000	        0.0010000000	        1.0000000000	        0.0007146869	        0.0004257428	        0.4003795074	        5.6448705338	        5.6048325831
        1.9470683933	        0.4817980412	        0.2009430140	        0.0747574027	        0.0001920824	        0.0002134249	        0.0004866803	        0.0123987905	        0.0058684643	        0.0004132474	        0.1000000000	        0.0010000000	        1.0000000000	        0.0007863223	        0.0004595989	        0.2706145832	        5.5255487053	        5.4984872470
        1.9532673011	        0.4398294380	        0.1861124061	        0.0685359312	        0.0001408983	        0.0001565537	        0.0003933310	        0.0110742704	        0.0056239014	        0.0003252413	        0.1000000000	        0.0010000000	        1.0000000000	        0.0008663569	        0.0004969194	        0.1012044619	        5.4094641106	        5.3993436644
        1.9589044686	        0.3975796347	        0.1712474020	        0.0620944065	        0.0000993297	        0.0001103663	        0.0003053468	        0.0096391014	        0.0053072284	        0.0002485922	        0.1000000000	        0.0010000000	        1.0000000000	        0.0009540232	        0.0005402629	       -0.0950297143	        5.2976627455	        5.3071657169
        1.9640279170	        0.3555914649	        0.1563839634	        0.0556426903	        0.0000665036	        0.0000738929	        0.0002236693	        0.0081692667	        0.0049672680	        0.0001838049	        0.1000000000	        0.0010000000	        1.0000000000	        0.0010437721	        0.0005894473	       -0.3386945535	        5.1877558213	        5.2216252766
        1.9686820816	        0.3147416108	        0.1416942388	        0.0492307406	        0.0000470814	        0.0000523127	        0.0001711083	        0.0067567771	        0.0046683037	        0.0001312364	        0.1000000000	        0.0010000000	        1.0000000000	        0.0011278880	        0.0006416626	       -0.6124054216	        5.0812773519	        5.1425178941
        1.9729079831	        0.2758662653	        0.1273812988	        0.0431398256	        0.0000332418	        0.0000369353	        0.0001294766	        0.0054607905	        0.0044434186	        0.0000904000	        0.1000000000	        0.0010000000	        1.0000000000	        0.0012087911	        0.0007043716	       -0.9241669069	        4.9771470057	        5.0695636964
        1.9767434111	        0.2392597842	        0.1134776296	        0.0374561593	        0.0000223411	        0.0000248234	        0.0000931096	        0.0043085696	        0.0043077434	        0.0000598211	        0.1000000000	        0.0010000000	        1.0000000000	        0.0012934051	        0.0007766498	       -1.2783729006	        4.8746503913	        5.0024876814
        1.9802231129	        0.2050490173	        0.0999847780	        0.0321940707	        0.0000141812	        0.0000157568	        0.0000631632	        0.0033131895	        0.0042682686	        0.0000377974	        0.1000000000	        0.0010000000	        1.0000000000	        0.0013822841	        0.0008525852	       -1.6743989348	        4.7736140039	        4.9410538974
        1.9833789852	        0.1733098355	        0.0869188999	        0.0272787060	        0.0000084347	        0.0000093719	        0.0000400593	        0.0024770500	        0.0043242313	        0.0000226281	        0.1000000000	        0.0010000000	        1.0000000000	        0.0014739374	        0.0009265442	       -2.0994372904	        4.6751185818	        4.8850623108
        1.9862402627	        0.1440555631	        0.0743048004	        0.0226570003	        0.0000046578	        0.0000051754	        0.0000235196	        0.0017933881	        0.0044688244	        0.0000127029	        0.1000000000	        0.0010000000	        1.0000000000	        0.0015670817	        0.0010075513	       -2.5426202978	        4.5800219063	        4.8342839361
        1.9888337046	        0.1172361386	        0.0621684690	        0.0184415038	        0.0000023576	        0.0000026196	        0.0000126190	        0.0012490763	        0.0046914788	        0.0000065880	        0.1000000000	        0.0010000000	        1.0000000000	        0.0016610931	        0.0011021894	       -3.0121856191	        4.4872153872	        4.7884339491
        1.9911837738	        0.0927485581	        0.0505285887	        0.0146570793	        0.0000010717	        0.0000011908	        0.0000060638	        0.0008276828	        0.0049800020	        0.0000030854	        0.1000000000	        0.0010000000	        1.0000000000	        0.0017559705	        0.0011963909	       -3.5067569058	        4.3965750609	        4.7472507515
        1.9933128092	        0.0704536354	        0.0393956610	        0.0111844351	        0.0000004225	        0.0000004694	        0.0000025206	        0.0005119512	        0.0053221295	        0.0000012573	        0.1000000000	        0.0010000000	        1.0000000000	        0.0018516938	        0.0012864999	       -4.0098916004	        4.3095160005	        4.7105051605
        1.9952411902	        0.0501930334	        0.0287754290	        0.0080173455	        0.0000001354	        0.0000001504	        0.0000008499	        0.0002853812	        0.0057064115	        0.0000004173	        0.1000000000	        0.0010000000	        1.0000000000	        0.0019480156	        0.0013746306	       -4.5189455725	        4.2260583543	        4.6779529115
        1.9969874916	        0.0318028097	        0.0186698429	        0.0050839337	        0.0000000309	        0.0000000343	        0.0000002032	        0.0001330130	        0.0061225820	        0.0000000985	        0.1000000000	        0.0010000000	        1.0000000000	        0.0020445138	        0.0014508292	       -5.0246951022	        4.1468971007	        4.6493666110
        1.9985686299	        0.0151224499	        0.0090786168	        0.0022977980	        0.0000000035	        0.0000000039	        0.0000000240	        0.0000416842	        0.0065616201	        0.0000000115	        0.1000000000	        0.0010000000	        1.0000000000	        0.0021405240	        0.0015127628	       -5.5172739010	        4.0728206619	        4.6245480520
        2.0000000000	        0.0000000000	        0.0000000000	       -0.0003914555	        0.0000000000	        0.0000000000	        0.0000000000	        0.0000000000	        0.0070156685	        0.0000000000	        0.1000000000	        0.0010000000	        1.0000000000	        0.0022350535	        0.0015666578	                 NaN	        4.0041771605	                 NaN
