        0.0000000000	        0.0000000000	        1.0000000000	        0.0000664196	        0.0000000000	        0.0000000000	        0.0000000000	        0.0000000000	        0.0070156685	        0.0000000000	        0.1000000000	        0.0010000000	        1.0000000000	        0.0017128619	        0.0013762070	                 NaN	       30.8609235574	                 NaN
        0.0014313701	        0.0151224499	        0.9930369155	       -0.0012834425	        0.0000000035	        0.0000000039	        0.0000000184	        0.0000416842	        0.0065616201	        0.0000000115	        0.1000000000	        0.0010000000	        1.0000000000	        0.0016425795	        0.0013290793	        4.1383559924	       30.5846827564	       26.4463267639
        0.0030125084	        0.0318028097	        0.9856732737	       -0.0026679575	        0.0000000309	        0.0000000343	        0.0000001560	        0.0001330130	        0.0061225820	        0.0000000985	        0.1000000000	        0.0010000000	        1.0000000000	        0.0015695620	        0.0012745502	        3.8685307630	       30.2925022062	       26.4239714432
        0.0047588098	        0.0501930334	        0.9779157812	       -0.0041255815	        0.0000001354	        0.0000001504	        0.0000006519	        0.0002853812	        0.0057064115	        0.0000004173	        0.1000000000	        0.0010000000	        1.0000000000	        0.0014940618	        0.0012068924	        3.5880858705	       29.9869415333	       26.3988556628
        0.0066871908	        0.0704536354	        0.9697772745	       -0.0057232830	        0.0000004225	        0.0000004694	        0.0000019278	        0.0005119512	        0.0053221295	        0.0000012573	        0.1000000000	        0.0010000000	        1.0000000000	        0.0014161994	        0.0011283231	        3.3013717912	       29.6721687360	       26.3707969449
        0.0088162262	        0.0927485581	        0.9612786835	       -0.0075074683	        0.0000010717	        0.0000011908	        0.0000046134	        0.0008276828	        0.0049800020	        0.0000030854	        0.1000000000	        0.0010000000	        1.0000000000	        0.0013359558	        0.0010484891	        3.0120657867	       29.3516579276	       26.3395921410
        0.0111662954	        0.1172361386	        0.9524515478	       -0.0094513774	        0.0000023576	        0.0000026196	        0.0000095207	        0.0012490763	        0.0046914788	        0.0000065880	        0.1000000000	        0.0010000000	        1.0000000000	        0.0012532510	        0.0009676956	        2.7208183491	       29.0258408718	       26.3050225227
        0.0137597373	        0.1440555631	        0.9433401572	       -0.0115947933	        0.0000046578	        0.0000051754	        0.0000175308	        0.0017933881	        0.0044688244	        0.0000127029	        0.1000000000	        0.0010000000	        1.0000000000	        0.0011680526	        0.0008864587	        2.4319574024	       28.6988253382	       26.2668679358
        0.0166210148	        0.1733098355	        0.9340033679	       -0.0138988618	        0.0000084347	        0.0000093719	        0.0000293688	        0.0024770500	        0.0043242313	        0.0000226281	        0.1000000000	        0.0010000000	        1.0000000000	        0.0010805946	        0.0008063680	        2.1467397114	       28.3716419588	       26.2249022475
        0.0197768871	        0.2050490173	        0.9245132758	       -0.0163725627	        0.0000141812	        0.0000157568	        0.0000453123	        0.0033131895	        0.0042682686	        0.0000377974	        0.1000000000	        0.0010000000	        1.0000000000	        0.0009916293	        0.0007266984	        1.8691599108	       28.0480649237	       26.1789050129
        0.0232565889	        0.2392597842	        0.9149505457	       -0.0189891513	        0.0000223411	        0.0000248234	        0.0000649735	        0.0043085696	        0.0043077434	        0.0000598211	        0.1000000000	        0.0010000000	        1.0000000000	        0.0009025608	        0.0006487478	        1.6018557369	       27.7305144534	       26.1286587165
        0.0270920169	        0.2758662653	        0.9053955017	       -0.0217487534	        0.0000332418	        0.0000369353	        0.0000873337	        0.0054607905	        0.0044434186	        0.0000904000	        0.1000000000	        0.0010000000	        1.0000000000	        0.0008153459	        0.0005724187	        1.3485550735	       27.4225094475	       26.0739543740
        0.0313179184	        0.3147416108	        0.8959180634	       -0.0246597593	        0.0000470814	        0.0000523127	        0.0001108663	        0.0067567771	        0.0046683037	        0.0001312364	        0.1000000000	        0.0010000000	        1.0000000000	        0.0007307929	        0.0004996141	        1.1127568646	       27.1273458800	       26.0145890154
        0.0359720830	        0.3555914649	        0.8866037946	       -0.0276933165	        0.0000665036	        0.0000738929	        0.0001383982	        0.0081692667	        0.0049672680	        0.0001838049	        0.1000000000	        0.0010000000	        1.0000000000	        0.0006458470	        0.0004313882	        0.8969012467	       26.8472619782	       25.9503607315
        0.0410955314	        0.3975796347	        0.8776316756	       -0.0307319048	        0.0000993297	        0.0001103663	        0.0001794692	        0.0096391014	        0.0053072284	        0.0002485922	        0.1000000000	        0.0010000000	        1.0000000000	        0.0005607322	        0.0003688957	        0.7035740182	       26.5846412431	       25.8810672249
        0.0467326989	        0.4398294380	        0.8691307451	       -0.0336711579	        0.0001408983	        0.0001565537	        0.0002186868	        0.0110742704	        0.0056239014	        0.0003252413	        0.1000000000	        0.0010000000	        1.0000000000	        0.0004816830	        0.0003130155	        0.5337067777	       26.3402018922	       25.8064951145
        0.0529316067	        0.4817980412	        0.8611213076	       -0.0365132232	        0.0001920824	        0.0002134249	        0.0002552784	        0.0123987905	        0.0058684643	        0.0004132474	        0.1000000000	        0.0010000000	        1.0000000000	        0.0004124496	        0.0002640149	        0.3881576768	       26.1145744230	       25.7264167462
        0.0597440162	        0.5230316915	        0.8535892572	       -0.0392643163	        0.0002538515	        0.0002820573	        0.0002889678	        0.0135521018	        0.0060090026	        0.0005116263	        0.1000000000	        0.0010000000	        1.0000000000	        0.0003532760	        0.0002229326	        0.2665103290	       25.9070869992	       25.6405766702
        0.0672255573	        0.5631760683	        0.8464968180	       -0.0419090223	        0.0003272418	        0.0003636020	        0.0003201307	        0.0144946236	        0.0060318989	        0.0006190036	        0.1000000000	        0.0010000000	        1.0000000000	        0.0003036009	        0.0001893252	        0.1664772329	       25.7151578128	       25.5486805799
        0.0754358219	        0.6019753444	        0.8397915992	       -0.0444577714	        0.0004133095	        0.0004592328	        0.0003494682	        0.0152083036	        0.0059396343	        0.0007337221	        0.1000000000	        0.0010000000	        1.0000000000	        0.0002624078	        0.0001621974	        0.0863604323	       25.5367615785	       25.4504011462
        0.0844384110	        0.6392634341	        0.8334147774	       -0.0469048974	        0.0005130784	        0.0005700871	        0.0003777524	        0.0156935518	        0.0057463357	        0.0008539468	        0.1000000000	        0.0010000000	        1.0000000000	        0.0002284904	        0.0001406933	        0.0235948358	       25.3689649655	       25.3453701297
        0.0943009237	        0.6749505649	        0.8273065307	       -0.0492551426	        0.0006274850	        0.0006972056	        0.0004056680	        0.0159643671	        0.0054726863	        0.0009777538	        0.1000000000	        0.0010000000	        1.0000000000	        0.0002006374	        0.0001242244	       -0.0238843396	       25.2092963459	       25.2331806855
        0.1050948725	        0.7090079064	        0.8214100870	       -0.0514768986	        0.0007573229	        0.0008414698	        0.0004337665	        0.0160431939	        0.0051414541	        0.0011031981	        0.1000000000	        0.0010000000	        1.0000000000	        0.0001777540	        0.0001116410	       -0.0594548041	       25.0539254467	       25.1133802508
        0.1168955085	        0.7414523309	        0.8156725616	       -0.0535822259	        0.0009031883	        0.0010035426	        0.0004624295	        0.0159564812	        0.0047742712	        0.0012283598	        0.1000000000	        0.0010000000	        1.0000000000	        0.0001588956	        0.0001017475	       -0.0844050650	       24.9010897740	       24.9854948389
        0.1297815392	        0.7723326267	        0.8100468803	       -0.0555637649	        0.0010654302	        0.0011838113	        0.0004918153	        0.0157313602	        0.0043897514	        0.0013513753	        0.1000000000	        0.0010000000	        1.0000000000	        0.0001432589	        0.0000942462	       -0.1005302112	       24.7484862647	       24.8490164759
        0.1438347190	        0.8017178130	        0.8044921583	       -0.0574073366	        0.0012441067	        0.0013823408	        0.0005219112	        0.0153934660	        0.0040027142	        0.0014704597	        0.1000000000	        0.0010000000	        1.0000000000	        0.0001301918	        0.0000885858	       -0.1095772397	       24.5938283155	       24.7034055553
        0.1591392914	        0.8296877090	        0.7989734162	       -0.0591025606	        0.0014389533	        0.0015988370	        0.0005525568	        0.0149657214	        0.0036241666	        0.0015839246	        0.1000000000	        0.0010000000	        1.0000000000	        0.0001191722	        0.0000842905	       -0.1128254423	       24.4352742318	       24.5480996741
        0.1757812632	        0.8563255940	        0.7934614371	       -0.0606360223	        0.0016493662	        0.0018326291	        0.0005834560	        0.0144678307	        0.0032617174	        0.0016901970	        0.1000000000	        0.0010000000	        1.0000000000	        0.0001097831	        0.0000811424	       -0.1113839713	       24.2711315745	       24.3825155459
        0.1938474899	        0.8817126327	        0.7879325609	       -0.0619829439	        0.0018744087	        0.0020826763	        0.0006142324	        0.0139162491	        0.0029201805	        0.0017878419	        0.1000000000	        0.0010000000	        1.0000000000	        0.0001016981	        0.0000788355	       -0.1065439622	       24.0995075646	       24.2060515268
        0.2134245548	        0.9059236842	        0.7823679678	       -0.0631299332	        0.0021128455	        0.0023476061	        0.0006444409	        0.0133244367	        0.0026022070	        0.0018755905	        0.1000000000	        0.0010000000	        1.0000000000	        0.0000946586	        0.0000771113	       -0.0988858675	       23.9192186931	       24.0181045606
        0.2345974273	        0.9290241273	        0.7767539632	       -0.0640551677	        0.0023632155	        0.0026257950	        0.0006735579	        0.0127032668	        0.0023088627	        0.0019523754	        0.1000000000	        0.0010000000	        1.0000000000	        0.0000884537	        0.0000759990	       -0.0890836158	       23.7289840152	       23.8180676311
        0.2574478906	        0.9510673865	        0.7710820985	       -0.0647190344	        0.0026239507	        0.0029155007	        0.0007010855	        0.0120615023	        0.0020401145	        0.0020173726	        0.1000000000	        0.0010000000	        1.0000000000	        0.0000829201	        0.0000754515	       -0.0782717138	       23.5270600911	       23.6053318049
        0.2820527391	        0.9720929163	        0.7653483736	       -0.0650824722	        0.0028935491	        0.0032150546	        0.0007266465	        0.0114062920	        0.0017952184	        0.0020700507	        0.1000000000	        0.0010000000	        1.0000000000	        0.0000779358	        0.0000751174	       -0.0673531185	       23.3119627230	       23.3793158416
        0.3084817527	        0.9921244982	        0.7595526880	       -0.0651359679	        0.0031708096	        0.0035231218	        0.0007498493	        0.0107436643	        0.0015730169	        0.0021102235	        0.1000000000	        0.0010000000	        1.0000000000	        0.0000733919	        0.0000750705	       -0.0558973116	       23.0835998843	       23.1394971959
        0.3367954708	        1.0111688146	        0.7537010337	       -0.0648160782	        0.0034551255	        0.0038390284	        0.0007704055	        0.0100790045	        0.0013721619	        0.0021381041	        0.1000000000	        0.0010000000	        1.0000000000	        0.0000691990	        0.0000753149	       -0.0453575201	       22.8400225992	       22.8853801193
        0.3670428018	        1.0292144129	        0.7478036527	       -0.0640975840	        0.0037468287	        0.0041631430	        0.0007882064	        0.0094175086	        0.0011912741	        0.0021543528	        0.1000000000	        0.0010000000	        1.0000000000	        0.0000652861	        0.0000756027	       -0.0355359259	       22.5810359575	       22.6165718834
        0.3992585207	        1.0462313536	        0.7418766270	       -0.0629475674	        0.0040475498	        0.0044972775	        0.0008031336	        0.0087645965	        0.0010290527	        0.0021601068	        0.1000000000	        0.0010000000	        1.0000000000	        0.0000615801	        0.0000759921	       -0.0263593496	       22.3064206442	       22.3327799938
        0.4334607283	        1.0621720489	        0.7359431310	       -0.0613217684	        0.0043605328	        0.0048450364	        0.0008151179	        0.0081262527	        0.0008843401	        0.0021569788	        0.1000000000	        0.0010000000	        1.0000000000	        0.0000580130	        0.0000766392	       -0.0179602752	       22.0158516334	       22.0338119086
        0.4696483595	        1.0769739790	        0.7300337624	       -0.0591451830	        0.0046907907	        0.0052119897	        0.0008243767	        0.0075092380	        0.0007561452	        0.0021470032	        0.1000000000	        0.0010000000	        1.0000000000	        0.0000545411	        0.0000774780	       -0.0114101981	       21.7081754674	       21.7195856655
        0.5077988477	        1.0905650156	        0.7241833324	       -0.0563762743	        0.0050449348	        0.0056054831	        0.0008313842	        0.0069210987	        0.0006436259	        0.0021325114	        0.1000000000	        0.0010000000	        1.0000000000	        0.0000511435	        0.0000783687	       -0.0064510659	       21.3837601566	       21.3902112225
        0.5478660655	        1.1028717680	        0.7184299157	       -0.0529681147	        0.0054304554	        0.0060338393	        0.0008366736	        0.0063698977	        0.0005460346	        0.0021159298	        0.1000000000	        0.0010000000	        1.0000000000	        0.0000478150	        0.0000793301	       -0.0030545227	       21.0429302542	       21.0459847769
        0.5897786695	        1.1138305363	        0.7128118203	       -0.0488812621	        0.0058542314	        0.0065047016	        0.0008408283	        0.0058636411	        0.0004626354	        0.0020995135	        0.1000000000	        0.0010000000	        1.0000000000	        0.0000445740	        0.0000804206	       -0.0010508210	       20.6863484200	       20.6873992411
        0.6334389769	        1.1233991395	        0.7073635733	       -0.0440685273	        0.0063201531	        0.0070223924	        0.0008445572	        0.0054094712	        0.0003926178	        0.0020850673	        0.1000000000	        0.0010000000	        1.0000000000	        0.0000414711	        0.0000816103	       -0.0008562280	       20.3142858021	       20.3151420301
        0.6787224963	        1.1315666108	        0.7021093465	       -0.0385225289	        0.0068260236	        0.0075844707	        0.0008486017	        0.0050128260	        0.0003350344	        0.0020737284	        0.1000000000	        0.0010000000	        1.0000000000	        0.0000385816	        0.0000829570	       -0.0020038232	       19.9281317465	       19.9301355697
        0.7254782147	        1.1383574370	        0.6970594856	       -0.0322170967	        0.0073603532	        0.0081781703	        0.0008538240	        0.0046768382	        0.0002887903	        0.0020658855	        0.1000000000	        0.0010000000	        1.0000000000	        0.0000360010	        0.0000844566	       -0.0053482934	       19.5281440338	       19.5334923272
        0.7735297135	        1.1438283220	        0.6922046417	       -0.0251912577	        0.0079001362	        0.0087779291	        0.0008612055	        0.0044022058	        0.0002526923	        0.0020612638	        0.1000000000	        0.0010000000	        1.0000000000	        0.0000338311	        0.0000860179	       -0.0104045694	       19.1161831640	       19.1265877334
        0.8226771500	        1.1480579845	        0.6875163723	       -0.0174962145	        0.0084109307	        0.0093454786	        0.0008716198	        0.0041875889	        0.0002255424	        0.0020591388	        0.1000000000	        0.0010000000	        1.0000000000	        0.0000321609	        0.0000877145	       -0.0171826430	       18.6938225065	       18.7110051494
        0.8727000940	        1.1511328263	        0.6829482290	       -0.0092020254	        0.0088502481	        0.0098336090	        0.0008860035	        0.0040303917	        0.0002062465	        0.0020586005	        0.1000000000	        0.0010000000	        1.0000000000	        0.0000310688	        0.0000894904	       -0.0258806994	       18.2626429741	       18.2885236735
        0.9233611572	        1.1531321441	        0.6784374441	       -0.0004242609	        0.0091742835	        0.0101936484	        0.0009052082	        0.0039276819	        0.0001939092	        0.0020587877	        0.1000000000	        0.0010000000	        1.0000000000	        0.0000306211	        0.0000911541	       -0.0360016932	       17.8251337258	       17.8611354190
        0.9744103051	        1.1541157978	        0.6739086934	        0.0086676911	        0.0093466539	        0.0103851711	        0.0009294955	        0.0038770131	        0.0001879019	        0.0020590527	        0.1000000000	        0.0010000000	        1.0000000000	        0.0000308628	        0.0000927103	       -0.0460588750	       17.3849404247	       17.4309992997
        1.0255896949	        1.1541157978	        0.6692800032	        0.0179267578	        0.0093466539	        0.0103851711	        0.0009585360	        0.0038770131	        0.0001879019	        0.0020590527	        0.1000000000	        0.0010000000	        1.0000000000	        0.0000318271	        0.0000943696	       -0.0556697638	       16.9446181109	       17.0002878747
        1.0766388428	        1.1531321441	        0.6644651440	        0.0272249514	        0.0091742835	        0.0101936484	        0.0009919806	        0.0039276819	        0.0001939092	        0.0020587877	        0.1000000000	        0.0010000000	        1.0000000000	        0.0000335564	        0.0000961276	       -0.0653165057	       16.5058216938	       16.5711381995
        1.1272999060	        1.1511328263	        0.6593739464	        0.0363981620	        0.0088502481	        0.0098336090	        0.0010294898	        0.0040303917	        0.0002062465	        0.0020586005	        0.1000000000	        0.0010000000	        1.0000000000	        0.0000361003	        0.0000979272	       -0.0746516647	       16.0710286010	       16.1456802657
        1.1773228500	        1.1480579845	        0.6539159033	        0.0452919969	        0.0084109307	        0.0093454786	        0.0010706266	        0.0041875889	        0.0002255424	        0.0020591388	        0.1000000000	        0.0010000000	        1.0000000000	        0.0000395038	        0.0000996270	       -0.0837188232	       15.6422606299	       15.7259794531
        1.2264702865	        1.1438283220	        0.6480041250	        0.0537026052	        0.0079001362	        0.0087779291	        0.0011145696	        0.0044022058	        0.0002526923	        0.0020612638	        0.1000000000	        0.0010000000	        1.0000000000	        0.0000437842	        0.0001010642	       -0.0910683456	       15.2229705491	       15.3140388947
        1.2745217853	        1.1383574370	        0.6415652354	        0.0614495817	        0.0073603532	        0.0081781703	        0.0011598752	        0.0046768382	        0.0002887903	        0.0020658855	        0.1000000000	        0.0010000000	        1.0000000000	        0.0000489054	        0.0001023385	       -0.0956588531	       14.8160099087	       14.9116687618
        1.3212775037	        1.1315666108	        0.6345491027	        0.0684032734	        0.0068260236	        0.0075844707	        0.0012048548	        0.0050128260	        0.0003350344	        0.0020737284	        0.1000000000	        0.0010000000	        1.0000000000	        0.0000547787	        0.0001035746	       -0.0971809763	       14.4232280620	       14.5204090383
        1.3665610231	        1.1233991395	        0.6269353692	        0.0744816314	        0.0063201531	        0.0070223924	        0.0012478903	        0.0054094712	        0.0003926178	        0.0020850673	        0.1000000000	        0.0010000000	        1.0000000000	        0.0000612764	        0.0001049095	       -0.0956911189	       14.0458280867	       14.1415192056
        1.4102213305	        1.1138305363	        0.6187354748	        0.0796636856	        0.0058542314	        0.0065047016	        0.0012876677	        0.0058636411	        0.0004626354	        0.0020995135	        0.1000000000	        0.0010000000	        1.0000000000	        0.0000682619	        0.0001062946	       -0.0918633471	       13.6841265008	       13.7759898479
        1.4521339345	        1.1028717680	        0.6099880667	        0.0839239528	        0.0054304554	        0.0060338393	        0.0013230562	        0.0063698977	        0.0005460346	        0.0021159298	        0.1000000000	        0.0010000000	        1.0000000000	        0.0000756113	        0.0001076169	       -0.0853757628	       13.3392280269	       13.4246037897
        1.4922011523	        1.0905650156	        0.6007533730	        0.0872753612	        0.0050449348	        0.0056054831	        0.0013529602	        0.0069210987	        0.0006436259	        0.0021325114	        0.1000000000	        0.0010000000	        1.0000000000	        0.0000832289	        0.0001088785	       -0.0762250678	       13.0116851326	       13.0879102004
        1.5303516405	        1.0769739790	        0.5911044488	        0.0897435446	        0.0046907907	        0.0052119897	        0.0013763943	        0.0075092380	        0.0007561452	        0.0021470032	        0.1000000000	        0.0010000000	        1.0000000000	        0.0000910629	        0.0001102584	       -0.0642494003	       12.7019834724	       12.7662328727
        1.5665392717	        1.0621720489	        0.5811190008	        0.0914141702	        0.0043605328	        0.0048450364	        0.0013927121	        0.0081262527	        0.0008843401	        0.0021569788	        0.1000000000	        0.0010000000	        1.0000000000	        0.0000991211	        0.0001119626	       -0.0504531481	       12.4092109621	       12.4596641101
        1.6007414793	        1.0462313536	        0.5708697078	        0.0923650111	        0.0040475498	        0.0044972775	        0.0014017437	        0.0087645965	        0.0010290527	        0.0021601068	        0.1000000000	        0.0010000000	        1.0000000000	        0.0001074783	        0.0001139048	       -0.0355112397	       12.1326292525	       12.1681404923
        1.6329571982	        1.0292144129	        0.5604183216	        0.0926519304	        0.0037468287	        0.0041631430	        0.0014035957	        0.0094175086	        0.0011912741	        0.0021543528	        0.1000000000	        0.0010000000	        1.0000000000	        0.0001162580	        0.0001157679	       -0.0196877702	       11.8717972707	       11.8914850409
        1.6632045292	        1.0111688146	        0.5498134383	        0.0922762569	        0.0034551255	        0.0038390284	        0.0013983631	        0.0100790045	        0.0013721619	        0.0021381041	        0.1000000000	        0.0010000000	        1.0000000000	        0.0001256032	        0.0001180232	       -0.0021602966	       11.6272558284	       11.6294161250
        1.6915182473	        0.9921244982	        0.5390926468	        0.0913649609	        0.0031708096	        0.0035231218	        0.0013864142	        0.0107436643	        0.0015730169	        0.0021102235	        0.1000000000	        0.0010000000	        1.0000000000	        0.0001356961	        0.0001208865	        0.0148297659	       11.3963236927	       11.3814939268
        1.7179472609	        0.9720929163	        0.5282783940	        0.0899259643	        0.0028935491	        0.0032150546	        0.0013683950	        0.0114062920	        0.0017952184	        0.0020700507	        0.1000000000	        0.0010000000	        1.0000000000	        0.0001467659	        0.0001241515	        0.0316443976	       11.1788934776	       11.1472490801
        1.7425521094	        0.9510673865	        0.5173808690	        0.0880195129	        0.0026239507	        0.0029155007	        0.0013449578	        0.0120615023	        0.0020401145	        0.0020173726	        0.1000000000	        0.0010000000	        1.0000000000	        0.0001590734	        0.0001284165	        0.0472559941	       10.9733934560	       10.9261374619
        1.7654025727	        0.9290241273	        0.5063979867	        0.0857091353	        0.0023632155	        0.0026257950	        0.0013169130	        0.0127032668	        0.0023088627	        0.0019523754	        0.1000000000	        0.0010000000	        1.0000000000	        0.0001729411	        0.0001342701	        0.0604011505	       10.7779694320	       10.7175682815
        1.7865754452	        0.9059236842	        0.4953151972	        0.0830854510	        0.0021128455	        0.0023476061	        0.0012852278	        0.0133244367	        0.0026022070	        0.0018755905	        0.1000000000	        0.0010000000	        1.0000000000	        0.0001887804	        0.0001419005	        0.0690771082	       10.5900077253	       10.5209306171
        1.8061525101	        0.8817126327	        0.4841041743	        0.0801729099	        0.0018744087	        0.0020826763	        0.0012508495	        0.0139162491	        0.0029201805	        0.0017878419	        0.1000000000	        0.0010000000	        1.0000000000	        0.0002071025	        0.0001517028	        0.0725306280	       10.4081663752	       10.3356357472
        1.8242187368	        0.8563255940	        0.4727239732	        0.0770423213	        0.0016493662	        0.0018326291	        0.0012145955	        0.0144678307	        0.0032617174	        0.0016901970	        0.1000000000	        0.0010000000	        1.0000000000	        0.0002285383	        0.0001647249	        0.0688027896	       10.2298980602	       10.1610952706
        1.8408607086	        0.8296877090	        0.4611201394	        0.0737552103	        0.0014389533	        0.0015988370	        0.0011771663	        0.0149657214	        0.0036241666	        0.0015839246	        0.1000000000	        0.0010000000	        1.0000000000	        0.0002538842	        0.0001815705	        0.0559442150	       10.0526891410	        9.9967449260
        1.8561652810	        0.8017178130	        0.4492241402	        0.0703488795	        0.0012441067	        0.0013823408	        0.0011390102	        0.0153934660	        0.0040027142	        0.0014704597	        0.1000000000	        0.0010000000	        1.0000000000	        0.0002841283	        0.0002028764	        0.0322998585	        9.8743574871	        9.8420576286
        1.8702184608	        0.7723326267	        0.4369535977	        0.0668443255	        0.0010654302	        0.0011838113	        0.0011002100	        0.0157313602	        0.0043897514	        0.0013513753	        0.1000000000	        0.0010000000	        1.0000000000	        0.0003204757	        0.0002300904	       -0.0036775325	        9.6928623845	        9.6965399171
        1.8831044915	        0.7414523309	        0.4242131412	        0.0632949095	        0.0009031883	        0.0010035426	        0.0010604687	        0.0159564812	        0.0047742712	        0.0012283598	        0.1000000000	        0.0010000000	        1.0000000000	        0.0003643880	        0.0002653772	       -0.0543816397	        9.5053411329	        9.5597227727
        1.8949051275	        0.7090079064	        0.4108948710	        0.0597636995	        0.0007573229	        0.0008414698	        0.0010191118	        0.0160431939	        0.0051414541	        0.0011031981	        0.1000000000	        0.0010000000	        1.0000000000	        0.0004176238	        0.0003116985	       -0.1225041174	        9.3086660965	        9.4311702139
        1.9056990763	        0.6749505649	        0.3968797389	        0.0563621182	        0.0006274850	        0.0006972056	        0.0009750917	        0.0159643671	        0.0054726863	        0.0009777538	        0.1000000000	        0.0010000000	        1.0000000000	        0.0004822660	        0.0003696469	       -0.2117304394	        9.0987580625	        9.3104885019
        1.9155615890	        0.6392634341	        0.3820395659	        0.0530253869	        0.0005130784	        0.0005700871	        0.0009268769	        0.0156935518	        0.0057463357	        0.0008539468	        0.1000000000	        0.0010000000	        1.0000000000	        0.0005606384	        0.0004399636	       -0.3222827457	        8.8750714305	        9.1973541762
        1.9245641781	        0.6019753444	        0.3662455974	        0.0497682622	        0.0004133095	        0.0004592328	        0.0008725058	        0.0152083036	        0.0059396343	        0.0007337221	        0.1000000000	        0.0010000000	        1.0000000000	        0.0006551450	        0.0005292290	       -0.4557918089	        8.6356765914	        9.0914684004
        1.9327744427	        0.5631760683	        0.3493780620	        0.0467479905	        0.0003272418	        0.0003636020	        0.0008099510	        0.0144946236	        0.0060318989	        0.0006190036	        0.1000000000	        0.0010000000	        1.0000000000	        0.0007681296	        0.0006359564	       -0.6161340556	        8.3764234093	        8.9925574649
        1.9402559838	        0.5230316915	        0.3313366459	        0.0437614279	        0.0002538515	        0.0002820573	        0.0007373403	        0.0135521018	        0.0060090026	        0.0005116263	        0.1000000000	        0.0010000000	        1.0000000000	        0.0009014314	        0.0007565661	       -0.7997306200	        8.1006880894	        8.9004187095
        1.9470683933	        0.4817980412	        0.3120617034	        0.0407510338	        0.0001920824	        0.0002134249	        0.0006534411	        0.0123987905	        0.0058684643	        0.0004132474	        0.1000000000	        0.0010000000	        1.0000000000	        0.0010557554	        0.0008972909	       -1.0050711406	        7.8097810607	        8.8148522014
        1.9532673011	        0.4398294380	        0.2915547933	        0.0377903373	        0.0001408983	        0.0001565537	        0.0005584775	        0.0110742704	        0.0056239014	        0.0003252413	        0.1000000000	        0.0010000000	        1.0000000000	        0.0012301113	        0.0010493025	       -1.2316064125	        7.5040514619	        8.7356578744
        1.9589044686	        0.3975796347	        0.2698978964	        0.0345535562	        0.0000993297	        0.0001103663	        0.0004548101	        0.0096391014	        0.0053072284	        0.0002485922	        0.1000000000	        0.0010000000	        1.0000000000	        0.0014210051	        0.0012115183	       -1.4705247834	        7.1921323135	        8.6626570969
        1.9640279170	        0.3555914649	        0.2472746678	        0.0312624934	        0.0000665036	        0.0000738929	        0.0003463300	        0.0081692667	        0.0049672680	        0.0001838049	        0.1000000000	        0.0010000000	        1.0000000000	        0.0016161789	        0.0013761698	       -1.7208970883	        6.8747298396	        8.5956269279
        1.9686820816	        0.3147416108	        0.2241377171	        0.0277579859	        0.0000470814	        0.0000523127	        0.0002728001	        0.0067567771	        0.0046683037	        0.0001312364	        0.1000000000	        0.0010000000	        1.0000000000	        0.0017982056	        0.0015326572	       -1.9714939705	        6.5628517921	        8.5343457626
        1.9729079831	        0.2758662653	        0.2010353646	        0.0244341465	        0.0000332418	        0.0000369353	        0.0002105668	        0.0054607905	        0.0044434186	        0.0000904000	        0.1000000000	        0.0010000000	        1.0000000000	        0.0019658468	        0.0016954594	       -2.2192511345	        6.2592817354	        8.4785328699
        1.9767434111	        0.2392597842	        0.1782492847	        0.0214463796	        0.0000223411	        0.0000248234	        0.0001530928	        0.0043085696	        0.0043077434	        0.0000598211	        0.1000000000	        0.0010000000	        1.0000000000	        0.0021266447	        0.0018569966	       -2.4618606535	        5.9660153705	        8.4278760240
        1.9802231129	        0.2050490173	        0.1559894091	        0.0187225402	        0.0000141812	        0.0000157568	        0.0001041498	        0.0033131895	        0.0042682686	        0.0000377974	        0.1000000000	        0.0010000000	        1.0000000000	        0.0022792478	        0.0019998976	       -2.6950681296	        5.6869861170	        8.3820542467
        1.9833789852	        0.1733098355	        0.1344566044	        0.0160790407	        0.0000084347	        0.0000093719	        0.0000657789	        0.0024770500	        0.0043242313	        0.0000226281	        0.1000000000	        0.0010000000	        1.0000000000	        0.0024202644	        0.0021169375	       -2.9138836403	        5.4268540388	        8.3407376792
        1.9862402627	        0.1440555631	        0.1138218536	        0.0134377640	        0.0000046578	        0.0000051754	        0.0000382433	        0.0017933881	        0.0044688244	        0.0000127029	        0.1000000000	        0.0010000000	        1.0000000000	        0.0025481019	        0.0022271213	       -3.1158873986	        5.1876943893	        8.3035817879
        1.9888337046	        0.1172361386	        0.0942119768	        0.0110094858	        0.0000023576	        0.0000026196	        0.0000202299	        0.0012490763	        0.0046914788	        0.0000065880	        0.1000000000	        0.0010000000	        1.0000000000	        0.0026629548	        0.0023466491	       -3.3031242722	        4.9671101228	        8.2702343950
        1.9911837738	        0.0927485581	        0.0757053997	        0.0089102916	        0.0000010717	        0.0000011908	        0.0000095524	        0.0008276828	        0.0049800020	        0.0000030854	        0.1000000000	        0.0010000000	        1.0000000000	        0.0027662209	        0.0024492498	       -3.4770428911	        4.7633162077	        8.2403590988
        1.9933128092	        0.0704536354	        0.0583374465	        0.0068987544	        0.0000004225	        0.0000004694	        0.0000038927	        0.0005119512	        0.0053221295	        0.0000012573	        0.1000000000	        0.0010000000	        1.0000000000	        0.0028596918	        0.0025240687	       -3.6350450912	        4.5786002779	        8.2136453691
        1.9952411902	        0.0501930334	        0.0421105731	        0.0049674890	        0.0000001354	        0.0000001504	        0.0000012849	        0.0002853812	        0.0057064115	        0.0000004173	        0.1000000000	        0.0010000000	        1.0000000000	        0.0029450143	        0.0025927557	       -3.7781064668	        4.4116910499	        8.1897975167
        1.9969874916	        0.0318028097	        0.0270041084	        0.0031509160	        0.0000000309	        0.0000000343	        0.0000003006	        0.0001330130	        0.0061225820	        0.0000000985	        0.1000000000	        0.0010000000	        1.0000000000	        0.0030234964	        0.0026562219	       -3.9077671370	        4.2607744328	        8.1685415698
        1.9985686299	        0.0151224499	        0.0129822590	        0.0014291723	        0.0000000035	        0.0000000039	        0.0000000347	        0.0000416842	        0.0065616201	        0.0000000115	        0.1000000000	        0.0010000000	        1.0000000000	        0.0030960594	        0.0027107024	       -4.0249188895	        4.1247136291	        8.1496325186
        2.0000000000	        0.0000000000	        0.0000000000	       -0.0002102019	        0.0000000000	        0.0000000000	        0.0000000000	        0.0000000000	        0.0070156685	        0.0000000000	        0.1000000000	        0.0010000000	        1.0000000000	        0.0031610990	        0.0027654578	                 NaN	        4.0022919443	                 NaN
