        0.0000000000	        0.0000000000	        1.0000000000	        0.0007450662	        0.0000000000	        0.0000000000	        0.0000000000	        0.0000000000	        0.0070156685	        0.0000000000	        0.1000000000	        0.0010000000	        1.0000000000	        0.0009818645	        0.0005712432	                 NaN	       30.8274205840	                 NaN
        0.0014313701	        0.0151224499	        0.9962003481	       -0.0007224825	        0.0000000035	        0.0000000039	        0.0000000096	        0.0000416842	        0.0065616201	        0.0000000115	        0.1000000000	        0.0010000000	        1.0000000000	        0.0008531814	        0.0005462671	        7.0026978197	       30.7125188791	       30.3623839881
        0.0030125084	        0.0318028097	        0.9925584749	       -0.0019318677	        0.0000000309	        0.0000000343	        0.0000000737	        0.0001330130	        0.0061225820	        0.0000000985	        0.1000000000	        0.0010000000	        1.0000000000	        0.0007408882	        0.0005059785	        5.4358989521	       30.5930138106	       30.3212188630
        0.0047588098	        0.0501930334	        0.9890626435	       -0.0029855984	        0.0000001354	        0.0000001504	        0.0000002823	        0.0002853812	        0.0057064115	        0.0000004173	        0.1000000000	        0.0010000000	        1.0000000000	        0.0006471310	        0.0004462066	        3.9763627167	       30.4733876433	       30.2745695074
        0.0066871908	        0.0704536354	        0.9856733553	       -0.0040695938	        0.0000004225	        0.0000004694	        0.0000007799	        0.0005119512	        0.0053221295	        0.0000012573	        0.1000000000	        0.0010000000	        1.0000000000	        0.0005729363	        0.0003696008	        2.7529736951	       30.3607852286	       30.2231365439
        0.0088162262	        0.0927485581	        0.9823319550	       -0.0053743247	        0.0000010717	        0.0000011908	        0.0000017815	        0.0008276828	        0.0049800020	        0.0000030854	        0.1000000000	        0.0010000000	        1.0000000000	        0.0005158888	        0.0003011079	        1.8809575848	       30.2615636581	       30.1675157788
        0.0111662954	        0.1172361386	        0.9789829035	       -0.0068550412	        0.0000023576	        0.0000026196	        0.0000035867	        0.0012490763	        0.0046914788	        0.0000065880	        0.1000000000	        0.0010000000	        1.0000000000	        0.0004721284	        0.0002562838	        1.2599287994	       30.1707569953	       30.1077605553
        0.0137597373	        0.1440555631	        0.9755741013	       -0.0084638360	        0.0000046578	        0.0000051754	        0.0000065862	        0.0017933881	        0.0044688244	        0.0000127029	        0.1000000000	        0.0010000000	        1.0000000000	        0.0004388300	        0.0002236767	        0.7963080481	       30.0834646966	       30.0436492942
        0.0166210148	        0.1733098355	        0.9720520381	       -0.0102531644	        0.0000084347	        0.0000093719	        0.0000112294	        0.0024770500	        0.0043242313	        0.0000226281	        0.1000000000	        0.0010000000	        1.0000000000	        0.0004131738	        0.0002003352	        0.4934505587	       29.9996138828	       29.9749413548
        0.0197768871	        0.2050490173	        0.9683754955	       -0.0121720610	        0.0000141812	        0.0000157568	        0.0000179454	        0.0033131895	        0.0042682686	        0.0000377974	        0.1000000000	        0.0010000000	        1.0000000000	        0.0003927227	        0.0001848501	        0.2720514212	       29.9147367716	       29.9011342006
        0.0232565889	        0.2392597842	        0.9645064002	       -0.0142471560	        0.0000223411	        0.0000248234	        0.0000270428	        0.0043085696	        0.0043077434	        0.0000598211	        0.1000000000	        0.0010000000	        1.0000000000	        0.0003756571	        0.0001732976	        0.1312526575	       29.8282899620	       29.8217273291
        0.0270920169	        0.2758662653	        0.9604184383	       -0.0164583801	        0.0000332418	        0.0000369353	        0.0000386039	        0.0054607905	        0.0044434186	        0.0000904000	        0.1000000000	        0.0010000000	        1.0000000000	        0.0003604053	        0.0001663236	        0.0398756463	       29.7380569755	       29.7360631932
        0.0313179184	        0.3147416108	        0.9560935196	       -0.0187775715	        0.0000470814	        0.0000523127	        0.0000524456	        0.0067567771	        0.0046683037	        0.0001312364	        0.1000000000	        0.0010000000	        1.0000000000	        0.0003457039	        0.0001618981	       -0.0305334426	       29.6418486868	       29.6433753590
        0.0359720830	        0.3555914649	        0.9515289615	       -0.0211847863	        0.0000665036	        0.0000738929	        0.0000704579	        0.0081692667	        0.0049672680	        0.0001838049	        0.1000000000	        0.0010000000	        1.0000000000	        0.0003287979	        0.0001584688	       -0.0854334837	       29.5386286332	       29.5429003074
        0.0410955314	        0.3975796347	        0.9467839974	       -0.0236002386	        0.0000993297	        0.0001103663	        0.0000986618	        0.0096391014	        0.0053072284	        0.0002485922	        0.1000000000	        0.0010000000	        1.0000000000	        0.0003082583	        0.0001560808	       -0.1274053876	       29.4274739878	       29.4338442572
        0.0467326989	        0.4398294380	        0.9419232841	       -0.0259268087	        0.0001408983	        0.0001565537	        0.0001300476	        0.0110742704	        0.0056239014	        0.0003252413	        0.1000000000	        0.0010000000	        1.0000000000	        0.0002864449	        0.0001542549	       -0.1686629436	       29.3069117462	       29.3153448933
        0.0529316067	        0.4817980412	        0.9369656931	       -0.0281312359	        0.0001920824	        0.0002134249	        0.0001643019	        0.0123987905	        0.0058684643	        0.0004132474	        0.1000000000	        0.0010000000	        1.0000000000	        0.0002654602	        0.0001524015	       -0.2045443742	       29.1763498408	       29.1865770596
        0.0597440162	        0.5230316915	        0.9319204940	       -0.0301869675	        0.0002538515	        0.0002820573	        0.0002010425	        0.0135521018	        0.0060090026	        0.0005116263	        0.1000000000	        0.0010000000	        1.0000000000	        0.0002457835	        0.0001510667	       -0.2322201630	       29.0350763458	       29.0466873540
        0.0672255573	        0.5631760683	        0.9267910489	       -0.0320522051	        0.0003272418	        0.0003636020	        0.0002403286	        0.0144946236	        0.0060318989	        0.0006190036	        0.1000000000	        0.0010000000	        1.0000000000	        0.0002279193	        0.0001499062	       -0.2665069178	       28.8814060357	       28.8947313816
        0.0754358219	        0.6019753444	        0.9215623132	       -0.0337324050	        0.0004133095	        0.0004592328	        0.0002826183	        0.0152083036	        0.0059396343	        0.0007337221	        0.1000000000	        0.0010000000	        1.0000000000	        0.0002122118	        0.0001484046	       -0.2972232149	       28.7150431667	       28.7299043274
        0.0844384110	        0.6392634341	        0.9162114741	       -0.0352332405	        0.0005130784	        0.0005700871	        0.0003282541	        0.0156935518	        0.0057463357	        0.0008539468	        0.1000000000	        0.0010000000	        1.0000000000	        0.0001985505	        0.0001470853	       -0.3210161691	       28.5353608395	       28.5514116480
        0.0943009237	        0.6749505649	        0.9107132103	       -0.0365445432	        0.0006274850	        0.0006972056	        0.0003779385	        0.0159643671	        0.0054726863	        0.0009777538	        0.1000000000	        0.0010000000	        1.0000000000	        0.0001869228	        0.0001455842	       -0.3501449128	       28.3409110925	       28.3584183382
        0.1050948725	        0.7090079064	        0.9050273668	       -0.0377066449	        0.0007573229	        0.0008414698	        0.0004322878	        0.0160431939	        0.0051414541	        0.0011031981	        0.1000000000	        0.0010000000	        1.0000000000	        0.0001771481	        0.0001438240	       -0.3680504198	       28.1319393667	       28.1503418877
        0.1168955085	        0.7414523309	        0.8991189014	       -0.0387255981	        0.0009031883	        0.0010035426	        0.0004915557	        0.0159564812	        0.0047742712	        0.0012283598	        0.1000000000	        0.0010000000	        1.0000000000	        0.0001689036	        0.0001418951	       -0.3836160070	       27.9073729341	       27.9265537345
        0.1297815392	        0.7723326267	        0.8929484470	       -0.0396381238	        0.0010654302	        0.0011838113	        0.0005555573	        0.0157313602	        0.0043897514	        0.0013513753	        0.1000000000	        0.0010000000	        1.0000000000	        0.0001618260	        0.0001399253	       -0.3843753626	       27.6673888936	       27.6866076618
        0.1438347190	        0.8017178130	        0.8864894547	       -0.0404348020	        0.0012441067	        0.0013823408	        0.0006239434	        0.0153934660	        0.0040027142	        0.0014704597	        0.1000000000	        0.0010000000	        1.0000000000	        0.0001556439	        0.0001379399	       -0.3848657301	       27.4106822131	       27.4299254996
        0.1591392914	        0.8296877090	        0.8797101512	       -0.0411439399	        0.0014389533	        0.0015988370	        0.0006962787	        0.0149657214	        0.0036241666	        0.0015839246	        0.1000000000	        0.0010000000	        1.0000000000	        0.0001501692	        0.0001358521	       -0.3743982562	       27.1374735656	       27.1561934784
        0.1757812632	        0.8563255940	        0.8725896069	       -0.0417600140	        0.0016493662	        0.0018326291	        0.0007716464	        0.0144678307	        0.0032617174	        0.0016901970	        0.1000000000	        0.0010000000	        1.0000000000	        0.0001451930	        0.0001338138	       -0.3606428306	       26.8469897064	       26.8650218479
        0.1938474899	        0.8817126327	        0.8651081310	       -0.0422883432	        0.0018744087	        0.0020826763	        0.0008492736	        0.0139162491	        0.0029201805	        0.0017878419	        0.1000000000	        0.0010000000	        1.0000000000	        0.0001406138	        0.0001317346	       -0.3420447695	       26.5390538490	       26.5561560875
        0.2134245548	        0.9059236842	        0.8572511274	       -0.0427285790	        0.0021128455	        0.0023476061	        0.0009278933	        0.0133244367	        0.0026022070	        0.0018755905	        0.1000000000	        0.0010000000	        1.0000000000	        0.0001362934	        0.0001297273	       -0.3176873428	       26.2135133682	       26.2293977354
        0.2345974273	        0.9290241273	        0.8490127126	       -0.0430637548	        0.0023632155	        0.0026257950	        0.0010062168	        0.0127032668	        0.0023088627	        0.0019523754	        0.1000000000	        0.0010000000	        1.0000000000	        0.0001321395	        0.0001278119	       -0.2914290211	       25.8699261868	       25.8844976379
        0.2574478906	        0.9510673865	        0.8403913585	       -0.0432807463	        0.0026239507	        0.0029155007	        0.0010826407	        0.0120615023	        0.0020401145	        0.0020173726	        0.1000000000	        0.0010000000	        1.0000000000	        0.0001280481	        0.0001261635	       -0.2593986402	       25.5082703725	       25.5212403045
        0.2820527391	        0.9720929163	        0.8313998027	       -0.0433229859	        0.0028935491	        0.0032150546	        0.0011566997	        0.0114062920	        0.0017952184	        0.0020700507	        0.1000000000	        0.0010000000	        1.0000000000	        0.0001240607	        0.0001246750	       -0.2363006023	       25.1273468526	       25.1391618827
        0.3084817527	        0.9921244982	        0.8220384667	       -0.0431898770	        0.0031708096	        0.0035231218	        0.0012280115	        0.0107436643	        0.0015730169	        0.0021102235	        0.1000000000	        0.0010000000	        1.0000000000	        0.0001201923	        0.0001232836	       -0.2085200472	       24.7279010390	       24.7383270414
        0.3367954708	        1.0111688146	        0.8123252127	       -0.0428324074	        0.0034551255	        0.0038390284	        0.0012951515	        0.0100790045	        0.0013721619	        0.0021381041	        0.1000000000	        0.0010000000	        1.0000000000	        0.0001163326	        0.0001221898	       -0.1817082815	       24.3094350688	       24.3185204828
        0.3670428018	        1.0292144129	        0.8022868154	       -0.0421954013	        0.0037468287	        0.0041631430	        0.0013575371	        0.0094175086	        0.0011912741	        0.0021543528	        0.1000000000	        0.0010000000	        1.0000000000	        0.0001124430	        0.0001213958	       -0.1567105573	       23.8716658506	       23.8795013784
        0.3992585207	        1.0462313536	        0.7919598983	       -0.0412108978	        0.0040475498	        0.0044972775	        0.0014152256	        0.0087645965	        0.0010290527	        0.0021601068	        0.1000000000	        0.0010000000	        1.0000000000	        0.0001085121	        0.0001208336	       -0.1360475522	       23.4142948126	       23.4210971902
        0.4334607283	        1.0621720489	        0.7813870372	       -0.0398222389	        0.0043605328	        0.0048450364	        0.0014673077	        0.0081262527	        0.0008843401	        0.0021569788	        0.1000000000	        0.0010000000	        1.0000000000	        0.0001044302	        0.0001206470	       -0.1111494505	       22.9378202346	       22.9433777072
        0.4696483595	        1.0769739790	        0.7706413554	       -0.0379003775	        0.0046907907	        0.0052119897	        0.0015137996	        0.0075092380	        0.0007561452	        0.0021470032	        0.1000000000	        0.0010000000	        1.0000000000	        0.0001001537	        0.0001208495	       -0.0948825968	       22.4411895969	       22.4459337267
        0.5077988477	        1.0905650156	        0.7597925670	       -0.0353599472	        0.0050449348	        0.0056054831	        0.0015557985	        0.0069210987	        0.0006436259	        0.0021325114	        0.1000000000	        0.0010000000	        1.0000000000	        0.0000957067	        0.0001213279	       -0.0792749988	       21.9250783944	       21.9290421444
        0.5478660655	        1.1028717680	        0.7489266697	       -0.0320872306	        0.0054304554	        0.0060338393	        0.0015930649	        0.0063698977	        0.0005460346	        0.0021159298	        0.1000000000	        0.0010000000	        1.0000000000	        0.0000910420	        0.0001222013	       -0.0644823736	       21.3897979610	       21.3930220797
        0.5897786695	        1.1138305363	        0.7381406870	       -0.0279495412	        0.0058542314	        0.0065047016	        0.0016264848	        0.0058636411	        0.0004626354	        0.0020995135	        0.1000000000	        0.0010000000	        1.0000000000	        0.0000862233	        0.0001234127	       -0.0550914831	       20.8354913818	       20.8382459560
        0.6334389769	        1.1233991395	        0.7275201142	       -0.0228542568	        0.0063201531	        0.0070223924	        0.0016566803	        0.0054094712	        0.0003926178	        0.0020850673	        0.1000000000	        0.0010000000	        1.0000000000	        0.0000813496	        0.0001249637	       -0.0448594468	       20.2634807170	       20.2657236894
        0.6787224963	        1.1315666108	        0.7171467539	       -0.0166940407	        0.0068260236	        0.0075844707	        0.0016841038	        0.0050128260	        0.0003350344	        0.0020737284	        0.1000000000	        0.0010000000	        1.0000000000	        0.0000765677	        0.0001268738	       -0.0391052634	       19.6745055350	       19.6764607982
        0.7254782147	        1.1383574370	        0.7070709993	       -0.0094188900	        0.0073603532	        0.0081781703	        0.0017101499	        0.0046768382	        0.0002887903	        0.0020658855	        0.1000000000	        0.0010000000	        1.0000000000	        0.0000721074	        0.0001290501	       -0.0362609966	       19.0703196840	       19.0721327338
        0.7735297135	        1.1438283220	        0.6973083221	       -0.0010277996	        0.0079001362	        0.0087779291	        0.0017359487	        0.0044022058	        0.0002526923	        0.0020612638	        0.1000000000	        0.0010000000	        1.0000000000	        0.0000681941	        0.0001314238	       -0.0366264555	       18.4531851468	       18.4550164696
        0.8226771500	        1.1480579845	        0.6878347607	        0.0084169992	        0.0084109307	        0.0093454786	        0.0017620713	        0.0041875889	        0.0002255424	        0.0020591388	        0.1000000000	        0.0010000000	        1.0000000000	        0.0000650166	        0.0001339968	       -0.0376597409	       17.8261229977	       17.8280059847
        0.8727000940	        1.1511328263	        0.6785955080	        0.0188258164	        0.0088502481	        0.0098336090	        0.0017908965	        0.0040303917	        0.0002062465	        0.0020586005	        0.1000000000	        0.0010000000	        1.0000000000	        0.0000628000	        0.0001365481	       -0.0484245743	       17.1919335794	       17.1943548081
        0.9233611572	        1.1531321441	        0.6694833419	        0.0299676776	        0.0091742835	        0.0101936484	        0.0018244099	        0.0039276819	        0.0001939092	        0.0020587877	        0.1000000000	        0.0010000000	        1.0000000000	        0.0000617156	        0.0001388917	       -0.0577907765	       16.5560541056	       16.5589436444
        0.9744103051	        1.1541157978	        0.6603766964	        0.0416086630	        0.0093466539	        0.0103851711	        0.0018626404	        0.0038770131	        0.0001879019	        0.0020590527	        0.1000000000	        0.0010000000	        1.0000000000	        0.0000618468	        0.0001410086	       -0.0699240594	       15.9231359460	       15.9266321490
        1.0255896949	        1.1541157978	        0.6511325065	        0.0534560973	        0.0093466539	        0.0103851711	        0.0019064406	        0.0038770131	        0.0001879019	        0.0020590527	        0.1000000000	        0.0010000000	        1.0000000000	        0.0000633012	        0.0001427337	       -0.0835076843	       15.2985028393	       15.3026782235
        1.0766388428	        1.1531321441	        0.6415943389	        0.0651774348	        0.0091742835	        0.0101936484	        0.0019553421	        0.0039276819	        0.0001939092	        0.0020587877	        0.1000000000	        0.0010000000	        1.0000000000	        0.0000661447	        0.0001440229	       -0.0952250420	       14.6876791997	       14.6924404518
        1.1272999060	        1.1511328263	        0.6316061880	        0.0764462025	        0.0088502481	        0.0098336090	        0.0020081587	        0.0040303917	        0.0002062465	        0.0020586005	        0.1000000000	        0.0010000000	        1.0000000000	        0.0000704186	        0.0001448834	       -0.1057912222	       14.0954029980	       14.1006925591
        1.1773228500	        1.1480579845	        0.6210166221	        0.0869375532	        0.0084109307	        0.0093454786	        0.0020636869	        0.0041875889	        0.0002255424	        0.0020591388	        0.1000000000	        0.0010000000	        1.0000000000	        0.0000761455	        0.0001452866	       -0.1141870515	       13.5259033087	       13.5316126613
        1.2264702865	        1.1438283220	        0.6096902821	        0.0963461403	        0.0079001362	        0.0087779291	        0.0021189924	        0.0044022058	        0.0002526923	        0.0020612638	        0.1000000000	        0.0010000000	        1.0000000000	        0.0000832414	        0.0001454425	       -0.1147434921	       12.9827596364	       12.9884968110
        1.2745217853	        1.1383574370	        0.5975358346	        0.1044832741	        0.0073603532	        0.0081781703	        0.0021718190	        0.0046768382	        0.0002887903	        0.0020658855	        0.1000000000	        0.0010000000	        1.0000000000	        0.0000915734	        0.0001455232	       -0.1145996926	       12.4672297589	       12.4729597436
        1.3212775037	        1.1315666108	        0.5844963013	        0.1111889823	        0.0068260236	        0.0075844707	        0.0022213758	        0.0050128260	        0.0003350344	        0.0020737284	        0.1000000000	        0.0010000000	        1.0000000000	        0.0001009947	        0.0001455072	       -0.1115136148	       11.9804701639	       11.9860458447
        1.3665610231	        1.1233991395	        0.5705629318	        0.1163713115	        0.0063201531	        0.0070223924	        0.0022653663	        0.0054094712	        0.0003926178	        0.0020850673	        0.1000000000	        0.0010000000	        1.0000000000	        0.0001112386	        0.0001456132	       -0.1013719402	       11.5229464014	       11.5280149984
        1.4102213305	        1.1138305363	        0.5557889233	        0.1200600560	        0.0058542314	        0.0065047016	        0.0023010689	        0.0058636411	        0.0004626354	        0.0020995135	        0.1000000000	        0.0010000000	        1.0000000000	        0.0001219844	        0.0001461932	       -0.0856142506	       11.0936142886	       11.0978950011
        1.4521339345	        1.1028717680	        0.5402780134	        0.1223815966	        0.0054304554	        0.0060338393	        0.0023274828	        0.0063698977	        0.0005460346	        0.0021159298	        0.1000000000	        0.0010000000	        1.0000000000	        0.0001330132	        0.0001474247	       -0.0691806498	       10.6904391561	       10.6938981886
        1.4922011523	        1.0905650156	        0.5241553220	        0.1234874363	        0.0050449348	        0.0056054831	        0.0023456902	        0.0069210987	        0.0006436259	        0.0021325114	        0.1000000000	        0.0010000000	        1.0000000000	        0.0001442978	        0.0001490751	       -0.0563288963	       10.3114538478	       10.3142702926
        1.5303516405	        1.0769739790	        0.5075386029	        0.1234655207	        0.0046907907	        0.0052119897	        0.0023550812	        0.0075092380	        0.0007561452	        0.0021470032	        0.1000000000	        0.0010000000	        1.0000000000	        0.0001558132	        0.0001511787	       -0.0351313376	        9.9560239904	        9.9577805573
        1.5665392717	        1.0621720489	        0.4905599034	        0.1224881640	        0.0043605328	        0.0048450364	        0.0023532552	        0.0081262527	        0.0008843401	        0.0021569788	        0.1000000000	        0.0010000000	        1.0000000000	        0.0001674843	        0.0001542535	       -0.0077173187	        9.6220842811	        9.6224701470
        1.6007414793	        1.0462313536	        0.4733481116	        0.1207645837	        0.0040475498	        0.0044972775	        0.0023403643	        0.0087645965	        0.0010290527	        0.0021601068	        0.1000000000	        0.0010000000	        1.0000000000	        0.0001794468	        0.0001582806	        0.0167133439	        9.3069235830	        9.3060879158
        1.6329571982	        1.0292144129	        0.4559978556	        0.1184114790	        0.0037468287	        0.0041631430	        0.0023176900	        0.0094175086	        0.0011912741	        0.0021543528	        0.1000000000	        0.0010000000	        1.0000000000	        0.0001919712	        0.0001628070	        0.0418042668	        9.0091953685	        9.0071051551
        1.6632045292	        1.0111688146	        0.4385789067	        0.1154824583	        0.0034551255	        0.0038390284	        0.0022835774	        0.0100790045	        0.0013721619	        0.0021381041	        0.1000000000	        0.0010000000	        1.0000000000	        0.0002051145	        0.0001684329	        0.0820976103	        8.7283777829	        8.7242729024
        1.6915182473	        0.9921244982	        0.4211722589	        0.1121834441	        0.0031708096	        0.0035231218	        0.0022380292	        0.0107436643	        0.0015730169	        0.0021102235	        0.1000000000	        0.0010000000	        1.0000000000	        0.0002190484	        0.0001751326	        0.1143114053	        8.4613270395	        8.4556114692
        1.7179472609	        0.9720929163	        0.4038158051	        0.1085129967	        0.0028935491	        0.0032150546	        0.0021818911	        0.0114062920	        0.0017952184	        0.0020700507	        0.1000000000	        0.0010000000	        1.0000000000	        0.0002340166	        0.0001823758	        0.1582812821	        8.2081596727	        8.2002456086
        1.7425521094	        0.9510673865	        0.3865530640	        0.1045439698	        0.0026239507	        0.0029155007	        0.0021133612	        0.0120615023	        0.0020401145	        0.0020173726	        0.1000000000	        0.0010000000	        1.0000000000	        0.0002499554	        0.0001910184	        0.2146867674	        7.9677301925	        7.9569958541
        1.7654025727	        0.9290241273	        0.3694346484	        0.1004062532	        0.0023632155	        0.0026257950	        0.0020324368	        0.0127032668	        0.0023088627	        0.0019523754	        0.1000000000	        0.0010000000	        1.0000000000	        0.0002669059	        0.0002012167	        0.2728309397	        7.7380970263	        7.7244554794
        1.7865754452	        0.9059236842	        0.3524983604	        0.0961626411	        0.0021128455	        0.0023476061	        0.0019404924	        0.0133244367	        0.0026022070	        0.0018755905	        0.1000000000	        0.0010000000	        1.0000000000	        0.0002850288	        0.0002123191	        0.3337113560	        7.5183941627	        7.5017085949
        1.8061525101	        0.8817126327	        0.3357744897	        0.0918196823	        0.0018744087	        0.0020826763	        0.0018376219	        0.0139162491	        0.0029201805	        0.0017878419	        0.1000000000	        0.0010000000	        1.0000000000	        0.0003042541	        0.0002250009	        0.4095887074	        7.3086280617	        7.2881486264
        1.8242187368	        0.8563255940	        0.3193096134	        0.0875175198	        0.0016493662	        0.0018326291	        0.0017248832	        0.0144678307	        0.0032617174	        0.0016901970	        0.1000000000	        0.0010000000	        1.0000000000	        0.0003245541	        0.0002396581	        0.4801808879	        7.1068633563	        7.0828543119
        1.8408607086	        0.8296877090	        0.3031341783	        0.0832817142	        0.0014389533	        0.0015988370	        0.0016048252	        0.0149657214	        0.0036241666	        0.0015839246	        0.1000000000	        0.0010000000	        1.0000000000	        0.0003461191	        0.0002555494	        0.5489833693	        6.9128912834	        6.8854421149
        1.8561652810	        0.8017178130	        0.2872724042	        0.0791342755	        0.0012441067	        0.0013823408	        0.0014794864	        0.0153934660	        0.0040027142	        0.0014704597	        0.1000000000	        0.0010000000	        1.0000000000	        0.0003690607	        0.0002727756	        0.6146183159	        6.7264652555	        6.6957343397
        1.8702184608	        0.7723326267	        0.2717437037	        0.0750921821	        0.0010654302	        0.0011838113	        0.0013509471	        0.0157313602	        0.0043897514	        0.0013513753	        0.1000000000	        0.0010000000	        1.0000000000	        0.0003935119	        0.0002911425	        0.6737624123	        6.5473500200	        6.5136618994
        1.8831044915	        0.7414523309	        0.2565614164	        0.0711450242	        0.0009031883	        0.0010035426	        0.0012210856	        0.0159564812	        0.0047742712	        0.0012283598	        0.1000000000	        0.0010000000	        1.0000000000	        0.0004195776	        0.0003110874	        0.7278051633	        6.3756403296	        6.3392500714
        1.8949051275	        0.7090079064	        0.2417381632	        0.0673336506	        0.0007573229	        0.0008414698	        0.0010920139	        0.0160431939	        0.0051414541	        0.0011031981	        0.1000000000	        0.0010000000	        1.0000000000	        0.0004474985	        0.0003333302	        0.7639458700	        6.2106420333	        6.1724447398
        1.9056990763	        0.6749505649	        0.2272727207	        0.0636727292	        0.0006274850	        0.0006972056	        0.0009663833	        0.0159643671	        0.0054726863	        0.0009777538	        0.1000000000	        0.0010000000	        1.0000000000	        0.0004779589	        0.0003557148	        0.7706366788	        6.0518839719	        6.0133521380
        1.9155615890	        0.6392634341	        0.2131405606	        0.0600194468	        0.0005130784	        0.0005700871	        0.0008456236	        0.0156935518	        0.0057463357	        0.0008539468	        0.1000000000	        0.0010000000	        1.0000000000	        0.0005114909	        0.0003774009	        0.7694815523	        5.9008373801	        5.8623633024
        1.9245641781	        0.6019753444	        0.1993240749	        0.0563458456	        0.0004133095	        0.0004592328	        0.0007300872	        0.0152083036	        0.0059396343	        0.0007337221	        0.1000000000	        0.0010000000	        1.0000000000	        0.0005482061	        0.0004020565	        0.7558414831	        5.7573441431	        5.7195520690
        1.9327744427	        0.5631760683	        0.1858103723	        0.0527333250	        0.0003272418	        0.0003636020	        0.0006208648	        0.0144946236	        0.0060318989	        0.0006190036	        0.1000000000	        0.0010000000	        1.0000000000	        0.0005888068	        0.0004270604	        0.7001127696	        5.6198102844	        5.5848046460
        1.9402559838	        0.5230316915	        0.1725647518	        0.0489950067	        0.0002538515	        0.0002820573	        0.0005184805	        0.0135521018	        0.0060090026	        0.0005116263	        0.1000000000	        0.0010000000	        1.0000000000	        0.0006338655	        0.0004502239	        0.6352661297	        5.4900810254	        5.4583177189
        1.9470683933	        0.4817980412	        0.1595703794	        0.0451311524	        0.0001920824	        0.0002134249	        0.0004227936	        0.0123987905	        0.0058684643	        0.0004132474	        0.1000000000	        0.0010000000	        1.0000000000	        0.0006831015	        0.0004774182	        0.5532758366	        5.3676199754	        5.3399561836
        1.9532673011	        0.4398294380	        0.1468248481	        0.0412446692	        0.0001408983	        0.0001565537	        0.0003344131	        0.0110742704	        0.0056239014	        0.0003252413	        0.1000000000	        0.0010000000	        1.0000000000	        0.0007365836	        0.0005054545	        0.4268391035	        5.2507694219	        5.2294274667
        1.9589044686	        0.3975796347	        0.1343229328	        0.0372088736	        0.0000993297	        0.0001103663	        0.0002540767	        0.0096391014	        0.0053072284	        0.0002485922	        0.1000000000	        0.0010000000	        1.0000000000	        0.0007938354	        0.0005354292	        0.2854871179	        5.1408944356	        5.1266200797
        1.9640279170	        0.3555914649	        0.1220880404	        0.0331924406	        0.0000665036	        0.0000738929	        0.0001822919	        0.0081692667	        0.0049672680	        0.0001838049	        0.1000000000	        0.0010000000	        1.0000000000	        0.0008506807	        0.0005680405	        0.0941886396	        5.0358919627	        5.0311825307
        1.9686820816	        0.3147416108	        0.1102369209	        0.0292062510	        0.0000470814	        0.0000523127	        0.0001368186	        0.0067567771	        0.0046683037	        0.0001312364	        0.1000000000	        0.0010000000	        1.0000000000	        0.0009018620	        0.0006015988	       -0.1199055514	        4.9369205034	        4.9429157810
        1.9729079831	        0.2758662653	        0.0988974389	        0.0254714313	        0.0000332418	        0.0000369353	        0.0001018064	        0.0054607905	        0.0044434186	        0.0000904000	        0.1000000000	        0.0010000000	        1.0000000000	        0.0009504624	        0.0006432875	       -0.3766975266	        4.8426184571	        4.8614533334
        1.9767434111	        0.2392597842	        0.0880504365	        0.0220359189	        0.0000223411	        0.0000248234	        0.0000722188	        0.0043085696	        0.0043077434	        0.0000598211	        0.1000000000	        0.0010000000	        1.0000000000	        0.0010032066	        0.0006928203	       -0.6883566793	        4.7520181463	        4.7864359803
        1.9802231129	        0.2050490173	        0.0776478165	        0.0188969224	        0.0000141812	        0.0000157568	        0.0000485138	        0.0033131895	        0.0042682686	        0.0000377974	        0.1000000000	        0.0010000000	        1.0000000000	        0.0010616905	        0.0007466808	       -1.0621055406	        4.6644647724	        4.7175700494
        1.9833789852	        0.1733098355	        0.0676514826	        0.0159834325	        0.0000084347	        0.0000093719	        0.0000305962	        0.0024770500	        0.0043242313	        0.0000226281	        0.1000000000	        0.0010000000	        1.0000000000	        0.0011257524	        0.0008000863	       -1.4875220004	        4.5802609999	        4.6546370999
        1.9862402627	        0.1440555631	        0.0580341636	        0.0132229370	        0.0000046578	        0.0000051754	        0.0000179348	        0.0017933881	        0.0044688244	        0.0000127029	        0.1000000000	        0.0010000000	        1.0000000000	        0.0011949728	        0.0008630564	       -1.9513477608	        4.4998353464	        4.5974027344
        1.9888337046	        0.1172361386	        0.0487781254	        0.0107411569	        0.0000023576	        0.0000026196	        0.0000096431	        0.0012490763	        0.0046914788	        0.0000065880	        0.1000000000	        0.0010000000	        1.0000000000	        0.0012693601	        0.0009412140	       -2.4824986274	        4.4214228629	        4.5455477943
        1.9911837738	        0.0927485581	        0.0398650593	        0.0085259873	        0.0000010717	        0.0000011908	        0.0000046599	        0.0008276828	        0.0049800020	        0.0000030854	        0.1000000000	        0.0010000000	        1.0000000000	        0.0013494162	        0.0010234073	       -3.0786259522	        4.3449062460	        4.4988375436
        1.9933128092	        0.0704536354	        0.0312778338	        0.0065132170	        0.0000004225	        0.0000004694	        0.0000019538	        0.0005119512	        0.0053221295	        0.0000012573	        0.1000000000	        0.0010000000	        1.0000000000	        0.0014352990	        0.0011093258	       -3.7264103213	        4.2707699311	        4.4570904471
        1.9952411902	        0.0501930334	        0.0230035842	        0.0046965486	        0.0000001354	        0.0000001504	        0.0000006661	        0.0002853812	        0.0057064115	        0.0000004173	        0.1000000000	        0.0010000000	        1.0000000000	        0.0015267858	        0.0011945136	       -4.4250318215	        4.1988791295	        4.4201307206
        1.9969874916	        0.0318028097	        0.0150336693	        0.0029780224	        0.0000000309	        0.0000000343	        0.0000001614	        0.0001330130	        0.0061225820	        0.0000000985	        0.1000000000	        0.0010000000	        1.0000000000	        0.0016232642	        0.0012669581	       -5.1535463662	        4.1301521692	        4.3878294876
        1.9985686299	        0.0151224499	        0.0073650843	        0.0012639018	        0.0000000035	        0.0000000039	        0.0000000193	        0.0000416842	        0.0065616201	        0.0000000115	        0.1000000000	        0.0010000000	        1.0000000000	        0.0017236315	        0.0013252600	       -5.8923226418	        4.0654774185	        4.3600935506
        2.0000000000	        0.0000000000	        0.0000000000	       -0.0004966099	        0.0000000000	        0.0000000000	        0.0000000000	        0.0000000000	        0.0070156685	        0.0000000000	        0.1000000000	        0.0010000000	        1.0000000000	        0.0018268327	        0.0013729721	                 NaN	        4.0052998030	                 NaN
