        0.0000000000	        0.0003696872	        1.0000000000	        0.0000000000	        0.0000000000	        0.0000000000	        0.0000000000	        0.0000000000	        0.0000000000	        0.0000022679	        0.0088543178	        0.0000000000	        0.0000000000	        0.0051441859
        0.0006386460	        0.0071401561	        0.9971227110	        0.0000000000	        0.0000000000	        0.0000000000	        0.0000000096	        0.0000000009	        0.0000000043	        0.0000059488	        0.0086656607	        0.0666666667	        0.0000060846	        0.0039089306
        0.0013591019	        0.0156111156	        0.9938764003	        0.0000000000	        0.0000000000	        0.0000000000	        0.0000000759	        0.0000000077	        0.0000000349	        0.0000220485	        0.0084749492	        0.0666666667	        0.0000240371	        0.0032019288
        0.0021717769	        0.0251638391	        0.9902141840	        0.0000000000	        0.0000000000	        0.0000000000	        0.0000003033	        0.0000000322	        0.0000001452	        0.0000551187	        0.0082858434	        0.0666666667	        0.0000558449	        0.0027128049
        0.0030883849	        0.0359330436	        0.9860835253	        0.0000000000	        0.0000000000	        0.0000000000	        0.0000008701	        0.0000000956	        0.0000004320	        0.0001109663	        0.0081026091	        0.0666666667	        0.0001041727	        0.0023460799
        0.0041221033	        0.0480686659	        0.9814257969	        0.0000000000	        0.0000000000	        0.0000000000	        0.0000020709	        0.0000002345	        0.0000010590	        0.0001969386	        0.0079298289	        0.0666666667	        0.0001723516	        0.0020595517
        0.0052877492	        0.0617368715	        0.9761760018	        0.0000000000	        0.0000000000	        0.0000000000	        0.0000043830	        0.0000005076	        0.0000022903	        0.0003222527	        0.0077718025	        0.0666666667	        0.0002644419	        0.0018308866
        0.0066019743	        0.0771207760	        0.9702628087	        0.0000000000	        0.0000000000	        0.0000000000	        0.0000085722	        0.0000010068	        0.0000045364	        0.0004983670	        0.0076314501	        0.0666666667	        0.0003853223	        0.0016469496
        0.0080834821	        0.0944206661	        0.9636091539	        0.0000000000	        0.0000000000	        0.0000000000	        0.0000158660	        0.0000018721	        0.0000084134	        0.0007393845	        0.0075084387	        0.0666666667	        0.0005407784	        0.0014994543
        0.0097532660	        0.1138533992	        0.9561338069	        0.0000000000	        0.0000000000	        0.0000000000	        0.0000282434	        0.0000033123	        0.0000148219	        0.0010624664	        0.0073961118	        0.0666666667	        0.0007375539	        0.0013828506
        0.0116348733	        0.1356505182	        0.9477545287	        0.0000000000	        0.0000000000	        0.0000000000	        0.0000489497	        0.0000056382	        0.0000250547	        0.0014882151	        0.0072766080	        0.0666666667	        0.0009832951	        0.0012931258
        0.0137546927	        0.1600529129	        0.9383938505	        0.0000000000	        0.0000000000	        0.0000000000	        0.0000834481	        0.0000093168	        0.0000409508	        0.0020406314	        0.0071182307	        0.0666666667	        0.0012862619	        0.0012270412
        0.0161422702	        0.1872900457	        0.9279886376	        0.0000000000	        0.0000000000	        0.0000000000	        0.0001406413	        0.0000150323	        0.0000649743	        0.0027441186	        0.0069103984	        0.0666666667	        0.0016545990	        0.0011817355
        0.0188306506	        0.2175627273	        0.9165042351	        0.0000000000	        0.0000000000	        0.0000000000	        0.0002344475	        0.0000237565	        0.0001001546	        0.0036216872	        0.0066664196	        0.0666666667	        0.0020949072	        0.0011550020
        0.0218567475	        0.2510238166	        0.9039517900	        0.0000000000	        0.0000000000	        0.0000000000	        0.0003855447	        0.0000367598	        0.0001495417	        0.0046902589	        0.0064018294	        0.0666666667	        0.0026099790	        0.0011460126
        0.0252617393	        0.2877412652	        0.8904010089	        0.0000000000	        0.0000000000	        0.0000000000	        0.0006220422	        0.0000554168	        0.0002147927	        0.0059532926	        0.0061307837	        0.0666666667	        0.0031961763	        0.0011531564
        0.0290914903	        0.3276448457	        0.8759727741	        0.0000000000	        0.0000000000	        0.0000000000	        0.0009754896	        0.0000806615	        0.0002941276	        0.0073946797	        0.0058808915	        0.0666666667	        0.0038418793	        0.0011699652
        0.0333969940	        0.3704808134	        0.8608015233	        0.0000000000	        0.0000000000	        0.0000000000	        0.0014672973	        0.0001123466	        0.0003812059	        0.0089706605	        0.0056913604	        0.0666666667	        0.0045285739	        0.0011883826
        0.0382348325	        0.4158232741	        0.8450156062	        0.0000000000	        0.0000000000	        0.0000000000	        0.0020921850	        0.0001509510	        0.0004709997	        0.0106107357	        0.0055869505	        0.0666666667	        0.0052333286	        0.0012012344
        0.0436676462	        0.4630253782	        0.8288233144	        0.0000000000	        0.0000000000	        0.0000000000	        0.0028085631	        0.0002021672	        0.0005689790	        0.0122220834	        0.0055683973	        0.0666666667	        0.0059274295	        0.0012028246
        0.0497646022	        0.5112363414	        0.8126343207	        0.0000000000	        0.0000000000	        0.0000000000	        0.0035495779	        0.0002773609	        0.0006841501	        0.0137010132	        0.0056086566	        0.0666666667	        0.0065731724	        0.0011888699
        0.0566018496	        0.5595108841	        0.7969848537	        0.0000000000	        0.0000000000	        0.0000000000	        0.0042478459	        0.0003869596	        0.0008114048	        0.0149500183	        0.0056620832	        0.0666666667	        0.0071317397	        0.0011572332
        0.0642629411	        0.6068830883	        0.7822942287	        0.0000000000	        0.0000000000	        0.0000000000	        0.0048549592	        0.0005364020	        0.0009349097	        0.0158946334	        0.0056798995	        0.0666666667	        0.0075806259	        0.0011091770
        0.0728392004	        0.6524409224	        0.7687397009	        0.0000000000	        0.0000000000	        0.0000000000	        0.0053453047	        0.0007276557	        0.0010429651	        0.0164953795	        0.0056266460	        0.0666666667	        0.0079202660	        0.0010488730
        0.0824300053	        0.6954641203	        0.7563044060	        0.0000000000	        0.0000000000	        0.0000000000	        0.0057097782	        0.0009610108	        0.0011319493	        0.0167482298	        0.0054877328	        0.0666666667	        0.0081663141	        0.0009814289
        0.0931429507	        0.7354359510	        0.7448683125	        0.0000000000	        0.0000000000	        0.0000000000	        0.0059495614	        0.0012353291	        0.0012028641	        0.0166781587	        0.0052673492	        0.0666666667	        0.0083394781	        0.0009112971
        0.1050938490	        0.7720951448	        0.7342750899	        0.0000000000	        0.0000000000	        0.0000000000	        0.0060774239	        0.0015485166	        0.0012584447	        0.0163333347	        0.0049792938	        0.0666666667	        0.0084593289	        0.0008416981
        0.1184065179	        0.8054326741	        0.7243717725	        0.0000000000	        0.0000000000	        0.0000000000	        0.0061200877	        0.0018989699	        0.0013020975	        0.0157762611	        0.0046376799	        0.0666666667	        0.0085419575	        0.0007747215
        0.1332122955	        0.8355094093	        0.7150254896	        0.0000000000	        0.0000000000	        0.0000000000	        0.0061065577	        0.0022854079	        0.0013367024	        0.0150709957	        0.0042591038	        0.0666666667	        0.0085997794	        0.0007116248
        0.1496492201	        0.8626409711	        0.7061258644	        0.0000000000	        0.0000000000	        0.0000000000	        0.0060621066	        0.0027064804	        0.0013641124	        0.0142752881	        0.0038612911	        0.0666666667	        0.0086421626	        0.0006531012
        0.1678608015	        0.8871391771	        0.6975865422	        0.0000000000	        0.0000000000	        0.0000000000	        0.0060155929	        0.0031634812	        0.0013864642	        0.0134417612	        0.0034574475	        0.0666666667	        0.0086762116	        0.0005995125
        0.1879943127	        0.9093756899	        0.6893419962	        0.0000000000	        0.0000000000	        0.0000000000	        0.0059854500	        0.0036571808	        0.0014052370	        0.0126111054	        0.0030624094	        0.0666666667	        0.0087074142	        0.0005510120
        0.2101985296	        0.9298053492	        0.6813377208	        0.0000000000	        0.0000000000	        0.0000000000	        0.0059778477	        0.0041840901	        0.0014212412	        0.0118044546	        0.0026877599	        0.0666666667	        0.0087401431	        0.0005075848
        0.2346208557	        0.9488073946	        0.6735205088	        0.0000000000	        0.0000000000	        0.0000000000	        0.0059867431	        0.0047342194	        0.0014346095	        0.0110333304	        0.0023444327	        0.0666666667	        0.0087779828	        0.0004690684
        0.2614037844	        0.9667611911	        0.6658350279	        0.0000000000	        0.0000000000	        0.0000000000	        0.0060070667	        0.0052944615	        0.0014452580	        0.0103026710	        0.0020365297	        0.0666666667	        0.0088239577	        0.0004352067
        0.2906806794	        0.9839957974	        0.6582291456	        0.0000000000	        0.0000000000	        0.0000000000	        0.0060453037	        0.0058563816	        0.0014543096	        0.0096190615	        0.0017626621	        0.0666666667	        0.0088807177	        0.0004057313
        0.3225708876	        1.0007217992	        0.6506546278	        0.0000000000	        0.0000000000	        0.0000000000	        0.0061027458	        0.0064067743	        0.0014632646	        0.0089795683	        0.0015198716	        0.0666666667	        0.0089506493	        0.0003803830
        0.3571742551	        1.0171236110	        0.6430491821	        0.0000000000	        0.0000000000	        0.0000000000	        0.0061440737	        0.0069046583	        0.0014694702	        0.0083682288	        0.0013100119	        0.0666666667	        0.0090360058	        0.0003588552
        0.3945651751	        1.0333332494	        0.6353368293	        0.0000000000	        0.0000000000	        0.0000000000	        0.0061667708	        0.0073285379	        0.0014747912	        0.0077802441	        0.0011277132	        0.0666666667	        0.0091391553	        0.0003408668
        0.4347863703	        1.0492599940	        0.6274322373	        0.0000000000	        0.0000000000	        0.0000000000	        0.0061548197	        0.0076474986	        0.0014789528	        0.0072066318	        0.0009696651	        0.0666666667	        0.0092623896	        0.0003261704
        0.4778426900	        1.0650708789	        0.6192307324	        0.0000000000	        0.0000000000	        0.0000000000	        0.0060843757	        0.0078288942	        0.0014802230	        0.0066429816	        0.0008346263	        0.0666666667	        0.0094080040	        0.0003145468
        0.5236952751	        1.0805206998	        0.6106181433	        0.0000000000	        0.0000000000	        0.0000000000	        0.0059716929	        0.0078776909	        0.0014800879	        0.0060934622	        0.0007171501	        0.0666666667	        0.0095781141	        0.0003058504
        0.5722565058	        1.0955473021	        0.6014848421	        0.0000000000	        0.0000000000	        0.0000000000	        0.0058375866	        0.0078085518	        0.0014819041	        0.0055596647	        0.0006124452	        0.0666666667	        0.0097740270	        0.0002999920
        0.6233861842	        1.1100495932	        0.5916882542	        0.0000000000	        0.0000000000	        0.0000000000	        0.0056217873	        0.0075762288	        0.0014791524	        0.0050341616	        0.0005238944	        0.0666666667	        0.0099960274	        0.0002968352
        0.6768894010	        1.1238115248	        0.5810422560	        0.0000000000	        0.0000000000	        0.0000000000	        0.0053447989	        0.0072116585	        0.0014761097	        0.0045257139	        0.0004482612	        0.0666666667	        0.0102430898	        0.0002962444
        0.7325164896	        1.1363185990	        0.5693321760	        0.0000000000	        0.0000000000	        0.0000000000	        0.0049946669	        0.0067265364	        0.0014679497	        0.0040410677	        0.0003858988	        0.0666666667	        0.0105099637	        0.0002979581
        0.7899653716	        1.1471415386	        0.5563415973	        0.0000000000	        0.0000000000	        0.0000000000	        0.0046275861	        0.0062015928	        0.0014584441	        0.0036046387	        0.0003348946	        0.0666666667	        0.0107846238	        0.0003015301
        0.8488864424	        1.1559137024	        0.5419360491	        0.0000000000	        0.0000000000	        0.0000000000	        0.0042806755	        0.0057057635	        0.0014469068	        0.0032415801	        0.0002960503	        0.0666666667	        0.0110438912	        0.0003061298
        0.9088899606	        1.1620562306	        0.5261494667	        0.0000000000	        0.0000000000	        0.0000000000	        0.0040055793	        0.0053150985	        0.0014355585	        0.0029751754	        0.0002691442	        0.0666666667	        0.0112533951	        0.0003105166
        0.9695556872	        1.1652610365	        0.5093054994	        0.0000000000	        0.0000000000	        0.0000000000	        0.0038443839	        0.0050965236	        0.0014279209	        0.0028308466	        0.0002554677	        0.0666666667	        0.0113740368	        0.0003132568
        1.0304443128	        1.1650626462	        0.4920513468	        0.0000000000	        0.0000000000	        0.0000000000	        0.0038422818	        0.0050932312	        0.0014276943	        0.0028285216	        0.0002552092	        0.0666666667	        0.0113780255	        0.0003133265
        1.0911100394	        1.1615345959	        0.4751907502	        0.0000000000	        0.0000000000	        0.0000000000	        0.0040002213	        0.0053075259	        0.0014349206	        0.0029699083	        0.0002686053	        0.0666666667	        0.0112649644	        0.0003107159
        1.1511135576	        1.1549075299	        0.4593887624	        0.0000000000	        0.0000000000	        0.0000000000	        0.0042793286	        0.0057017845	        0.0014472625	        0.0032361433	        0.0002951645	        0.0666666667	        0.0110624267	        0.0003064510
        1.2100346284	        1.1456508477	        0.4449701229	        0.0000000000	        0.0000000000	        0.0000000000	        0.0046182813	        0.0061942461	        0.0014590126	        0.0036009083	        0.0003349694	        0.0666666667	        0.0108093566	        0.0003019574
        1.2674835104	        1.1341506456	        0.4319494511	        0.0000000000	        0.0000000000	        0.0000000000	        0.0049672390	        0.0067030790	        0.0014681206	        0.0040328939	        0.0003867487	        0.0666666667	        0.0105396467	        0.0002984706
        1.3231105990	        1.1212902062	        0.4201801391	        0.0000000000	        0.0000000000	        0.0000000000	        0.0052911920	        0.0071625577	        0.0014752254	        0.0045084913	        0.0004499552	        0.0666666667	        0.0102758895	        0.0002968131
        1.3766138158	        1.1072714181	        0.4094536035	        0.0000000000	        0.0000000000	        0.0000000000	        0.0055509183	        0.0075099292	        0.0014769656	        0.0050094643	        0.0005262404	        0.0666666667	        0.0100301639	        0.0002974411
        1.4277434942	        1.0925219800	        0.3995875709	        0.0000000000	        0.0000000000	        0.0000000000	        0.0057879250	        0.0077618715	        0.0014806117	        0.0055378643	        0.0006135205	        0.0666666667	        0.0098088192	        0.0003006398
        1.4763047249	        1.0773919903	        0.3904264775	        0.0000000000	        0.0000000000	        0.0000000000	        0.0059718227	        0.0078748447	        0.0014817614	        0.0060797662	        0.0007139124	        0.0666666667	        0.0096140631	        0.0003065371
        1.5221573100	        1.0618748888	        0.3818151937	        0.0000000000	        0.0000000000	        0.0000000000	        0.0060950716	        0.0078345989	        0.0014814455	        0.0066279862	        0.0008292264	        0.0666666667	        0.0094455884	        0.0003152446
        1.5652136297	        1.0460478645	        0.3736107503	        0.0000000000	        0.0000000000	        0.0000000000	        0.0061462329	        0.0076361572	        0.0014781302	        0.0071817735	        0.0009644963	        0.0666666667	        0.0093016495	        0.0003268876
        1.6054348249	        1.0299290022	        0.3656941479	        0.0000000000	        0.0000000000	        0.0000000000	        0.0061567454	        0.0073164419	        0.0014743988	        0.0077514367	        0.0011214221	        0.0666666667	        0.0091801641	        0.0003416416
        1.6428257449	        1.0136245757	        0.3579721488	        0.0000000000	        0.0000000000	        0.0000000000	        0.0061399190	        0.0068985981	        0.0014699891	        0.0083398542	        0.0013021308	        0.0666666667	        0.0090789491	        0.0003597006
        1.6774291124	        0.9972292811	        0.3503574799	        0.0000000000	        0.0000000000	        0.0000000000	        0.0060910197	        0.0063959995	        0.0014632237	        0.0089452361	        0.0015115305	        0.0666666667	        0.0089956416	        0.0003813071
        1.7093193206	        0.9805206084	        0.3427670375	        0.0000000000	        0.0000000000	        0.0000000000	        0.0060246308	        0.0058400197	        0.0014541945	        0.0095754010	        0.0017534279	        0.0666666667	        0.0089278320	        0.0004067725
        1.7385962156	        0.9633034407	        0.3351357536	        0.0000000000	        0.0000000000	        0.0000000000	        0.0059731579	        0.0052713578	        0.0014450634	        0.0102481077	        0.0020278686	        0.0666666667	        0.0088731890	        0.0004364174
        1.7653791443	        0.9454257792	        0.3274107222	        0.0000000000	        0.0000000000	        0.0000000000	        0.0059342683	        0.0047022510	        0.0014337131	        0.0109605422	        0.0023365996	        0.0666666667	        0.0088291952	        0.0004705249
        1.7898014704	        0.9265551457	        0.3195374172	        0.0000000000	        0.0000000000	        0.0000000000	        0.0059112020	        0.0041476167	        0.0014201256	        0.0117131832	        0.0026799069	        0.0666666667	        0.0087930967	        0.0005093862
        1.8120056873	        0.9063487646	        0.3114626326	        0.0000000000	        0.0000000000	        0.0000000000	        0.0059070733	        0.0036193292	        0.0014038175	        0.0125026951	        0.0030548960	        0.0666666667	        0.0087617337	        0.0005532478
        1.8321391985	        0.8842934074	        0.3031352480	        0.0000000000	        0.0000000000	        0.0000000000	        0.0059275388	        0.0031269336	        0.0013850485	        0.0133209649	        0.0034523003	        0.0666666667	        0.0087313949	        0.0006022586
        1.8503507799	        0.8599798183	        0.2944999321	        0.0000000000	        0.0000000000	        0.0000000000	        0.0059579027	        0.0026703342	        0.0013620337	        0.0141404912	        0.0038632016	        0.0666666667	        0.0086975170	        0.0006564235
        1.8667877045	        0.8330443964	        0.2854871776	        0.0000000000	        0.0000000000	        0.0000000000	        0.0059836593	        0.0022505044	        0.0013335875	        0.0149253886	        0.0042736228	        0.0666666667	        0.0086543893	        0.0007155986
        1.8815934821	        0.8031866003	        0.2760142225	        0.0000000000	        0.0000000000	        0.0000000000	        0.0059930229	        0.0018692306	        0.0012986535	        0.0156293632	        0.0046601453	        0.0666666667	        0.0085947067	        0.0007793755
        1.8949061510	        0.7701433824	        0.2659830415	        0.0000000000	        0.0000000000	        0.0000000000	        0.0059605794	        0.0015261834	        0.0012551590	        0.0161998268	        0.0050061016	        0.0666666667	        0.0085089945	        0.0008469336
        1.9068570493	        0.7335484943	        0.2552720480	        0.0000000000	        0.0000000000	        0.0000000000	        0.0058491067	        0.0012200427	        0.0011997108	        0.0165694064	        0.0052992422	        0.0666666667	        0.0083849022	        0.0009168992
        1.9175699947	        0.6938667023	        0.2437361837	        0.0000000000	        0.0000000000	        0.0000000000	        0.0056315393	        0.0009517676	        0.0011292830	        0.0166708469	        0.0055221568	        0.0666666667	        0.0082066168	        0.0009871240
        1.9271607996	        0.6511571618	        0.2312256057	        0.0000000000	        0.0000000000	        0.0000000000	        0.0052898479	        0.0007228247	        0.0010409892	        0.0164508901	        0.0056625286	        0.0666666667	        0.0079550299	        0.0010543786
        1.9357370589	        0.6057056348	        0.2176222258	        0.0000000000	        0.0000000000	        0.0000000000	        0.0048177870	        0.0005342681	        0.0009335531	        0.0158783874	        0.0057178316	        0.0666666667	        0.0076099827	        0.0011142770
        1.9433981504	        0.5588600539	        0.2029087918	        0.0000000000	        0.0000000000	        0.0000000000	        0.0042289621	        0.0003865456	        0.0008111742	        0.0149648880	        0.0057022158	        0.0666666667	        0.0071564093	        0.0011618342
        1.9502353978	        0.5107428520	        0.1872582676	        0.0000000000	        0.0000000000	        0.0000000000	        0.0035402793	        0.0002775421	        0.0006843996	        0.0137324275	        0.0056514143	        0.0666666667	        0.0065941346	        0.0011929876
        1.9563323538	        0.4628819838	        0.1710795104	        0.0000000000	        0.0000000000	        0.0000000000	        0.0028080499	        0.0002025705	        0.0005696750	        0.0122715777	        0.0056147816	        0.0666666667	        0.0059455506	        0.0012065698
        1.9617651675	        0.4158162828	        0.1549019182	        0.0000000000	        0.0000000000	        0.0000000000	        0.0020937641	        0.0001513407	        0.0004717829	        0.0106644608	        0.0056386308	        0.0666666667	        0.0052491942	        0.0012047284
        1.9666030060	        0.3705087659	        0.1391306245	        0.0000000000	        0.0000000000	        0.0000000000	        0.0014691389	        0.0001126977	        0.0003820277	        0.0090221428	        0.0057481263	        0.0666666667	        0.0045425263	        0.0011917338
        1.9709085097	        0.3279995108	        0.1239746608	        0.0000000000	        0.0000000000	        0.0000000000	        0.0009796885	        0.0000810717	        0.0002953126	        0.0074522857	        0.0059409156	        0.0666666667	        0.0038542179	        0.0011732644
        1.9747382607	        0.2882013790	        0.1095622619	        0.0000000000	        0.0000000000	        0.0000000000	        0.0006258264	        0.0000557897	        0.0002160186	        0.0060070129	        0.0061930553	        0.0666666667	        0.0032070398	        0.0011564308
        1.9781432525	        0.2512476962	        0.0960239996	        0.0000000000	        0.0000000000	        0.0000000000	        0.0003873742	        0.0000369900	        0.0001503635	        0.0047293289	        0.0064673707	        0.0666666667	        0.0026192946	        0.0011492490
        1.9811693494	        0.2174289579	        0.0834788809	        0.0000000000	        0.0000000000	        0.0000000000	        0.0002347460	        0.0000238506	        0.0001005047	        0.0036437686	        0.0067357813	        0.0666666667	        0.0021026101	        0.0011582662
        1.9838577298	        0.1870526773	        0.0719983299	        0.0000000000	        0.0000000000	        0.0000000000	        0.0001406012	        0.0000150741	        0.0000651356	        0.0027576570	        0.0069817223	        0.0666666667	        0.0016607885	        0.0011851371
        1.9862453073	        0.1599039632	        0.0615957764	        0.0000000000	        0.0000000000	        0.0000000000	        0.0000835346	        0.0000093520	        0.0000410951	        0.0020526016	        0.0071902894	        0.0666666667	        0.0012911404	        0.0012306764
        1.9883651267	        0.1355206859	        0.0522373095	        0.0000000000	        0.0000000000	        0.0000000000	        0.0000490611	        0.0000056654	        0.0000251699	        0.0014985417	        0.0073503714	        0.0666666667	        0.0009870679	        0.0012970827
        1.9902467340	        0.1136171460	        0.0438597484	        0.0000000000	        0.0000000000	        0.0000000000	        0.0000282729	        0.0000033251	        0.0000148763	        0.0010689594	        0.0074733229	        0.0666666667	        0.0007404015	        0.0013872250
        1.9919165179	        0.0940643057	        0.0363856572	        0.0000000000	        0.0000000000	        0.0000000000	        0.0000158268	        0.0000018735	        0.0000084185	        0.0007417513	        0.0075901385	        0.0666666667	        0.0005428628	        0.0015043839
        1.9933980257	        0.0767004305	        0.0297329561	        0.0000000000	        0.0000000000	        0.0000000000	        0.0000085055	        0.0000010026	        0.0000045166	        0.0004975801	        0.0077180530	        0.0666666667	        0.0003867893	        0.0016526458
        1.9947122508	        0.0613371178	        0.0238205526	        0.0000000000	        0.0000000000	        0.0000000000	        0.0000043214	        0.0000005023	        0.0000022660	        0.0003198194	        0.0078633364	        0.0666666667	        0.0002654208	        0.0018376746
        1.9958778967	        0.0477786301	        0.0185714628	        0.0000000000	        0.0000000000	        0.0000000000	        0.0000020315	        0.0000002308	        0.0000010421	        0.0001944759	        0.0080260943	        0.0666666667	        0.0001729550	        0.0020679294
        1.9969116151	        0.0358335827	        0.0139143878	        0.0000000000	        0.0000000000	        0.0000000000	        0.0000008567	        0.0000000944	        0.0000004265	        0.0001099690	        0.0082032823	        0.0666666667	        0.0001044993	        0.0023568006
        1.9978282231	        0.0253215903	        0.0097843360	        0.0000000000	        0.0000000000	        0.0000000000	        0.0000003109	        0.0000000330	        0.0000001491	        0.0000568489	        0.0083905431	        0.0666666667	        0.0000559820	        0.0027269235
        1.9986408981	        0.0160766473	        0.0061226742	        0.0000000000	        0.0000000000	        0.0000000000	        0.0000000941	        0.0000000096	        0.0000000433	        0.0000274978	        0.0085832779	        0.0666666667	        0.0000240637	        0.0032203196
        1.9993613540	        0.0079484408	        0.0028768582	        0.0000000000	        0.0000000000	        0.0000000000	        0.0000000255	        0.0000000025	        0.0000000113	        0.0000158415	        0.0087772293	        0.0666666667	        0.0000060720	        0.0039278443
        2.0000000000	        0.0008023949	        0.0000000000	        0.0000000000	        0.0000000000	        0.0000000000	        0.0000000000	        0.0000000000	        0.0000000000	        0.0000170868	        0.0089687600	        0.0000000000	        0.0000000000	        0.0051335098
