        0.0000000000	        0.0003624285	        1.0000000000	        0.0000000000	        0.0000000000	        0.0000000000	        0.0000000000	        0.0000000000	        0.0000000000	        0.0000000342	        0.0052808407	        0.0000000000	        0.0000000000	        0.0043598241
        0.0006386460	        0.0065455738	        0.9965837133	        0.0000000000	        0.0000000000	        0.0000000000	        0.0000000085	        0.0000000007	        0.0000000037	        0.0000035875	        0.0051878758	        0.0666666667	        0.0000066684	        0.0032708194
        0.0013591019	        0.0143345404	        0.9927292851	        0.0000000000	        0.0000000000	        0.0000000000	        0.0000000840	        0.0000000072	        0.0000000384	        0.0000167632	        0.0050939428	        0.0666666667	        0.0000261887	        0.0026640099
        0.0021717769	        0.0231148244	        0.9883810891	        0.0000000000	        0.0000000000	        0.0000000000	        0.0000003432	        0.0000000306	        0.0000001642	        0.0000431171	        0.0050009530	        0.0666666667	        0.0000606412	        0.0022496745
        0.0030883849	        0.0330098531	        0.9834768552	        0.0000000000	        0.0000000000	        0.0000000000	        0.0000009834	        0.0000000914	        0.0000004901	        0.0000872124	        0.0049111974	        0.0666666667	        0.0001128490	        0.0019429023
        0.0041221033	        0.0441573802	        0.9779472246	        0.0000000000	        0.0000000000	        0.0000000000	        0.0000023280	        0.0000002237	        0.0000011993	        0.0001548639	        0.0048272493	        0.0666666667	        0.0001863599	        0.0017067512
        0.0052877492	        0.0567107294	        0.9717155491	        0.0000000000	        0.0000000000	        0.0000000000	        0.0000048986	        0.0000004829	        0.0000025859	        0.0002534286	        0.0047517369	        0.0666666667	        0.0002855125	        0.0015219095
        0.0066019743	        0.0708399633	        0.9646981565	        0.0000000000	        0.0000000000	        0.0000000000	        0.0000095317	        0.0000009545	        0.0000051027	        0.0003921466	        0.0046869043	        0.0666666667	        0.0004155314	        0.0013771706
        0.0080834821	        0.0867328700	        0.9568054259	        0.0000000000	        0.0000000000	        0.0000000000	        0.0000175669	        0.0000017681	        0.0000094221	        0.0005825346	        0.0046338374	        0.0666666667	        0.0005826118	        0.0012655575
        0.0097532660	        0.1045956149	        0.9479441989	        0.0000000000	        0.0000000000	        0.0000000000	        0.0000311585	        0.0000031147	        0.0000165122	        0.0008388253	        0.0045911697	        0.0666666667	        0.0007939421	        0.0011824162
        0.0116348733	        0.1246528259	        0.9380223495	        0.0000000000	        0.0000000000	        0.0000000000	        0.0000538060	        0.0000052766	        0.0000277399	        0.0011784414	        0.0045529977	        0.0666666667	        0.0010575650	        0.0011243015
        0.0137546927	        0.1471454134	        0.9269568160	        0.0000000000	        0.0000000000	        0.0000000000	        0.0000912792	        0.0000086741	        0.0000450116	        0.0016223081	        0.0045075253	        0.0666666667	        0.0013818992	        0.0010882643
        0.0161422702	        0.1723155479	        0.9146866628	        0.0000000000	        0.0000000000	        0.0000000000	        0.0001528574	        0.0000139283	        0.0000708601	        0.0021937221	        0.0044500406	        0.0666666667	        0.0017746368	        0.0010715786
        0.0188306506	        0.2003966689	        0.9011921524	        0.0000000000	        0.0000000000	        0.0000000000	        0.0002530439	        0.0000219318	        0.0001083600	        0.0029178488	        0.0043831814	        0.0666666667	        0.0022406820	        0.0010722575
        0.0218567475	        0.2316014792	        0.8865168673	        0.0000000000	        0.0000000000	        0.0000000000	        0.0004136159	        0.0000338467	        0.0001604167	        0.0038185648	        0.0043089192	        0.0666666667	        0.0027790653	        0.0010892150
        0.0252617393	        0.2660968104	        0.8707805606	        0.0000000000	        0.0000000000	        0.0000000000	        0.0006654311	        0.0000509007	        0.0002281825	        0.0049137893	        0.0042272476	        0.0666666667	        0.0033797205	        0.0011177852
        0.0290914903	        0.3039586218	        0.8541564961	        0.0000000000	        0.0000000000	        0.0000000000	        0.0010467395	        0.0000736689	        0.0003083167	        0.0062089957	        0.0041461866	        0.0666666667	        0.0040222642	        0.0011483864
        0.0333969940	        0.3451295980	        0.8368080526	        0.0000000000	        0.0000000000	        0.0000000000	        0.0015932865	        0.0001015827	        0.0003922532	        0.0076888121	        0.0040837081	        0.0666666667	        0.0046787633	        0.0011710978
        0.0382348325	        0.3893999591	        0.8189268430	        0.0000000000	        0.0000000000	        0.0000000000	        0.0023194174	        0.0001372577	        0.0004789835	        0.0093106136	        0.0040595573	        0.0666666667	        0.0053159989	        0.0011778682
        0.0436676462	        0.4363404264	        0.8010434491	        0.0000000000	        0.0000000000	        0.0000000000	        0.0031973786	        0.0001951953	        0.0005903574	        0.0110030331	        0.0040873195	        0.0666666667	        0.0058891276	        0.0011633412
        0.0497646022	        0.4852827346	        0.7841288609	        0.0000000000	        0.0000000000	        0.0000000000	        0.0041511136	        0.0002952399	        0.0007339431	        0.0126673150	        0.0041663137	        0.0666666667	        0.0063444613	        0.0011254180
        0.0566018496	        0.5353809619	        0.7689561397	        0.0000000000	        0.0000000000	        0.0000000000	        0.0050790685	        0.0004460090	        0.0008767125	        0.0141899782	        0.0042778288	        0.0666666667	        0.0066545979	        0.0010674677
        0.0642629411	        0.5856717123	        0.7556869658	        0.0000000000	        0.0000000000	        0.0000000000	        0.0058939026	        0.0006482153	        0.0009938344	        0.0154657618	        0.0043888778	        0.0666666667	        0.0068355328	        0.0009974257
        0.0728392004	        0.6351243225	        0.7441099708	        0.0000000000	        0.0000000000	        0.0000000000	        0.0065429625	        0.0009017560	        0.0010829837	        0.0164127203	        0.0044630443	        0.0666666667	        0.0069226708	        0.0009231262
        0.0824300053	        0.6827819290	        0.7339102509	        0.0000000000	        0.0000000000	        0.0000000000	        0.0070065241	        0.0012051276	        0.0011492590	        0.0169835072	        0.0044722829	        0.0666666667	        0.0069494872	        0.0008498911
        0.0931429507	        0.7278502261	        0.7247829966	        0.0000000000	        0.0000000000	        0.0000000000	        0.0072891766	        0.0015542077	        0.0011982949	        0.0171717953	        0.0044032378	        0.0666666667	        0.0069409513	        0.0007805967
        0.1050938490	        0.7697873282	        0.7164672265	        0.0000000000	        0.0000000000	        0.0000000000	        0.0074110533	        0.0019422992	        0.0012347543	        0.0170080093	        0.0042568094	        0.0666666667	        0.0069139305	        0.0007164677
        0.1184065179	        0.8082720505	        0.7087495579	        0.0000000000	        0.0000000000	        0.0000000000	        0.0074007022	        0.0023606739	        0.0012619205	        0.0165460075	        0.0040430071	        0.0666666667	        0.0068793468	        0.0006577948
        0.1332122955	        0.8431593952	        0.7014602806	        0.0000000000	        0.0000000000	        0.0000000000	        0.0072953379	        0.0028010390	        0.0012824638	        0.0158566961	        0.0037760820	        0.0666666667	        0.0068442365	        0.0006044299
        0.1496492201	        0.8745701524	        0.6944665248	        0.0000000000	        0.0000000000	        0.0000000000	        0.0071325267	        0.0032559922	        0.0012981186	        0.0150099450	        0.0034703150	        0.0666666667	        0.0068132302	        0.0005560639
        0.1678608015	        0.9026944214	        0.6876657794	        0.0000000000	        0.0000000000	        0.0000000000	        0.0069478548	        0.0037207823	        0.0013102627	        0.0140734649	        0.0031408358	        0.0666666667	        0.0067895350	        0.0005123699
        0.1879943127	        0.9278557678	        0.6809808468	        0.0000000000	        0.0000000000	        0.0000000000	        0.0067711888	        0.0041933796	        0.0013199011	        0.0131058932	        0.0028024440	        0.0666666667	        0.0067755357	        0.0004730650
        0.2101985296	        0.9504787943	        0.6743552316	        0.0000000000	        0.0000000000	        0.0000000000	        0.0066265020	        0.0046739034	        0.0013280018	        0.0121510269	        0.0024671059	        0.0666666667	        0.0067731601	        0.0004379254
        0.2346208557	        0.9709844972	        0.6677465929	        0.0000000000	        0.0000000000	        0.0000000000	        0.0065234597	        0.0051600082	        0.0013349930	        0.0112381378	        0.0021471724	        0.0666666667	        0.0067840785	        0.0004067629
        0.2614037844	        0.9898229558	        0.6611194246	        0.0000000000	        0.0000000000	        0.0000000000	        0.0064623001	        0.0056454360	        0.0013415819	        0.0103825278	        0.0018518391	        0.0666666667	        0.0068098485	        0.0003794012
        0.2906806794	        1.0074352182	        0.6544346228	        0.0000000000	        0.0000000000	        0.0000000000	        0.0064246054	        0.0061109719	        0.0013473099	        0.0095827167	        0.0015877471	        0.0666666667	        0.0068519915	        0.0003556402
        0.3225708876	        1.0240734293	        0.6476418128	        0.0000000000	        0.0000000000	        0.0000000000	        0.0063916195	        0.0065322480	        0.0013520478	        0.0088308033	        0.0013560470	        0.0666666667	        0.0069121201	        0.0003352590
        0.3571742551	        1.0401207686	        0.6406778467	        0.0000000000	        0.0000000000	        0.0000000000	        0.0063464308	        0.0068836467	        0.0013557389	        0.0081190021	        0.0011552753	        0.0666666667	        0.0069919920	        0.0003180388
        0.3945651751	        1.0557551161	        0.6334664157	        0.0000000000	        0.0000000000	        0.0000000000	        0.0062773402	        0.0071417154	        0.0013591193	        0.0074383419	        0.0009814975	        0.0666666667	        0.0070935139	        0.0003037817
        0.4347863703	        1.0709730176	        0.6259092945	        0.0000000000	        0.0000000000	        0.0000000000	        0.0061523471	        0.0072719755	        0.0013595958	        0.0067810774	        0.0008340655	        0.0666666667	        0.0072186862	        0.0002922952
        0.4778426900	        1.0859549992	        0.6178955490	        0.0000000000	        0.0000000000	        0.0000000000	        0.0059957567	        0.0072852637	        0.0013602455	        0.0061507038	        0.0007060839	        0.0666666667	        0.0073694784	        0.0002834440
        0.5236952751	        1.1004683269	        0.6093050638	        0.0000000000	        0.0000000000	        0.0000000000	        0.0057931439	        0.0071739485	        0.0013598516	        0.0055502466	        0.0005973028	        0.0666666667	        0.0075471090	        0.0002771015
        0.5722565058	        1.1143598702	        0.5999918610	        0.0000000000	        0.0000000000	        0.0000000000	        0.0055388532	        0.0069387461	        0.0013576139	        0.0049781515	        0.0005050983	        0.0666666667	        0.0077517629	        0.0002731216
        0.6233861842	        1.1273516774	        0.5897889314	        0.0000000000	        0.0000000000	        0.0000000000	        0.0052449754	        0.0066034627	        0.0013537150	        0.0044413956	        0.0004272308	        0.0666666667	        0.0079813899	        0.0002713016
        0.6768894010	        1.1391460834	        0.5785268313	        0.0000000000	        0.0000000000	        0.0000000000	        0.0049294247	        0.0062068903	        0.0013494050	        0.0039546039	        0.0003630348	        0.0666666667	        0.0082296415	        0.0002713065
        0.7325164896	        1.1493333455	        0.5660434842	        0.0000000000	        0.0000000000	        0.0000000000	        0.0045943642	        0.0057762675	        0.0013415089	        0.0035265912	        0.0003124214	        0.0666666667	        0.0084833849	        0.0002725451
        0.7899653716	        1.1573412153	        0.5522401877	        0.0000000000	        0.0000000000	        0.0000000000	        0.0042852007	        0.0053830513	        0.0013319843	        0.0031821176	        0.0002751218	        0.0666666667	        0.0087204182	        0.0002741091
        0.8488864424	        1.1629034362	        0.5372182256	        0.0000000000	        0.0000000000	        0.0000000000	        0.0040581428	        0.0051070860	        0.0013229251	        0.0029476921	        0.0002510549	        0.0666666667	        0.0089088079	        0.0002747804
        0.9088899606	        1.1654360950	        0.5213991464	        0.0000000000	        0.0000000000	        0.0000000000	        0.0039713257	        0.0050233779	        0.0013197710	        0.0028458600	        0.0002398088	        0.0666666667	        0.0090152533	        0.0002733978
        0.9695556872	        1.1648773774	        0.5054774515	        0.0000000000	        0.0000000000	        0.0000000000	        0.0040371820	        0.0051549415	        0.0013224490	        0.0028799035	        0.0002410491	        0.0666666667	        0.0090208839	        0.0002694462
        1.0304443128	        1.1611188953	        0.4901775188	        0.0000000000	        0.0000000000	        0.0000000000	        0.0042568003	        0.0054950677	        0.0013312675	        0.0030472611	        0.0002541969	        0.0666666667	        0.0089327913	        0.0002634388
        1.0911100394	        1.1544389281	        0.4759930304	        0.0000000000	        0.0000000000	        0.0000000000	        0.0045771269	        0.0059845312	        0.0013405975	        0.0033267752	        0.0002791978	        0.0666666667	        0.0087779490	        0.0002565589
        1.1511135576	        1.1452613125	        0.4631140758	        0.0000000000	        0.0000000000	        0.0000000000	        0.0049439501	        0.0065639035	        0.0013504775	        0.0036933143	        0.0003156054	        0.0666666667	        0.0085886344	        0.0002500740
        1.2100346284	        1.1340118321	        0.4514972015	        0.0000000000	        0.0000000000	        0.0000000000	        0.0052864717	        0.0071432457	        0.0013567655	        0.0041218023	        0.0003647368	        0.0666666667	        0.0083904611	        0.0002448976
        1.2674835104	        1.1211743996	        0.4409876223	        0.0000000000	        0.0000000000	        0.0000000000	        0.0055892802	        0.0076717603	        0.0013616532	        0.0045893656	        0.0004249774	        0.0666666667	        0.0082000128	        0.0002415896
        1.3231105990	        1.1071106617	        0.4314081080	        0.0000000000	        0.0000000000	        0.0000000000	        0.0058325940	        0.0081011299	        0.0013651098	        0.0050789286	        0.0004964117	        0.0666666667	        0.0080263501	        0.0002404372
        1.3766138158	        1.0921283123	        0.4225826943	        0.0000000000	        0.0000000000	        0.0000000000	        0.0059989620	        0.0083909599	        0.0013656235	        0.0055773727	        0.0005802414	        0.0666666667	        0.0078734827	        0.0002415768
        1.4277434942	        1.0765408088	        0.4143670991	        0.0000000000	        0.0000000000	        0.0000000000	        0.0061185933	        0.0085538594	        0.0013671616	        0.0060871619	        0.0006762044	        0.0666666667	        0.0077429900	        0.0002451012
        1.4763047249	        1.0605306472	        0.4066402024	        0.0000000000	        0.0000000000	        0.0000000000	        0.0061752833	        0.0085623670	        0.0013677428	        0.0065979731	        0.0007863843	        0.0666666667	        0.0076348090	        0.0002510702
        1.5221573100	        1.0441890647	        0.3992795111	        0.0000000000	        0.0000000000	        0.0000000000	        0.0061511978	        0.0083966236	        0.0013653080	        0.0071016361	        0.0009149754	        0.0666666667	        0.0075478290	        0.0002595771
        1.5652136297	        1.0277342770	        0.3921800557	        0.0000000000	        0.0000000000	        0.0000000000	        0.0060854030	        0.0080972010	        0.0013628837	        0.0076072159	        0.0010624686	        0.0666666667	        0.0074807824	        0.0002707801
        1.6054348249	        1.0110184789	        0.3852617300	        0.0000000000	        0.0000000000	        0.0000000000	        0.0059920888	        0.0076885539	        0.0013596432	        0.0081228368	        0.0012323008	        0.0666666667	        0.0074323878	        0.0002848644
        1.6428257449	        0.9943175127	        0.3784566101	        0.0000000000	        0.0000000000	        0.0000000000	        0.0058884368	        0.0071978636	        0.0013564144	        0.0086527327	        0.0014256472	        0.0666666667	        0.0074014631	        0.0003020647
        1.6774291124	        0.9775714347	        0.3716983937	        0.0000000000	        0.0000000000	        0.0000000000	        0.0057673430	        0.0066343125	        0.0013519347	        0.0091912250	        0.0016461501	        0.0666666667	        0.0073868148	        0.0003226735
        1.7093193206	        0.9607566089	        0.3649126057	        0.0000000000	        0.0000000000	        0.0000000000	        0.0056201277	        0.0060139594	        0.0013452331	        0.0097412730	        0.0019029768	        0.0666666667	        0.0073872373	        0.0003470836
        1.7385962156	        0.9437080197	        0.3580244822	        0.0000000000	        0.0000000000	        0.0000000000	        0.0054673594	        0.0053716442	        0.0013375509	        0.0103061147	        0.0021963931	        0.0666666667	        0.0074015065	        0.0003757848
        1.7653791443	        0.9262794297	        0.3509641632	        0.0000000000	        0.0000000000	        0.0000000000	        0.0053151791	        0.0047309687	        0.0013277380	        0.0108889946	        0.0025302065	        0.0666666667	        0.0074281720	        0.0004093117
        1.7898014704	        0.9081482592	        0.3436668069	        0.0000000000	        0.0000000000	        0.0000000000	        0.0051795879	        0.0041189037	        0.0013165400	        0.0115050058	        0.0029071853	        0.0666666667	        0.0074654998	        0.0004482278
        1.8120056873	        0.8890893885	        0.3360762797	        0.0000000000	        0.0000000000	        0.0000000000	        0.0050703332	        0.0035499879	        0.0013033290	        0.0121537864	        0.0033224014	        0.0666666667	        0.0075112450	        0.0004930522
        1.8321391985	        0.8686604527	        0.3281412966	        0.0000000000	        0.0000000000	        0.0000000000	        0.0049917046	        0.0030325991	        0.0012879814	        0.0128384258	        0.0037722739	        0.0666666667	        0.0075625528	        0.0005442203
        1.8503507799	        0.8465097042	        0.3198116844	        0.0000000000	        0.0000000000	        0.0000000000	        0.0049417468	        0.0025675147	        0.0012698999	        0.0135431686	        0.0042443263	        0.0666666667	        0.0076157744	        0.0006020291
        1.8667877045	        0.8223056690	        0.3110280844	        0.0000000000	        0.0000000000	        0.0000000000	        0.0049065805	        0.0021504879	        0.0012476018	        0.0142368402	        0.0047254275	        0.0666666667	        0.0076662413	        0.0006666056
        1.8815934821	        0.7956807360	        0.3017135647	        0.0000000000	        0.0000000000	        0.0000000000	        0.0048723083	        0.0017784739	        0.0012199195	        0.0148792506	        0.0051965631	        0.0666666667	        0.0077078984	        0.0007378547
        1.8949061510	        0.7663372780	        0.2917714679	        0.0000000000	        0.0000000000	        0.0000000000	        0.0048218719	        0.0014489566	        0.0011852324	        0.0154242469	        0.0056380932	        0.0666666667	        0.0077326577	        0.0008152937
        1.9068570493	        0.7337893863	        0.2810830330	        0.0000000000	        0.0000000000	        0.0000000000	        0.0047348122	        0.0011598551	        0.0011413550	        0.0158213927	        0.0060326655	        0.0666666667	        0.0077296135	        0.0008978210
        1.9175699947	        0.6983173938	        0.2695084435	        0.0000000000	        0.0000000000	        0.0000000000	        0.0045929715	        0.0009097706	        0.0010857622	        0.0160120076	        0.0063553398	        0.0666666667	        0.0076842169	        0.0009833931
        1.9271607996	        0.6597951232	        0.2568960453	        0.0000000000	        0.0000000000	        0.0000000000	        0.0043784378	        0.0006975481	        0.0010157054	        0.0159468909	        0.0065906264	        0.0666666667	        0.0075777696	        0.0010686216
        1.9357370589	        0.6182710357	        0.2431054560	        0.0000000000	        0.0000000000	        0.0000000000	        0.0040786024	        0.0005220133	        0.0009288299	        0.0155852566	        0.0067268089	        0.0666666667	        0.0073881467	        0.0011484719
        1.9433981504	        0.5748165348	        0.2280610874	        0.0000000000	        0.0000000000	        0.0000000000	        0.0036980395	        0.0003823534	        0.0008264196	        0.0149205844	        0.0067575025	        0.0666666667	        0.0070935189	        0.0012164465
        1.9502353978	        0.5293821278	        0.2118316570	        0.0000000000	        0.0000000000	        0.0000000000	        0.0032388841	        0.0002759411	        0.0007130633	        0.0139494666	        0.0066935096	        0.0666666667	        0.0066801651	        0.0012658210
        1.9563323538	        0.4833285442	        0.1947063457	        0.0000000000	        0.0000000000	        0.0000000000	        0.0027256778	        0.0001996803	        0.0006010980	        0.0127273497	        0.0065667475	        0.0666666667	        0.0061529946	        0.0012922085
        1.9617651675	        0.4371690476	        0.1771963937	        0.0000000000	        0.0000000000	        0.0000000000	        0.0021838213	        0.0001476428	        0.0005019944	        0.0113066757	        0.0064216179	        0.0666666667	        0.0055397413	        0.0012956212
        1.9666030060	        0.3919222445	        0.1598600955	        0.0000000000	        0.0000000000	        0.0000000000	        0.0016567678	        0.0001118184	        0.0004180102	        0.0097797843	        0.0063072233	        0.0666666667	        0.0048807057	        0.0012801166
        1.9709085097	        0.3487378375	        0.1430900267	        0.0000000000	        0.0000000000	        0.0000000000	        0.0011902276	        0.0000845260	        0.0003414243	        0.0082499402	        0.0062586442	        0.0666666667	        0.0042126349	        0.0012516204
        1.9747382607	        0.3077023462	        0.1270718047	        0.0000000000	        0.0000000000	        0.0000000000	        0.0008095379	        0.0000617782	        0.0002668945	        0.0067789577	        0.0062852637	        0.0666666667	        0.0035628237	        0.0012169619
        1.9781432525	        0.2691296848	        0.1119040455	        0.0000000000	        0.0000000000	        0.0000000000	        0.0005247130	        0.0000431259	        0.0001974785	        0.0054274268	        0.0063747699	        0.0666666667	        0.0029524494	        0.0011841400
        1.9811693494	        0.2334832298	        0.0976893748	        0.0000000000	        0.0000000000	        0.0000000000	        0.0003272637	        0.0000288771	        0.0001386475	        0.0042403307	        0.0065091422	        0.0666666667	        0.0023984420	        0.0011620219
        1.9838577298	        0.2012246368	        0.0845295000	        0.0000000000	        0.0000000000	        0.0000000000	        0.0001988687	        0.0000187273	        0.0000931894	        0.0032450506	        0.0066699253	        0.0666666667	        0.0019118278	        0.0011580247
        1.9862453073	        0.1722298870	        0.0724886102	        0.0000000000	        0.0000000000	        0.0000000000	        0.0001187413	        0.0000118333	        0.0000603970	        0.0024358575	        0.0068251080	        0.0666666667	        0.0014964614	        0.0011740495
        1.9883651267	        0.1460849454	        0.0615769445	        0.0000000000	        0.0000000000	        0.0000000000	        0.0000697794	        0.0000072768	        0.0000377861	        0.0017897559	        0.0069422044	        0.0666666667	        0.0011500090	        0.0012109802
        1.9902467340	        0.1225361884	        0.0517588526	        0.0000000000	        0.0000000000	        0.0000000000	        0.0000401629	        0.0000043263	        0.0000227209	        0.0012829691	        0.0070264039	        0.0666666667	        0.0008663169	        0.0012715180
        1.9919165179	        0.1014783393	        0.0429693402	        0.0000000000	        0.0000000000	        0.0000000000	        0.0000224267	        0.0000024631	        0.0000130295	        0.0008935029	        0.0071149667	        0.0666666667	        0.0006376346	        0.0013593485
        1.9933980257	        0.0827580203	        0.0351283287	        0.0000000000	        0.0000000000	        0.0000000000	        0.0000120150	        0.0000013281	        0.0000070562	        0.0006008948	        0.0072282290	        0.0666666667	        0.0004560475	        0.0014789208
        1.9947122508	        0.0661847781	        0.0281502903	        0.0000000000	        0.0000000000	        0.0000000000	        0.0000060857	        0.0000006685	        0.0000035607	        0.0003868300	        0.0073726101	        0.0666666667	        0.0003142152	        0.0016361179
        1.9958778967	        0.0515548881	        0.0219502020	        0.0000000000	        0.0000000000	        0.0000000000	        0.0000028539	        0.0000003079	        0.0000016422	        0.0002354436	        0.0075468048	        0.0666666667	        0.0002056755	        0.0018396101
        1.9969116151	        0.0386659282	        0.0164470405	        0.0000000000	        0.0000000000	        0.0000000000	        0.0000012028	        0.0000001261	        0.0000006729	        0.0001333222	        0.0077456582	        0.0666666667	        0.0001249159	        0.0021032435
        1.9978282231	        0.0273252467	        0.0115656351	        0.0000000000	        0.0000000000	        0.0000000000	        0.0000004387	        0.0000000443	        0.0000002363	        0.0000693377	        0.0079625141	        0.0666666667	        0.0000673357	        0.0024508036
        1.9986408981	        0.0173544566	        0.0072374455	        0.0000000000	        0.0000000000	        0.0000000000	        0.0000001363	        0.0000000131	        0.0000000701	        0.0000344018	        0.0081905743	        0.0666666667	        0.0000291734	        0.0029271305
        1.9993613540	        0.0085913933	        0.0034006747	        0.0000000000	        0.0000000000	        0.0000000000	        0.0000000395	        0.0000000036	        0.0000000195	        0.0000211921	        0.0084236269	        0.0666666667	        0.0000074516	        0.0036302998
        2.0000000000	        0.0008905047	        0.0000000000	        0.0000000000	        0.0000000000	        0.0000000000	        0.0000000000	        0.0000000000	        0.0000000000	        0.0000238808	        0.0086563838	        0.0000000000	        0.0000000000	        0.0048718864
