        0.0000000000	       -0.0003695975	        1.0000000000	        4.4686621900	        0.0000000000	        0.0000000000	        0.0000000000	        0.0000000000	        0.0000000000	        0.0000023020	        0.0044052974	        0.0000000000	        0.0000000000	        0.0025470349
        0.0006386460	        0.0071228807	        0.9961928772	        4.3487270552	        0.0000000000	        0.0000000000	        0.0000000000	        0.0000000001	        0.0000000007	        0.0000059514	        0.0043124960	        0.0666666667	        0.0000030127	        0.0020017300
        0.0013591019	        0.0155741685	        0.9919683283	        4.2170209417	        0.0000000000	        0.0000000000	        0.0000000000	        0.0000000012	        0.0000000069	        0.0000219694	        0.0042186487	        0.0666666667	        0.0000120896	        0.0016778448
        0.0021717769	        0.0251046162	        0.9872898347	        4.0729242080	        0.0000000000	        0.0000000000	        0.0000000000	        0.0000000049	        0.0000000281	        0.0000548921	        0.0041255496	        0.0666666667	        0.0000283854	        0.0014462745
        0.0030883849	        0.0358486132	        0.9821198084	        3.9159344298	        0.0000000000	        0.0000000000	        0.0000000000	        0.0000000144	        0.0000000803	        0.0001105083	        0.0040352933	        0.0666666667	        0.0000534075	        0.0012673448
        0.0041221033	        0.0479557401	        0.9764200565	        3.7457144936	        0.0000000000	        0.0000000000	        0.0000000000	        0.0000000348	        0.0000001899	        0.0001961444	        0.0039501349	        0.0666666667	        0.0000890282	        0.0011232591
        0.0052877492	        0.0615917829	        0.9701523540	        3.5621469667	        0.0000000000	        0.0000000000	        0.0000000000	        0.0000000755	        0.0000004011	        0.0003209944	        0.0038721996	        0.0666666667	        0.0001375303	        0.0010044193
        0.0066019743	        0.0769394647	        0.9632791406	        3.3653918133	        0.0000000000	        0.0000000000	        0.0000000000	        0.0000001535	        0.0000007917	        0.0004964931	        0.0038029500	        0.0666666667	        0.0002016734	        0.0009050577
        0.0080834821	        0.0941986841	        0.9557643972	        3.1559415638	        0.0000000000	        0.0000000000	        0.0000000000	        0.0000003013	        0.0000015051	        0.0007367213	        0.0037422743	        0.0666666667	        0.0002847717	        0.0008214611
        0.0097532660	        0.1135859460	        0.9475748585	        2.9346633921	        0.0000000000	        0.0000000000	        0.0000000000	        0.0000005841	        0.0000028162	        0.0010588241	        0.0036869926	        0.0666666667	        0.0003907781	        0.0007511277
        0.0116348733	        0.1353325235	        0.9386819768	        2.7028103644	        0.0000000000	        0.0000000000	        0.0000000000	        0.0000011348	        0.0000052613	        0.0014834016	        0.0036284787	        0.0666666667	        0.0005243498	        0.0006923259
        0.0137546927	        0.1596793461	        0.9290656005	        2.4620136453	        0.0000000000	        0.0000000000	        0.0000000000	        0.0000022262	        0.0000098814	        0.0020344952	        0.0035513708	        0.0666666667	        0.0006908347	        0.0006438780
        0.0161422702	        0.1868577626	        0.9187214575	        2.2145088401	        0.0000000000	        0.0000000000	        0.0000000000	        0.0000044156	        0.0000186495	        0.0027367826	        0.0034505213	        0.0666666667	        0.0008960290	        0.0006051544
        0.0188306506	        0.2170729303	        0.9076763019	        1.9630023494	        0.0000000000	        0.0000000000	        0.0000000000	        0.0000088068	        0.0000350724	        0.0036138809	        0.0033323030	        0.0666666667	        0.0011453797	        0.0005760969
        0.0218567475	        0.2504805800	        0.8960157449	        1.7107491188	        0.0000000000	        0.0000000000	        0.0000000000	        0.0000174731	        0.0000646719	        0.0046836181	        0.0032038599	        0.0666666667	        0.0014420577	        0.0005560712
        0.0252617393	        0.2871480915	        0.8839269294	        1.4614894745	        0.0000000000	        0.0000000000	        0.0000000000	        0.0000340701	        0.0001145596	        0.0059507383	        0.0030711615	        0.0666666667	        0.0017832379	        0.0005425122
        0.0290914903	        0.3270122202	        0.8717433366	        1.2194754208	        0.0000000000	        0.0000000000	        0.0000000000	        0.0000645819	        0.0001907814	        0.0074007637	        0.0029467715	        0.0666666667	        0.0021549832	        0.0005314364
        0.0333969940	        0.3698315553	        0.8599474469	        0.9891663642	        0.0000000000	        0.0000000000	        0.0000000000	        0.0001179182	        0.0002930136	        0.0089917429	        0.0028492909	        0.0666666667	        0.0025296282	        0.0005182698
        0.0382348325	        0.4151785520	        0.8490724568	        0.7747921527	        0.0000000000	        0.0000000000	        0.0000000000	        0.0002059225	        0.0004104980	        0.0106543488	        0.0027913542	        0.0666666667	        0.0028724381	        0.0004997633
        0.0436676462	        0.4624176900	        0.8395170509	        0.5801227160	        0.0000000000	        0.0000000000	        0.0000000000	        0.0003421979	        0.0005253597	        0.0122951279	        0.0027744849	        0.0666666667	        0.0031573730	        0.0004757036
        0.0497646022	        0.5107034798	        0.8314085064	        0.4080974995	        0.0000000000	        0.0000000000	        0.0000000000	        0.0005395391	        0.0006225422	        0.0138066051	        0.0027869320	        0.0666666667	        0.0033782024	        0.0004484556
        0.0566018496	        0.5590673788	        0.8246237203	        0.2603696581	        0.0000000000	        0.0000000000	        0.0000000000	        0.0008068581	        0.0006969009	        0.0150871494	        0.0028073917	        0.0666666667	        0.0035449152	        0.0004209152
        0.0642629411	        0.6065403590	        0.8189111315	        0.1371776880	        0.0000000000	        0.0000000000	        0.0000000000	        0.0011467242	        0.0007518482	        0.0160584771	        0.0028123539	        0.0666666667	        0.0036730854	        0.0003950532
        0.0728392004	        0.6522065517	        0.8139985505	        0.0375672660	        0.0000000000	        0.0000000000	        0.0000000000	        0.0015537804	        0.0007938367	        0.0166720834	        0.0027848178	        0.0666666667	        0.0037766995	        0.0003717183
        0.0824300053	        0.6953122714	        0.8096470782	       -0.0403730466	        0.0000000000	        0.0000000000	        0.0000000000	        0.0020160122	        0.0008290857	        0.0169199654	        0.0027172521	        0.0666666667	        0.0038660818	        0.0003510311
        0.0931429507	        0.7353385528	        0.8056639411	       -0.0990722265	        0.0000000000	        0.0000000000	        0.0000000000	        0.0025165326	        0.0008619652	        0.0168265277	        0.0026110134	        0.0666666667	        0.0039483390	        0.0003327777
        0.1050938490	        0.7720044681	        0.8018979235	       -0.1410818521	        0.0000000000	        0.0000000000	        0.0000000000	        0.0030378513	        0.0008953369	        0.0164449660	        0.0024714443	        0.0666666667	        0.0040283409	        0.0003166492
        0.1184065179	        0.8052656480	        0.7982306307	       -0.1688582978	        0.0000000000	        0.0000000000	        0.0000000000	        0.0035652375	        0.0009307610	        0.0158433019	        0.0023047175	        0.0666666667	        0.0041095107	        0.0003023526
        0.1332122955	        0.8352062365	        0.7945689019	       -0.1845946293	        0.0000000000	        0.0000000000	        0.0000000000	        0.0040899580	        0.0009690829	        0.0150963043	        0.0021197241	        0.0666666667	        0.0041943222	        0.0002896512
        0.1496492201	        0.8621478172	        0.7908390630	       -0.1903373094	        0.0000000000	        0.0000000000	        0.0000000000	        0.0046084000	        0.0010101900	        0.0142688687	        0.0019236571	        0.0666666667	        0.0042845770	        0.0002783657
        0.1678608015	        0.8864750860	        0.7869843857	       -0.1878776199	        0.0000000000	        0.0000000000	        0.0000000000	        0.0051251985	        0.0010539970	        0.0134201091	        0.0017236577	        0.0666666667	        0.0043815296	        0.0002683685
        0.1879943127	        0.9085964937	        0.7829635774	       -0.1789715711	        0.0000000000	        0.0000000000	        0.0000000000	        0.0056469925	        0.0011001155	        0.0125894064	        0.0015260560	        0.0666666667	        0.0044859480	        0.0002595681
        0.2101985296	        0.9289405498	        0.7787460443	       -0.1652329919	        0.0000000000	        0.0000000000	        0.0000000000	        0.0061730700	        0.0011470351	        0.0117927248	        0.0013387258	        0.0666666667	        0.0045982563	        0.0002518881
        0.2346208557	        0.9478642649	        0.7743087975	       -0.1480444184	        0.0000000000	        0.0000000000	        0.0000000000	        0.0067029945	        0.0011936285	        0.0110413872	        0.0011670801	        0.0666666667	        0.0047186728	        0.0002452625
        0.2614037844	        0.9657471948	        0.7696359652	       -0.1288053000	        0.0000000000	        0.0000000000	        0.0000000000	        0.0072341407	        0.0012391443	        0.0103380040	        0.0010122386	        0.0666666667	        0.0048472839	        0.0002396371
        0.2906806794	        0.9829163257	        0.7647135192	       -0.1089100704	        0.0000000000	        0.0000000000	        0.0000000000	        0.0077488472	        0.0012822661	        0.0096727917	        0.0008758319	        0.0666666667	        0.0049842308	        0.0002349660
        0.3225708876	        0.9996234047	        0.7595202451	       -0.0893231232	        0.0000000000	        0.0000000000	        0.0000000000	        0.0082146873	        0.0013212988	        0.0090285187	        0.0007574981	        0.0666666667	        0.0051299666	        0.0002312101
        0.3571742551	        1.0161245541	        0.7540230364	       -0.0707072702	        0.0000000000	        0.0000000000	        0.0000000000	        0.0085984234	        0.0013540430	        0.0083939154	        0.0006556289	        0.0666666667	        0.0052853537	        0.0002283423
        0.3945651751	        1.0324311113	        0.7481860318	       -0.0536177817	        0.0000000000	        0.0000000000	        0.0000000000	        0.0089004656	        0.0013813379	        0.0077787511	        0.0005668230	        0.0666666667	        0.0054514171	        0.0002263629
        0.4347863703	        1.0487484516	        0.7419790546	       -0.0384073413	        0.0000000000	        0.0000000000	        0.0000000000	        0.0091208164	        0.0014034109	        0.0071860125	        0.0004880053	        0.0666666667	        0.0056290774	        0.0002253001
        0.4778426900	        1.0648782448	        0.7353713884	       -0.0258093658	        0.0000000000	        0.0000000000	        0.0000000000	        0.0092460953	        0.0014196071	        0.0066141560	        0.0004187373	        0.0666666667	        0.0058193490	        0.0002252084
        0.5236952751	        1.0806940895	        0.7283251598	       -0.0162966045	        0.0000000000	        0.0000000000	        0.0000000000	        0.0092684462	        0.0014312954	        0.0060599732	        0.0003572033	        0.0666666667	        0.0060235115	        0.0002261750
        0.5722565058	        1.0961402395	        0.7207855440	       -0.0096130371	        0.0000000000	        0.0000000000	        0.0000000000	        0.0091644582	        0.0014364902	        0.0055219947	        0.0003044195	        0.0666666667	        0.0062431338	        0.0002283165
        0.6233861842	        1.1108451144	        0.7126902881	       -0.0059828290	        0.0000000000	        0.0000000000	        0.0000000000	        0.0089681618	        0.0014420637	        0.0050113948	        0.0002581357	        0.0666666667	        0.0064797771	        0.0002317901
        0.6768894010	        1.1245994518	        0.7039488435	       -0.0049877000	        0.0000000000	        0.0000000000	        0.0000000000	        0.0086255834	        0.0014433183	        0.0045185083	        0.0002202782	        0.0666666667	        0.0067346399	        0.0002367658
        0.7325164896	        1.1371198502	        0.6944140944	       -0.0071212524	        0.0000000000	        0.0000000000	        0.0000000000	        0.0081472586	        0.0014417696	        0.0040444445	        0.0001889245	        0.0666666667	        0.0070087574	        0.0002434455
        0.7899653716	        1.1478337882	        0.6839191997	       -0.0122642218	        0.0000000000	        0.0000000000	        0.0000000000	        0.0075975582	        0.0014395823	        0.0036146201	        0.0001643143	        0.0666666667	        0.0073002970	        0.0002520002
        0.8488864424	        1.1563305858	        0.6723409057	       -0.0203889258	        0.0000000000	        0.0000000000	        0.0000000000	        0.0070770116	        0.0014398720	        0.0032559331	        0.0001455367	        0.0666666667	        0.0076015706	        0.0002624720
        0.9088899606	        1.1621929355	        0.6596954741	       -0.0314492950	        0.0000000000	        0.0000000000	        0.0000000000	        0.0066974104	        0.0014478510	        0.0030022577	        0.0001331165	        0.0666666667	        0.0078972770	        0.0002746753
        0.9695556872	        1.1649845255	        0.6462233969	       -0.0429647002	        0.0000000000	        0.0000000000	        0.0000000000	        0.0065422245	        0.0014766591	        0.0028768420	        0.0001274930	        0.0666666667	        0.0081671140	        0.0002881847
        1.0304443128	        1.1646106992	        0.6322256968	       -0.0538604675	        0.0000000000	        0.0000000000	        0.0000000000	        0.0064871412	        0.0015083376	        0.0028877261	        0.0001286748	        0.0666666667	        0.0083931331	        0.0003024899
        1.0911100394	        1.1610347468	        0.6179260608	       -0.0649541788	        0.0000000000	        0.0000000000	        0.0000000000	        0.0065245016	        0.0015407204	        0.0030290120	        0.0001359704	        0.0666666667	        0.0085664118	        0.0003173283
        1.1511135576	        1.1544080270	        0.6036963860	       -0.0752526836	        0.0000000000	        0.0000000000	        0.0000000000	        0.0067855122	        0.0015980362	        0.0032939079	        0.0001485810	        0.0666666667	        0.0086855047	        0.0003325322
        1.2100346284	        1.1452482403	        0.5898865178	       -0.0840250620	        0.0000000000	        0.0000000000	        0.0000000000	        0.0071288866	        0.0016586685	        0.0036497593	        0.0001678552	        0.0666666667	        0.0087553185	        0.0003479825
        1.2674835104	        1.1340604156	        0.5765919409	       -0.0890781936	        0.0000000000	        0.0000000000	        0.0000000000	        0.0074587527	        0.0017188993	        0.0040665156	        0.0001937724	        0.0666666667	        0.0087871136	        0.0003638979
        1.3231105990	        1.1212808014	        0.5638025836	       -0.0896306985	        0.0000000000	        0.0000000000	        0.0000000000	        0.0077328273	        0.0017769695	        0.0045297009	        0.0002265127	        0.0666666667	        0.0087911815	        0.0003805336
        1.3766138158	        1.1072777096	        0.5514930932	       -0.0854432548	        0.0000000000	        0.0000000000	        0.0000000000	        0.0079365805	        0.0018319804	        0.0050297409	        0.0002655124	        0.0666666667	        0.0087751274	        0.0003980709
        1.4277434942	        1.0923844582	        0.5396333217	       -0.0767994759	        0.0000000000	        0.0000000000	        0.0000000000	        0.0080423369	        0.0018784009	        0.0055538290	        0.0003112043	        0.0666666667	        0.0087441642	        0.0004166369
        1.4763047249	        1.0769562989	        0.5281958522	       -0.0634732955	        0.0000000000	        0.0000000000	        0.0000000000	        0.0080562841	        0.0019172465	        0.0060949928	        0.0003619776	        0.0666666667	        0.0087022390	        0.0004363528
        1.5221573100	        1.0612744107	        0.5171555939	       -0.0457093925	        0.0000000000	        0.0000000000	        0.0000000000	        0.0079604663	        0.0019433996	        0.0066491973	        0.0004208974	        0.0666666667	        0.0086521581	        0.0004573399
        1.5652136297	        1.0453489138	        0.5064853268	       -0.0245977511	        0.0000000000	        0.0000000000	        0.0000000000	        0.0077677060	        0.0019578052	        0.0072155952	        0.0004885044	        0.0666666667	        0.0085963480	        0.0004797610
        1.6054348249	        1.0293282013	        0.4961646440	       -0.0011035408	        0.0000000000	        0.0000000000	        0.0000000000	        0.0074882168	        0.0019604227	        0.0077945012	        0.0005666785	        0.0666666667	        0.0085369353	        0.0005037973
        1.6428257449	        1.0132239362	        0.4861685787	        0.0244170768	        0.0000000000	        0.0000000000	        0.0000000000	        0.0071280945	        0.0019504225	        0.0083795408	        0.0006569676	        0.0666666667	        0.0084758326	        0.0005296735
        1.6774291124	        0.9969219297	        0.4764706867	        0.0516279861	        0.0000000000	        0.0000000000	        0.0000000000	        0.0067081636	        0.0019281971	        0.0089735471	        0.0007608935	        0.0666666667	        0.0084148864	        0.0005576654
        1.7093193206	        0.9804117203	        0.4670641045	        0.0788613916	        0.0000000000	        0.0000000000	        0.0000000000	        0.0062685059	        0.0018980833	        0.0096003295	        0.0008792255	        0.0666666667	        0.0083562543	        0.0005880610
        1.7385962156	        0.9635531025	        0.4579606639	        0.1045047214	        0.0000000000	        0.0000000000	        0.0000000000	        0.0058268107	        0.0018622033	        0.0102719609	        0.0010120526	        0.0666666667	        0.0083024513	        0.0006211362
        1.7653791443	        0.9460919432	        0.4491613936	        0.1263846891	        0.0000000000	        0.0000000000	        0.0000000000	        0.0053777976	        0.0018196734	        0.0109821086	        0.0011633066	        0.0666666667	        0.0082561032	        0.0006572304
        1.7898014704	        0.9275742274	        0.4406501160	        0.1418675061	        0.0000000000	        0.0000000000	        0.0000000000	        0.0049314323	        0.0017743151	        0.0117360860	        0.0013337073	        0.0666666667	        0.0082198297	        0.0006967733
        1.8120056873	        0.9076578294	        0.4324027754	        0.1484651244	        0.0000000000	        0.0000000000	        0.0000000000	        0.0044938514	        0.0017287400	        0.0125325879	        0.0015194651	        0.0666666667	        0.0081959047	        0.0007402055
        1.8321391985	        0.8858441382	        0.4243822837	        0.1436965393	        0.0000000000	        0.0000000000	        0.0000000000	        0.0040659492	        0.0016849519	        0.0133638756	        0.0017172838	        0.0666666667	        0.0081860156	        0.0007879730
        1.8503507799	        0.8617447420	        0.4165328739	        0.1246992919	        0.0000000000	        0.0000000000	        0.0000000000	        0.0036460235	        0.0016449156	        0.0142094992	        0.0019194473	        0.0666666667	        0.0081910525	        0.0008405346
        1.8667877045	        0.8350020485	        0.4087724186	        0.0887065713	        0.0000000000	        0.0000000000	        0.0000000000	        0.0032283629	        0.0016091027	        0.0150274477	        0.0021175776	        0.0666666667	        0.0082108817	        0.0008983875
        1.8815934821	        0.8053175381	        0.4009841090	        0.0328421693	        0.0000000000	        0.0000000000	        0.0000000000	        0.0028094784	        0.0015772394	        0.0157609890	        0.0023057035	        0.0666666667	        0.0082441664	        0.0009621198
        1.8949061510	        0.7723755634	        0.3930119828	       -0.0459042735	        0.0000000000	        0.0000000000	        0.0000000000	        0.0023915236	        0.0015482982	        0.0163453890	        0.0024777612	        0.0666666667	        0.0082880435	        0.0010324142
        1.9068570493	        0.7357924982	        0.3846557622	       -0.1510318482	        0.0000000000	        0.0000000000	        0.0000000000	        0.0019818538	        0.0015200135	        0.0167133704	        0.0026268493	        0.0666666667	        0.0083374299	        0.0011099753
        1.9175699947	        0.6960285463	        0.3756602450	       -0.2835951311	        0.0000000000	        0.0000000000	        0.0000000000	        0.0015908619	        0.0014876659	        0.0167971734	        0.0027426382	        0.0666666667	        0.0083836735	        0.0011953409
        1.9271607996	        0.6531679275	        0.3657038997	       -0.4451619265	        0.0000000000	        0.0000000000	        0.0000000000	        0.0012315058	        0.0014445904	        0.0165499292	        0.0028175823	        0.0666666667	        0.0084122523	        0.0012884632
        1.9357370589	        0.6075079793	        0.3543902328	       -0.6361220738	        0.0000000000	        0.0000000000	        0.0000000000	        0.0009150343	        0.0013803517	        0.0159436166	        0.0028501346	        0.0666666667	        0.0083992815	        0.0013878904
        1.9433981504	        0.5604446519	        0.3412573813	       -0.8509627513	        0.0000000000	        0.0000000000	        0.0000000000	        0.0006506627	        0.0012841948	        0.0149970778	        0.0028474952	        0.0666666667	        0.0083077906	        0.0014894781
        1.9502353978	        0.5121110723	        0.3258327475	       -1.0886083351	        0.0000000000	        0.0000000000	        0.0000000000	        0.0004406372	        0.0011436468	        0.0137354977	        0.0028262896	        0.0666666667	        0.0080869643	        0.0015849437
        1.9563323538	        0.4640471298	        0.3077564628	       -1.3396649876	        0.0000000000	        0.0000000000	        0.0000000000	        0.0002841627	        0.0009591343	        0.0122526280	        0.0028098968	        0.0666666667	        0.0076823093	        0.0016617596
        1.9617651675	        0.4168035929	        0.2869979627	       -1.5992965726	        0.0000000000	        0.0000000000	        0.0000000000	        0.0001742531	        0.0007438605	        0.0106327415	        0.0028209348	        0.0666666667	        0.0070624664	        0.0017065987
        1.9666030060	        0.3713461945	        0.2640062321	       -1.8593835019	        0.0000000000	        0.0000000000	        0.0000000000	        0.0001018823	        0.0005284429	        0.0089854518	        0.0028724418	        0.0666666667	        0.0062513883	        0.0017132358
        1.9709085097	        0.3287106813	        0.2396762155	       -2.1112707491	        0.0000000000	        0.0000000000	        0.0000000000	        0.0000571547	        0.0003446626	        0.0074155816	        0.0029643203	        0.0666666667	        0.0053320313	        0.0016888071
        1.9747382607	        0.2888053301	        0.2150557427	       -2.3529765431	        0.0000000000	        0.0000000000	        0.0000000000	        0.0000308601	        0.0002079672	        0.0059736491	        0.0030856760	        0.0666666667	        0.0044072634	        0.0016513485
        1.9781432525	        0.2517599612	        0.1910295986	       -2.5817200659	        0.0000000000	        0.0000000000	        0.0000000000	        0.0000161485	        0.0001179488	        0.0047008758	        0.0032186237	        0.0666666667	        0.0035557672	        0.0016210066
        1.9811693494	        0.2178635830	        0.1681888848	       -2.7941506816	        0.0000000000	        0.0000000000	        0.0000000000	        0.0000082778	        0.0000641432	        0.0036205567	        0.0033494439	        0.0666666667	        0.0028165414	        0.0016130773
        1.9838577298	        0.1874235576	        0.1468499110	       -2.9871200434	        0.0000000000	        0.0000000000	        0.0000000000	        0.0000042161	        0.0000341773	        0.0027393661	        0.0034699083	        0.0666666667	        0.0021975781	        0.0016360594
        1.9862453073	        0.1602213352	        0.1271360143	       -3.1610979871	        0.0000000000	        0.0000000000	        0.0000000000	        0.0000021566	        0.0000181243	        0.0020386007	        0.0035724286	        0.0666666667	        0.0016904228	        0.0016913218
        1.9883651267	        0.1357899390	        0.1090560341	       -3.3183690732	        0.0000000000	        0.0000000000	        0.0000000000	        0.0000011117	        0.0000096292	        0.0014880911	        0.0036512416	        0.0666666667	        0.0012806033	        0.0017779472
        1.9902467340	        0.1138419156	        0.0925582792	       -3.4603130765	        0.0000000000	        0.0000000000	        0.0000000000	        0.0000005767	        0.0000051264	        0.0010613389	        0.0037117879	        0.0666666667	        0.0009529326	        0.0018962633
        1.9919165179	        0.0942489201	        0.0775614153	       -3.5874621071	        0.0000000000	        0.0000000000	        0.0000000000	        0.0000002991	        0.0000027201	        0.0007363396	        0.0037692810	        0.0666666667	        0.0006936025	        0.0020479736
        1.9933980257	        0.0768495486	        0.0639706265	       -3.7006658642	        0.0000000000	        0.0000000000	        0.0000000000	        0.0000001530	        0.0000014194	        0.0004938580	        0.0038321902	        0.0666666667	        0.0004907493	        0.0022362633
        1.9947122508	        0.0614553158	        0.0516859972	       -3.8010175319	        0.0000000000	        0.0000000000	        0.0000000000	        0.0000000755	        0.0000007131	        0.0003173620	        0.0039036000	        0.0666666667	        0.0003344212	        0.0024663662
        1.9958778967	        0.0478701755	        0.0406070593	       -3.8897053238	        0.0000000000	        0.0000000000	        0.0000000000	        0.0000000349	        0.0000003348	        0.0001929403	        0.0039835679	        0.0666666667	        0.0002163541	        0.0027466467
        1.9969116151	        0.0359023254	        0.0306354076	       -3.9679208728	        0.0000000000	        0.0000000000	        0.0000000000	        0.0000000144	        0.0000001405	        0.0001090832	        0.0040706037	        0.0666666667	        0.0001297208	        0.0030906365
        1.9978282231	        0.0253709268	        0.0216762937	       -4.0368053403	        0.0000000000	        0.0000000000	        0.0000000000	        0.0000000050	        0.0000000488	        0.0000563999	        0.0041625718	        0.0666666667	        0.0000689057	        0.0035212924
        1.9986408981	        0.0161095274	        0.0136396285	       -4.0974201785	        0.0000000000	        0.0000000000	        0.0000000000	        0.0000000012	        0.0000000119	        0.0000273213	        0.0042572175	        0.0666666667	        0.0000293245	        0.0040812667
        1.9993613540	        0.0079673976	        0.0064405974	       -4.1507336960	        0.0000000000	        0.0000000000	        0.0000000000	        0.0000000001	        0.0000000012	        0.0000158126	        0.0043524527	        0.0666666667	        0.0000072962	        0.0048639295
        2.0000000000	        0.0008095858	        0.0000000000	       -4.1976174834	        0.0000000000	        0.0000000000	        0.0000000000	        0.0000000000	        0.0000000000	        0.0000171126	        0.0044464938	        0.0000000000	        0.0000000000	        0.0061684472
