        0.0000000000	        0.0003720394	        1.0000000000	        7.4793462837	       30.1105329785	        0.0000000000	        0.0000000000	        0.0000000000	        0.0000000000	        0.0000020666	        0.0087550282	        0.0000000000	        0.0000000000	        0.0126983358
        0.0006386460	        0.0071061799	        0.9964960426	        6.9413002515	       30.0947262451	        0.0000000000	        0.0000000094	        0.0000000009	        0.0000000050	        0.0000057800	        0.0085694991	        0.0666666667	        0.0000150198	        0.0096431995
        0.0013591019	        0.0155411162	        0.9926558434	        6.3732754848	       30.0773187189	        0.0000000000	        0.0000000753	        0.0000000077	        0.0000000402	        0.0000217689	        0.0083819122	        0.0666666667	        0.0000593183	        0.0078879065
        0.0021717769	        0.0250528174	        0.9884558444	        5.7799908901	       30.0581873946	        0.0000000000	        0.0000003017	        0.0000000320	        0.0000001628	        0.0000545336	        0.0081958693	        0.0666666667	        0.0001377595	        0.0066648793
        0.0030883849	        0.0357753378	        0.9838711159	        5.1681709464	       30.0372005519	        0.0000000000	        0.0000008657	        0.0000000953	        0.0000004693	        0.0001098182	        0.0080155776	        0.0666666667	        0.0002568286	        0.0057375212
        0.0041221033	        0.0478578963	        0.9788747737	        4.5467767429	       30.0142118464	        0.0000000000	        0.0000020600	        0.0000002344	        0.0000011147	        0.0001948933	        0.0078455729	        0.0666666667	        0.0004245718	        0.0050002537
        0.0052877492	        0.0614658994	        0.9734372140	        3.9270845715	       29.9890494602	        0.0000000000	        0.0000043589	        0.0000005098	        0.0000023387	        0.0003188842	        0.0076901403	        0.0666666667	        0.0006506957	        0.0043961223
        0.0066019743	        0.0767816942	        0.9675252770	        3.3224691620	       29.9614973243	        0.0000000000	        0.0000085230	        0.0000010186	        0.0000045051	        0.0004931430	        0.0075522534	        0.0666666667	        0.0009467073	        0.0038905277
        0.0080834821	        0.0940048405	        0.9611016109	        2.7476663092	       29.9312639073	        0.0000000000	        0.0000157709	        0.0000019142	        0.0000081590	        0.0007316524	        0.0074317560	        0.0666666667	        0.0013260225	        0.0034605838
        0.0097532660	        0.1133515979	        0.9541247779	        2.2171671738	       29.8979318326	        0.0000000000	        0.0000280662	        0.0000034373	        0.0000141161	        0.0010514442	        0.0073223812	        0.0666666667	        0.0018039491	        0.0030900711
        0.0116348733	        0.1350531775	        0.9465510208	        1.7422161453	       29.8608783536	        0.0000000000	        0.0000486254	        0.0000059694	        0.0000236042	        0.0014729910	        0.0072070070	        0.0666666667	        0.0023973839	        0.0027667758
        0.0137546927	        0.1593506736	        0.9383390484	        1.3272513510	       29.8192192948	        0.0000000000	        0.0000828542	        0.0000101257	        0.0000384849	        0.0020201944	        0.0070550635	        0.0666666667	        0.0031239327	        0.0024810740
        0.0161422702	        0.1864751472	        0.9294592158	        0.9766460072	       29.7722513320	        0.0000000000	        0.0001395543	        0.0000168858	        0.0000614483	        0.0027175481	        0.0068561967	        0.0666666667	        0.0039999884	        0.0022255287
        0.0188306506	        0.2166309579	        0.9199097737	        0.6886947443	       29.7194601873	        0.0000000000	        0.0002324941	        0.0000277791	        0.0000960833	        0.0035884446	        0.0066228229	        0.0666666667	        0.0050371923	        0.0019958499
        0.0218567475	        0.2499732765	        0.9097386811	        0.4588672329	       29.6605815341	        0.0000000000	        0.0003821693	        0.0000450441	        0.0001463499	        0.0046505421	        0.0063692552	        0.0666666667	        0.0062370653	        0.0017922014
        0.0252617393	        0.2865694260	        0.8990619840	        0.2820532920	       29.5957603886	        0.0000000000	        0.0006165973	        0.0000715331	        0.0002148425	        0.0059085378	        0.0061082090	        0.0666666667	        0.0075852808	        0.0016150612
        0.0290914903	        0.3263550173	        0.8880582387	        0.1503367429	       29.5244879916	        0.0000000000	        0.0009676437	        0.0001100285	        0.0003000876	        0.0073478631	        0.0058655657	        0.0666666667	        0.0090497724	        0.0014589103
        0.0333969940	        0.3690881789	        0.8769230094	        0.0533369272	       29.4455750675	        0.0000000000	        0.0014581007	        0.0001621153	        0.0003948914	        0.0089267165	        0.0056788666	        0.0666666667	        0.0105869653	        0.0013171854
        0.0382348325	        0.4143480891	        0.8658345911	       -0.0177607079	       29.3583965507	        0.0000000000	        0.0020855394	        0.0002302069	        0.0004920084	        0.0105770523	        0.0055724912	        0.0666666667	        0.0121503066	        0.0011850797
        0.0436676462	        0.4614932404	        0.8550190038	       -0.0710993961	       29.2622452000	        0.0000000000	        0.0028106817	        0.0003251535	        0.0005937206	        0.0122054539	        0.0055483845	        0.0666666667	        0.0136859251	        0.0010607601
        0.0497646022	        0.5096856471	        0.8448257425	       -0.1131881867	       29.1562560654	        0.0000000000	        0.0035673589	        0.0004693004	        0.0007058852	        0.0137072398	        0.0055816225	        0.0666666667	        0.0151253913	        0.0009457702
        0.0566018496	        0.5579768986	        0.8356043742	       -0.1484256017	       29.0395475108	        0.0000000000	        0.0042877573	        0.0006859536	        0.0008215520	        0.0149846444	        0.0056280978	        0.0666666667	        0.0164074233	        0.0008431332
        0.0642629411	        0.6053977568	        0.8274962727	       -0.1793355345	       28.9111279629	        0.0000000000	        0.0049196788	        0.0009893623	        0.0009270904	        0.0159581638	        0.0056402510	        0.0666666667	        0.0175100411	        0.0007546086
        0.0728392004	        0.6510621473	        0.8204187951	       -0.2069069184	       28.7699096381	        0.0000000000	        0.0054327442	        0.0013849589	        0.0010169087	        0.0165838621	        0.0055841509	        0.0666666667	        0.0184492140	        0.0006798506
        0.0824300053	        0.6942261322	        0.8141823950	       -0.2310807800	       28.6148939903	        0.0000000000	        0.0058134827	        0.0018720717	        0.0010932550	        0.0168526162	        0.0054451121	        0.0666666667	        0.0192568577	        0.0006172120
        0.0931429507	        0.7343715573	        0.8085835311	       -0.2512302950	       28.4434321243	        0.0000000000	        0.0060631215	        0.0024455029	        0.0011608996	        0.0167882654	        0.0052251208	        0.0666666667	        0.0199651192	        0.0005646850
        0.1050938490	        0.7712201161	        0.8034426581	       -0.2664971365	       28.2552690291	        0.0000000000	        0.0061940094	        0.0030960688	        0.0012240162	        0.0164370274	        0.0049364386	        0.0666666667	        0.0206007475	        0.0005204106
        0.1184065179	        0.8047219529	        0.7986125285	       -0.2760478959	       28.0488938886	        0.0000000000	        0.0062289224	        0.0038126569	        0.0012855010	        0.0158608376	        0.0045958269	        0.0666666667	        0.0211844381	        0.0004828598
        0.1332122955	        0.8349090643	        0.7939772141	       -0.2793460163	       27.8232273128	        0.0000000000	        0.0062011989	        0.0045866739	        0.0013474505	        0.0151315714	        0.0042200019	        0.0666666667	        0.0217315748	        0.0004508606
        0.1496492201	        0.8620799439	        0.7894480151	       -0.2762104857	       27.5749049469	        0.0000000000	        0.0061462033	        0.0054131561	        0.0014108507	        0.0143157766	        0.0038236625	        0.0666666667	        0.0222532886	        0.0004235486
        0.1678608015	        0.8865214377	        0.7849593125	       -0.2667894819	       27.3048440954	        0.0000000000	        0.0060969727	        0.0062926848	        0.0014761936	        0.0134733425	        0.0034217104	        0.0666666667	        0.0227574275	        0.0004002970
        0.1879943127	        0.9086375713	        0.7804642995	       -0.2519084945	       27.0098219285	        0.0000000000	        0.0060776152	        0.0072274749	        0.0015439821	        0.0126475806	        0.0030277545	        0.0666666667	        0.0232494489	        0.0003806443
        0.2101985296	        0.9288662180	        0.7759254313	       -0.2329632929	       26.6895497014	        0.0000000000	        0.0060862017	        0.0082020542	        0.0016129573	        0.0118539438	        0.0026562254	        0.0666666667	        0.0237337344	        0.0003642125
        0.2346208557	        0.9476217384	        0.7713046095	       -0.2112908156	       26.3417442630	        0.0000000000	        0.0061079275	        0.0091841779	        0.0016805257	        0.0110956524	        0.0023182463	        0.0666666667	        0.0242147166	        0.0003506700
        0.2614037844	        0.9653180414	        0.7665643354	       -0.1878238633	       25.9649586596	        0.0000000000	        0.0061477207	        0.0101540179	        0.0017465879	        0.0103793041	        0.0020139380	        0.0666666667	        0.0246967600	        0.0003397544
        0.2906806794	        0.9823175179	        0.7616690895	       -0.1635226444	       25.5583190279	        0.0000000000	        0.0062034636	        0.0110823845	        0.0018114516	        0.0097028547	        0.0017422863	        0.0666666667	        0.0251840419	        0.0003312672
        0.3225708876	        0.9989200024	        0.7565724083	       -0.1401075067	       25.1214258123	        0.0000000000	        0.0062325977	        0.0118907430	        0.0018693338	        0.0090536031	        0.0015089834	        0.0666666667	        0.0256817855	        0.0003250446
        0.3571742551	        1.0153232255	        0.7512203193	       -0.1189374837	       24.6512863613	        0.0000000000	        0.0062543001	        0.0125663510	        0.0019239231	        0.0084305360	        0.0013033487	        0.0666666667	        0.0261958120	        0.0003210060
        0.3945651751	        1.0316309791	        0.7455530506	       -0.0998027602	       24.1480950187	        0.0000000000	        0.0062485390	        0.0130583514	        0.0019722937	        0.0078283713	        0.0011249721	        0.0666666667	        0.0267321161	        0.0003191314
        0.4347863703	        1.0479487826	        0.7394992804	       -0.0825152677	       23.6119922143	        0.0000000000	        0.0062173471	        0.0133453713	        0.0020149531	        0.0072414656	        0.0009680279	        0.0666666667	        0.0272974068	        0.0003194720
        0.4778426900	        1.0639793750	        0.7329785811	       -0.0672305150	       23.0430983749	        0.0000000000	        0.0061574513	        0.0134146501	        0.0020529732	        0.0066703200	        0.0008303137	        0.0666666667	        0.0278987337	        0.0003221445
        0.5236952751	        1.0798927363	        0.7258895138	       -0.0547618063	       22.4404697392	        0.0000000000	        0.0060422593	        0.0132290465	        0.0020822528	        0.0061089856	        0.0007113615	        0.0666666667	        0.0285442452	        0.0003273307
        0.5722565058	        1.0953043846	        0.7181118961	       -0.0456972185	       21.8063263703	        0.0000000000	        0.0058983483	        0.0128372625	        0.0021097775	        0.0055629089	        0.0006060620	        0.0666666667	        0.0292425087	        0.0003352999
        0.6233861842	        1.1100544001	        0.7094963531	       -0.0401929652	       21.1423405009	        0.0000000000	        0.0056845652	        0.0122128243	        0.0021304262	        0.0050335779	        0.0005172598	        0.0666666667	        0.0300021619	        0.0003463705
        0.6768894010	        1.1237034017	        0.6998466145	       -0.0377004092	       20.4506861069	        0.0000000000	        0.0054172440	        0.0114113153	        0.0021507412	        0.0045264061	        0.0004416289	        0.0666666667	        0.0308320101	        0.0003609517
        0.7325164896	        1.1360800351	        0.6889107035	       -0.0389747523	       19.7349956144	        0.0000000000	        0.0050705874	        0.0104421981	        0.0021657868	        0.0040446369	        0.0003800222	        0.0666666667	        0.0317385414	        0.0003794767
        0.7899653716	        1.1467337279	        0.6763712348	       -0.0420413989	       18.9992933500	        0.0000000000	        0.0046763805	        0.0094044442	        0.0021750340	        0.0036074730	        0.0003314362	        0.0666666667	        0.0327220681	        0.0004023569
        0.8488864424	        1.1553239409	        0.6619683488	       -0.0482556418	       18.2492732419	        0.0000000000	        0.0043315622	        0.0084823951	        0.0021906892	        0.0032491869	        0.0002934442	        0.0666666667	        0.0337628987	        0.0004296469
        0.9088899606	        1.1612683431	        0.6456223608	       -0.0578107238	       17.4911858545	        0.0000000000	        0.0040572225	        0.0077506583	        0.0022102479	        0.0029931779	        0.0002684287	        0.0666666667	        0.0348113237	        0.0004605866
        0.9695556872	        1.1642646327	        0.6275161308	       -0.0709300749	       16.7300166889	        0.0000000000	        0.0038913189	        0.0072873660	        0.0022395141	        0.0028610618	        0.0002573256	        0.0666666667	        0.0357928267	        0.0004935874
        1.0304443128	        1.1640087716	        0.6082213319	       -0.0870553526	       15.9756481435	        0.0000000000	        0.0039018126	        0.0071594039	        0.0022916688	        0.0028700502	        0.0002581428	        0.0666666667	        0.0366238880	        0.0005264568
        1.0911100394	        1.1605611748	        0.5885600439	       -0.1034807818	       15.2337542245	        0.0000000000	        0.0040702653	        0.0073303171	        0.0023612495	        0.0030163827	        0.0002716033	        0.0666666667	        0.0372458311	        0.0005571602
        1.1511135576	        1.1541132500	        0.5693048199	       -0.1182856791	       14.5120812543	        0.0000000000	        0.0043680743	        0.0077571602	        0.0024500281	        0.0032861781	        0.0002972948	        0.0666666667	        0.0376487396	        0.0005847442
        1.2100346284	        1.1450483922	        0.5509559389	       -0.1290033203	       13.8159689814	        0.0000000000	        0.0047334304	        0.0083286049	        0.0025474759	        0.0036540552	        0.0003353877	        0.0666666667	        0.0378616622	        0.0006093272
        1.2674835104	        1.1338470322	        0.5336727994	       -0.1336144372	       13.1529878960	        0.0000000000	        0.0050971454	        0.0089201296	        0.0026437025	        0.0040876636	        0.0003858588	        0.0666666667	        0.0379287581	        0.0006316909
        1.3231105990	        1.1211120660	        0.5174107475	       -0.1323881164	       12.5233358881	        0.0000000000	        0.0054199685	        0.0094453830	        0.0027347274	        0.0045609330	        0.0004481374	        0.0666666667	        0.0378895884	        0.0006527411
        1.3766138158	        1.1071741254	        0.5020495433	       -0.1248361423	       11.9314654029	        0.0000000000	        0.0056743000	        0.0098466731	        0.0028144014	        0.0050615279	        0.0005240862	        0.0666666667	        0.0377724477	        0.0006732134
        1.4277434942	        1.0925446453	        0.4874831053	       -0.1089256673	       11.3750315857	        0.0000000000	        0.0058871906	        0.0101277445	        0.0028862058	        0.0055830344	        0.0006117560	        0.0666666667	        0.0375963043	        0.0006936506
        1.4763047249	        1.0776196861	        0.4736237226	       -0.0871213446	       10.8576405194	        0.0000000000	        0.0060384985	        0.0102462750	        0.0029406220	        0.0061130944	        0.0007128168	        0.0666666667	        0.0373730616	        0.0007144047
        1.5221573100	        1.0623620459	        0.4603760449	       -0.0617435454	       10.3739688741	        0.0000000000	        0.0061279456	        0.0101964324	        0.0029775956	        0.0066525782	        0.0008303646	        0.0666666667	        0.0371100197	        0.0007357859
        1.5652136297	        1.0469647853	        0.4476541856	       -0.0318844093	        9.9243300406	        0.0000000000	        0.0061678901	        0.0099883834	        0.0029975224	        0.0072012096	        0.0009659058	        0.0666666667	        0.0368110682	        0.0007580498
        1.6054348249	        1.0314433980	        0.4353828010	        0.0044851291	        9.5066528840	        0.0000000000	        0.0061629670	        0.0096342456	        0.0029975156	        0.0077638321	        0.0011237378	        0.0666666667	        0.0364775789	        0.0007814095
        1.6428257449	        1.0155214592	        0.4235092190	        0.0485208432	        9.1187398965	        0.0000000000	        0.0061420078	        0.0091757632	        0.0029808782	        0.0083538973	        0.0013060213	        0.0666666667	        0.0361097897	        0.0008060674
        1.6774291124	        0.9994783807	        0.4120009018	        0.0993484704	        8.7584779356	        0.0000000000	        0.0061123523	        0.0086292756	        0.0029461542	        0.0089712980	        0.0015143982	        0.0666666667	        0.0357073746	        0.0008322088
        1.7093193206	        0.9830497075	        0.4008174458	        0.1572535431	        8.4238563827	        0.0000000000	        0.0060664057	        0.0080008749	        0.0028907549	        0.0096094345	        0.0017522679	        0.0666666667	        0.0352690500	        0.0008600737
        1.7385962156	        0.9661288141	        0.3899142685	        0.2231295050	        8.1125057762	        0.0000000000	        0.0060119826	        0.0073190858	        0.0028163905	        0.0102764574	        0.0020243191	        0.0666666667	        0.0347926763	        0.0008899824
        1.7653791443	        0.9485174418	        0.3792619182	        0.2960077239	        7.8230639792	        0.0000000000	        0.0059692239	        0.0066187716	        0.0027255161	        0.0109808272	        0.0023298307	        0.0666666667	        0.0342760952	        0.0009223012
        1.7898014704	        0.9299044001	        0.3688477293	        0.3734530046	        7.5532144810	        0.0000000000	        0.0059521520	        0.0059256017	        0.0026211190	        0.0117306549	        0.0026671347	        0.0666666667	        0.0337177642	        0.0009574331
        1.8120056873	        0.9098989823	        0.3586587111	        0.4504632442	        7.3020478411	        0.0000000000	        0.0059524227	        0.0052462397	        0.0025030590	        0.0125207203	        0.0030374921	        0.0666666667	        0.0331162644	        0.0009958551
        1.8321391985	        0.8879693241	        0.3486714229	        0.5224028370	        7.0670332668	        0.0000000000	        0.0059767246	        0.0045951307	        0.0023766304	        0.0133450638	        0.0034327825	        0.0666666667	        0.0324699074	        0.0010381737
        1.8503507799	        0.8637243843	        0.3388519970	        0.5847909647	        6.8475397545	        0.0000000000	        0.0060207404	        0.0039774898	        0.0022449396	        0.0141796992	        0.0038391493	        0.0666666667	        0.0317764017	        0.0010850786
        1.8667877045	        0.8367676646	        0.3291428475	        0.6332867854	        6.6426958643	        0.0000000000	        0.0060673582	        0.0033940811	        0.0021102207	        0.0149860894	        0.0042417886	        0.0666666667	        0.0310315342	        0.0011373725
        1.8815934821	        0.8067885625	        0.3194565354	        0.6643157188	        6.4521536194	        0.0000000000	        0.0060984886	        0.0028480935	        0.0019756422	        0.0157160076	        0.0046206085	        0.0666666667	        0.0302279490	        0.0011959919
        1.8949061510	        0.7735313322	        0.3096690629	        0.6754297353	        6.2748023788	        0.0000000000	        0.0060769125	        0.0023396931	        0.0018411163	        0.0163028962	        0.0049612206	        0.0666666667	        0.0293535143	        0.0012620092
        1.9068570493	        0.7366276140	        0.2996100045	        0.6646146710	        6.1089898892	        0.0000000000	        0.0059632768	        0.0018728028	        0.0017057199	        0.0166776884	        0.0052534588	        0.0666666667	        0.0283891802	        0.0013366868
        1.9175699947	        0.6965831904	        0.2890635794	        0.6301175461	        5.9560851038	        0.0000000000	        0.0057319099	        0.0014550040	        0.0015673965	        0.0167708052	        0.0054786624	        0.0666666667	        0.0273076664	        0.0014214103
        1.9271607996	        0.6535038578	        0.2777779984	        0.5699519223	        5.8147684580	        0.0000000000	        0.0053705882	        0.0010944224	        0.0014229425	        0.0165349153	        0.0056236627	        0.0666666667	        0.0260734484	        0.0015174429
        1.9357370589	        0.6076819098	        0.2654880284	        0.4813013381	        5.6838749766	        0.0000000000	        0.0048772297	        0.0007964793	        0.0012681862	        0.0159414906	        0.0056839213	        0.0666666667	        0.0246455754	        0.0016254864
        1.9433981504	        0.5605086923	        0.2519748211	        0.3630432329	        5.5645840154	        0.0000000000	        0.0042692340	        0.0005640754	        0.0011035176	        0.0150075531	        0.0056732106	        0.0666666667	        0.0229880777	        0.0017450734
        1.9502353978	        0.5121001849	        0.2371814708	        0.2103768383	        5.4546270498	        0.0000000000	        0.0035643041	        0.0003943577	        0.0009363182	        0.0137566685	        0.0056274851	        0.0666666667	        0.0210920538	        0.0018740505
        1.9563323538	        0.4639886135	        0.2213284456	        0.0232850216	        5.3547072292	        0.0000000000	        0.0028204486	        0.0002792560	        0.0007844156	        0.0122814913	        0.0055951048	        0.0666666667	        0.0190011090	        0.0020089847
        1.9617651675	        0.4167267905	        0.2048628994	       -0.2015579258	        5.2635818558	        0.0000000000	        0.0020991849	        0.0002019785	        0.0006532965	        0.0106648234	        0.0056217784	        0.0666666667	        0.0168064412	        0.0021467416
        1.9666030060	        0.3712654360	        0.1881791253	       -0.4627542568	        5.1810732419	        0.0000000000	        0.0014709356	        0.0001453378	        0.0005315696	        0.0090167398	        0.0057327454	        0.0666666667	        0.0146008070	        0.0022870803
        1.9709085097	        0.3286303080	        0.1714938969	       -0.7562373415	        5.1074400288	        0.0000000000	        0.0009798822	        0.0001008698	        0.0004126545	        0.0074439500	        0.0059261691	        0.0666666667	        0.0124535531	        0.0024342060
        1.9747382607	        0.2887309312	        0.1549713147	       -1.0813658317	        5.0410544576	        0.0000000000	        0.0006254524	        0.0000669313	        0.0003029094	        0.0059977472	        0.0061787481	        0.0666666667	        0.0104223369	        0.0025965759
        1.9781432525	        0.2516915681	        0.1388247349	       -1.4365084329	        4.9813621675	        0.0000000000	        0.0003868999	        0.0000428341	        0.0002115066	        0.0047202797	        0.0064533310	        0.0666666667	        0.0085603494	        0.0027857816
        1.9811693494	        0.2178000712	        0.1232873580	       -1.8139986535	        4.9282265337	        0.0000000000	        0.0002343431	        0.0000267330	        0.0001419637	        0.0036355205	        0.0067216886	        0.0666666667	        0.0069070689	        0.0030122250
        1.9838577298	        0.1873677428	        0.1085474180	       -2.2022062523	        4.8815687812	        0.0000000000	        0.0001403105	        0.0000164224	        0.0000926329	        0.0027505172	        0.0069671097	        0.0666666667	        0.0054800989	        0.0032767863
        1.9862453073	        0.1601749998	        0.0947213389	       -2.5963518710	        4.8407701715	        0.0000000000	        0.0000833428	        0.0000099508	        0.0000590537	        0.0020466797	        0.0071746983	        0.0666666667	        0.0042764315	        0.0035802594
        1.9883651267	        0.1357515146	        0.0818597008	       -2.9950588057	        4.8049773612	        0.0000000000	        0.0000489414	        0.0000059159	        0.0000366828	        0.0014938071	        0.0073334339	        0.0666666667	        0.0032794128	        0.0039294961
        1.9902467340	        0.1138090088	        0.0699672737	       -3.3927229594	        4.7735138346	        0.0000000000	        0.0000282015	        0.0000034224	        0.0000220605	        0.0010653032	        0.0074546743	        0.0666666667	        0.0024659872	        0.0043352731
        1.9919165179	        0.0942203378	        0.0590215554	       -3.7808623234	        4.7458593545	        0.0000000000	        0.0000157860	        0.0000019079	        0.0000127335	        0.0007390239	        0.0075693105	        0.0666666667	        0.0018115697	        0.0048109544
        1.9933980257	        0.0768249227	        0.0489848301	       -4.1532222158	        4.7215556965	        0.0000000000	        0.0000084832	        0.0000010132	        0.0000069783	        0.0004956204	        0.0076945773	        0.0666666667	        0.0012926602	        0.0053731651
        1.9947122508	        0.0614346920	        0.0398110359	       -4.5057287068	        4.7001950061	        0.0000000000	        0.0000043099	        0.0000005049	        0.0000035785	        0.0003184729	        0.0078368146	        0.0666666667	        0.0008880324	        0.0060438933
        1.9958778967	        0.0478537663	        0.0314497210	       -4.8359578314	        4.6814165354	        0.0000000000	        0.0000020260	        0.0000002312	        0.0000016818	        0.0001936034	        0.0079962275	        0.0666666667	        0.0005791389	        0.0068542896
        1.9969116151	        0.0358903709	        0.0238484538	       -5.1427160253	        4.6649026076	        0.0000000000	        0.0000008544	        0.0000000943	        0.0000007029	        0.0001094503	        0.0081698774	        0.0666666667	        0.0003501209	        0.0078516870
        1.9978282231	        0.0253636211	        0.0169543727	       -5.4257111386	        4.6503743227	        0.0000000000	        0.0000003101	        0.0000000329	        0.0000002508	        0.0000565837	        0.0083535054	        0.0666666667	        0.0001876424	        0.0091140088
        1.9986408981	        0.0161069870	        0.0107152305	       -5.6852965901	        4.6375873128	        0.0000000000	        0.0000000940	        0.0000000096	        0.0000000742	        0.0000274043	        0.0085425977	        0.0666666667	        0.0000806795	        0.0107837352
        1.9993613540	        0.0079696534	        0.0050801221	       -5.9222741347	        4.6263277290	        0.0000000000	        0.0000000256	        0.0000000025	        0.0000000198	        0.0000158546	        0.0087329663	        0.0666666667	        0.0000203614	        0.0131664761
        2.0000000000	        0.0008165880	        0.0000000000	       -6.1377432660	        4.6164085488	        0.0000000000	        0.0000000000	        0.0000000000	        0.0000000000	        0.0000171558	        0.0089210275	        0.0000000000	        0.0000000000	        0.0172143049
