        0.0000000000	        0.0003720394	        1.0000000000	        7.4793462837	        0.0000000000	        0.0000000000	        0.0000000000	        0.0000000000	        0.0000000000	        0.0000020666	        0.0087550282	        0.0000000000	        0.0000000000	        0.0005341657
        0.0006386460	        0.0071061799	        0.9983644598	        6.9413002515	        0.0000000000	        0.0000000000	        0.0000000094	        0.0000000088	        0.0000000219	        0.0000057800	        0.0085694991	        0.0666666667	        0.0000006318	        0.0000000000
        0.0013591019	        0.0155411162	        0.9966323879	        6.3732754848	        0.0000000000	        0.0000000000	        0.0000000753	        0.0000000391	        0.0000000908	        0.0000217689	        0.0083819122	        0.0666666667	        0.0000013458	        0.0000000000
        0.0021717769	        0.0250528174	        0.9948107491	        5.7799908901	        0.0000000000	        0.0000000000	        0.0000003017	        0.0000000978	        0.0000002111	        0.0000545336	        0.0081958693	        0.0666666667	        0.0000021539	        0.0000000000
        0.0030883849	        0.0357753378	        0.9929087680	        5.1681709464	        0.0000000000	        0.0000000000	        0.0000008657	        0.0000001942	        0.0000003865	        0.0001098182	        0.0080155776	        0.0666666667	        0.0000030703	        0.0000000000
        0.0041221033	        0.0478578963	        0.9909375616	        4.5467767429	        0.0000000000	        0.0000000000	        0.0000020600	        0.0000003409	        0.0000006214	        0.0001948933	        0.0078455729	        0.0666666667	        0.0000041119	        0.0000000000
        0.0052877492	        0.0614658994	        0.9889094458	        3.9270845715	        0.0000000000	        0.0000000000	        0.0000043589	        0.0000005570	        0.0000009233	        0.0003188842	        0.0076901403	        0.0666666667	        0.0000052995	        0.0000000000
        0.0066019743	        0.0767816942	        0.9868368987	        3.3224691620	        0.0000000000	        0.0000000000	        0.0000085230	        0.0000008724	        0.0000013068	        0.0004931430	        0.0075522534	        0.0666666667	        0.0000066589	        0.0000000000
        0.0080834821	        0.0940048405	        0.9847312426	        2.7476663092	        0.0000000000	        0.0000000000	        0.0000157709	        0.0000013369	        0.0000018012	        0.0007316524	        0.0074317560	        0.0666666667	        0.0000082231	        0.0000000000
        0.0097532660	        0.1133515979	        0.9826012177	        2.2171671738	        0.0000000000	        0.0000000000	        0.0000280662	        0.0000020367	        0.0000024601	        0.0010514442	        0.0073223812	        0.0666666667	        0.0000100352	        0.0000000000
        0.0116348733	        0.1350531775	        0.9804517162	        1.7422161453	        0.0000000000	        0.0000000000	        0.0000486254	        0.0000031225	        0.0000033776	        0.0014729910	        0.0072070070	        0.0666666667	        0.0000121518	        0.0000000000
        0.0137546927	        0.1593506736	        0.9782828822	        1.3272513510	        0.0000000000	        0.0000000000	        0.0000828542	        0.0000048583	        0.0000047127	        0.0020201944	        0.0070550635	        0.0666666667	        0.0000146471	        0.0000000000
        0.0161422702	        0.1864751472	        0.9760894936	        0.9766460072	        0.0000000000	        0.0000000000	        0.0001395543	        0.0000077172	        0.0000067367	        0.0027175481	        0.0068561967	        0.0666666667	        0.0000176160	        0.0000000000
        0.0188306506	        0.2166309579	        0.9738620281	        0.6886947443	        0.0000000000	        0.0000000000	        0.0002324941	        0.0000125321	        0.0000098919	        0.0035884446	        0.0066228229	        0.0666666667	        0.0000211732	        0.0000000000
        0.0218567475	        0.2499732765	        0.9715891645	        0.4588672329	        0.0000000000	        0.0000000000	        0.0003821693	        0.0000206986	        0.0000148376	        0.0046505421	        0.0063692552	        0.0666666667	        0.0000254429	        0.0000000000
        0.0252617393	        0.2865694260	        0.9692623508	        0.2820532920	        0.0000000000	        0.0000000000	        0.0006165973	        0.0000344177	        0.0000224401	        0.0059085378	        0.0061082090	        0.0666666667	        0.0000305277	        0.0000000000
        0.0290914903	        0.3263550173	        0.9668826582	        0.1503367429	        0.0000000000	        0.0000000000	        0.0009676437	        0.0000569330	        0.0000336364	        0.0073478631	        0.0058655657	        0.0666666667	        0.0000364545	        0.0000000000
        0.0333969940	        0.3690881789	        0.9644665620	        0.0533369272	        0.0000000000	        0.0000000000	        0.0014581007	        0.0000925722	        0.0000490848	        0.0089267165	        0.0056788666	        0.0666666667	        0.0000431123	        0.0000000000
        0.0382348325	        0.4143480891	        0.9620450759	       -0.0177607079	        0.0000000000	        0.0000000000	        0.0020855394	        0.0001464225	        0.0000687562	        0.0105770523	        0.0055724912	        0.0666666667	        0.0000502369	        0.0000000000
        0.0436676462	        0.4614932404	        0.9596540288	       -0.0710993961	        0.0000000000	        0.0000000000	        0.0028106817	        0.0002234267	        0.0000917837	        0.0122054539	        0.0055483845	        0.0666666667	        0.0000574997	        0.0000000000
        0.0497646022	        0.5096856471	        0.9573185853	       -0.1131881867	        0.0000000000	        0.0000000000	        0.0035673589	        0.0003271424	        0.0001168982	        0.0137072398	        0.0055816225	        0.0666666667	        0.0000646730	        0.0000000000
        0.0566018496	        0.5579768986	        0.9550417371	       -0.1484256017	        0.0000000000	        0.0000000000	        0.0042877573	        0.0004585981	        0.0001431527	        0.0149846444	        0.0056280978	        0.0666666667	        0.0000717493	        0.0000000000
        0.0642629411	        0.6053977568	        0.9528019772	       -0.1793355345	        0.0000000000	        0.0000000000	        0.0049196788	        0.0006154474	        0.0001702881	        0.0159581638	        0.0056402510	        0.0666666667	        0.0000789439	        0.0000000000
        0.0728392004	        0.6510621473	        0.9505578165	       -0.2069069184	        0.0000000000	        0.0000000000	        0.0054327442	        0.0007923140	        0.0001987502	        0.0165838621	        0.0055841509	        0.0666666667	        0.0000866229	        0.0000000000
        0.0824300053	        0.6942261322	        0.9482534609	       -0.2310807800	        0.0000000000	        0.0000000000	        0.0058134827	        0.0009814882	        0.0002293304	        0.0168526162	        0.0054451121	        0.0666666667	        0.0000952324	        0.0000000000
        0.0931429507	        0.7343715573	        0.9458224302	       -0.2512302950	        0.0000000000	        0.0000000000	        0.0060631215	        0.0011743413	        0.0002628929	        0.0167882654	        0.0052251208	        0.0666666667	        0.0001052595	        0.0000000000
        0.1050938490	        0.7712201161	        0.9431887846	       -0.2664971365	        0.0000000000	        0.0000000000	        0.0061940094	        0.0013625472	        0.0003001206	        0.0164370274	        0.0049364386	        0.0666666667	        0.0001172158	        0.0000000000
        0.1184065179	        0.8047219529	        0.9402671433	       -0.2760478959	        0.0000000000	        0.0000000000	        0.0062289224	        0.0015396082	        0.0003414087	        0.0158608376	        0.0045958269	        0.0666666667	        0.0001316239	        0.0000000000
        0.1332122955	        0.8349090643	        0.9369634785	       -0.2793460163	        0.0000000000	        0.0000000000	        0.0062011989	        0.0017024260	        0.0003869207	        0.0151315714	        0.0042200019	        0.0666666667	        0.0001489877	        0.0000000000
        0.1496492201	        0.8620799439	        0.9331771121	       -0.2762104857	        0.0000000000	        0.0000000000	        0.0061462033	        0.0018508670	        0.0004364314	        0.0143157766	        0.0038236625	        0.0666666667	        0.0001697380	        0.0000000000
        0.1678608015	        0.8865214377	        0.9288048773	       -0.2667894819	        0.0000000000	        0.0000000000	        0.0060969727	        0.0019879869	        0.0004895088	        0.0134733425	        0.0034217104	        0.0666666667	        0.0001941639	        0.0000000000
        0.1879943127	        0.9086375713	        0.9237474598	       -0.2519084945	        0.0000000000	        0.0000000000	        0.0060776152	        0.0021180304	        0.0005456003	        0.0126475806	        0.0030277545	        0.0666666667	        0.0002223495	        0.0000000000
        0.2101985296	        0.9288662180	        0.9179115363	       -0.2329632929	        0.0000000000	        0.0000000000	        0.0060862017	        0.0022416904	        0.0006035590	        0.0118539438	        0.0026562254	        0.0666666667	        0.0002541538	        0.0000000000
        0.2346208557	        0.9476217384	        0.9112066770	       -0.2112908156	        0.0000000000	        0.0000000000	        0.0061079275	        0.0023571836	        0.0006618074	        0.0110956524	        0.0023182463	        0.0666666667	        0.0002892525	        0.0000000000
        0.2614037844	        0.9653180414	        0.9035480432	       -0.1878238633	        0.0000000000	        0.0000000000	        0.0061477207	        0.0024654066	        0.0007193777	        0.0103793041	        0.0020139380	        0.0666666667	        0.0003272056	        0.0000000000
        0.2906806794	        0.9823175179	        0.8948614464	       -0.1635226444	        0.0000000000	        0.0000000000	        0.0062034636	        0.0025653883	        0.0007753600	        0.0097028547	        0.0017422863	        0.0666666667	        0.0003675240	        0.0000000000
        0.3225708876	        0.9989200024	        0.8850721260	       -0.1401075067	        0.0000000000	        0.0000000000	        0.0062325977	        0.0026487399	        0.0008273105	        0.0090536031	        0.0015089834	        0.0666666667	        0.0004097750	        0.0000000000
        0.3571742551	        1.0153232255	        0.8741019623	       -0.1189374837	        0.0000000000	        0.0000000000	        0.0062543001	        0.0027161420	        0.0008755901	        0.0084305360	        0.0013033487	        0.0666666667	        0.0004538591	        0.0000000000
        0.3945651751	        1.0316309791	        0.8618700890	       -0.0998027602	        0.0000000000	        0.0000000000	        0.0062485390	        0.0027628083	        0.0009190889	        0.0078283713	        0.0011249721	        0.0666666667	        0.0004998450	        0.0000000000
        0.4347863703	        1.0479487826	        0.8482859227	       -0.0825152677	        0.0000000000	        0.0000000000	        0.0062173471	        0.0027864719	        0.0009574034	        0.0072414656	        0.0009680279	        0.0666666667	        0.0005481274	        0.0000000000
        0.4778426900	        1.0639793750	        0.8332549619	       -0.0672305150	        0.0000000000	        0.0000000000	        0.0061574513	        0.0027863558	        0.0009907866	        0.0066703200	        0.0008303137	        0.0666666667	        0.0005995036	        0.0000000000
        0.5236952751	        1.0798927363	        0.8166638533	       -0.0547618063	        0.0000000000	        0.0000000000	        0.0060422593	        0.0027561940	        0.0010176496	        0.0061089856	        0.0007113615	        0.0666666667	        0.0006551415	        0.0000000000
        0.5722565058	        1.0953043846	        0.7983812864	       -0.0456972185	        0.0000000000	        0.0000000000	        0.0058983483	        0.0027020434	        0.0010407386	        0.0055629089	        0.0006060620	        0.0666666667	        0.0007173347	        0.0000000000
        0.6233861842	        1.1100544001	        0.7782446991	       -0.0401929652	        0.0000000000	        0.0000000000	        0.0056845652	        0.0026184622	        0.0010589228	        0.0050335779	        0.0005172598	        0.0666666667	        0.0007888107	        0.0000000000
        0.6768894010	        1.1237034017	        0.7560370837	       -0.0377004092	        0.0000000000	        0.0000000000	        0.0054172440	        0.0025111392	        0.0010751076	        0.0045264061	        0.0004416289	        0.0666666667	        0.0008735988	        0.0000000000
        0.7325164896	        1.1360800351	        0.7314826774	       -0.0389747523	        0.0000000000	        0.0000000000	        0.0050705874	        0.0023782960	        0.0010880671	        0.0040446369	        0.0003800222	        0.0666666667	        0.0009752372	        0.0000000000
        0.7899653716	        1.1467337279	        0.7042551052	       -0.0420413989	        0.0000000000	        0.0000000000	        0.0046763805	        0.0022353678	        0.0010987172	        0.0036074730	        0.0003314362	        0.0666666667	        0.0010961401	        0.0000000000
        0.8488864424	        1.1553239409	        0.6742242295	       -0.0482556418	        0.0000000000	        0.0000000000	        0.0043315622	        0.0021182611	        0.0011142958	        0.0032491869	        0.0002934442	        0.0666666667	        0.0012371033	        0.0000000000
        0.9088899606	        1.1612683431	        0.6416243063	       -0.0578107238	        0.0000000000	        0.0000000000	        0.0040572225	        0.0020465578	        0.0011367558	        0.0029931779	        0.0002684287	        0.0666666667	        0.0013949264	        0.0000000000
        0.9695556872	        1.1642646327	        0.6071187517	       -0.0709300749	        0.0000000000	        0.0000000000	        0.0038913189	        0.0020437116	        0.0011753113	        0.0028610618	        0.0002573256	        0.0666666667	        0.0015675217	        0.0000000000
        1.0304443128	        1.1640087716	        0.5716346823	       -0.0870553526	        0.0000000000	        0.0000000000	        0.0039018126	        0.0021030588	        0.0012278827	        0.0028700502	        0.0002581428	        0.0666666667	        0.0017495909	        0.0000000000
        1.0911100394	        1.1605611748	        0.5360619231	       -0.1034807818	        0.0000000000	        0.0000000000	        0.0040702653	        0.0022220918	        0.0012920234	        0.0030163827	        0.0002716033	        0.0666666667	        0.0019356759	        0.0000000000
        1.1511135576	        1.1541132500	        0.5013884269	       -0.1182856791	        0.0000000000	        0.0000000000	        0.0043680743	        0.0024252270	        0.0013778350	        0.0032861781	        0.0002972948	        0.0666666667	        0.0021241885	        0.0000000000
        1.2100346284	        1.1450483922	        0.4684206514	       -0.1290033203	        0.0000000000	        0.0000000000	        0.0047334304	        0.0026854557	        0.0014735839	        0.0036540552	        0.0003353877	        0.0666666667	        0.0023094432	        0.0000000000
        1.2674835104	        1.1338470322	        0.4374650797	       -0.1336144372	        0.0000000000	        0.0000000000	        0.0050971454	        0.0029680434	        0.0015706494	        0.0040876636	        0.0003858588	        0.0666666667	        0.0024903805	        0.0000000000
        1.3231105990	        1.1211120660	        0.4085246446	       -0.1323881164	        0.0000000000	        0.0000000000	        0.0054199685	        0.0032460116	        0.0016635712	        0.0045609330	        0.0004481374	        0.0666666667	        0.0026658898	        0.0000000000
        1.3766138158	        1.1071741254	        0.3814888747	       -0.1248361423	        0.0000000000	        0.0000000000	        0.0056743000	        0.0035011989	        0.0017475008	        0.0050615279	        0.0005240862	        0.0666666667	        0.0028320890	        0.0000000000
        1.4277434942	        1.0925446453	        0.3562637794	       -0.1089256673	        0.0000000000	        0.0000000000	        0.0058871906	        0.0037306354	        0.0018218805	        0.0055830344	        0.0006117560	        0.0666666667	        0.0029835226	        0.0000000000
        1.4763047249	        1.0776196861	        0.3327769210	       -0.0871213446	        0.0000000000	        0.0000000000	        0.0060384985	        0.0039181206	        0.0018800554	        0.0061130944	        0.0007128168	        0.0666666667	        0.0031136478	        0.0000000000
        1.5221573100	        1.0623620459	        0.3109425083	       -0.0617435454	        0.0000000000	        0.0000000000	        0.0061279456	        0.0040596716	        0.0019217361	        0.0066525782	        0.0008303646	        0.0666666667	        0.0032178506	        0.0000000000
        1.5652136297	        1.0469647853	        0.2906800722	       -0.0318844093	        0.0000000000	        0.0000000000	        0.0061678901	        0.0041545553	        0.0019466751	        0.0072012096	        0.0009659058	        0.0666666667	        0.0032922265	        0.0000000000
        1.6054348249	        1.0314433980	        0.2719191778	        0.0044851291	        0.0000000000	        0.0000000000	        0.0061629670	        0.0042038566	        0.0019535029	        0.0077638321	        0.0011237378	        0.0666666667	        0.0033337158	        0.0000000000
        1.6428257449	        1.0155214592	        0.2546181350	        0.0485208432	        0.0000000000	        0.0000000000	        0.0061420078	        0.0042181816	        0.0019439628	        0.0083538973	        0.0013060213	        0.0666666667	        0.0033411275	        0.0000000000
        1.6774291124	        0.9994783807	        0.2387495631	        0.0993484704	        0.0000000000	        0.0000000000	        0.0061123523	        0.0041974236	        0.0019170105	        0.0089712980	        0.0015143982	        0.0666666667	        0.0033153596	        0.0000000000
        1.7093193206	        0.9830497075	        0.2242632220	        0.1572535431	        0.0000000000	        0.0000000000	        0.0060664057	        0.0041370707	        0.0018713426	        0.0096094345	        0.0017522679	        0.0666666667	        0.0032594535	        0.0000000000
        1.7385962156	        0.9661288141	        0.2110982292	        0.2231295050	        0.0000000000	        0.0000000000	        0.0060119826	        0.0040429585	        0.0018087421	        0.0102764574	        0.0020243191	        0.0666666667	        0.0031780808	        0.0000000000
        1.7653791443	        0.9485174418	        0.1992021305	        0.2960077239	        0.0000000000	        0.0000000000	        0.0059692239	        0.0039228237	        0.0017308892	        0.0109808272	        0.0023298307	        0.0666666667	        0.0030770250	        0.0000000000
        1.7898014704	        0.9299044001	        0.1885250717	        0.3734530046	        0.0000000000	        0.0000000000	        0.0059521520	        0.0037824159	        0.0016402445	        0.0117306549	        0.0026671347	        0.0666666667	        0.0029628931	        0.0000000000
        1.8120056873	        0.9098989823	        0.1790035968	        0.4504632442	        0.0000000000	        0.0000000000	        0.0059524227	        0.0036199376	        0.0015383222	        0.0125207203	        0.0030374921	        0.0666666667	        0.0028423744	        0.0000000000
        1.8321391985	        0.8879693241	        0.1705543740	        0.5224028370	        0.0000000000	        0.0000000000	        0.0059767246	        0.0034368239	        0.0014294243	        0.0133450638	        0.0034327825	        0.0666666667	        0.0027215543	        0.0000000000
        1.8503507799	        0.8637243843	        0.1630759160	        0.5847909647	        0.0000000000	        0.0000000000	        0.0060207404	        0.0032298932	        0.0013168563	        0.0141796992	        0.0038391493	        0.0666666667	        0.0026052260	        0.0000000000
        1.8667877045	        0.8367676646	        0.1564476815	        0.6332867854	        0.0000000000	        0.0000000000	        0.0060673582	        0.0029949247	        0.0012038398	        0.0149860894	        0.0042417886	        0.0666666667	        0.0024965470	        0.0000000000
        1.8815934821	        0.8067885625	        0.1505365013	        0.6643157188	        0.0000000000	        0.0000000000	        0.0060984886	        0.0027305723	        0.0010938392	        0.0157160076	        0.0046206085	        0.0666666667	        0.0023970591	        0.0000000000
        1.8949061510	        0.7735313322	        0.1452017327	        0.6754297353	        0.0000000000	        0.0000000000	        0.0060769125	        0.0024362976	        0.0009889112	        0.0163028962	        0.0049612206	        0.0666666667	        0.0023068817	        0.0000000000
        1.9068570493	        0.7366276140	        0.1402991119	        0.6646146710	        0.0000000000	        0.0000000000	        0.0059632768	        0.0021174045	        0.0008907903	        0.0166776884	        0.0052534588	        0.0666666667	        0.0022250293	        0.0000000000
        1.9175699947	        0.6965831904	        0.1356838844	        0.6301175461	        0.0000000000	        0.0000000000	        0.0057319099	        0.0017842405	        0.0008001019	        0.0167708052	        0.0054786624	        0.0666666667	        0.0021497026	        0.0000000000
        1.9271607996	        0.6535038578	        0.1312110590	        0.5699519223	        0.0000000000	        0.0000000000	        0.0053705882	        0.0014522623	        0.0007168929	        0.0165349153	        0.0056236627	        0.0666666667	        0.0020784729	        0.0000000000
        1.9357370589	        0.6076819098	        0.1267329432	        0.4813013381	        0.0000000000	        0.0000000000	        0.0048772297	        0.0011374218	        0.0006397011	        0.0159414906	        0.0056839213	        0.0666666667	        0.0020082871	        0.0000000000
        1.9433981504	        0.5605086923	        0.1220968238	        0.3630432329	        0.0000000000	        0.0000000000	        0.0042692340	        0.0008554911	        0.0005668009	        0.0150075531	        0.0056732106	        0.0666666667	        0.0019353843	        0.0000000000
        1.9502353978	        0.5121001849	        0.1171464455	        0.2103768383	        0.0000000000	        0.0000000000	        0.0035643041	        0.0006157383	        0.0004943880	        0.0137566685	        0.0056274851	        0.0666666667	        0.0018551818	        0.0000000000
        1.9563323538	        0.4639886135	        0.1117330555	        0.0232850216	        0.0000000000	        0.0000000000	        0.0028204486	        0.0004247783	        0.0004207639	        0.0122814913	        0.0055951048	        0.0666666667	        0.0017626108	        0.0000000000
        1.9617651675	        0.4167267905	        0.1057495992	       -0.2015579258	        0.0000000000	        0.0000000000	        0.0020991849	        0.0002811057	        0.0003446776	        0.0106648234	        0.0056217784	        0.0666666667	        0.0016532972	        0.0000000000
        1.9666030060	        0.3712654360	        0.0991665980	       -0.4627542568	        0.0000000000	        0.0000000000	        0.0014709356	        0.0001794717	        0.0002692054	        0.0090167398	        0.0057327454	        0.0666666667	        0.0015256605	        0.0000000000
        1.9709085097	        0.3286303080	        0.0920644495	       -0.7562373415	        0.0000000000	        0.0000000000	        0.0009798822	        0.0001116500	        0.0002001668	        0.0074439500	        0.0059261691	        0.0666666667	        0.0013828281	        0.0000000000
        1.9747382607	        0.2887309312	        0.0846137509	       -1.0813658317	        0.0000000000	        0.0000000000	        0.0006254524	        0.0000681860	        0.0001421541	        0.0059977472	        0.0061787481	        0.0666666667	        0.0012320512	        0.0000000000
        1.9781432525	        0.2516915681	        0.0770150532	       -1.4365084329	        0.0000000000	        0.0000000000	        0.0003868999	        0.0000413278	        0.0000976751	        0.0047202797	        0.0064533310	        0.0666666667	        0.0010817882	        0.0000000000
        1.9811693494	        0.2178000712	        0.0694485862	       -1.8139986535	        0.0000000000	        0.0000000000	        0.0002343431	        0.0000251826	        0.0000660993	        0.0036355205	        0.0067216886	        0.0666666667	        0.0009388309	        0.0000000000
        1.9838577298	        0.1873677428	        0.0620497592	       -2.2022062523	        0.0000000000	        0.0000000000	        0.0001403105	        0.0000156226	        0.0000448511	        0.0027505172	        0.0069671097	        0.0666666667	        0.0008071205	        0.0000000000
        1.9862453073	        0.1601749998	        0.0549093883	       -2.5963518710	        0.0000000000	        0.0000000000	        0.0000833428	        0.0000099185	        0.0000308031	        0.0020466797	        0.0071746983	        0.0666666667	        0.0006881208	        0.0000000000
        1.9883651267	        0.1357515146	        0.0480838339	       -2.9950588057	        0.0000000000	        0.0000000000	        0.0000489414	        0.0000064256	        0.0000214116	        0.0014938071	        0.0073334339	        0.0666666667	        0.0005817541	        0.0000000000
        1.9902467340	        0.1138090088	        0.0416067447	       -3.3927229594	        0.0000000000	        0.0000000000	        0.0000282015	        0.0000042213	        0.0000149951	        0.0010653032	        0.0074546743	        0.0666666667	        0.0004871984	        0.0000000000
        1.9919165179	        0.0942203378	        0.0354978626	       -3.7808623234	        0.0000000000	        0.0000000000	        0.0000157860	        0.0000027897	        0.0000105050	        0.0007390239	        0.0075693105	        0.0666666667	        0.0004033608	        0.0000000000
        1.9933980257	        0.0768249227	        0.0297679099	       -4.1532222158	        0.0000000000	        0.0000000000	        0.0000084832	        0.0000018326	        0.0000072781	        0.0004956204	        0.0076945773	        0.0666666667	        0.0003291079	        0.0000000000
        1.9947122508	        0.0614346920	        0.0244208664	       -4.5057287068	        0.0000000000	        0.0000000000	        0.0000043099	        0.0000011779	        0.0000049100	        0.0003184729	        0.0078368146	        0.0666666667	        0.0002633671	        0.0000000000
        1.9958778967	        0.0478537663	        0.0194551751	       -4.8359578314	        0.0000000000	        0.0000000000	        0.0000020260	        0.0000007256	        0.0000031601	        0.0001936034	        0.0079962275	        0.0666666667	        0.0002051637	        0.0000000000
        1.9969116151	        0.0358903709	        0.0148645420	       -5.1427160253	        0.0000000000	        0.0000000000	        0.0000008544	        0.0000004157	        0.0000018837	        0.0001094503	        0.0081698774	        0.0666666667	        0.0001536269	        0.0000000000
        1.9978282231	        0.0253636211	        0.0106386306	       -5.4257111386	        0.0000000000	        0.0000000000	        0.0000003101	        0.0000002106	        0.0000009888	        0.0000565837	        0.0083535054	        0.0666666667	        0.0001079851	        0.0000000000
        1.9986408981	        0.0161069870	        0.0067637621	       -5.6852965901	        0.0000000000	        0.0000000000	        0.0000000940	        0.0000000846	        0.0000004100	        0.0000274043	        0.0085425977	        0.0666666667	        0.0000675563	        0.0000000000
        1.9993613540	        0.0079696534	        0.0032236291	       -5.9222741347	        0.0000000000	        0.0000000000	        0.0000000256	        0.0000000191	        0.0000000955	        0.0000158546	        0.0087329663	        0.0666666667	        0.0000317385	        0.0000000000
        2.0000000000	        0.0008165880	        0.0000000000	       -6.1377432660	        0.0000000000	        0.0000000000	        0.0000000000	        0.0000000000	        0.0000000000	        0.0000171558	        0.0089210275	        0.0000000000	        0.0000000000	        0.0268329034
