        0.0000000000	        0.0003342723	        1.0000000000	        3.3768852974	        0.0000000000	        0.0000000000	        0.0000000000	        0.0000000000	        0.0000000000	        0.0000000859	        0.0044227206	        0.0000000000	        0.0000000000	        0.0022165619
        0.0006386460	        0.0061648688	        0.9964037819	        3.3031988982	        0.0000000000	        0.0000000000	        0.0000000079	        0.0000000001	        0.0000000006	        0.0000030393	        0.0043580375	        0.0666666667	        0.0000033902	        0.0016727184
        0.0013591019	        0.0134931457	        0.9924001463	        3.2218020402	        0.0000000000	        0.0000000000	        0.0000000771	        0.0000000010	        0.0000000057	        0.0000141330	        0.0042926220	        0.0666666667	        0.0000133506	        0.0013654103
        0.0021717769	        0.0217545443	        0.9879502385	        3.1321478910	        0.0000000000	        0.0000000000	        0.0000003149	        0.0000000043	        0.0000000232	        0.0000364000	        0.0042277859	        0.0666666667	        0.0000309598	        0.0011525979
        0.0030883849	        0.0310654225	        0.9830132515	        3.0337231532	        0.0000000000	        0.0000000000	        0.0000009014	        0.0000000125	        0.0000000670	        0.0000737456	        0.0041651024	        0.0666666667	        0.0000576662	        0.0009922726
        0.0041221033	        0.0415557183	        0.9775467627	        2.9260729423	        0.0000000000	        0.0000000000	        0.0000021312	        0.0000000305	        0.0000001598	        0.0001311654	        0.0041063392	        0.0666666667	        0.0000952782	        0.0008659277
        0.0052877492	        0.0533701632	        0.9715071996	        2.8088311152	        0.0000000000	        0.0000000000	        0.0000044774	        0.0000000660	        0.0000003389	        0.0002150083	        0.0040533013	        0.0666666667	        0.0001459988	        0.0007637006
        0.0066019743	        0.0666694415	        0.9648504707	        2.6817559408	        0.0000000000	        0.0000000000	        0.0000086956	        0.0000001332	        0.0000006674	        0.0003332903	        0.0040075286	        0.0666666667	        0.0002124811	        0.0006797131
        0.0080834821	        0.0816312054	        0.9575328298	        2.5447701806	        0.0000000000	        0.0000000000	        0.0000159918	        0.0000002572	        0.0000012549	        0.0004960657	        0.0039697615	        0.0666666667	        0.0002978968	        0.0006101977
        0.0097532660	        0.0984508097	        0.9495121340	        2.3980032604	        0.0000000000	        0.0000000000	        0.0000283007	        0.0000004857	        0.0000023006	        0.0007158539	        0.0039390487	        0.0666666667	        0.0004060096	        0.0005526125
        0.0116348733	        0.1173415654	        0.9407498697	        2.2418309778	        0.0000000000	        0.0000000000	        0.0000487568	        0.0000009114	        0.0000041772	        0.0010081221	        0.0039113089	        0.0666666667	        0.0005412325	        0.0005051686
        0.0137546927	        0.1385334660	        0.9312147985	        2.0769130666	        0.0000000000	        0.0000000000	        0.0000825104	        0.0000017187	        0.0000075902	        0.0013916833	        0.0038783774	        0.0666666667	        0.0007086175	        0.0004665615
        0.0161422702	        0.1622643974	        0.9208900849	        1.9042770240	        0.0000000000	        0.0000000000	        0.0001378656	        0.0000032783	        0.0000138705	        0.0018880554	        0.0038367844	        0.0666666667	        0.0009136465	        0.0004358663
        0.0188306506	        0.1887732901	        0.9097875054	        1.7253197205	        0.0000000000	        0.0000000000	        0.0002279409	        0.0000063257	        0.0000254248	        0.0025213542	        0.0037878540	        0.0666666667	        0.0011615336	        0.0004126650
        0.0218567475	        0.2182871368	        0.8979740265	        1.5418771761	        0.0000000000	        0.0000000000	        0.0003728596	        0.0000122612	        0.0000461895	        0.0033161710	        0.0037319578	        0.0666666667	        0.0014555109	        0.0003971091
        0.0252617393	        0.2509995995	        0.8856152923	        1.3562313218	        0.0000000000	        0.0000000000	        0.0006022752	        0.0000236274	        0.0000816383	        0.0042943296	        0.0036673943	        0.0666666667	        0.0017934303	        0.0003882366
        0.0290914903	        0.2870401560	        0.8730318851	        1.1711425591	        0.0000000000	        0.0000000000	        0.0009557095	        0.0000448730	        0.0001375377	        0.0054692785	        0.0035983830	        0.0666666667	        0.0021625828	        0.0003820789
        0.0333969940	        0.3264355829	        0.8607352397	        0.9897356511	        0.0000000000	        0.0000000000	        0.0014768674	        0.0000833854	        0.0002162721	        0.0068390431	        0.0035370902	        0.0666666667	        0.0025354242	        0.0003732667
        0.0382348325	        0.3690742314	        0.8493687499	        0.8153057022	        0.0000000000	        0.0000000000	        0.0021986969	        0.0001505870	        0.0003119569	        0.0083793803	        0.0034991316	        0.0666666667	        0.0028737169	        0.0003574542
        0.0436676462	        0.4146628366	        0.8395039429	        0.6512561288	        0.0000000000	        0.0000000000	        0.0031197804	        0.0002623845	        0.0004097200	        0.0100385585	        0.0034989388	        0.0666666667	        0.0031456096	        0.0003340841
        0.0497646022	        0.4626920857	        0.8314024973	        0.5008061248	        0.0000000000	        0.0000000000	        0.0041843210	        0.0004376830	        0.0004931190	        0.0117346868	        0.0035434962	        0.0666666667	        0.0033426802	        0.0003065183
        0.0566018496	        0.5124411567	        0.8249614783	        0.3665289074	        0.0000000000	        0.0000000000	        0.0052903215	        0.0006945201	        0.0005538403	        0.0133644194	        0.0036261739	        0.0666666667	        0.0034783286	        0.0002790331
        0.0642629411	        0.5630072289	        0.8198641213	        0.2501078470	        0.0000000000	        0.0000000000	        0.0063275957	        0.0010450327	        0.0005936941	        0.0148197077	        0.0037255620	        0.0666666667	        0.0035729879	        0.0002542970
        0.0728392004	        0.6134022963	        0.8157549161	        0.1522067551	        0.0000000000	        0.0000000000	        0.0072075731	        0.0014903286	        0.0006191450	        0.0159985101	        0.0038123654	        0.0666666667	        0.0036435987	        0.0002331311
        0.0824300053	        0.6625994015	        0.8123310897	        0.0723817322	        0.0000000000	        0.0000000000	        0.0078794804	        0.0020183674	        0.0006366791	        0.0168256325	        0.0038590103	        0.0666666667	        0.0037013550	        0.0002153239
        0.0931429507	        0.7096885898	        0.8093619947	        0.0093248498	        0.0000000000	        0.0000000000	        0.0083243935	        0.0026049031	        0.0006510053	        0.0172631638	        0.0038479362	        0.0666666667	        0.0037531187	        0.0002003189
        0.1050938490	        0.7538948642	        0.8066770341	       -0.0388115003	        0.0000000000	        0.0000000000	        0.0085421136	        0.0032162576	        0.0006648079	        0.0173073633	        0.0037735039	        0.0666666667	        0.0038031848	        0.0001875461
        0.1184065179	        0.7947568984	        0.8041487560	       -0.0740682717	        0.0000000000	        0.0000000000	        0.0085606986	        0.0038175780	        0.0006796834	        0.0169957667	        0.0036375091	        0.0666666667	        0.0038544761	        0.0001765396
        0.1332122955	        0.8319490973	        0.8016788179	       -0.0983163297	        0.0000000000	        0.0000000000	        0.0084270760	        0.0043793192	        0.0006963683	        0.0163927108	        0.0034461715	        0.0666666667	        0.0039092137	        0.0001669588
        0.1496492201	        0.8655210612	        0.7991882400	       -0.1133009755	        0.0000000000	        0.0000000000	        0.0081961420	        0.0048831287	        0.0007152014	        0.0155799304	        0.0032104686	        0.0666666667	        0.0039692589	        0.0001585764
        0.1678608015	        0.8956119052	        0.7966111845	       -0.1205055013	        0.0000000000	        0.0000000000	        0.0079178097	        0.0053220654	        0.0007359840	        0.0146405547	        0.0029448345	        0.0666666667	        0.0040362611	        0.0001512556
        0.1879943127	        0.9225389797	        0.7938923762	       -0.1212673444	        0.0000000000	        0.0000000000	        0.0076516141	        0.0057032245	        0.0007586990	        0.0136496881	        0.0026576539	        0.0666666667	        0.0041116776	        0.0001449313
        0.2101985296	        0.9467352391	        0.7909855985	       -0.1168958722	        0.0000000000	        0.0000000000	        0.0074303516	        0.0060361784	        0.0007831679	        0.0126611847	        0.0023615315	        0.0666666667	        0.0041967439	        0.0001395847
        0.2346208557	        0.9686580385	        0.7878490875	       -0.1087330547	        0.0000000000	        0.0000000000	        0.0072402419	        0.0063186535	        0.0008080337	        0.0117002488	        0.0020749200	        0.0666666667	        0.0042925452	        0.0001352154
        0.2614037844	        0.9887956144	        0.7844433540	       -0.0980586206	        0.0000000000	        0.0000000000	        0.0070898145	        0.0065546850	        0.0008326315	        0.0107854392	        0.0018043141	        0.0666666667	        0.0044000650	        0.0001318354
        0.2906806794	        1.0074859846	        0.7807332889	       -0.0859748398	        0.0000000000	        0.0000000000	        0.0069890779	        0.0067514113	        0.0008568101	        0.0099304473	        0.0015538613	        0.0666666667	        0.0045201074	        0.0001294664
        0.3225708876	        1.0251588610	        0.7766854257	       -0.0736841218	        0.0000000000	        0.0000000000	        0.0069175584	        0.0069012917	        0.0008794025	        0.0091321729	        0.0013290472	        0.0666666667	        0.0046533771	        0.0001281312
        0.3571742551	        1.0420276017	        0.7722640452	       -0.0620685516	        0.0000000000	        0.0000000000	        0.0068757404	        0.0069998584	        0.0009007630	        0.0083831350	        0.0011274701	        0.0666666667	        0.0048006291	        0.0001278597
        0.3945651751	        1.0584309590	        0.7674235484	       -0.0517228684	        0.0000000000	        0.0000000000	        0.0068101847	        0.0070213660	        0.0009194426	        0.0076714467	        0.0009541795	        0.0666666667	        0.0049628586	        0.0001286863
        0.4347863703	        1.0743589018	        0.7621018882	       -0.0430945550	        0.0000000000	        0.0000000000	        0.0066977413	        0.0069563933	        0.0009353276	        0.0069963192	        0.0008083229	        0.0666666667	        0.0051414642	        0.0001306688
        0.4778426900	        1.0897599062	        0.7562256894	       -0.0361721596	        0.0000000000	        0.0000000000	        0.0065584607	        0.0068126531	        0.0009506398	        0.0063555777	        0.0006826915	        0.0666666667	        0.0053379205	        0.0001338947
        0.5236952751	        1.1046902192	        0.7496926123	       -0.0311071158	        0.0000000000	        0.0000000000	        0.0063154415	        0.0065540332	        0.0009615984	        0.0057360939	        0.0005797798	        0.0666666667	        0.0055539192	        0.0001384680
        0.5722565058	        1.1189098982	        0.7423678886	       -0.0280082362	        0.0000000000	        0.0000000000	        0.0060221891	        0.0062157596	        0.0009699628	        0.0051485043	        0.0004923245	        0.0666666667	        0.0057911409	        0.0001445373
        0.6233861842	        1.1322759076	        0.7341272467	       -0.0273370664	        0.0000000000	        0.0000000000	        0.0057529774	        0.0058562477	        0.0009801854	        0.0046135712	        0.0004159107	        0.0666666667	        0.0060492318	        0.0001522342
        0.6768894010	        1.1441564099	        0.7248426154	       -0.0295548537	        0.0000000000	        0.0000000000	        0.0054507890	        0.0054650491	        0.0009889192	        0.0041308418	        0.0003540509	        0.0666666667	        0.0063252387	        0.0001616163
        0.7325164896	        1.1540809286	        0.7143630646	       -0.0341231472	        0.0000000000	        0.0000000000	        0.0051407310	        0.0050754269	        0.0009978136	        0.0037115128	        0.0003051122	        0.0666666667	        0.0066134168	        0.0001726810
        0.7899653716	        1.1618257447	        0.7025907866	       -0.0408576911	        0.0000000000	        0.0000000000	        0.0048677524	        0.0047429614	        0.0010086217	        0.0033824551	        0.0002693578	        0.0666666667	        0.0069022400	        0.0001852410
        0.8488864424	        1.1669107715	        0.6895899071	       -0.0495146344	        0.0000000000	        0.0000000000	        0.0047091665	        0.0045343998	        0.0010275364	        0.0031703167	        0.0002455834	        0.0666666667	        0.0071736691	        0.0001988499
        0.9088899606	        1.1689875724	        0.6756106358	       -0.0593672549	        0.0000000000	        0.0000000000	        0.0046592264	        0.0044528017	        0.0010530597	        0.0030730478	        0.0002335232	        0.0666666667	        0.0074071359	        0.0002128614
        0.9695556872	        1.1678244972	        0.6610183166	       -0.0699210084	        0.0000000000	        0.0000000000	        0.0047102148	        0.0045026494	        0.0010870788	        0.0030967925	        0.0002342661	        0.0666666667	        0.0075876259	        0.0002267323
        1.0304443128	        1.1635958377	        0.6462278332	       -0.0813807676	        0.0000000000	        0.0000000000	        0.0049257014	        0.0046724654	        0.0011292665	        0.0032586963	        0.0002467161	        0.0666666667	        0.0077097182	        0.0002401740
        1.0911100394	        1.1564086478	        0.6316045464	       -0.0921401372	        0.0000000000	        0.0000000000	        0.0052986630	        0.0049429429	        0.0011789383	        0.0035491486	        0.0002697353	        0.0666666667	        0.0077781053	        0.0002532118
        1.1511135576	        1.1470566434	        0.6174127237	       -0.1006786360	        0.0000000000	        0.0000000000	        0.0057346970	        0.0052848548	        0.0012354575	        0.0039328632	        0.0003033044	        0.0666666667	        0.0078040128	        0.0002661001
        1.2100346284	        1.1357143819	        0.6037714387	       -0.1074685867	        0.0000000000	        0.0000000000	        0.0061652391	        0.0056355910	        0.0012938963	        0.0043789779	        0.0003470099	        0.0666666667	        0.0078000339	        0.0002791922
        1.2674835104	        1.1229859111	        0.5906664910	       -0.1121032247	        0.0000000000	        0.0000000000	        0.0065350633	        0.0059439360	        0.0013515175	        0.0048608440	        0.0004009139	        0.0666666667	        0.0077766137	        0.0002928521
        1.3231105990	        1.1090077683	        0.5780357131	       -0.1142320873	        0.0000000000	        0.0000000000	        0.0068221330	        0.0061885957	        0.0014075000	        0.0053684688	        0.0004663775	        0.0666666667	        0.0077405706	        0.0003073489
        1.3766138158	        1.0941133387	        0.5658255281	       -0.1126336158	        0.0000000000	        0.0000000000	        0.0070287678	        0.0063656117	        0.0014611983	        0.0058997566	        0.0005450503	        0.0666666667	        0.0076956328	        0.0003228253
        1.4277434942	        1.0785686150	        0.5540006648	       -0.1063332425	        0.0000000000	        0.0000000000	        0.0071632497	        0.0064680541	        0.0015099962	        0.0064430800	        0.0006366532	        0.0666666667	        0.0076435187	        0.0003393319
        1.4763047249	        1.0627300528	        0.5425392189	       -0.0946286363	        0.0000000000	        0.0000000000	        0.0072374446	        0.0064949664	        0.0015522250	        0.0069910872	        0.0007411168	        0.0666666667	        0.0075850501	        0.0003568910
        1.5221573100	        1.0466761643	        0.5314277842	       -0.0787680955	        0.0000000000	        0.0000000000	        0.0072495127	        0.0064429702	        0.0015870617	        0.0075364187	        0.0008596709	        0.0666666667	        0.0075207112	        0.0003755313
        1.5652136297	        1.0305475139	        0.5206336556	       -0.0590596849	        0.0000000000	        0.0000000000	        0.0071517351	        0.0062913707	        0.0016094239	        0.0080648643	        0.0009992591	        0.0666666667	        0.0074505119	        0.0003953205
        1.6054348249	        1.0143258479	        0.5101228320	       -0.0356611727	        0.0000000000	        0.0000000000	        0.0069877226	        0.0060685537	        0.0016211269	        0.0085881930	        0.0011624412	        0.0666666667	        0.0073745395	        0.0004163940
        1.6428257449	        0.9978355009	        0.4999029213	       -0.0077651357	        0.0000000000	        0.0000000000	        0.0068260227	        0.0058138246	        0.0016259814	        0.0091291477	        0.0013477969	        0.0666666667	        0.0072934208	        0.0004388741
        1.6774291124	        0.9812586586	        0.4899934055	        0.0242153169	        0.0000000000	        0.0000000000	        0.0066424118	        0.0055184800	        0.0016193025	        0.0096780679	        0.0015609765	        0.0666666667	        0.0072082269	        0.0004629107
        1.7093193206	        0.9645397540	        0.4804001736	        0.0583667874	        0.0000000000	        0.0000000000	        0.0064507028	        0.0051949778	        0.0016034936	        0.0102416963	        0.0018055222	        0.0666666667	        0.0071207938	        0.0004888181
        1.7385962156	        0.9473898741	        0.4711248241	        0.0922688590	        0.0000000000	        0.0000000000	        0.0062439660	        0.0048492597	        0.0015783243	        0.0108257682	        0.0020912934	        0.0666666667	        0.0070333903	        0.0005170204
        1.7653791443	        0.9295997700	        0.4621677911	        0.1235370927	        0.0000000000	        0.0000000000	        0.0060590192	        0.0044995946	        0.0015477415	        0.0114439808	        0.0024160596	        0.0666666667	        0.0069488187	        0.0005480696
        1.7898014704	        0.9109181475	        0.4535274910	        0.1500860650	        0.0000000000	        0.0000000000	        0.0058991970	        0.0041490964	        0.0015122664	        0.0120956400	        0.0027802084	        0.0666666667	        0.0068700947	        0.0005825937
        1.8120056873	        0.8910802817	        0.4451910116	        0.1692449499	        0.0000000000	        0.0000000000	        0.0057815412	        0.0038039144	        0.0014747843	        0.0127825499	        0.0031750559	        0.0666666667	        0.0068003090	        0.0006213306
        1.8321391985	        0.8696593437	        0.4371323001	        0.1779706217	        0.0000000000	        0.0000000000	        0.0057000138	        0.0034635279	        0.0014366225	        0.0134983059	        0.0035965550	        0.0666666667	        0.0067422859	        0.0006650797
        1.8503507799	        0.8462724931	        0.4293065452	        0.1726712567	        0.0000000000	        0.0000000000	        0.0056565771	        0.0031279055	        0.0014002278	        0.0142279641	        0.0040290893	        0.0666666667	        0.0066983610	        0.0007147092
        1.8667877045	        0.8205719308	        0.4216434192	        0.1494605416	        0.0000000000	        0.0000000000	        0.0056286388	        0.0027911474	        0.0013660494	        0.0149319038	        0.0044598204	        0.0666666667	        0.0066700613	        0.0007711479
        1.8815934821	        0.7922374292	        0.4140386874	        0.1044511570	        0.0000000000	        0.0000000000	        0.0055904477	        0.0024506409	        0.0013345214	        0.0155601215	        0.0048745595	        0.0666666667	        0.0066579588	        0.0008354545
        1.8949061510	        0.7610031590	        0.4063557191	        0.0335024138	        0.0000000000	        0.0000000000	        0.0055250377	        0.0021097868	        0.0013061624	        0.0160635113	        0.0052527924	        0.0666666667	        0.0066615428	        0.0009088100
        1.9068570493	        0.7264406786	        0.3984244458	       -0.0685837620	        0.0000000000	        0.0000000000	        0.0054116354	        0.0017743270	        0.0012803491	        0.0163888638	        0.0055753157	        0.0666666667	        0.0066788926	        0.0009924425
        1.9175699947	        0.6889440084	        0.3900303922	       -0.2052957727	        0.0000000000	        0.0000000000	        0.0052255129	        0.0014509903	        0.0012544896	        0.0164773388	        0.0058251683	        0.0666666667	        0.0067059936	        0.0010875057
        1.9271607996	        0.6485250550	        0.3809025327	       -0.3811572042	        0.0000000000	        0.0000000000	        0.0049484778	        0.0011491771	        0.0012249295	        0.0162836866	        0.0059904342	        0.0666666667	        0.0067354590	        0.0011947444
        1.9357370589	        0.6053338114	        0.3707025389	       -0.6003878667	        0.0000000000	        0.0000000000	        0.0045697731	        0.0008778118	        0.0011852565	        0.0157754341	        0.0060640130	        0.0666666667	        0.0067542290	        0.0013136815
        1.9433981504	        0.5605713299	        0.3590211084	       -0.8608665938	        0.0000000000	        0.0000000000	        0.0040974321	        0.0006449548	        0.0011278815	        0.0149573114	        0.0060470818	        0.0666666667	        0.0067403688	        0.0014411513
        1.9502353978	        0.5142697673	        0.3453991204	       -1.1660841177	        0.0000000000	        0.0000000000	        0.0035380329	        0.0004540110	        0.0010421212	        0.0138394071	        0.0059577657	        0.0666666667	        0.0066599097	        0.0015691334
        1.9563323538	        0.4678389792	        0.3293934196	       -1.5084793661	        0.0000000000	        0.0000000000	        0.0029248475	        0.0003061170	        0.0009224085	        0.0124914471	        0.0058330078	        0.0666666667	        0.0064679185	        0.0016829267
        1.9617651675	        0.4217793171	        0.3107298771	       -1.8856068734	        0.0000000000	        0.0000000000	        0.0022941769	        0.0001974284	        0.0007689548	        0.0109781970	        0.0057161834	        0.0666666667	        0.0061198840	        0.0017620585
        1.9666030060	        0.3770465366	        0.2894761769	       -2.2882227487	        0.0000000000	        0.0000000000	        0.0017005357	        0.0001220926	        0.0005964499	        0.0093975538	        0.0056466418	        0.0666666667	        0.0055964890	        0.0017877224
        1.9709085097	        0.3347107021	        0.2661595000	       -2.7044369556	        0.0000000000	        0.0000000000	        0.0011941503	        0.0000727915	        0.0004288456	        0.0078513998	        0.0056459911	        0.0666666667	        0.0049264549	        0.0017544589
        1.9747382607	        0.2947735356	        0.2416533621	       -3.1302564097	        0.0000000000	        0.0000000000	        0.0007962092	        0.0000419386	        0.0002861862	        0.0063959689	        0.0057123383	        0.0666666667	        0.0041808123	        0.0016762698
        1.9781432525	        0.2574482994	        0.2169000503	       -3.5600764914	        0.0000000000	        0.0000000000	        0.0005082267	        0.0000234684	        0.0001790978	        0.0050826019	        0.0058264621	        0.0666666667	        0.0034398020	        0.0015803581
        1.9811693494	        0.2231046286	        0.1926853075	       -3.9847108170	        0.0000000000	        0.0000000000	        0.0003137354	        0.0000128520	        0.0001067477	        0.0039461775	        0.0059685522	        0.0666666667	        0.0027620775	        0.0014945587
        1.9838577298	        0.1921262513	        0.1695438349	       -4.3933929729	        0.0000000000	        0.0000000000	        0.0001895285	        0.0000069641	        0.0000617523	        0.0030046293	        0.0061221667	        0.0666666667	        0.0021758345	        0.0014371080
        1.9862453073	        0.1643510153	        0.1477789576	       -4.7830946403	        0.0000000000	        0.0000000000	        0.0001128423	        0.0000037671	        0.0000351977	        0.0022463880	        0.0062635761	        0.0666666667	        0.0016861852	        0.0014125072
        1.9883651267	        0.1393510572	        0.1275269497	       -5.1548627622	        0.0000000000	        0.0000000000	        0.0000662203	        0.0000020384	        0.0000198925	        0.0016452828	        0.0063700213	        0.0666666667	        0.0012859297	        0.0014213624
        1.9902467340	        0.1168619496	        0.1088209524	       -5.5074206519	        0.0000000000	        0.0000000000	        0.0000380903	        0.0000011006	        0.0000111489	        0.0011763151	        0.0064473467	        0.0666666667	        0.0009633589	        0.0014649948
        1.9919165179	        0.0967677210	        0.0916359646	       -5.8376737154	        0.0000000000	        0.0000000000	        0.0000212721	        0.0000005893	        0.0000061683	        0.0008174430	        0.0065258290	        0.0666666667	        0.0007063113	        0.0015453612
        1.9933980257	        0.0789123869	        0.0759152218	       -6.1439022020	        0.0000000000	        0.0000000000	        0.0000114047	        0.0000003089	        0.0000033286	        0.0005487420	        0.0066221022	        0.0666666667	        0.0005037964	        0.0016654149
        1.9947122508	        0.0631085511	        0.0615847508	       -6.4256211710	        0.0000000000	        0.0000000000	        0.0000057827	        0.0000001554	        0.0000017179	        0.0003527079	        0.0067416510	        0.0666666667	        0.0003464360	        0.0018300724
        1.9958778967	        0.0491586838	        0.0485615550	       -6.6831804515	        0.0000000000	        0.0000000000	        0.0000027150	        0.0000000728	        0.0000008239	        0.0002143754	        0.0068837473	        0.0666666667	        0.0002264253	        0.0020476760
        1.9969116151	        0.0368680745	        0.0367584202	       -6.9174764521	        0.0000000000	        0.0000000000	        0.0000011452	        0.0000000304	        0.0000003515	        0.0001212129	        0.0070445424	        0.0666666667	        0.0001373424	        0.0023324773
        1.9978282231	        0.0260522881	        0.0260869478	       -7.1297457887	        0.0000000000	        0.0000000000	        0.0000004177	        0.0000000105	        0.0000001238	        0.0000629007	        0.0072189444	        0.0666666667	        0.0000739432	        0.0027096507
        1.9986408981	        0.0165410488	        0.0164596150	       -7.3214187042	        0.0000000000	        0.0000000000	        0.0000001294	        0.0000000026	        0.0000000306	        0.0000310592	        0.0074017078	        0.0666666667	        0.0000319925	        0.0032271376
        1.9993613540	        0.0081798533	        0.0077912351	       -7.4940161185	        0.0000000000	        0.0000000000	        0.0000000373	        0.0000000003	        0.0000000032	        0.0000189683	        0.0075880201	        0.0666666667	        0.0000081558	        0.0039900941
        2.0000000000	        0.0008301838	        0.0000000000	       -7.6490784476	        0.0000000000	        0.0000000000	        0.0000000000	        0.0000000000	        0.0000000000	        0.0000213000	        0.0077737766	        0.0000000000	        0.0000000000	        0.0053322838
