        0.0000000000	       -0.0003846590	        1.0000000000	        8.9658905180	        0.0000000000	        0.0000000000	        0.0000000000	        0.0000000000	        0.0000000000	        0.0000021737	        0.0044494178	        0.0000000000	        0.0000000000	        0.0000519916
        0.0006386460	        0.0071612150	        0.9984770041	        8.1351373265	        0.0000000000	        0.0000000000	        0.0000000000	        0.0000000001	        0.0000000003	        0.0000059177	        0.0043523576	        0.0666666667	        0.0000000615	        0.0000407295
        0.0013591019	        0.0156716864	        0.9968912776	        7.2718392166	        0.0000000000	        0.0000000000	        0.0000000000	        0.0000000012	        0.0000000025	        0.0000221152	        0.0042541961	        0.0666666667	        0.0000002465	        0.0000339996
        0.0021717769	        0.0252676516	        0.9952531623	        6.3873772480	        0.0000000000	        0.0000000000	        0.0000000000	        0.0000000050	        0.0000000096	        0.0000553238	        0.0041568158	        0.0666666667	        0.0000005783	        0.0000291587
        0.0030883849	        0.0360841044	        0.9935738639	        5.4967696681	        0.0000000000	        0.0000000000	        0.0000000000	        0.0000000145	        0.0000000253	        0.0001113545	        0.0040624200	        0.0666666667	        0.0000010874	        0.0000253965
        0.0041221033	        0.0482713116	        0.9918643004	        4.6188337075	        0.0000000000	        0.0000000000	        0.0000000000	        0.0000000351	        0.0000000550	        0.0001975555	        0.0039733905	        0.0666666667	        0.0000018125	        0.0000223511
        0.0052877492	        0.0619958646	        0.9901335546	        3.7759003107	        0.0000000000	        0.0000000000	        0.0000000000	        0.0000000759	        0.0000001066	        0.0003231381	        0.0038919901	        0.0666666667	        0.0000028013	        0.0000198303
        0.0066019743	        0.0774414727	        0.9883870660	        2.9927348983	        0.0000000000	        0.0000000000	        0.0000000000	        0.0000001535	        0.0000001931	        0.0004995432	        0.0038198147	        0.0666666667	        0.0000041131	        0.0000177221
        0.0080834821	        0.0948092997	        0.9866248699	        2.2941270942	        0.0000000000	        0.0000000000	        0.0000000000	        0.0000002989	        0.0000003372	        0.0007408374	        0.0037568541	        0.0666666667	        0.0000058222	        0.0000159596
        0.0097532660	        0.1143175470	        0.9848403873	        1.7003314742	        0.0000000000	        0.0000000000	        0.0000000000	        0.0000005719	        0.0000005818	        0.0010641143	        0.0036999495	        0.0666666667	        0.0000080226	        0.0000145044
        0.0116348733	        0.1361998536	        0.9830202904	        1.2191300392	        0.0000000000	        0.0000000000	        0.0000000000	        0.0000010896	        0.0000010085	        0.0014898602	        0.0036403374	        0.0666666667	        0.0000108341	        0.0000133388
        0.0137546927	        0.1606998526	        0.9811453815	        0.8376201536	        0.0000000000	        0.0000000000	        0.0000000000	        0.0000020794	        0.0000017707	        0.0020418949	        0.0035623160	        0.0666666667	        0.0000144108	        0.0000124633
        0.0161422702	        0.1880459911	        0.9791909963	        0.5474203080	        0.0000000000	        0.0000000000	        0.0000000000	        0.0000039756	        0.0000031523	        0.0027444295	        0.0034607641	        0.0666666667	        0.0000189502	        0.0000118980
        0.0188306506	        0.2184332134	        0.9771298376	        0.3340043775	        0.0000000000	        0.0000000000	        0.0000000000	        0.0000075740	        0.0000056518	        0.0036202556	        0.0033424868	        0.0666666667	        0.0000246986	        0.0000116859
        0.0218567475	        0.2520078030	        0.9749364711	        0.1797468592	        0.0000000000	        0.0000000000	        0.0000000000	        0.0000142467	        0.0000100718	        0.0046859920	        0.0032152021	        0.0666666667	        0.0000319447	        0.0000118725
        0.0252617393	        0.2888321653	        0.9725935788	        0.0711301477	        0.0000000000	        0.0000000000	        0.0000000000	        0.0000262023	        0.0000175519	        0.0059446636	        0.0030855998	        0.0666666667	        0.0000409805	        0.0000124771
        0.0290914903	        0.3288329416	        0.9701010015	       -0.0058615880	        0.0000000000	        0.0000000000	        0.0000000000	        0.0000467347	        0.0000294246	        0.0073793757	        0.0029672479	        0.0666666667	        0.0000520104	        0.0000134873
        0.0333969940	        0.3717517802	        0.9674828249	       -0.0639515348	        0.0000000000	        0.0000000000	        0.0000000000	        0.0000802861	        0.0000467729	        0.0089453420	        0.0028797875	        0.0666666667	        0.0000650181	        0.0000148442
        0.0382348325	        0.4171399056	        0.9647858507	       -0.1110068430	        0.0000000000	        0.0000000000	        0.0000000000	        0.0001321600	        0.0000698499	        0.0105715038	        0.0028357883	        0.0666666667	        0.0000796794	        0.0000164426
        0.0436676462	        0.4643365051	        0.9620661206	       -0.1524915950	        0.0000000000	        0.0000000000	        0.0000000000	        0.0002076743	        0.0000978057	        0.0121634900	        0.0028351284	        0.0666666667	        0.0000954533	        0.0000181630
        0.0497646022	        0.5124943661	        0.9593672142	       -0.1915964167	        0.0000000000	        0.0000000000	        0.0000000000	        0.0003109305	        0.0001291777	        0.0136174173	        0.0028626778	        0.0666666667	        0.0001118585	        0.0000199219
        0.0566018496	        0.5606618022	        0.9567035879	       -0.2295924409	        0.0000000000	        0.0000000000	        0.0000000000	        0.0004436649	        0.0001628246	        0.0148388296	        0.0028937425	        0.0666666667	        0.0001287367	        0.0000217013
        0.0642629411	        0.6078830525	        0.9540570274	       -0.2665570271	        0.0000000000	        0.0000000000	        0.0000000000	        0.0006045483	        0.0001985020	        0.0157572748	        0.0029034637	        0.0666666667	        0.0001463246	        0.0000235434
        0.0728392004	        0.6532907178	        0.9513825228	       -0.3016580355	        0.0000000000	        0.0000000000	        0.0000000000	        0.0007892343	        0.0002368102	        0.0163356207	        0.0028746473	        0.0666666667	        0.0001651683	        0.0000255265
        0.0824300053	        0.6961725929	        0.9486163374	       -0.3334394045	        0.0000000000	        0.0000000000	        0.0000000000	        0.0009912816	        0.0002788338	        0.0165735403	        0.0028002396	        0.0666666667	        0.0001860041	        0.0000277420
        0.0931429507	        0.7360606956	        0.9456818351	       -0.3600976793	        0.0000000000	        0.0000000000	        0.0000000000	        0.0012033091	        0.0003257231	        0.0165003511	        0.0026823014	        0.0666666667	        0.0002096734	        0.0000302805
        0.1050938490	        0.7726941668	        0.9424922905	       -0.3798063394	        0.0000000000	        0.0000000000	        0.0000000000	        0.0014179867	        0.0003783353	        0.0161634202	        0.0025286129	        0.0666666667	        0.0002370722	        0.0000332223
        0.1184065179	        0.8060215456	        0.9389525797	       -0.3910372150	        0.0000000000	        0.0000000000	        0.0000000000	        0.0016295982	        0.0004371761	        0.0156225766	        0.0023480347	        0.0666666667	        0.0002691070	        0.0000366287
        0.1332122955	        0.8360754069	        0.9349609520	       -0.3930809837	        0.0000000000	        0.0000000000	        0.0000000000	        0.0018343182	        0.0005022299	        0.0149380234	        0.0021501092	        0.0666666667	        0.0003066301	        0.0000405305
        0.1496492201	        0.8631515752	        0.9304113124	       -0.3858191256	        0.0000000000	        0.0000000000	        0.0000000000	        0.0020305593	        0.0005730238	        0.0141647883	        0.0019428297	        0.0666666667	        0.0003503506	        0.0000449138
        0.1678608015	        0.8875563531	        0.9251968569	       -0.3698145220	        0.0000000000	        0.0000000000	        0.0000000000	        0.0022183591	        0.0006486517	        0.0133486372	        0.0017345908	        0.0666666667	        0.0004007211	        0.0000497091
        0.1879943127	        0.9096734266	        0.9192136235	       -0.3463955764	        0.0000000000	        0.0000000000	        0.0000000000	        0.0023978861	        0.0007276151	        0.0125223157	        0.0015336661	        0.0666666667	        0.0004578270	        0.0000547847
        0.2101985296	        0.9299691508	        0.9123649312	       -0.3170270267	        0.0000000000	        0.0000000000	        0.0000000000	        0.0025705315	        0.0008080741	        0.0117117972	        0.0013454504	        0.0666666667	        0.0005213037	        0.0000599482
        0.2346208557	        0.9488499731	        0.9045713406	       -0.2837070330	        0.0000000000	        0.0000000000	        0.0000000000	        0.0027407005	        0.0008883034	        0.0109418111	        0.0011727509	        0.0666666667	        0.0005903061	        0.0000649620
        0.2614037844	        0.9666625616	        0.8957835163	       -0.2495858380	        0.0000000000	        0.0000000000	        0.0000000000	        0.0029148870	        0.0009677870	        0.0102297373	        0.0010152175	        0.0666666667	        0.0006636318	        0.0000695885
        0.2906806794	        0.9837507129	        0.8859727228	       -0.2169907939	        0.0000000000	        0.0000000000	        0.0000000000	        0.0030883291	        0.0010439305	        0.0095685984	        0.0008776376	        0.0666666667	        0.0007399698	        0.0000736574
        0.3225708876	        1.0004638691	        0.8751200229	       -0.1852726465	        0.0000000000	        0.0000000000	        0.0000000000	        0.0032609391	        0.0011171069	        0.0089526661	        0.0007553270	        0.0666666667	        0.0008183784	        0.0000770931
        0.3571742551	        1.0168244491	        0.8632039634	       -0.1545348762	        0.0000000000	        0.0000000000	        0.0000000000	        0.0034171309	        0.0011838113	        0.0083633796	        0.0006514737	        0.0666666667	        0.0008982418	        0.0000799331
        0.3945651751	        1.0329358661	        0.8501856407	       -0.1265293159	        0.0000000000	        0.0000000000	        0.0000000000	        0.0035481077	        0.0012428550	        0.0077922465	        0.0005629527	        0.0666666667	        0.0009797249	        0.0000822869
        0.4347863703	        1.0488559369	        0.8360203901	       -0.1019035860	        0.0000000000	        0.0000000000	        0.0000000000	        0.0036508798	        0.0012950298	        0.0072365967	        0.0004856534	        0.0666666667	        0.0010637767	        0.0000843129
        0.4778426900	        1.0645714176	        0.8206437951	       -0.0807022229	        0.0000000000	        0.0000000000	        0.0000000000	        0.0037125373	        0.0013386892	        0.0066862234	        0.0004186089	        0.0666666667	        0.0011519684	        0.0000862244
        0.5236952751	        1.0800506799	        0.8039535856	       -0.0626298061	        0.0000000000	        0.0000000000	        0.0000000000	        0.0037258680	        0.0013742457	        0.0061340965	        0.0003589848	        0.0666666667	        0.0012467769	        0.0000882702
        0.5722565058	        1.0951666730	        0.7858063619	       -0.0484024780	        0.0000000000	        0.0000000000	        0.0000000000	        0.0036835932	        0.0014006476	        0.0055796270	        0.0003063716	        0.0666666667	        0.0013511334	        0.0000907401
        0.6233861842	        1.1094251201	        0.7660259567	       -0.0371395038	        0.0000000000	        0.0000000000	        0.0000000000	        0.0035936119	        0.0014206534	        0.0050411413	        0.0002612716	        0.0666666667	        0.0014686157	        0.0000939894
        0.6768894010	        1.1229147489	        0.7444127852	       -0.0297313342	        0.0000000000	        0.0000000000	        0.0000000000	        0.0034569388	        0.0014340417	        0.0045283839	        0.0002242911	        0.0666666667	        0.0016024549	        0.0000983772
        0.7325164896	        1.1353742914	        0.7207171942	       -0.0251477482	        0.0000000000	        0.0000000000	        0.0000000000	        0.0032809817	        0.0014404054	        0.0040454406	        0.0001938531	        0.0666666667	        0.0017550442	        0.0001041415
        0.7899653716	        1.1463493234	        0.6947226936	       -0.0237638667	        0.0000000000	        0.0000000000	        0.0000000000	        0.0030944199	        0.0014437480	        0.0036125042	        0.0001689346	        0.0666666667	        0.0019270703	        0.0001113603
        0.8488864424	        1.1552150837	        0.6663652876	       -0.0290116554	        0.0000000000	        0.0000000000	        0.0000000000	        0.0029253592	        0.0014472811	        0.0032499764	        0.0001496709	        0.0666666667	        0.0021154959	        0.0001199235
        0.9088899606	        1.1614556702	        0.6358192544	       -0.0394900550	        0.0000000000	        0.0000000000	        0.0000000000	        0.0028078450	        0.0014553144	        0.0029815789	        0.0001365269	        0.0666666667	        0.0023134088	        0.0001294949
        0.9695556872	        1.1648009601	        0.6037473903	       -0.0515869976	        0.0000000000	        0.0000000000	        0.0000000000	        0.0027931627	        0.0014868872	        0.0028382592	        0.0001294723	        0.0666666667	        0.0025146261	        0.0001396977
        1.0304443128	        1.1648505790	        0.5710331104	       -0.0671075017	        0.0000000000	        0.0000000000	        0.0000000000	        0.0028419875	        0.0015261852	        0.0028351503	        0.0001286956	        0.0666666667	        0.0027056045	        0.0001498528
        1.0911100394	        1.1615391074	        0.5383913981	       -0.0828072833	        0.0000000000	        0.0000000000	        0.0000000000	        0.0029587224	        0.0015745100	        0.0029768793	        0.0001345870	        0.0666666667	        0.0028797342	        0.0001599424
        1.1511135576	        1.1551132309	        0.5067412497	       -0.0935529029	        0.0000000000	        0.0000000000	        0.0000000000	        0.0031892660	        0.0016506605	        0.0032461569	        0.0001463996	        0.0666666667	        0.0030361044	        0.0001704466
        1.2100346284	        1.1459481891	        0.4767696564	       -0.0992565397	        0.0000000000	        0.0000000000	        0.0000000000	        0.0034623303	        0.0017262773	        0.0036054331	        0.0001656287	        0.0666666667	        0.0031690865	        0.0001816500
        1.2674835104	        1.1347604886	        0.4486588294	       -0.1024238926	        0.0000000000	        0.0000000000	        0.0000000000	        0.0037508106	        0.0018033436	        0.0040309112	        0.0001906378	        0.0666666667	        0.0032862539	        0.0001940123
        1.3231105990	        1.1219876923	        0.4223517041	       -0.1006882015	        0.0000000000	        0.0000000000	        0.0000000000	        0.0040182201	        0.0018756370	        0.0044993011	        0.0002214588	        0.0666666667	        0.0033916855	        0.0002077146
        1.3766138158	        1.1079714217	        0.3976756188	       -0.0905933420	        0.0000000000	        0.0000000000	        0.0000000000	        0.0042398730	        0.0019374679	        0.0049986182	        0.0002594190	        0.0666666667	        0.0034858252	        0.0002226507
        1.4277434942	        1.0932197780	        0.3745043813	       -0.0734472100	        0.0000000000	        0.0000000000	        0.0000000000	        0.0044170791	        0.0019892537	        0.0055242068	        0.0003033663	        0.0666666667	        0.0035676376	        0.0002384553
        1.4763047249	        1.0780542095	        0.3527542010	       -0.0557175295	        0.0000000000	        0.0000000000	        0.0000000000	        0.0045380659	        0.0020286058	        0.0060671871	        0.0003537770	        0.0666666667	        0.0036354956	        0.0002547797
        1.5221573100	        1.0625709699	        0.3322826448	       -0.0348283758	        0.0000000000	        0.0000000000	        0.0000000000	        0.0045828522	        0.0020489581	        0.0066175369	        0.0004145392	        0.0666666667	        0.0036874949	        0.0002712874
        1.5652136297	        1.0468577140	        0.3129944211	       -0.0078306217	        0.0000000000	        0.0000000000	        0.0000000000	        0.0045836446	        0.0020614051	        0.0071900710	        0.0004828061	        0.0666666667	        0.0037226377	        0.0002874959
        1.6054348249	        1.0309301119	        0.2948278165	        0.0206204018	        0.0000000000	        0.0000000000	        0.0000000000	        0.0045179020	        0.0020541839	        0.0077698830	        0.0005643503	        0.0666666667	        0.0037379698	        0.0003028512
        1.6428257449	        1.0147232736	        0.2777098054	        0.0532234047	        0.0000000000	        0.0000000000	        0.0000000000	        0.0044110512	        0.0020364423	        0.0083650145	        0.0006552624	        0.0666666667	        0.0037324041	        0.0003168025
        1.6774291124	        0.9982497188	        0.2615995441	        0.0926105991	        0.0000000000	        0.0000000000	        0.0000000000	        0.0042619983	        0.0020046605	        0.0089740654	        0.0007592104	        0.0666666667	        0.0037040923	        0.0003287849
        1.7093193206	        0.9813422602	        0.2464479413	        0.1426406584	        0.0000000000	        0.0000000000	        0.0000000000	        0.0040728965	        0.0019554857	        0.0095966470	        0.0008817422	        0.0666666667	        0.0036517015	        0.0003382750
        1.7385962156	        0.9638769488	        0.2322496199	        0.2015444517	        0.0000000000	        0.0000000000	        0.0000000000	        0.0038712956	        0.0018944264	        0.0102583740	        0.0010195973	        0.0666666667	        0.0035755198	        0.0003448151
        1.7653791443	        0.9457424745	        0.2190357327	        0.2669330821	        0.0000000000	        0.0000000000	        0.0000000000	        0.0036621706	        0.0018215805	        0.0109633272	        0.0011710676	        0.0666666667	        0.0034774998	        0.0003481917
        1.7898014704	        0.9266313500	        0.2068029109	        0.3406434390	        0.0000000000	        0.0000000000	        0.0000000000	        0.0034338555	        0.0017329138	        0.0116929078	        0.0013450274	        0.0666666667	        0.0033609199	        0.0003485100
        1.8120056873	        0.9061337004	        0.1955299087	        0.4208222886	        0.0000000000	        0.0000000000	        0.0000000000	        0.0031980557	        0.0016334862	        0.0124555730	        0.0015364350	        0.0666666667	        0.0032302208	        0.0003460763
        1.8321391985	        0.8837336589	        0.1852031902	        0.5029602123	        0.0000000000	        0.0000000000	        0.0000000000	        0.0029602725	        0.0015260996	        0.0132531752	        0.0017378615	        0.0666666667	        0.0030904189	        0.0003413831
        1.8503507799	        0.8590959762	        0.1757875137	        0.5821484279	        0.0000000000	        0.0000000000	        0.0000000000	        0.0027152368	        0.0014118141	        0.0140593256	        0.0019443314	        0.0666666667	        0.0029464522	        0.0003350816
        1.8667877045	        0.8318898366	        0.1672126257	        0.6523173516	        0.0000000000	        0.0000000000	        0.0000000000	        0.0024593535	        0.0012938138	        0.0148361630	        0.0021464661	        0.0666666667	        0.0028024460	        0.0003278600
        1.8815934821	        0.8018455577	        0.1593761270	        0.7077634943	        0.0000000000	        0.0000000000	        0.0000000000	        0.0021889599	        0.0011743562	        0.0155274893	        0.0023383080	        0.0666666667	        0.0026610867	        0.0003203173
        1.8949061510	        0.7687051553	        0.1521514691	        0.7444860334	        0.0000000000	        0.0000000000	        0.0000000000	        0.0019065381	        0.0010565715	        0.0160778024	        0.0025129020	        0.0666666667	        0.0025234820	        0.0003128905
        1.9068570493	        0.7321053896	        0.1453990725	        0.7596851275	        0.0000000000	        0.0000000000	        0.0000000000	        0.0016177815	        0.0009425348	        0.0164261357	        0.0026620160	        0.0666666667	        0.0023892607	        0.0003058314
        1.9175699947	        0.6924946903	        0.1389705804	        0.7510324164	        0.0000000000	        0.0000000000	        0.0000000000	        0.0013310362	        0.0008332635	        0.0165107382	        0.0027762375	        0.0666666667	        0.0022567374	        0.0002992152
        1.9271607996	        0.6499298207	        0.1327117063	        0.7173175190	        0.0000000000	        0.0000000000	        0.0000000000	        0.0010569976	        0.0007289726	        0.0162844617	        0.0028501440	        0.0666666667	        0.0021230976	        0.0002929573
        1.9357370589	        0.6046535166	        0.1264652066	        0.6574527964	        0.0000000000	        0.0000000000	        0.0000000000	        0.0008062814	        0.0006285584	        0.0157167796	        0.0028808045	        0.0666666667	        0.0019845785	        0.0002868202
        1.9433981504	        0.5580015004	        0.1200782079	        0.5720005878	        0.0000000000	        0.0000000000	        0.0000000000	        0.0005888670	        0.0005310750	        0.0148207951	        0.0028731859	        0.0666666667	        0.0018368765	        0.0002804340
        1.9502353978	        0.5100755211	        0.1134160149	        0.4587800799	        0.0000000000	        0.0000000000	        0.0000000000	        0.0004095526	        0.0004344122	        0.0136147826	        0.0028437445	        0.0666666667	        0.0016759127	        0.0002733448
        1.9563323538	        0.4623822767	        0.1063871093	        0.3182884630	        0.0000000000	        0.0000000000	        0.0000000000	        0.0002709524	        0.0003398721	        0.0121839257	        0.0028177689	        0.0666666667	        0.0014995416	        0.0002651855
        1.9617651675	        0.4154631237	        0.0989838647	        0.1471167813	        0.0000000000	        0.0000000000	        0.0000000000	        0.0001700516	        0.0002503356	        0.0106058826	        0.0028208229	        0.0666666667	        0.0013098498	        0.0002559719
        1.9666030060	        0.3702677127	        0.0912998194	       -0.0562195078	        0.0000000000	        0.0000000000	        0.0000000000	        0.0001013954	        0.0001719258	        0.0089877016	        0.0028682563	        0.0666666667	        0.0011144172	        0.0002464299
        1.9709085097	        0.3278332798	        0.0835140641	       -0.2924432131	        0.0000000000	        0.0000000000	        0.0000000000	        0.0000577478	        0.0001100884	        0.0074350568	        0.0029606071	        0.0666666667	        0.0009245824	        0.0002380080
        1.9747382607	        0.2880929803	        0.0758251810	       -0.5656533158	        0.0000000000	        0.0000000000	        0.0000000000	        0.0000315025	        0.0000660165	        0.0060009478	        0.0030861039	        0.0666666667	        0.0007508682	        0.0002324103
        1.9781432525	        0.2511774358	        0.0683867607	       -0.8810008285	        0.0000000000	        0.0000000000	        0.0000000000	        0.0000165807	        0.0000375686	        0.0047295997	        0.0032252213	        0.0666666667	        0.0005995121	        0.0002310396
        1.9811693494	        0.2173801129	        0.0612863916	       -1.2363955613	        0.0000000000	        0.0000000000	        0.0000000000	        0.0000085179	        0.0000206604	        0.0036469351	        0.0033628126	        0.0666666667	        0.0004721227	        0.0002347386
        1.9838577298	        0.1870207785	        0.0545576477	       -1.6240665246	        0.0000000000	        0.0000000000	        0.0000000000	        0.0000043368	        0.0000112036	        0.0027616943	        0.0034896238	        0.0666666667	        0.0003672436	        0.0002438261
        1.9862453073	        0.1598865787	        0.0482033108	       -2.0428744366	        0.0000000000	        0.0000000000	        0.0000000000	        0.0000022138	        0.0000060774	        0.0020564567	        0.0035974227	        0.0666666667	        0.0002820763	        0.0002580081
        1.9883651267	        0.1355121259	        0.0422126898	       -2.4937128802	        0.0000000000	        0.0000000000	        0.0000000000	        0.0000011381	        0.0000033159	        0.0015017848	        0.0036801000	        0.0666666667	        0.0002135699	        0.0002769207
        1.9902467340	        0.1136118119	        0.0365716144	       -2.9689389496	        0.0000000000	        0.0000000000	        0.0000000000	        0.0000005886	        0.0000018183	        0.0010714922	        0.0037433194	        0.0666666667	        0.0001589146	        0.0003005557
        1.9919165179	        0.0940594790	        0.0312675039	       -3.4558473168	        0.0000000000	        0.0000000000	        0.0000000000	        0.0000003044	        0.0000009956	        0.0007436097	        0.0038029811	        0.0666666667	        0.0001156945	        0.0003292154
        1.9933980257	        0.0766953202	        0.0262907601	       -3.9431174353	        0.0000000000	        0.0000000000	        0.0000000000	        0.0000001553	        0.0000005365	        0.0004988615	        0.0038679762	        0.0666666667	        0.0000818898	        0.0003634883
        1.9947122508	        0.0613319609	        0.0216340426	       -4.4216157143	        0.0000000000	        0.0000000000	        0.0000000000	        0.0000000765	        0.0000002784	        0.0003206457	        0.0039415891	        0.0666666667	        0.0000558297	        0.0004043192
        1.9958778967	        0.0477741394	        0.0172909425	       -4.8843256690	        0.0000000000	        0.0000000000	        0.0000000000	        0.0000000353	        0.0000001349	        0.0001949705	        0.0040239453	        0.0666666667	        0.0000361371	        0.0004531787
        1.9969116151	        0.0358306203	        0.0132547746	       -5.3261377019	        0.0000000000	        0.0000000000	        0.0000000000	        0.0000000146	        0.0000000583	        0.0001102452	        0.0041135503	        0.0666666667	        0.0000216780	        0.0005123987
        1.9978282231	        0.0253209856	        0.0095177448	       -5.7435784283	        0.0000000000	        0.0000000000	        0.0000000000	        0.0000000050	        0.0000000209	        0.0000570046	        0.0042082278	        0.0666666667	        0.0000115209	        0.0005858857
        1.9986408981	        0.0160791065	        0.0060705161	       -6.1345273899	        0.0000000000	        0.0000000000	        0.0000000000	        0.0000000012	        0.0000000052	        0.0000276134	        0.0043056678	        0.0666666667	        0.0000049055	        0.0006808435
        1.9993613540	        0.0079545104	        0.0029021035	       -6.4979481369	        0.0000000000	        0.0000000000	        0.0000000000	        0.0000000001	        0.0000000006	        0.0000159804	        0.0044037257	        0.0666666667	        0.0000012213	        0.0008129811
        2.0000000000	        0.0008124574	        0.0000000000	       -6.8336473605	        0.0000000000	        0.0000000000	        0.0000000000	        0.0000000000	        0.0000000000	        0.0000172973	        0.0045005662	        0.0000000000	        0.0000000000	        0.0010325298
