        0.0000000000	        0.0003720394	        1.0000000000	        7.4793462837	        0.0000000000	        0.0000000000	        0.0000000000	        0.0000000000	        0.0000000000	        0.0000020666	        0.0043775141	        0.0000000000	        0.0000000000	        0.0010000000
        0.0006386460	        0.0071061799	        0.9937815095	        6.9413002515	        0.0000000000	        0.0000000000	        0.0000000133	        0.0000000148	        0.0000001431	        0.0000057800	        0.0042847495	        0.0666666667	        0.1000000000	        0.0010000000
        0.0013591019	        0.0155411162	        0.9868797474	        6.3732754848	        0.0000000000	        0.0000000000	        0.0000001067	        0.0000001186	        0.0000011280	        0.0000217689	        0.0041909561	        0.0666666667	        0.1000000000	        0.0010000000
        0.0021717769	        0.0250528174	        0.9792307310	        5.7799908901	        0.0000000000	        0.0000000000	        0.0000004283	        0.0000004758	        0.0000044435	        0.0000545336	        0.0040979346	        0.0666666667	        0.1000000000	        0.0010000000
        0.0030883849	        0.0357753378	        0.9707700671	        5.1681709464	        0.0000000000	        0.0000000000	        0.0000012338	        0.0000013708	        0.0000125360	        0.0001098182	        0.0040077888	        0.0666666667	        0.1000000000	        0.0010000000
        0.0041221033	        0.0478578963	        0.9614381564	        4.5467767429	        0.0000000000	        0.0000000000	        0.0000029534	        0.0000032816	        0.0000292838	        0.0001948933	        0.0039227864	        0.0666666667	        0.1000000000	        0.0010000000
        0.0052877492	        0.0614658994	        0.9511901920	        3.9270845715	        0.0000000000	        0.0000000000	        0.0000063015	        0.0000070017	        0.0000606325	        0.0003188842	        0.0038450701	        0.0666666667	        0.1000000000	        0.0010000000
        0.0066019743	        0.0767816942	        0.9400141674	        3.3224691620	        0.0000000000	        0.0000000000	        0.0000124595	        0.0000138439	        0.0001152990	        0.0004931430	        0.0037761267	        0.0666666667	        0.1000000000	        0.0010000000
        0.0080834821	        0.0940048405	        0.9279609121	        2.7476663092	        0.0000000000	        0.0000000000	        0.0000233842	        0.0000259824	        0.0002051678	        0.0007316524	        0.0037158780	        0.0666666667	        0.1000000000	        0.0010000000
        0.0097532660	        0.1133515979	        0.9151887266	        2.2171671738	        0.0000000000	        0.0000000000	        0.0000423374	        0.0000470416	        0.0003444498	        0.0010514442	        0.0036611906	        0.0666666667	        0.1000000000	        0.0010000000
        0.0116348733	        0.1350531775	        0.9020175741	        1.7422161453	        0.0000000000	        0.0000000000	        0.0000748371	        0.0000831523	        0.0005461325	        0.0014729910	        0.0036035035	        0.0666666667	        0.1000000000	        0.0010000000
        0.0137546927	        0.1593506736	        0.8889690183	        1.3272513510	        0.0000000000	        0.0000000000	        0.0001304212	        0.0001449124	        0.0008149234	        0.0020201944	        0.0035275318	        0.0666666667	        0.1000000000	        0.0010000000
        0.0161422702	        0.1864751472	        0.8767284965	        0.9766460072	        0.0000000000	        0.0000000000	        0.0002250521	        0.0002500579	        0.0011355593	        0.0027175481	        0.0034280984	        0.0666666667	        0.1000000000	        0.0010000000
        0.0188306506	        0.2166309579	        0.8659709865	        0.6886947443	        0.0000000000	        0.0000000000	        0.0003843192	        0.0004270213	        0.0014689552	        0.0035884446	        0.0033114114	        0.0666666667	        0.1000000000	        0.0010000000
        0.0218567475	        0.2499732765	        0.8571153500	        0.4588672329	        0.0000000000	        0.0000000000	        0.0006471033	        0.0007190037	        0.0017678128	        0.0046505421	        0.0031846276	        0.0666666667	        0.1000000000	        0.0010000000
        0.0252617393	        0.2865694260	        0.8501944800	        0.2820532920	        0.0000000000	        0.0000000000	        0.0010675134	        0.0011861260	        0.0020020556	        0.0059085378	        0.0030541045	        0.0666666667	        0.1000000000	        0.0010000000
        0.0290914903	        0.3263550173	        0.8449310637	        0.1503367429	        0.0000000000	        0.0000000000	        0.0017083334	        0.0018981482	        0.0021694856	        0.0073478631	        0.0029327829	        0.0666666667	        0.1000000000	        0.0010000000
        0.0333969940	        0.3690881789	        0.8409167600	        0.0533369272	        0.0000000000	        0.0000000000	        0.0026164012	        0.0029071125	        0.0022838765	        0.0089267165	        0.0028394333	        0.0666666667	        0.1000000000	        0.0010000000
        0.0382348325	        0.4143480891	        0.8377634860	       -0.0177607079	        0.0000000000	        0.0000000000	        0.0037906906	        0.0042118784	        0.0023631093	        0.0105770523	        0.0027862456	        0.0666666667	        0.1000000000	        0.0010000000
        0.0436676462	        0.4614932404	        0.8351666335	       -0.0710993961	        0.0000000000	        0.0000000000	        0.0051585766	        0.0057317517	        0.0024191005	        0.0122054539	        0.0027741923	        0.0666666667	        0.1000000000	        0.0010000000
        0.0497646022	        0.5096856471	        0.8329075266	       -0.1131881867	        0.0000000000	        0.0000000000	        0.0065938809	        0.0073265343	        0.0024595637	        0.0137072398	        0.0027908112	        0.0666666667	        0.1000000000	        0.0010000000
        0.0566018496	        0.5579768986	        0.8308334665	       -0.1484256017	        0.0000000000	        0.0000000000	        0.0079655477	        0.0088506085	        0.0024910214	        0.0149846444	        0.0028140489	        0.0666666667	        0.1000000000	        0.0010000000
        0.0642629411	        0.6053977568	        0.8288351372	       -0.1793355345	        0.0000000000	        0.0000000000	        0.0091717542	        0.0101908380	        0.0025182634	        0.0159581638	        0.0028201255	        0.0666666667	        0.1000000000	        0.0010000000
        0.0728392004	        0.6510621473	        0.8268288964	       -0.2069069184	        0.0000000000	        0.0000000000	        0.0101525905	        0.0112806561	        0.0025450741	        0.0165838621	        0.0027920755	        0.0666666667	        0.1000000000	        0.0010000000
        0.0824300053	        0.6942261322	        0.8247441741	       -0.2310807800	        0.0000000000	        0.0000000000	        0.0108809510	        0.0120899455	        0.0025734426	        0.0168526162	        0.0027225561	        0.0666666667	        0.1000000000	        0.0010000000
        0.0931429507	        0.7343715573	        0.8225150061	       -0.2512302950	        0.0000000000	        0.0000000000	        0.0113583501	        0.0126203890	        0.0026047907	        0.0167882654	        0.0026125604	        0.0666666667	        0.1000000000	        0.0010000000
        0.1050938490	        0.7712201161	        0.8200747079	       -0.2664971365	        0.0000000000	        0.0000000000	        0.0116080119	        0.0128977910	        0.0026397154	        0.0164370274	        0.0024682193	        0.0666666667	        0.1000000000	        0.0010000000
        0.1184065179	        0.8047219529	        0.8173531719	       -0.2760478959	        0.0000000000	        0.0000000000	        0.0116734807	        0.0129705341	        0.0026782935	        0.0158608376	        0.0022979134	        0.0666666667	        0.1000000000	        0.0010000000
        0.1332122955	        0.8349090643	        0.8142777972	       -0.2793460163	        0.0000000000	        0.0000000000	        0.0116188161	        0.0129097957	        0.0027212229	        0.0151315714	        0.0021100010	        0.0666666667	        0.1000000000	        0.0010000000
        0.1496492201	        0.8620799439	        0.8107775139	       -0.2762104857	        0.0000000000	        0.0000000000	        0.0115120473	        0.0127911637	        0.0027685720	        0.0143157766	        0.0019118312	        0.0666666667	        0.1000000000	        0.0010000000
        0.1678608015	        0.8865214377	        0.8067888505	       -0.2667894819	        0.0000000000	        0.0000000000	        0.0114167310	        0.0126852566	        0.0028205708	        0.0134733425	        0.0017108552	        0.0666666667	        0.1000000000	        0.0010000000
        0.1879943127	        0.9086375713	        0.8022624795	       -0.2519084945	        0.0000000000	        0.0000000000	        0.0113792175	        0.0126435750	        0.0028787061	        0.0126475806	        0.0015138772	        0.0666666667	        0.1000000000	        0.0010000000
        0.2101985296	        0.9288662180	        0.7971606275	       -0.2329632929	        0.0000000000	        0.0000000000	        0.0113956904	        0.0126618782	        0.0029405506	        0.0118539438	        0.0013281127	        0.0666666667	        0.1000000000	        0.0010000000
        0.2346208557	        0.9476217384	        0.7914453738	       -0.2112908156	        0.0000000000	        0.0000000000	        0.0114375516	        0.0127083907	        0.0030006179	        0.0110956524	        0.0011591232	        0.0666666667	        0.1000000000	        0.0010000000
        0.2614037844	        0.9653180414	        0.7850813220	       -0.1878238633	        0.0000000000	        0.0000000000	        0.0115142841	        0.0127936490	        0.0030607865	        0.0103793041	        0.0010069690	        0.0666666667	        0.1000000000	        0.0010000000
        0.2906806794	        0.9823175179	        0.7780436325	       -0.1635226444	        0.0000000000	        0.0000000000	        0.0116218017	        0.0129131130	        0.0031241783	        0.0097028547	        0.0008711431	        0.0666666667	        0.1000000000	        0.0010000000
        0.3225708876	        0.9989200024	        0.7702915803	       -0.1401075067	        0.0000000000	        0.0000000000	        0.0116780038	        0.0129755598	        0.0031761380	        0.0090536031	        0.0007544917	        0.0666666667	        0.1000000000	        0.0010000000
        0.3571742551	        1.0153232255	        0.7617746438	       -0.1189374837	        0.0000000000	        0.0000000000	        0.0117198733	        0.0130220815	        0.0032289580	        0.0084305360	        0.0006516744	        0.0666666667	        0.1000000000	        0.0010000000
        0.3945651751	        1.0316309791	        0.7524448057	       -0.0998027602	        0.0000000000	        0.0000000000	        0.0117087582	        0.0130097313	        0.0032742484	        0.0078283713	        0.0005624860	        0.0666666667	        0.1000000000	        0.0010000000
        0.4347863703	        1.0479487826	        0.7422435680	       -0.0825152677	        0.0000000000	        0.0000000000	        0.0116485822	        0.0129428691	        0.0033151324	        0.0072414656	        0.0004840139	        0.0666666667	        0.1000000000	        0.0010000000
        0.4778426900	        1.0639793750	        0.7311130938	       -0.0672305150	        0.0000000000	        0.0000000000	        0.0115330453	        0.0128144948	        0.0033539866	        0.0066703200	        0.0004151569	        0.0666666667	        0.1000000000	        0.0010000000
        0.5236952751	        1.0798927363	        0.7189676627	       -0.0547618063	        0.0000000000	        0.0000000000	        0.0113109020	        0.0125676688	        0.0033800047	        0.0061089856	        0.0003556807	        0.0666666667	        0.1000000000	        0.0010000000
        0.5722565058	        1.0953043846	        0.7057108658	       -0.0456972185	        0.0000000000	        0.0000000000	        0.0110334843	        0.0122594270	        0.0034112234	        0.0055629089	        0.0003030310	        0.0666666667	        0.1000000000	        0.0010000000
        0.6233861842	        1.1100544001	        0.6912128409	       -0.0401929652	        0.0000000000	        0.0000000000	        0.0106216078	        0.0118017865	        0.0034305657	        0.0050335779	        0.0002586299	        0.0666666667	        0.1000000000	        0.0010000000
        0.6768894010	        1.1237034017	        0.6752744177	       -0.0377004092	        0.0000000000	        0.0000000000	        0.0101069986	        0.0112299984	        0.0034542054	        0.0045264061	        0.0002208145	        0.0666666667	        0.1000000000	        0.0010000000
        0.7325164896	        1.1360800351	        0.6576173809	       -0.0389747523	        0.0000000000	        0.0000000000	        0.0094404025	        0.0104893361	        0.0034674659	        0.0040446369	        0.0001900111	        0.0666666667	        0.1000000000	        0.0010000000
        0.7899653716	        1.1467337279	        0.6378587885	       -0.0420413989	        0.0000000000	        0.0000000000	        0.0086834852	        0.0096483169	        0.0034670693	        0.0036074730	        0.0001657181	        0.0666666667	        0.1000000000	        0.0010000000
        0.8488864424	        1.1553239409	        0.6157559966	       -0.0482556418	        0.0000000000	        0.0000000000	        0.0080224847	        0.0089138719	        0.0034811006	        0.0032491869	        0.0001467221	        0.0666666667	        0.1000000000	        0.0010000000
        0.9088899606	        1.1612683431	        0.5913626228	       -0.0578107238	        0.0000000000	        0.0000000000	        0.0074973955	        0.0083304394	        0.0034967800	        0.0029931779	        0.0001342143	        0.0666666667	        0.1000000000	        0.0010000000
        0.9695556872	        1.1642646327	        0.5650434769	       -0.0709300749	        0.0000000000	        0.0000000000	        0.0071802341	        0.0079780379	        0.0035157181	        0.0028610618	        0.0001286628	        0.0666666667	        0.1000000000	        0.0010000000
        1.0304443128	        1.1640087716	        0.5377313279	       -0.0870553526	        0.0000000000	        0.0000000000	        0.0072002861	        0.0080003179	        0.0035727556	        0.0028700502	        0.0001290714	        0.0666666667	        0.1000000000	        0.0010000000
        1.0911100394	        1.1605611748	        0.5106938708	       -0.1034807818	        0.0000000000	        0.0000000000	        0.0075223422	        0.0083581580	        0.0036514959	        0.0030163827	        0.0001358016	        0.0666666667	        0.1000000000	        0.0010000000
        1.1511135576	        1.1541132500	        0.4849506409	       -0.1182856791	        0.0000000000	        0.0000000000	        0.0080924250	        0.0089915833	        0.0037512990	        0.0032861781	        0.0001486474	        0.0666666667	        0.1000000000	        0.0010000000
        1.2100346284	        1.1450483922	        0.4610217768	       -0.1290033203	        0.0000000000	        0.0000000000	        0.0087929483	        0.0097699426	        0.0038582723	        0.0036540552	        0.0001676938	        0.0666666667	        0.1000000000	        0.0010000000
        1.2674835104	        1.1338470322	        0.4389458048	       -0.1336144372	        0.0000000000	        0.0000000000	        0.0094914405	        0.0105460450	        0.0039588775	        0.0040876636	        0.0001929294	        0.0666666667	        0.1000000000	        0.0010000000
        1.3231105990	        1.1211120660	        0.4185332864	       -0.1323881164	        0.0000000000	        0.0000000000	        0.0101122409	        0.0112358233	        0.0040530952	        0.0045609330	        0.0002240687	        0.0666666667	        0.1000000000	        0.0010000000
        1.3766138158	        1.1071741254	        0.3995460035	       -0.1248361423	        0.0000000000	        0.0000000000	        0.0106018379	        0.0117798199	        0.0041298054	        0.0050615279	        0.0002620431	        0.0666666667	        0.1000000000	        0.0010000000
        1.4277434942	        1.0925446453	        0.3818247623	       -0.1089256673	        0.0000000000	        0.0000000000	        0.0110119808	        0.0122355342	        0.0042043499	        0.0055830344	        0.0003058780	        0.0666666667	        0.1000000000	        0.0010000000
        1.4763047249	        1.0776196861	        0.3652712470	       -0.0871213446	        0.0000000000	        0.0000000000	        0.0113036506	        0.0125596118	        0.0042604451	        0.0061130944	        0.0003564084	        0.0666666667	        0.1000000000	        0.0010000000
        1.5221573100	        1.0623620459	        0.3497850956	       -0.0617435454	        0.0000000000	        0.0000000000	        0.0114761374	        0.0127512638	        0.0042982555	        0.0066525782	        0.0004151823	        0.0666666667	        0.1000000000	        0.0010000000
        1.5652136297	        1.0469647853	        0.3352944148	       -0.0318844093	        0.0000000000	        0.0000000000	        0.0115531800	        0.0128368667	        0.0043210590	        0.0072012096	        0.0004829529	        0.0666666667	        0.1000000000	        0.0010000000
        1.6054348249	        1.0314433980	        0.3217509998	        0.0044851291	        0.0000000000	        0.0000000000	        0.0115436841	        0.0128263156	        0.0043226483	        0.0077638321	        0.0005618689	        0.0666666667	        0.1000000000	        0.0010000000
        1.6428257449	        1.0155214592	        0.3091408527	        0.0485208432	        0.0000000000	        0.0000000000	        0.0115032588	        0.0127813986	        0.0043107098	        0.0083538973	        0.0006530106	        0.0666666667	        0.1000000000	        0.0010000000
        1.6774291124	        0.9994783807	        0.2974766194	        0.0993484704	        0.0000000000	        0.0000000000	        0.0114460649	        0.0127178499	        0.0042836851	        0.0089712980	        0.0007571991	        0.0666666667	        0.1000000000	        0.0010000000
        1.7093193206	        0.9830497075	        0.2867540981	        0.1572535431	        0.0000000000	        0.0000000000	        0.0113574630	        0.0126194033	        0.0042364622	        0.0096094345	        0.0008761340	        0.0666666667	        0.1000000000	        0.0010000000
        1.7385962156	        0.9661288141	        0.2769545930	        0.2231295050	        0.0000000000	        0.0000000000	        0.0112525339	        0.0125028154	        0.0041705820	        0.0102764574	        0.0010121595	        0.0666666667	        0.1000000000	        0.0010000000
        1.7653791443	        0.9485174418	        0.2680683077	        0.2960077239	        0.0000000000	        0.0000000000	        0.0111701162	        0.0124112403	        0.0040907630	        0.0109808272	        0.0011649153	        0.0666666667	        0.1000000000	        0.0010000000
        1.7898014704	        0.9299044001	        0.2600925198	        0.3734530046	        0.0000000000	        0.0000000000	        0.0111372429	        0.0123747144	        0.0040015681	        0.0117306549	        0.0013335673	        0.0666666667	        0.1000000000	        0.0010000000
        1.8120056873	        0.9098989823	        0.2530065530	        0.4504632442	        0.0000000000	        0.0000000000	        0.0111378486	        0.0123753873	        0.0038990891	        0.0125207203	        0.0015187461	        0.0666666667	        0.1000000000	        0.0010000000
        1.8321391985	        0.8879693241	        0.2467688746	        0.5224028370	        0.0000000000	        0.0000000000	        0.0111848769	        0.0124276410	        0.0037913840	        0.0133450638	        0.0017163912	        0.0666666667	        0.1000000000	        0.0010000000
        1.8503507799	        0.8637243843	        0.2413234626	        0.5847909647	        0.0000000000	        0.0000000000	        0.0112700997	        0.0125223330	        0.0036821980	        0.0141796992	        0.0019195746	        0.0666666667	        0.1000000000	        0.0010000000
        1.8667877045	        0.8367676646	        0.2365947542	        0.6332867854	        0.0000000000	        0.0000000000	        0.0113606640	        0.0126229600	        0.0035731741	        0.0149860894	        0.0021208943	        0.0666666667	        0.1000000000	        0.0010000000
        1.8815934821	        0.8067885625	        0.2324929189	        0.6643157188	        0.0000000000	        0.0000000000	        0.0114218623	        0.0126909581	        0.0034703065	        0.0157160076	        0.0023103042	        0.0666666667	        0.1000000000	        0.0010000000
        1.8949061510	        0.7735313322	        0.2289181398	        0.6754297353	        0.0000000000	        0.0000000000	        0.0113821178	        0.0126467976	        0.0033738091	        0.0163028962	        0.0024806103	        0.0666666667	        0.1000000000	        0.0010000000
        1.9068570493	        0.7366276140	        0.2257646674	        0.6646146710	        0.0000000000	        0.0000000000	        0.0111657786	        0.0124064207	        0.0032840458	        0.0166776884	        0.0026267294	        0.0666666667	        0.1000000000	        0.0010000000
        1.9175699947	        0.6965831904	        0.2229294772	        0.6301175461	        0.0000000000	        0.0000000000	        0.0107237036	        0.0119152262	        0.0032030775	        0.0167708052	        0.0027393312	        0.0666666667	        0.1000000000	        0.0010000000
        1.9271607996	        0.6535038578	        0.2203165794	        0.5699519223	        0.0000000000	        0.0000000000	        0.0100328841	        0.0111476490	        0.0031324725	        0.0165349153	        0.0028118314	        0.0666666667	        0.1000000000	        0.0010000000
        1.9357370589	        0.6076819098	        0.2178342511	        0.4813013381	        0.0000000000	        0.0000000000	        0.0090901206	        0.0101001340	        0.0030709953	        0.0159414906	        0.0028419607	        0.0666666667	        0.1000000000	        0.0010000000
        1.9433981504	        0.5605086923	        0.2153891925	        0.3630432329	        0.0000000000	        0.0000000000	        0.0079300022	        0.0088111136	        0.0030207831	        0.0150075531	        0.0028366053	        0.0666666667	        0.1000000000	        0.0010000000
        1.9502353978	        0.5121001849	        0.2128736568	        0.2103768383	        0.0000000000	        0.0000000000	        0.0065880373	        0.0073200415	        0.0029719013	        0.0137566685	        0.0028137425	        0.0666666667	        0.1000000000	        0.0010000000
        1.9563323538	        0.4639886135	        0.2101487643	        0.0232850216	        0.0000000000	        0.0000000000	        0.0051771756	        0.0057524174	        0.0029245925	        0.0122814913	        0.0027975524	        0.0666666667	        0.1000000000	        0.0010000000
        1.9617651675	        0.4167267905	        0.2070240929	       -0.2015579258	        0.0000000000	        0.0000000000	        0.0038165100	        0.0042405666	        0.0028653829	        0.0106648234	        0.0028108892	        0.0666666667	        0.1000000000	        0.0010000000
        1.9666030060	        0.3712654360	        0.2032236300	       -0.4627542568	        0.0000000000	        0.0000000000	        0.0026404740	        0.0029338600	        0.0027848046	        0.0090167398	        0.0028663727	        0.0666666667	        0.1000000000	        0.0010000000
        1.9709085097	        0.3286303080	        0.1983641114	       -0.7562373415	        0.0000000000	        0.0000000000	        0.0017310213	        0.0019233570	        0.0026706207	        0.0074439500	        0.0029630845	        0.0666666667	        0.1000000000	        0.0010000000
        1.9747382607	        0.2887309312	        0.1919525136	       -1.0813658317	        0.0000000000	        0.0000000000	        0.0010836849	        0.0012040943	        0.0024902974	        0.0059977472	        0.0030893741	        0.0666666667	        0.1000000000	        0.0010000000
        1.9781432525	        0.2516915681	        0.1834346036	       -1.4365084329	        0.0000000000	        0.0000000000	        0.0006555843	        0.0007284270	        0.0022210700	        0.0047202797	        0.0032266655	        0.0666666667	        0.1000000000	        0.0010000000
        1.9811693494	        0.2178000712	        0.1723874223	       -1.8139986535	        0.0000000000	        0.0000000000	        0.0003875622	        0.0004306247	        0.0018613159	        0.0036355205	        0.0033608443	        0.0666666667	        0.1000000000	        0.0010000000
        1.9838577298	        0.1873677428	        0.1587907009	       -2.2022062523	        0.0000000000	        0.0000000000	        0.0002263459	        0.0002514954	        0.0014511151	        0.0027505172	        0.0034835548	        0.0666666667	        0.1000000000	        0.0010000000
        1.9862453073	        0.1601749998	        0.1431665477	       -2.5963518710	        0.0000000000	        0.0000000000	        0.0001312351	        0.0001458168	        0.0010505348	        0.0020466797	        0.0035873492	        0.0666666667	        0.1000000000	        0.0010000000
        1.9883651267	        0.1357515146	        0.1263922068	       -2.9950588057	        0.0000000000	        0.0000000000	        0.0000753492	        0.0000837213	        0.0007087785	        0.0014938071	        0.0036667170	        0.0666666667	        0.1000000000	        0.0010000000
        1.9902467340	        0.1138090088	        0.1093694927	       -3.3927229594	        0.0000000000	        0.0000000000	        0.0000425508	        0.0000472787	        0.0004481912	        0.0010653032	        0.0037273371	        0.0666666667	        0.1000000000	        0.0010000000
        1.9919165179	        0.0942203378	        0.0928045264	       -3.7808623234	        0.0000000000	        0.0000000000	        0.0000234073	        0.0000260081	        0.0002665418	        0.0007390239	        0.0037846553	        0.0666666667	        0.1000000000	        0.0010000000
        1.9933980257	        0.0768249227	        0.0771496573	       -4.1532222158	        0.0000000000	        0.0000000000	        0.0000123998	        0.0000137776	        0.0001489970	        0.0004956204	        0.0038472887	        0.0666666667	        0.1000000000	        0.0010000000
        1.9947122508	        0.0614346920	        0.0626415468	       -4.5057287068	        0.0000000000	        0.0000000000	        0.0000062293	        0.0000069214	        0.0000777284	        0.0003184729	        0.0039184073	        0.0666666667	        0.1000000000	        0.0010000000
        1.9958778967	        0.0478537663	        0.0493664427	       -4.8359578314	        0.0000000000	        0.0000000000	        0.0000029039	        0.0000032266	        0.0000372387	        0.0001936034	        0.0039981137	        0.0666666667	        0.1000000000	        0.0010000000
        1.9969116151	        0.0358903709	        0.0373186747	       -5.1427160253	        0.0000000000	        0.0000000000	        0.0000012176	        0.0000013528	        0.0000159393	        0.0001094503	        0.0040849387	        0.0666666667	        0.1000000000	        0.0010000000
        1.9978282231	        0.0253636211	        0.0264421943	       -5.4257111386	        0.0000000000	        0.0000000000	        0.0000004403	        0.0000004892	        0.0000058595	        0.0000565837	        0.0041767527	        0.0666666667	        0.1000000000	        0.0010000000
        1.9986408981	        0.0161069870	        0.0166566635	       -5.6852965901	        0.0000000000	        0.0000000000	        0.0000001332	        0.0000001480	        0.0000017974	        0.0000274043	        0.0042712988	        0.0666666667	        0.1000000000	        0.0010000000
        1.9993613540	        0.0079696534	        0.0078726515	       -5.9222741347	        0.0000000000	        0.0000000000	        0.0000000363	        0.0000000403	        0.0000004949	        0.0000158546	        0.0043664831	        0.0666666667	        0.1000000000	        0.0010000000
        2.0000000000	        0.0008165880	        0.0000000000	       -6.1377432660	        0.0000000000	        0.0000000000	        0.0000000000	        0.0000000000	        0.0000000000	        0.0000171558	        0.0044605138	        0.0000000000	        0.0000000000	        0.0010000000
