        0.0000000000	        0.0000000000	        1.0000000000	       -0.0000054336	        0.0000000000	        0.0000000000	        0.0000000000	        0.0000000000	        0.0064677711	        0.0000000000	        0.1000000000	        0.0010000000	        0.6000000000	        0.0007408163	        0.0007130958
        0.0014313701	        0.0134114122	        0.9960743780	       -0.0001357608	        0.0000000012	        0.0000000023	        0.0000000037	        0.0000298154	        0.0061166389	        0.0000000057	        0.1000000000	        0.0010000000	        0.6009436310	        0.0007227311	        0.0007015381
        0.0030125084	        0.0282026590	        0.9918486305	       -0.0002444600	        0.0000000109	        0.0000000200	        0.0000000319	        0.0000954346	        0.0057691571	        0.0000000493	        0.1000000000	        0.0010000000	        0.6019627283	        0.0007041880	        0.0006876818
        0.0047588098	        0.0445091651	        0.9873017897	       -0.0003413900	        0.0000000481	        0.0000000886	        0.0000001375	        0.0002054652	        0.0054304973	        0.0000002118	        0.1000000000	        0.0010000000	        0.6030631290	        0.0006860016	        0.0006714887
        0.0066871908	        0.0624763512	        0.9824106813	       -0.0004441270	        0.0000001520	        0.0000002796	        0.0000004233	        0.0003699592	        0.0051067148	        0.0000006484	        0.1000000000	        0.0010000000	        0.6042513478	        0.0006681823	        0.0006534219
        0.0088162262	        0.0822577489	        0.9771514300	       -0.0005656155	        0.0000003920	        0.0000007192	        0.0000010625	        0.0006005371	        0.0048048395	        0.0000016198	        0.1000000000	        0.0010000000	        0.6055342366	        0.0006505587	        0.0006357212
        0.0111662954	        0.1040110756	        0.9715008231	       -0.0006929509	        0.0000008797	        0.0000016105	        0.0000023199	        0.0009104176	        0.0045329285	        0.0000035269	        0.1000000000	        0.0010000000	        0.6069186730	        0.0006329149	        0.0006189392
        0.0137597373	        0.1278914460	        0.9654368352	       -0.0008242917	        0.0000017811	        0.0000032527	        0.0000045642	        0.0013142354	        0.0043000183	        0.0000069464	        0.1000000000	        0.0010000000	        0.6084114501	        0.0006150249	        0.0006017489
        0.0166210148	        0.1540411586	        0.9589400293	       -0.0009640902	        0.0000033224	        0.0000060515	        0.0000082590	        0.0018274744	        0.0041158805	        0.0000126605	        0.1000000000	        0.0010000000	        0.6100189440	        0.0005966052	        0.0005839856
        0.0197768871	        0.1825764260	        0.9519957017	       -0.0011086027	        0.0000057843	        0.0000105060	        0.0000139149	        0.0024653141	        0.0039904509	        0.0000216730	        0.1000000000	        0.0010000000	        0.6117465862	        0.0005773492	        0.0005661327
        0.0232565889	        0.2135731022	        0.9445956489	       -0.0012427653	        0.0000094780	        0.0000171629	        0.0000219974	        0.0032407612	        0.0039328135	        0.0000352021	        0.1000000000	        0.0010000000	        0.6135984087	        0.0005570145	        0.0005475738
        0.0270920169	        0.2470552272	        0.9367390009	       -0.0013671854	        0.0000147051	        0.0000265426	        0.0000328144	        0.0041621794	        0.0039497310	        0.0000546453	        0.1000000000	        0.0010000000	        0.6155768014	        0.0005355595	        0.0005277261
        0.0313179184	        0.2829904615	        0.9284299485	       -0.0014792115	        0.0000217166	        0.0000390646	        0.0000464376	        0.0052306976	        0.0040439126	        0.0000815175	        0.1000000000	        0.0010000000	        0.6176830429	        0.0005132039	        0.0005065255
        0.0359720830	        0.3212939177	        0.9196744370	       -0.0015892508	        0.0000306921	        0.0000550111	        0.0000627101	        0.0064382519	        0.0042124364	        0.0001173730	        0.1000000000	        0.0010000000	        0.6199181084	        0.0004903675	        0.0004833653
        0.0410955314	        0.3618376595	        0.9104762792	       -0.0017355793	        0.0000417533	        0.0000745522	        0.0000810411	        0.0077669145	        0.0044458360	        0.0001637252	        0.1000000000	        0.0010000000	        0.6222836594	        0.0004658278	        0.0004579308
        0.0467326989	        0.4041739641	        0.9009041069	       -0.0019074571	        0.0000591490	        0.0001051933	        0.0001076732	        0.0091819651	        0.0047285857	        0.0002216173	        0.1000000000	        0.0010000000	        0.6247646442	        0.0004368897	        0.0004304054
        0.0529316067	        0.4474486376	        0.8911120378	       -0.0020229825	        0.0000849141	        0.0001503994	        0.0001429596	        0.0106134221	        0.0050213807	        0.0002910943	        0.1000000000	        0.0010000000	        0.6273231770	        0.0004040587	        0.0004008968
        0.0597440162	        0.4909225081	        0.8812162076	       -0.0020615193	        0.0001169671	        0.0002063141	        0.0001806100	        0.0119768486	        0.0052737776	        0.0003716447	        0.1000000000	        0.0010000000	        0.6299301992	        0.0003705861	        0.0003700875
        0.0672255573	        0.5340817466	        0.8712744443	       -0.0020496740	        0.0001559549	        0.0002739348	        0.0002198981	        0.0132022326	        0.0054484756	        0.0004624818	        0.1000000000	        0.0010000000	        0.6325712334	        0.0003384025	        0.0003385548
        0.0754358219	        0.5764882898	        0.8613292123	       -0.0020525716	        0.0002025660	        0.0003543148	        0.0002600820	        0.0142355883	        0.0055228297	        0.0005623353	        0.1000000000	        0.0010000000	        0.6352354395	        0.0003081449	        0.0003067975
        0.0844384110	        0.6177921753	        0.8514095135	       -0.0021365409	        0.0002575001	        0.0004485098	        0.0003005931	        0.0150433146	        0.0054894816	        0.0006695446	        0.1000000000	        0.0010000000	        0.6379152553	        0.0002801644	        0.0002757499
        0.0943009237	        0.6577337834	        0.8415335944	       -0.0023644834	        0.0003214323	        0.0005575144	        0.0003410306	        0.0156122277	        0.0053541682	        0.0007821734	        0.1000000000	        0.0010000000	        0.6406057994	        0.0002546333	        0.0002461672
        0.1050948725	        0.6961380521	        0.8317085503	       -0.0027915575	        0.0003949742	        0.0006821960	        0.0003811264	        0.0159464219	        0.0051318035	        0.0008981229	        0.1000000000	        0.0010000000	        0.6433050991	        0.0002315856	        0.0002187694
        0.1168955085	        0.7329032843	        0.8219337200	       -0.0034491606	        0.0004786361	        0.0008232307	        0.0004205848	        0.0160625754	        0.0048421626	        0.0010152326	        0.1000000000	        0.0010000000	        0.6460132721	        0.0002108916	        0.0001937680
        0.1297815392	        0.7679871917	        0.8122064342	       -0.0043750554	        0.0005727909	        0.0009810451	        0.0004591409	        0.0159850722	        0.0045061659	        0.0011313614	        0.1000000000	        0.0010000000	        0.6487310034	        0.0001923805	        0.0001713963
        0.1438347190	        0.8013923130	        0.8025190393	       -0.0055668494	        0.0006776448	        0.0011557704	        0.0004966625	        0.0157417518	        0.0041432247	        0.0012444482	        0.1000000000	        0.0010000000	        0.6514604111	        0.0001759019	        0.0001518149
        0.1591392914	        0.8331522654	        0.7928598704	       -0.0070242658	        0.0007932188	        0.0013472145	        0.0005329749	        0.0153607658	        0.0037697495	        0.0013525589	        0.1000000000	        0.0010000000	        0.6542048292	        0.0001612594	        0.0001350297
        0.1757812632	        0.8633196512	        0.7832177028	       -0.0087063100	        0.0009193454	        0.0015548634	        0.0005679251	        0.0148685704	        0.0033986030	        0.0014539293	        0.1000000000	        0.0010000000	        0.6569675761	        0.0001482599	        0.0001208081
        0.1938474899	        0.8919558840	        0.7735791129	       -0.0105942879	        0.0010556882	        0.0017779190	        0.0006014879	        0.0142888147	        0.0030391742	        0.0015470031	        0.1000000000	        0.0010000000	        0.6597527183	        0.0001367422	        0.0001088718
        0.2134245548	        0.9191228624	        0.7639295688	       -0.0126375631	        0.0012017915	        0.0020153862	        0.0006336108	        0.0136419649	        0.0026978198	        0.0016304749	        0.1000000000	        0.0010000000	        0.6625647815	        0.0001265333	        0.0000990320
        0.2345974273	        0.9448762586	        0.7542565189	       -0.0147939385	        0.0013571663	        0.0022662230	        0.0006642538	        0.0129454229	        0.0023784575	        0.0017033411	        0.1000000000	        0.0010000000	        0.6654078573	        0.0001174660	        0.0000909350
        0.2574478906	        0.9692601192	        0.7445490971	       -0.0170148608	        0.0015214248	        0.0025295650	        0.0006934212	        0.0122139244	        0.0020831654	        0.0017649573	        0.1000000000	        0.0010000000	        0.6682856712	        0.0001093850	        0.0000843191
        0.2820527391	        0.9923025472	        0.7348007206	       -0.0192522883	        0.0016944674	        0.0028050347	        0.0007211230	        0.0114601261	        0.0018127266	        0.0018151018	        0.1000000000	        0.0010000000	        0.6712007859	        0.0001021380	        0.0000790336
        0.3084817527	        1.0140123896	        0.7250106123	       -0.0214346257	        0.0018767269	        0.0030931387	        0.0007473864	        0.0106952636	        0.0015670811	        0.0018540405	        0.1000000000	        0.0010000000	        0.6741540879	        0.0000955774	        0.0000749507
        0.3367954708	        1.0343770967	        0.7151866817	       -0.0234852364	        0.0020694613	        0.0033957357	        0.0007722607	        0.0099298231	        0.0013456798	        0.0018825821	        0.1000000000	        0.0010000000	        0.6771438328	        0.0000895608	        0.0000718471
        0.3670428018	        1.0533622467	        0.7053474550	       -0.0253236875	        0.0022750660	        0.0037165267	        0.0007959018	        0.0091741458	        0.0011477387	        0.0019021050	        0.1000000000	        0.0010000000	        0.6801649312	        0.0000839608	        0.0000695452
        0.3992585207	        1.0709135614	        0.6955228227	       -0.0268614071	        0.0024973420	        0.0040614602	        0.0008185350	        0.0084388750	        0.0009723996	        0.0019145303	        0.1000000000	        0.0010000000	        0.6832085663	        0.0000786630	        0.0000677794
        0.4334607283	        1.0869624524	        0.6857559670	       -0.0280343071	        0.0027416016	        0.0044388682	        0.0008403059	        0.0077351435	        0.0008188003	        0.0019222139	        0.1000000000	        0.0010000000	        0.6862614229	        0.0000735604	        0.0000663673
        0.4696483595	        1.1014358940	        0.6761046242	       -0.0287602251	        0.0030144322	        0.0048590517	        0.0008613308	        0.0070743710	        0.0006860631	        0.0019277362	        0.1000000000	        0.0010000000	        0.6893050928	        0.0000685766	        0.0000652947
        0.5077988477	        1.1142703693	        0.6666361070	       -0.0289493151	        0.0033228976	        0.0053329704	        0.0008816639	        0.0064675925	        0.0005732154	        0.0019335891	        0.1000000000	        0.0010000000	        0.6923174571	        0.0000636792	        0.0000647217
        0.5478660655	        1.1254277424	        0.6574218295	       -0.0284543608	        0.0036729818	        0.0058697565	        0.0009013804	        0.0059244186	        0.0004790876	        0.0019418205	        0.1000000000	        0.0010000000	        0.6952743221	        0.0000588980	        0.0000647055
        0.5897786695	        1.1349088348	        0.6485232176	       -0.0271633438	        0.0040672628	        0.0064730434	        0.0009205760	        0.0054518864	        0.0004022373	        0.0019537273	        0.1000000000	        0.0010000000	        0.6981539635	        0.0000543211	        0.0000651773
        0.6334389769	        1.1427597736	        0.6399827296	       -0.0249691063	        0.0045021372	        0.0071366636	        0.0009393060	        0.0050536538	        0.0003409533	        0.0019697197	        0.1000000000	        0.0010000000	        0.7009402362	        0.0000500725	        0.0000660797
        0.6787224963	        1.1490680452	        0.6318134244	       -0.0218215685	        0.0049653704	        0.0078409209	        0.0009576320	        0.0047298599	        0.0002933486	        0.0019894022	        0.1000000000	        0.0010000000	        0.7036263037	        0.0000462869	        0.0000673259
        0.7254782147	        1.1539490782	        0.6239974431	       -0.0177032622	        0.0054350389	        0.0085511175	        0.0009756627	        0.0044777489	        0.0002575196	        0.0020118388	        0.1000000000	        0.0010000000	        0.7062155394	        0.0000430832	        0.0000687497
        0.7735297135	        1.1575276989	        0.6164860116	       -0.0126903854	        0.0058808645	        0.0092198278	        0.0009935927	        0.0042927991	        0.0002317133	        0.0020358839	        0.1000000000	        0.0010000000	        0.7087219059	        0.0000405488	        0.0000701139
        0.8226771500	        1.1599198064	        0.6092068682	       -0.0069191184	        0.0062682985	        0.0097934357	        0.0010115295	        0.0041699847	        0.0002144601	        0.0020604730	        0.1000000000	        0.0010000000	        0.7111677961	        0.0000387293	        0.0000712502
        0.8727000940	        1.1612181167	        0.6020718769	       -0.0005869127	        0.0065647056	        0.0102218393	        0.0010296560	        0.0041048311	        0.0002046506	        0.0020848105	        0.1000000000	        0.0010000000	        0.7135816889	        0.0000376433	        0.0000718027
        0.9233611572	        1.1614834544	        0.5949825482	        0.0059886994	        0.0067460070	        0.0104687163	        0.0010479712	        0.0040940998	        0.0002015623	        0.0021084540	        0.1000000000	        0.0010000000	        0.7159964179	        0.0000372833	        0.0000716684
        0.9744103051	        1.1607413784	        0.5878396663	        0.0125390047	        0.0068016940	        0.0105191456	        0.0010662834	        0.0041360954	        0.0002048526	        0.0021313323	        0.1000000000	        0.0010000000	        0.7184459727	        0.0000376242	        0.0000712356
        1.0255896949	        1.1589833539	        0.5805468251	        0.0188848007	        0.0067365901	        0.0103820675	        0.0010844571	        0.0042306171	        0.0002145304	        0.0021537175	        0.1000000000	        0.0010000000	        0.7209643070	        0.0000386352	        0.0000706157
        1.0766388428	        1.1561718421	        0.5730160137	        0.0248093316	        0.0065688697	        0.0100869423	        0.0011023772	        0.0043786188	        0.0002309139	        0.0021761677	        0.1000000000	        0.0010000000	        0.7235834118	        0.0000402764	        0.0000697718
        1.1272999060	        1.1522489361	        0.5651720297	        0.0301441233	        0.0063251937	        0.0096760098	        0.0011200257	        0.0045816206	        0.0002545736	        0.0021994312	        0.1000000000	        0.0010000000	        0.7263317430	        0.0000424977	        0.0000686088
        1.1773228500	        1.1471480022	        0.5569573743	        0.0346759376	        0.0060346943	        0.0091948955	        0.0011372283	        0.0048409431	        0.0002862573	        0.0022242996	        0.1000000000	        0.0010000000	        0.7292324181	        0.0000452276	        0.0000671596
        1.2264702865	        1.1408070528	        0.5483393963	        0.0383066959	        0.0057236351	        0.0086844054	        0.0011537430	        0.0051568995	        0.0003268013	        0.0022514121	        0.1000000000	        0.0010000000	        0.7323005175	        0.0000483781	        0.0000656889
        1.2745217853	        1.1331815789	        0.5393110198	        0.0409902356	        0.0054119827	        0.0081753451	        0.0011692396	        0.0055281150	        0.0003770355	        0.0022810305	        0.1000000000	        0.0010000000	        0.7355425364	        0.0000518511	        0.0000643455
        1.3212775037	        1.1242540371	        0.5298926860	        0.0427517108	        0.0051122123	        0.0076868462	        0.0011833874	        0.0059511870	        0.0004377067	        0.0023128510	        0.1000000000	        0.0010000000	        0.7389553203	        0.0000555558	        0.0000634529
        1.3665610231	        1.1140377465	        0.5201247076	        0.0437175311	        0.0048299553	        0.0072274904	        0.0011959495	        0.0064207686	        0.0005094367	        0.0023459058	        0.1000000000	        0.0010000000	        0.7425284164	        0.0000594266	        0.0000631223
        1.4102213305	        1.1025746041	        0.5100613299	        0.0439850026	        0.0045656982	        0.0067980247	        0.0012067321	        0.0069300642	        0.0005927292	        0.0023786011	        0.1000000000	        0.0010000000	        0.7462458870	        0.0000634329	        0.0000633952
        1.4521339345	        1.0899279274	        0.4997603685	        0.0437054159	        0.0043167836	        0.0063944687	        0.0012156518	        0.0074715396	        0.0006880180	        0.0024088734	        0.1000000000	        0.0010000000	        0.7500898726	        0.0000675865	        0.0000640896
        1.4922011523	        1.0761728962	        0.4892764589	        0.0429095843	        0.0040791774	        0.0060108233	        0.0012225721	        0.0080376469	        0.0007957390	        0.0024344199	        0.1000000000	        0.0010000000	        0.7540430056	        0.0000719305	        0.0000650165
        1.5303516405	        1.0613870637	        0.4786567154	        0.0416769284	        0.0038487581	        0.0056410156	        0.0012272937	        0.0086213841	        0.0009164034	        0.0024529394	        0.1000000000	        0.0010000000	        0.7580900660	        0.0000765313	        0.0000663514
        1.5665392717	        1.0456425877	        0.4679387345	        0.0400713293	        0.0036221007	        0.0052800535	        0.0012297391	        0.0092166124	        0.0010506554	        0.0024623349	        0.1000000000	        0.0010000000	        0.7622188505	        0.0000814824	        0.0000680433
        1.6007414793	        1.0290008282	        0.4571473132	        0.0381293362	        0.0033968436	        0.0049245357	        0.0012298481	        0.0098181236	        0.0011993028	        0.0024608519	        0.1000000000	        0.0010000000	        0.7664216127	        0.0000868935	        0.0000699734
        1.6329571982	        1.0115091889	        0.4462973955	        0.0358572792	        0.0031717564	        0.0045727268	        0.0012274783	        0.0104215462	        0.0013633248	        0.0024471595	        0.1000000000	        0.0010000000	        0.7706941413	        0.0000928807	        0.0000725973
        1.6632045292	        0.9931997092	        0.4353944084	        0.0333789199	        0.0029466320	        0.0042243667	        0.0012225323	        0.0110231220	        0.0015438534	        0.0024203763	        0.1000000000	        0.0010000000	        0.7750358239	        0.0000995739	        0.0000759672
        1.6915182473	        0.9740888401	        0.4244358389	        0.0306744079	        0.0027220869	        0.0038803568	        0.0012149526	        0.0116194223	        0.0017421318	        0.0023800603	        0.1000000000	        0.0010000000	        0.7794492129	        0.0001071195	        0.0000801406
        1.7179472609	        0.9541779273	        0.4134117457	        0.0278424082	        0.0024993321	        0.0035424085	        0.0012047097	        0.0122070285	        0.0019594485	        0.0023261749	        0.1000000000	        0.0010000000	        0.7839399979	        0.0001156830	        0.0000855184
        1.7425521094	        0.9334540603	        0.4023062587	        0.0249040663	        0.0022799492	        0.0032127123	        0.0011917264	        0.0127822058	        0.0021970442	        0.0022590437	        0.1000000000	        0.0010000000	        0.7885165668	        0.0001254477	        0.0000917720
        1.7654025727	        0.9118910831	        0.3910989599	        0.0218526689	        0.0020656927	        0.0028936514	        0.0011759024	        0.0133405716	        0.0024559849	        0.0021793013	        0.1000000000	        0.0010000000	        0.7931895854	        0.0001366208	        0.0000997355
        1.7865754452	        0.8894506751	        0.3797654774	        0.0188184401	        0.0018583290	        0.0025875724	        0.0011571556	        0.0138767523	        0.0027369902	        0.0020878425	        0.1000000000	        0.0010000000	        0.7979718843	        0.0001494447	        0.0001093952
        1.8061525101	        0.8660835009	        0.3682776221	        0.0157368185	        0.0016595121	        0.0022966143	        0.0011353229	        0.0143840282	        0.0030402038	        0.0019857751	        0.1000000000	        0.0010000000	        0.8028785349	        0.0001641913	        0.0001210751
        1.8242187368	        0.8417304864	        0.3566055092	        0.0127366867	        0.0014706947	        0.0020225925	        0.0011101987	        0.0148539871	        0.0033649017	        0.0018743796	        0.1000000000	        0.0010000000	        0.8079260740	        0.0001811713	        0.0001358224
        1.8408607086	        0.8163243390	        0.3447168304	        0.0098393273	        0.0012930722	        0.0017669274	        0.0010816041	        0.0152761606	        0.0037091157	        0.0017550711	        0.1000000000	        0.0010000000	        0.8131329293	        0.0002007506	        0.0001542900
        1.8561652810	        0.7897914866	        0.3325774220	        0.0071757669	        0.0011275527	        0.0015306131	        0.0010492974	        0.0156376991	        0.0040691807	        0.0016293687	        0.1000000000	        0.0010000000	        0.8185193062	        0.0002233433	        0.0001765959
        1.8702184608	        0.7620546479	        0.3201524241	        0.0046978108	        0.0009747484	        0.0013142153	        0.0010130435	        0.0159231262	        0.0044392185	        0.0014988719	        0.1000000000	        0.0010000000	        0.8241068056	        0.0002494289	        0.0002047731
        1.8831044915	        0.7330362979	        0.3074055209	        0.0026691804	        0.0008349837	        0.0011178919	        0.0009725971	        0.0161142309	        0.0048105932	        0.0013652390	        0.1000000000	        0.0010000000	        0.8299188990	        0.0002795543	        0.0002396467
        1.8949051275	        0.7026633254	        0.2943007514	        0.0010073682	        0.0007083155	        0.0009414304	        0.0009276362	        0.0161902477	        0.0051714409	        0.0012301728	        0.1000000000	        0.0010000000	        0.8359802552	        0.0003143129	        0.0002798094
        1.9056990763	        0.6708731786	        0.2808041574	       -0.0002509682	        0.0005945621	        0.0007842952	        0.0008778705	        0.0161284618	        0.0055064182	        0.0010954073	        0.1000000000	        0.0010000000	        0.8423160929	        0.0003543598	        0.0003269278
        1.9155615890	        0.6376217732	        0.2668839495	       -0.0011150448	        0.0004933379	        0.0006456821	        0.0008230071	        0.0159054161	        0.0057968837	        0.0009626937	        0.1000000000	        0.0010000000	        0.8489521909	        0.0004003781	        0.0003831506
        1.9245641781	        0.6028933200	        0.2525145790	       -0.0014682149	        0.0004040922	        0.0005245758	        0.0007627293	        0.0154989650	        0.0060218217	        0.0008337835	        0.1000000000	        0.0010000000	        0.8559129938	        0.0004530032	        0.0004496555
        1.9327744427	        0.5667120155	        0.2376805609	       -0.0013308564	        0.0003261487	        0.0004198091	        0.0006968230	        0.0148912704	        0.0061597826	        0.0007104038	        0.1000000000	        0.0010000000	        0.8632196468	        0.0005127647	        0.0005208771
        1.9402559838	        0.5291552215	        0.2223807934	       -0.0009914693	        0.0002587475	        0.0003301198	        0.0006252813	        0.0140727124	        0.0061920226	        0.0005942184	        0.1000000000	        0.0010000000	        0.8708875562	        0.0005799767	        0.0005954835
        1.9470683933	        0.4903673047	        0.2066342250	       -0.0005007699	        0.0002010855	        0.0002542070	        0.0005484110	        0.0130463699	        0.0061067382	        0.0004867735	        0.1000000000	        0.0010000000	        0.8789229573	        0.0006545406	        0.0006830813
        1.9532673011	        0.4505727584	        0.1904880741	        0.0003991864	        0.0001523563	        0.0001907826	        0.0004670550	        0.0118322784	        0.0059038230	        0.0003894247	        0.1000000000	        0.0010000000	        0.8873177061	        0.0007357308	        0.0007705421
        1.9589044686	        0.4100866724	        0.1740244629	        0.0010421709	        0.0001117885	        0.0001386198	        0.0003828402	        0.0104701359	        0.0055989919	        0.0003032513	        0.1000000000	        0.0010000000	        0.8960442534	        0.0008219238	        0.0008413608
        1.9640279170	        0.3693200318	        0.1573690116	        0.0011823930	        0.0000786806	        0.0000965947	        0.0002984319	        0.0090188902	        0.0052258083	        0.0002289674	        0.1000000000	        0.0010000000	        0.9050488995	        0.0009103085	        0.0009178760
        1.9686820816	        0.3287763104	        0.1406956242	        0.0013192365	        0.0000524226	        0.0000637108	        0.0002170548	        0.0075517797	        0.0048343024	        0.0001668466	        0.1000000000	        0.0010000000	        0.9142463586	        0.0009937154	        0.0009990664
        1.9729079831	        0.2892619114	        0.1243269426	        0.0013603206	        0.0000361673	        0.0000435166	        0.0001601412	        0.0061559869	        0.0044894102	        0.0001169885	        0.1000000000	        0.0010000000	        0.9234594099	        0.0010626710	        0.0010648942
        1.9767434111	        0.2516090149	        0.1086192227	        0.0013863458	        0.0000252139	        0.0000300441	        0.0001173756	        0.0048914134	        0.0042294621	        0.0000787781	        0.1000000000	        0.0010000000	        0.9324767346	        0.0011172464	        0.0011195732
        1.9802231129	        0.2161646786	        0.0937254149	        0.0014240520	        0.0000166140	        0.0000196134	        0.0000805517	        0.0037831122	        0.0040680483	        0.0000506721	        0.1000000000	        0.0010000000	        0.9411909894	        0.0011636244	        0.0011661523
        1.9833789852	        0.1830569814	        0.0797086930	        0.0014491521	        0.0000102414	        0.0000119841	        0.0000513444	        0.0028403734	        0.0040102776	        0.0000308768	        0.1000000000	        0.0010000000	        0.9495421571	        0.0012032161	        0.0011952964
        1.9862402627	        0.1523659064	        0.0666177248	        0.0012456254	        0.0000058411	        0.0000067784	        0.0000300681	        0.0020621378	        0.0040534614	        0.0000176314	        0.1000000000	        0.0010000000	        0.9574767196	        0.0012354368	        0.0012062376
        1.9888337046	        0.1241079642	        0.0544770861	        0.0008528109	        0.0000030401	        0.0000035005	        0.0000159694	        0.0014385801	        0.0041890074	        0.0000092924	        0.1000000000	        0.0010000000	        0.9649547191	        0.0012607148	        0.0012281538
        1.9911837738	        0.0982334386	        0.0432832084	        0.0006429560	        0.0000014145	        0.0000016170	        0.0000075457	        0.0009540788	        0.0044049193	        0.0000044177	        0.1000000000	        0.0010000000	        0.9719538137	        0.0012802833	        0.0012626404
        1.9933128092	        0.0746372562	        0.0330067571	        0.0005569397	        0.0000005684	        0.0000006454	        0.0000030685	        0.0005904075	        0.0046880649	        0.0000018252	        0.1000000000	        0.0010000000	        0.9784692684	        0.0012957141	        0.0012823994
        1.9952411902	        0.0531773779	        0.0236000120	        0.0004406927	        0.0000001850	        0.0000002088	        0.0000010086	        0.0003292115	        0.0050257254	        0.0000006132	        0.1000000000	        0.0010000000	        0.9845103624	        0.0013084986	        0.0012919970
        1.9969874916	        0.0336933546	        0.0150045483	        0.0003299116	        0.0000000426	        0.0000000478	        0.0000002345	        0.0001534636	        0.0054063722	        0.0000001462	        0.1000000000	        0.0010000000	        0.9900960375	        0.0013198056	        0.0013025600
        1.9985686299	        0.0160206875	        0.0071582209	        0.0002258515	        0.0000000048	        0.0000000054	        0.0000000268	        0.0000480769	        0.0058198916	        0.0000000172	        0.1000000000	        0.0010000000	        0.9952505180	        0.0013303597	        0.0013121235
        2.0000000000	        0.0000000000	        0.0000000000	        0.0001242335	        0.0000000000	        0.0000000000	        0.0000000000	        0.0000000000	        0.0062575117	        0.0000000000	        0.1000000000	        0.0010000000	        1.0000000000	        0.0013386828	        0.0013278617
