        0.0000000000	        0.0000000000	        1.0000000000	        0.0001281873	        0.0000000000	        0.0000000000	        0.0000000000	        0.0000000000	        0.0063294801	        0.0000000000	        0.1000000000	        0.0010000000	        0.6000000000	        0.0009755248	        0.0008254001
        0.0014313701	        0.0132944493	        0.9949191643	       -0.0006455868	        0.0000000012	        0.0000000022	        0.0000000046	        0.0000291779	        0.0059834472	        0.0000000055	        0.1000000000	        0.0010000000	        0.6012218838	        0.0009181482	        0.0007854946
        0.0030125084	        0.0279567187	        0.9896446063	       -0.0013679548	        0.0000000106	        0.0000000196	        0.0000000382	        0.0000933675	        0.0056415301	        0.0000000477	        0.1000000000	        0.0010000000	        0.6024956318	        0.0008616097	        0.0007460131
        0.0047588098	        0.0441210787	        0.9841854574	       -0.0020856590	        0.0000000472	        0.0000000868	        0.0000001584	        0.0002009787	        0.0053087743	        0.0000002051	        0.1000000000	        0.0010000000	        0.6038196527	        0.0008064700	        0.0006966501
        0.0066871908	        0.0619317535	        0.9785492634	       -0.0028788462	        0.0000001491	        0.0000002737	        0.0000004678	        0.0003618440	        0.0049910592	        0.0000006281	        0.1000000000	        0.0010000000	        0.6051927320	        0.0007531552	        0.0006425142
        0.0088162262	        0.0815410988	        0.9727442752	       -0.0037664056	        0.0000003845	        0.0000007043	        0.0000011244	        0.0005873504	        0.0046951919	        0.0000015694	        0.1000000000	        0.0010000000	        0.6066134760	        0.0007018013	        0.0005908279
        0.0111662954	        0.1031057892	        0.9667800676	       -0.0047398673	        0.0000008634	        0.0000015777	        0.0000023475	        0.0008904823	        0.0044289629	        0.0000034185	        0.1000000000	        0.0010000000	        0.6080801526	        0.0006525258	        0.0005425258
        0.0137597373	        0.1267802027	        0.9606667025	       -0.0058023922	        0.0000017490	        0.0000031880	        0.0000044127	        0.0012856646	        0.0042011089	        0.0000067359	        0.1000000000	        0.0010000000	        0.6095908879	        0.0006055080	        0.0004972623
        0.0166210148	        0.1527064408	        0.9544136396	       -0.0069505946	        0.0000032643	        0.0000059347	        0.0000076280	        0.0017882366	        0.0040210907	        0.0000122837	        0.1000000000	        0.0010000000	        0.6111439310	        0.0005608358	        0.0004549711
        0.0197768871	        0.1810013203	        0.9480314305	       -0.0081874568	        0.0000056863	        0.0000103112	        0.0000122848	        0.0024133586	        0.0038985671	        0.0000210419	        0.1000000000	        0.0010000000	        0.6127372309	        0.0005185060	        0.0004150781
        0.0232565889	        0.2117423122	        0.9415312332	       -0.0095202846	        0.0000093226	        0.0000168604	        0.0000185871	        0.0031742188	        0.0038424389	        0.0000342034	        0.1000000000	        0.0010000000	        0.6143685486	        0.0004785032	        0.0003786794
        0.0270920169	        0.2449561519	        0.9349251659	       -0.0109216439	        0.0000144722	        0.0000261028	        0.0000265903	        0.0040796394	        0.0038594547	        0.0000531419	        0.1000000000	        0.0010000000	        0.6160353595	        0.0004409594	        0.0003457259
        0.0313179184	        0.2806141487	        0.9282210078	       -0.0123948782	        0.0000213839	        0.0000384629	        0.0000361941	        0.0051315311	        0.0039525409	        0.0000793535	        0.1000000000	        0.0010000000	        0.6177361925	        0.0004062200	        0.0003151995
        0.0359720830	        0.3186357728	        0.9214179293	       -0.0139481711	        0.0000302354	        0.0000542316	        0.0000471996	        0.0063229263	        0.0041192594	        0.0001143818	        0.1000000000	        0.0010000000	        0.6194717491	        0.0003746562	        0.0002877781
        0.0410955314	        0.3588979497	        0.9145038403	       -0.0155757187	        0.0000411450	        0.0000735887	        0.0000592064	        0.0076372411	        0.0043508817	        0.0001597407	        0.1000000000	        0.0010000000	        0.6212456468	        0.0003453525	        0.0002633703
        0.0467326989	        0.4009888539	        0.9075021007	       -0.0172516076	        0.0000579287	        0.0001033063	        0.0000763155	        0.0090420421	        0.0046327125	        0.0002165286	        0.1000000000	        0.0010000000	        0.6230524159	        0.0003161768	        0.0002411833
        0.0529316067	        0.4440751024	        0.9004899497	       -0.0188996542	        0.0000832053	        0.0001479507	        0.0000995339	        0.0104710030	        0.0049283270	        0.0002848708	        0.1000000000	        0.0010000000	        0.6248724350	        0.0002870988	        0.0002214562
        0.0597440162	        0.4874112305	        0.8935131133	       -0.0204500657	        0.0001146365	        0.0002032473	        0.0001242043	        0.0118404179	        0.0051878703	        0.0003643063	        0.1000000000	        0.0010000000	        0.6266938717	        0.0002600310	        0.0002036471
        0.0672255573	        0.5304888393	        0.8865704072	       -0.0219179030	        0.0001528424	        0.0002701994	        0.0001502359	        0.0130804863	        0.0053739525	        0.0004541237	        0.1000000000	        0.0010000000	        0.6285169696	        0.0002359071	        0.0001875473
        0.0754358219	        0.5728720318	        0.8796494935	       -0.0232920418	        0.0001984840	        0.0003498684	        0.0001775179	        0.0141363445	        0.0054630785	        0.0005531270	        0.1000000000	        0.0010000000	        0.6303449328	        0.0002146485	        0.0001729355
        0.0844384110	        0.6142098670	        0.8727328389	       -0.0246069814	        0.0002522343	        0.0004433219	        0.0002060459	        0.0149726776	        0.0054465483	        0.0006597219	        0.1000000000	        0.0010000000	        0.6321824250	        0.0001960519	        0.0001597170
        0.0943009237	        0.6542390729	        0.8657970215	       -0.0258593615	        0.0003147439	        0.0005515705	        0.0002359509	        0.0155741021	        0.0053285899	        0.0007720228	        0.1000000000	        0.0010000000	        0.6340357970	        0.0001799184	        0.0001478335
        0.1050948725	        0.6927789524	        0.8588125648	       -0.0270893873	        0.0003866044	        0.0006755018	        0.0002674391	        0.0159424088	        0.0051227422	        0.0008879630	        0.1000000000	        0.0010000000	        0.6359131804	        0.0001660234	        0.0001372269
        0.1168955085	        0.7297209441	        0.8517458972	       -0.0282965060	        0.0004683120	        0.0008158154	        0.0003004361	        0.0160921649	        0.0048477314	        0.0010053928	        0.1000000000	        0.0010000000	        0.6378240106	        0.0001539672	        0.0001277405
        0.1297815392	        0.7650153855	        0.8445745124	       -0.0295146922	        0.0005602312	        0.0009729658	        0.0003346889	        0.0160460900	        0.0045238565	        0.0011221657	        0.1000000000	        0.0010000000	        0.6397749323	        0.0001433789	        0.0001190060
        0.1438347190	        0.7986575144	        0.8372763676	       -0.0307561678	        0.0006625676	        0.0011471138	        0.0003701195	        0.0158308305	        0.0041702853	        0.0012361990	        0.1000000000	        0.0010000000	        0.6417726294	        0.0001340673	        0.0001113684
        0.1591392914	        0.8306741148	        0.8298291218	       -0.0320112311	        0.0007753490	        0.0013380968	        0.0004062810	        0.0154737928	        0.0038034767	        0.0013455236	        0.1000000000	        0.0010000000	        0.6438240410	        0.0001257594	        0.0001045469
        0.1757812632	        0.8611116831	        0.8222240647	       -0.0332951200	        0.0008984196	        0.0015454308	        0.0004426553	        0.0150011345	        0.0034365600	        0.0014483356	        0.1000000000	        0.0010000000	        0.6459325019	        0.0001182491	        0.0000984199
        0.1938474899	        0.8900263644	        0.8144511809	       -0.0345899562	        0.0010314599	        0.0017683433	        0.0004789560	        0.0144364846	        0.0030792847	        0.0015430316	        0.1000000000	        0.0010000000	        0.6481018102	        0.0001114434	        0.0000932745
        0.2134245548	        0.9174756244	        0.8065044366	       -0.0358579336	        0.0011740324	        0.0020058600	        0.0005145221	        0.0138005111	        0.0027384054	        0.0016282572	        0.1000000000	        0.0010000000	        0.6503347560	        0.0001051805	        0.0000887935
        0.2345974273	        0.9435114918	        0.7983893196	       -0.0370923791	        0.0013256630	        0.0022569554	        0.0005488260	        0.0131109888	        0.0024182342	        0.0017029650	        0.1000000000	        0.0010000000	        0.6526309478	        0.0000993603	        0.0000848908
        0.2574478906	        0.9681750518	        0.7901111911	       -0.0382452145	        0.0014859727	        0.0025207723	        0.0005814673	        0.0123830724	        0.0021211927	        0.0017664655	        0.1000000000	        0.0010000000	        0.6549900310	        0.0000939130	        0.0000816845
        0.2820527391	        0.9914919967	        0.7816854582	       -0.0392674113	        0.0016548567	        0.0027969352	        0.0006120699	        0.0116298864	        0.0018483600	        0.0018185001	        0.1000000000	        0.0010000000	        0.6574087566	        0.0000887671	        0.0000789564
        0.3084817527	        1.0134691675	        0.7731305006	       -0.0401219519	        0.0018327253	        0.0030859435	        0.0006403177	        0.0108631131	        0.0015999118	        0.0018593004	        0.1000000000	        0.0010000000	        0.6598829234	        0.0000838512	        0.0000767437
        0.3367954708	        1.0340922706	        0.7644778273	       -0.0407259833	        0.0020207860	        0.0033896483	        0.0006659818	        0.0100936918	        0.0013754897	        0.0018896517	        0.1000000000	        0.0010000000	        0.6624043662	        0.0000790958	        0.0000750401
        0.3670428018	        1.0533252582	        0.7557649446	       -0.0410123757	        0.0022213537	        0.0037117421	        0.0006891279	        0.0093323789	        0.0011744545	        0.0019109153	        0.1000000000	        0.0010000000	        0.6649629003	        0.0000744549	        0.0000737087
        0.3992585207	        1.0711122137	        0.7470402814	       -0.0409007558	        0.0024381135	        0.0040581773	        0.0007100008	        0.0085902257	        0.0009960612	        0.0019250069	        0.1000000000	        0.0010000000	        0.6675447754	        0.0000698902	        0.0000727096
        0.4334607283	        1.0873828013	        0.7383583784	       -0.0403101800	        0.0026762323	        0.0044373089	        0.0007288955	        0.0078787513	        0.0008395342	        0.0019342852	        0.1000000000	        0.0010000000	        0.6701339761	        0.0000653661	        0.0000719742
        0.4696483595	        1.1020621120	        0.7297851867	       -0.0391563714	        0.0029421325	        0.0048594989	        0.0007461057	        0.0072097696	        0.0007040650	        0.0019413448	        0.1000000000	        0.0010000000	        0.6727105413	        0.0000608624	        0.0000714605
        0.5077988477	        1.1150846902	        0.7213892952	       -0.0373553215	        0.0032427218	        0.0053358130	        0.0007619233	        0.0065947060	        0.0005887346	        0.0019486980	        0.1000000000	        0.0010000000	        0.6752530964	        0.0000563914	        0.0000711689
        0.5478660655	        1.1264106066	        0.7132405466	       -0.0348207970	        0.0035838764	        0.0058755412	        0.0007768968	        0.0060435583	        0.0004924138	        0.0019584171	        0.1000000000	        0.0010000000	        0.6777392554	        0.0000520261	        0.0000711564
        0.5897786695	        1.1360393140	        0.7053897106	       -0.0314721850	        0.0039681742	        0.0064824968	        0.0007917682	        0.0055637023	        0.0004136830	        0.0019718141	        0.1000000000	        0.0010000000	        0.6801518991	        0.0000478871	        0.0000714204
        0.6334389769	        1.1440162642	        0.6978670038	       -0.0272657416	        0.0043921707	        0.0071506718	        0.0008071759	        0.0051590734	        0.0003508375	        0.0019893032	        0.1000000000	        0.0010000000	        0.6824798759	        0.0000441063	        0.0000718691
        0.6787224963	        1.1504290965	        0.6906709354	       -0.0222073860	        0.0048439877	        0.0078604319	        0.0008239469	        0.0048299985	        0.0003019811	        0.0020104766	        0.1000000000	        0.0010000000	        0.6847217333	        0.0000408232	        0.0000724270
        0.7254782147	        1.1553941474	        0.6837686096	       -0.0163513266	        0.0053022563	        0.0085769636	        0.0008426667	        0.0045738164	        0.0002651891	        0.0020343719	        0.1000000000	        0.0010000000	        0.6868859610	        0.0000381423	        0.0000731118
        0.7735297135	        1.1590376499	        0.6771013386	       -0.0097665047	        0.0057373925	        0.0092525074	        0.0008638734	        0.0043860335	        0.0002386824	        0.0020598127	        0.1000000000	        0.0010000000	        0.6889895171	        0.0000361366	        0.0000739514
        0.8226771500	        1.1614770660	        0.6705874578	       -0.0025580117	        0.0061155861	        0.0098328995	        0.0008884992	        0.0042616032	        0.0002209651	        0.0020857017	        0.1000000000	        0.0010000000	        0.6910571581	        0.0000348683	        0.0000748044
        0.8727000940	        1.1628065039	        0.6641242094	        0.0050967792	        0.0064048652	        0.0102673509	        0.0009173761	        0.0041960016	        0.0002109057	        0.0021112079	        0.1000000000	        0.0010000000	        0.6931210295	        0.0000343755	        0.0000756327
        0.9233611572	        1.1630877715	        0.6575979703	        0.0130318747	        0.0065816115	        0.0105188679	        0.0009507385	        0.0041859480	        0.0002077674	        0.0021358584	        0.1000000000	        0.0010000000	        0.6952175617	        0.0000346689	        0.0000763179
        0.9744103051	        1.1623468682	        0.6508899806	        0.0209955244	        0.0066354995	        0.0105720218	        0.0009883271	        0.0042297174	        0.0002112018	        0.0021595543	        0.1000000000	        0.0010000000	        0.6973857396	        0.0000357469	        0.0000768869
        1.0255896949	        1.1605751173	        0.6438825205	        0.0288165761	        0.0065712392	        0.0104355296	        0.0010296059	        0.0043270988	        0.0002212207	        0.0021825458	        0.1000000000	        0.0010000000	        0.6996652035	        0.0000376041	        0.0000773809
        1.0766388428	        1.1577343065	        0.6364619611	        0.0362571757	        0.0064066497	        0.0101389358	        0.0010740956	        0.0044790404	        0.0002381522	        0.0022053720	        0.1000000000	        0.0010000000	        0.7020953461	        0.0000402368	        0.0000777347
        1.1272999060	        1.1537654633	        0.6285228554	        0.0431307272	        0.0061678917	        0.0097248136	        0.0011209658	        0.0046870376	        0.0002625798	        0.0022287635	        0.1000000000	        0.0010000000	        0.7047140679	        0.0000436181	        0.0000779904
        1.1773228500	        1.1486007268	        0.6199799493	        0.0492454593	        0.0058835546	        0.0092392724	        0.0011688766	        0.0049523506	        0.0002952647	        0.0022535006	        0.1000000000	        0.0010000000	        0.7075538618	        0.0000476804	        0.0000781695
        1.2264702865	        1.1421770197	        0.6107773426	        0.0544780141	        0.0055794107	        0.0087236250	        0.0012164684	        0.0052751665	        0.0003370505	        0.0022802143	        0.1000000000	        0.0010000000	        0.7106386684	        0.0000523267	        0.0000785341
        1.2745217853	        1.1344492016	        0.6008932717	        0.0588048443	        0.0052750438	        0.0082091141	        0.0012623595	        0.0056539015	        0.0003887642	        0.0023091605	        0.1000000000	        0.0010000000	        0.7139820096	        0.0000574339	        0.0000791296
        1.3212775037	        1.1253998178	        0.5903444992	        0.0621965366	        0.0049826745	        0.0077151898	        0.0013055307	        0.0060848561	        0.0004511337	        0.0023400299	        0.1000000000	        0.0010000000	        0.7175850682	        0.0000628834	        0.0000799675
        1.3665610231	        1.1150431308	        0.5791763631	        0.0647048685	        0.0047077980	        0.0072506240	        0.0013450181	        0.0065623055	        0.0005247439	        0.0023718444	        0.1000000000	        0.0010000000	        0.7214395213	        0.0000685680	        0.0000811257
        1.4102213305	        1.1034228011	        0.5674625516	        0.0663871801	        0.0044508454	        0.0068162638	        0.0013802153	        0.0070790463	        0.0006100468	        0.0024030045	        0.1000000000	        0.0010000000	        0.7255270471	        0.0000744244	        0.0000828244
        1.4521339345	        1.0906045529	        0.5552833462	        0.0674015799	        0.0042091593	        0.0064081592	        0.0014112121	        0.0076271182	        0.0007074093	        0.0024314391	        0.1000000000	        0.0010000000	        0.7298263778	        0.0000804652	        0.0000847981
        1.4922011523	        1.0766663792	        0.5427171028	        0.0677196616	        0.0039787279	        0.0060203078	        0.0014378020	        0.0081985625	        0.0008171891	        0.0024548410	        0.1000000000	        0.0010000000	        0.7343160724	        0.0000867293	        0.0000866262
        1.5303516405	        1.0616888070	        0.5298378701	        0.0673713077	        0.0037554470	        0.0056466285	        0.0014590849	        0.0087860204	        0.0009398127	        0.0024709169	        0.1000000000	        0.0010000000	        0.7389752758	        0.0000932460	        0.0000886005
        1.5665392717	        1.0457469084	        0.5167191490	        0.0664244470	        0.0035358839	        0.0052821368	        0.0014742745	        0.0093831005	        0.0010758420	        0.0024776023	        0.1000000000	        0.0010000000	        0.7437822965	        0.0001000672	        0.0000910231
        1.6007414793	        1.0289047328	        0.5034225290	        0.0649838877	        0.0033176489	        0.0049234463	        0.0014829588	        0.0099844273	        0.0012260038	        0.0024731912	        0.1000000000	        0.0010000000	        0.7487187442	        0.0001072778	        0.0000938037
        1.6329571982	        1.0112120576	        0.4900009695	        0.0630686282	        0.0030994646	        0.0045688426	        0.0014848713	        0.0105855512	        0.0013912003	        0.0024564177	        0.1000000000	        0.0010000000	        0.7537684770	        0.0001149776	        0.0000973055
        1.6632045292	        0.9927029429	        0.4764944492	        0.0608450217	        0.0028810668	        0.0042180833	        0.0014799638	        0.0111826947	        0.0015724865	        0.0024264728	        0.1000000000	        0.0010000000	        0.7589194094	        0.0001232847	        0.0001013884
        1.6915182473	        0.9733955098	        0.4629337010	        0.0582612760	        0.0026630097	        0.0038720826	        0.0014682217	        0.0117724693	        0.0017710299	        0.0023829930	        0.1000000000	        0.0010000000	        0.7641623348	        0.0001323214	        0.0001059114
        1.7179472609	        0.9532924414	        0.4493399493	        0.0554252625	        0.0024464435	        0.0035325556	        0.0014496231	        0.0123515414	        0.0019880434	        0.0023260206	        0.1000000000	        0.0010000000	        0.7694912324	        0.0001422103	        0.0001114107
        1.7425521094	        0.9323818516	        0.4357295829	        0.0523694676	        0.0022328937	        0.0032016877	        0.0014241558	        0.0129163172	        0.0022246971	        0.0022559579	        0.1000000000	        0.0010000000	        0.7749016253	        0.0001530737	        0.0001176674
        1.7654025727	        0.9106383132	        0.4221134453	        0.0491277090	        0.0020240695	        0.0028818454	        0.0013920719	        0.0134625932	        0.0024819908	        0.0021735115	        0.1000000000	        0.0010000000	        0.7803909825	        0.0001650621	        0.0001255920
        1.7865754452	        0.8880239634	        0.4084963238	        0.0458573664	        0.0018217059	        0.0025753474	        0.0013538681	        0.0139851991	        0.0027605819	        0.0020796375	        0.1000000000	        0.0010000000	        0.7859590722	        0.0001783649	        0.0001348230
        1.8061525101	        0.8644896851	        0.3948757691	        0.0424785372	        0.0016274407	        0.0022842947	        0.0013099189	        0.0144776258	        0.0030605561	        0.0019754906	        0.1000000000	        0.0010000000	        0.7916086239	        0.0001931748	        0.0001455307
        1.8242187368	        0.8399764111	        0.3812480991	        0.0391369362	        0.0014427235	        0.0020104599	        0.0012606074	        0.0149317015	        0.0033811458	        0.0018623866	        0.1000000000	        0.0010000000	        0.7973429984	        0.0002097046	        0.0001587971
        1.8408607086	        0.8144166748	        0.3676043061	        0.0358581644	        0.0012687601	        0.0017552161	        0.0012065667	        0.0153371994	        0.0037203528	        0.0017417607	        0.1000000000	        0.0010000000	        0.8031679918	        0.0002282354	        0.0001746759
        1.8561652810	        0.7877366045	        0.3539303157	        0.0327263311	        0.0011064798	        0.0015195085	        0.0011482969	        0.0156815038	        0.0040744986	        0.0016151373	        0.1000000000	        0.0010000000	        0.8090918992	        0.0002490703	        0.0001931738
        1.8702184608	        0.7598585646	        0.3402103205	        0.0297103919	        0.0009565243	        0.0013038561	        0.0010865415	        0.0159493803	        0.0044377221	        0.0014841090	        0.1000000000	        0.0010000000	        0.8151242188	        0.0002726224	        0.0002161471
        1.8831044915	        0.7307047409	        0.3264177700	        0.0270269436	        0.0008192545	        0.0011083711	        0.0010219787	        0.0161227980	        0.0048014153	        0.0013503112	        0.1000000000	        0.0010000000	        0.8212797886	        0.0002993879	        0.0002440263
        1.8949051275	        0.7002019700	        0.3125245475	        0.0245908534	        0.0006947664	        0.0009328009	        0.0009549770	        0.0161811791	        0.0051537886	        0.0012154167	        0.1000000000	        0.0010000000	        0.8275749987	        0.0003298871	        0.0002755948
        1.9056990763	        0.6682880947	        0.2984983073	        0.0224320042	        0.0005829178	        0.0007765754	        0.0008861363	        0.0161019882	        0.0054796220	        0.0010811216	        0.1000000000	        0.0010000000	        0.8340291419	        0.0003648417	        0.0003125039
        1.9155615890	        0.6349201665	        0.2842967673	        0.0205414863	        0.0004833625	        0.0006388609	        0.0008159579	        0.0158619261	        0.0057604459	        0.0009491313	        0.1000000000	        0.0010000000	        0.8406673304	        0.0004051408	        0.0003567173
        1.9245641781	        0.6000846252	        0.2698722097	        0.0190105356	        0.0003955855	        0.0005186191	        0.0007444495	        0.0154390485	        0.0059754998	        0.0008211492	        0.1000000000	        0.0010000000	        0.8475188162	        0.0004516543	        0.0004096764
        1.9327744427	        0.5638093170	        0.2551803377	        0.0178353333	        0.0003189416	        0.0004146667	        0.0006715113	        0.0148158895	        0.0061037449	        0.0006988558	        0.1000000000	        0.0010000000	        0.8546130376	        0.0005053048	        0.0004673046
        1.9402559838	        0.5261769149	        0.2401768204	        0.0167773689	        0.0002526969	        0.0003257313	        0.0005970804	        0.0139833871	        0.0061270125	        0.0005838694	        0.1000000000	        0.0010000000	        0.8619813702	        0.0005670798	        0.0005291511
        1.9470683933	        0.4873388169	        0.2248243723	        0.0158049962	        0.0001960691	        0.0002505072	        0.0005210337	        0.0129454287	        0.0060342623	        0.0004776918	        0.1000000000	        0.0010000000	        0.8696537596	        0.0006377756	        0.0006052356
        1.9532673011	        0.4475279670	        0.2091009826	        0.0151918479	        0.0001482677	        0.0001877070	        0.0004434438	        0.0117230711	        0.0058262850	        0.0003816371	        0.1000000000	        0.0010000000	        0.8776544015	        0.0007177999	        0.0006849380
        1.9589044686	        0.4070685320	        0.1930093614	        0.0143484591	        0.0001085327	        0.0001361088	        0.0003648416	        0.0103570902	        0.0055196791	        0.0002967442	        0.1000000000	        0.0010000000	        0.8859962822	        0.0008067795	        0.0007547226
        1.9640279170	        0.3663798290	        0.1765921511	        0.0130942353	        0.0000761701	        0.0000945972	        0.0002866069	        0.0089072734	        0.0051486333	        0.0002236893	        0.1000000000	        0.0010000000	        0.8946719684	        0.0009030531	        0.0008351803
        1.9686820816	        0.3259709852	        0.1599461638	        0.0118634543	        0.0000505731	        0.0000621841	        0.0002107227	        0.0074470809	        0.0047632537	        0.0001627110	        0.1000000000	        0.0010000000	        0.9036437643	        0.0010000076	        0.0009257075
        1.9729079831	        0.2866714739	        0.1433408600	        0.0106236778	        0.0000352509	        0.0000429105	        0.0001598636	        0.0060638346	        0.0044280132	        0.0001139028	        0.1000000000	        0.0010000000	        0.9127747241	        0.0010884059	        0.0010088876
        1.9767434111	        0.2492903905	        0.1270929623	        0.0094632205	        0.0000245283	        0.0000295628	        0.0001194510	        0.0048134812	        0.0041763441	        0.0000765891	        0.1000000000	        0.0010000000	        0.9218895507	        0.0011687839	        0.0010869795
        1.9802231129	        0.2141253957	        0.1113277140	        0.0083830449	        0.0000161330	        0.0000192560	        0.0000838019	        0.0037191775	        0.0040208747	        0.0000491885	        0.1000000000	        0.0010000000	        0.9309093283	        0.0012466656	        0.0011623066
        1.9833789852	        0.1812988256	        0.0961192516	        0.0073673004	        0.0000099298	        0.0000117401	        0.0000546964	        0.0027896453	        0.0039658888	        0.0000299254	        0.1000000000	        0.0010000000	        0.9397794047	        0.0013219914	        0.0012248046
        1.9862402627	        0.1508839944	        0.0815440934	        0.0061934888	        0.0000056571	        0.0000066274	        0.0000328377	        0.0020233347	        0.0040081020	        0.0000170609	        0.1000000000	        0.0010000000	        0.9484402024	        0.0013931154	        0.0012713073
        1.9888337046	        0.1228911217	        0.0676673378	        0.0048795849	        0.0000029424	        0.0000034168	        0.0000178920	        0.0014101088	        0.0041386037	        0.0000089775	        0.1000000000	        0.0010000000	        0.9568356524	        0.0014593709	        0.0013318038
        1.9911837738	        0.0972657802	        0.0545326590	        0.0038323538	        0.0000013688	        0.0000015761	        0.0000086752	        0.0009342273	        0.0043453256	        0.0000042612	        0.1000000000	        0.0010000000	        0.9649202230	        0.0015211157	        0.0014084695
        1.9933128092	        0.0739002573	        0.0421582524	        0.0029905090	        0.0000005500	        0.0000006283	        0.0000036197	        0.0005774856	        0.0046152334	        0.0000017578	        0.1000000000	        0.0010000000	        0.9726628234	        0.0015793428	        0.0014715546
        1.9952411902	        0.0526517145	        0.0305408578	        0.0021949425	        0.0000001791	        0.0000002030	        0.0000012201	        0.0003216233	        0.0049358061	        0.0000005896	        0.1000000000	        0.0010000000	        0.9800457089	        0.0016352066	        0.0015242486
        1.9969874916	        0.0333601625	        0.0196612235	        0.0014639591	        0.0000000413	        0.0000000465	        0.0000002907	        0.0001497298	        0.0052957661	        0.0000001403	        0.1000000000	        0.0010000000	        0.9870621009	        0.0016896830	        0.0015740033
        1.9985686299	        0.0158622459	        0.0094912313	        0.0007538346	        0.0000000047	        0.0000000052	        0.0000000341	        0.0000468354	        0.0056852851	        0.0000000164	        0.1000000000	        0.0010000000	        0.9937122978	        0.0017432381	        0.0016164361
        2.0000000000	        0.0000000000	        0.0000000000	        0.0000338150	        0.0000000000	        0.0000000000	        0.0000000000	        0.0000000000	        0.0060959130	        0.0000000000	        0.1000000000	        0.0010000000	        1.0000000000	        0.0017947613	        0.0016645745
