        0.0000000000	        0.0000000000	        1.0000000000	        0.0001524961	        0.0000000000	        0.0000000000	        0.0000000000	        0.0000000000	        0.0063768700	        0.0000000000	        0.1000000000	        0.0010000000	        0.6000000000	        0.0011649323	        0.0008916128
        0.0014313701	        0.0133044948	        0.9939357858	       -0.0013068759	        0.0000000012	        0.0000000022	        0.0000000055	        0.0000293964	        0.0060239787	        0.0000000056	        0.1000000000	        0.0010000000	        0.6014589504	        0.0010948917	        0.0008366253
        0.0030125084	        0.0279779787	        0.9876511936	       -0.0027603779	        0.0000000107	        0.0000000198	        0.0000000459	        0.0000940280	        0.0056755432	        0.0000000483	        0.1000000000	        0.0010000000	        0.6029784255	        0.0010248626	        0.0007865878
        0.0047588098	        0.0441548577	        0.9811683165	       -0.0042752411	        0.0000000476	        0.0000000875	        0.0000001895	        0.0002023264	        0.0053367120	        0.0000002075	        0.1000000000	        0.0010000000	        0.6045539071	        0.0009551131	        0.0007223699
        0.0066871908	        0.0619794873	        0.9745108321	       -0.0059624377	        0.0000001505	        0.0000002759	        0.0000005559	        0.0003641436	        0.0050134644	        0.0000006352	        0.1000000000	        0.0010000000	        0.6061804137	        0.0008862839	        0.0006527968
        0.0088162262	        0.0816043232	        0.9677047757	       -0.0078221433	        0.0000003884	        0.0000007099	        0.0000013252	        0.0005908847	        0.0047126958	        0.0000015865	        0.1000000000	        0.0010000000	        0.6078522904	        0.0008188973	        0.0005855837
        0.0111662954	        0.1031860596	        0.9607779376	       -0.0098751036	        0.0000008722	        0.0000015899	        0.0000027383	        0.0008955502	        0.0044422688	        0.0000034543	        0.1000000000	        0.0010000000	        0.6095633324	        0.0007534679	        0.0005216166
        0.0137597373	        0.1268789343	        0.9537588712	       -0.0121134679	        0.0000017670	        0.0000032118	        0.0000050843	        0.0012925769	        0.0042109727	        0.0000068038	        0.1000000000	        0.0010000000	        0.6113070105	        0.0006905511	        0.0004611058
        0.0166210148	        0.1528246422	        0.9466746542	       -0.0145611189	        0.0000032981	        0.0000059773	        0.0000086655	        0.0017973051	        0.0040282960	        0.0000124024	        0.1000000000	        0.0010000000	        0.6130770176	        0.0006305872	        0.0004043749
        0.0197768871	        0.1811392176	        0.9395521437	       -0.0172098878	        0.0000057448	        0.0000103813	        0.0000137374	        0.0024248746	        0.0039038953	        0.0000212362	        0.1000000000	        0.0010000000	        0.6148669558	        0.0005739039	        0.0003521275
        0.0232565889	        0.2118989106	        0.9324158727	       -0.0200712076	        0.0000094171	        0.0000169677	        0.0000204369	        0.0031884161	        0.0038466280	        0.0000345044	        0.1000000000	        0.0010000000	        0.6166708649	        0.0005208445	        0.0003043524
        0.0270920169	        0.2451288471	        0.9252861442	       -0.0231396348	        0.0000146152	        0.0000262563	        0.0000287317	        0.0040966417	        0.0038631467	        0.0000535861	        0.1000000000	        0.0010000000	        0.6184837214	        0.0004718121	        0.0002620635
        0.0313179184	        0.2807985258	        0.9181743666	       -0.0264024065	        0.0000215878	        0.0000386689	        0.0000384321	        0.0051512977	        0.0039562287	        0.0000799812	        0.1000000000	        0.0010000000	        0.6203026633	        0.0004272652	        0.0002252506
        0.0359720830	        0.3188256692	        0.9110791322	       -0.0298568316	        0.0000305117	        0.0000544934	        0.0000492727	        0.0063452173	        0.0041232435	        0.0001152357	        0.1000000000	        0.0010000000	        0.6221280670	        0.0003875711	        0.0001933633
        0.0410955314	        0.3590857391	        0.9039843472	       -0.0335128780	        0.0000415041	        0.0000739075	        0.0000608046	        0.0076616177	        0.0043552494	        0.0001608641	        0.1000000000	        0.0010000000	        0.6239641293	        0.0003516065	        0.0001667491
        0.0467326989	        0.4011464750	        0.8969112993	       -0.0373055802	        0.0000586685	        0.0001041653	        0.0000775022	        0.0090673811	        0.0046373817	        0.0002179385	        0.1000000000	        0.0010000000	        0.6258053856	        0.0003170447	        0.0001452794
        0.0529316067	        0.4441681430	        0.8899319877	       -0.0411260243	        0.0000841969	        0.0001490554	        0.0000995640	        0.0104947753	        0.0049319153	        0.0002865564	        0.1000000000	        0.0010000000	        0.6276329233	        0.0002838033	        0.0001280717
        0.0597440162	        0.4874176205	        0.8830828857	       -0.0448936543	        0.0001159210	        0.0002046291	        0.0001224517	        0.0118606803	        0.0051893367	        0.0003662599	        0.1000000000	        0.0010000000	        0.6294367724	        0.0002535210	        0.0001147331
        0.0672255573	        0.5303891814	        0.8763609274	       -0.0485553842	        0.0001544622	        0.0002718947	        0.0001459493	        0.0130958389	        0.0053726838	        0.0004563295	        0.1000000000	        0.0010000000	        0.6312172460	        0.0002267729	        0.0001044241
        0.0754358219	        0.5726509079	        0.8697560568	       -0.0520837657	        0.0002004815	        0.0003519203	        0.0001698298	        0.0141462082	        0.0054589986	        0.0005555677	        0.1000000000	        0.0010000000	        0.6329765444	        0.0002033062	        0.0000961764
        0.0844384110	        0.6138566001	        0.8632545499	       -0.0554616372	        0.0002546504	        0.0004457806	        0.0001940416	        0.0149773788	        0.0054400904	        0.0006623862	        0.1000000000	        0.0010000000	        0.6347179148	        0.0001828781	        0.0000898565
        0.0943009237	        0.6537479534	        0.8568344087	       -0.0586564064	        0.0003176158	        0.0005544947	        0.0002187234	        0.0155747626	        0.0053205537	        0.0007749125	        0.1000000000	        0.0010000000	        0.6364469198	        0.0001652739	        0.0000850122
        0.1050948725	        0.6921490253	        0.8504673169	       -0.0616714821	        0.0003899632	        0.0006789598	        0.0002440349	        0.0159407358	        0.0051141115	        0.0008910985	        0.1000000000	        0.0010000000	        0.6381709668	        0.0001501895	        0.0000814672
        0.1168955085	        0.7289555106	        0.8441233648	       -0.0644726040	        0.0004721794	        0.0008198865	        0.0002700009	        0.0160902178	        0.0048395077	        0.0010088180	        0.1000000000	        0.0010000000	        0.6398980627	        0.0001372364	        0.0000787248
        0.1297815392	        0.7641213419	        0.8377764355	       -0.0670823166	        0.0005646177	        0.0009777408	        0.0002965692	        0.0160459953	        0.0045169056	        0.0011259469	        0.1000000000	        0.0010000000	        0.6416353494	        0.0001260616	        0.0000764247
        0.1438347190	        0.7976446503	        0.8314014648	       -0.0694818649	        0.0006674690	        0.0011526950	        0.0003237341	        0.0158345969	        0.0041652660	        0.0012404235	        0.1000000000	        0.0010000000	        0.6433898334	        0.0001164042	        0.0000745187
        0.1591392914	        0.8295544744	        0.8249737267	       -0.0716890880	        0.0007807431	        0.0013445979	        0.0003513913	        0.0154831855	        0.0038008195	        0.0013502966	        0.1000000000	        0.0010000000	        0.6451685809	        0.0001080175	        0.0000728650
        0.1757812632	        0.8598990146	        0.8184727145	       -0.0736893150	        0.0009042637	        0.0015529709	        0.0003793274	        0.0150175395	        0.0034364585	        0.0014537692	        0.1000000000	        0.0010000000	        0.6469776378	        0.0001006770	        0.0000716657
        0.1938474899	        0.8887357043	        0.8118809790	       -0.0754619186	        0.0010376860	        0.0017770419	        0.0004073776	        0.0144609091	        0.0030817446	        0.0015492394	        0.1000000000	        0.0010000000	        0.6488223285	        0.0000942199	        0.0000706913
        0.2134245548	        0.9161230344	        0.8051825557	       -0.0770081291	        0.0011805410	        0.0020158242	        0.0004353132	        0.0138335681	        0.0027432833	        0.0016353432	        0.1000000000	        0.0010000000	        0.6507076831	        0.0000884977	        0.0000699890
        0.2345974273	        0.9421139169	        0.7983667041	       -0.0782883462	        0.0013323162	        0.0022682601	        0.0004626538	        0.0131528790	        0.0024252711	        0.0017110084	        0.1000000000	        0.0010000000	        0.6526373695	        0.0000833413	        0.0000695190
        0.2574478906	        0.9667503207	        0.7914322550	       -0.0792886294	        0.0014925781	        0.0025334383	        0.0004890733	        0.0124336651	        0.0021300684	        0.0017755158	        0.1000000000	        0.0010000000	        0.6546124140	        0.0000786408	        0.0000692381
        0.2820527391	        0.9900589178	        0.7843792313	       -0.0799607692	        0.0016611521	        0.0028108900	        0.0005142866	        0.0116886912	        0.0018587075	        0.0018285584	        0.1000000000	        0.0010000000	        0.6566335306	        0.0000743031	        0.0000691706
        0.3084817527	        1.0120476792	        0.7772184439	       -0.0802704550	        0.0018383501	        0.0031009813	        0.0005380192	        0.0109293379	        0.0016113486	        0.0018703145	        0.1000000000	        0.0010000000	        0.6586983361	        0.0000702394	        0.0000692255
        0.3367954708	        1.0327035650	        0.7699649658	       -0.0801688349	        0.0020252521	        0.0034053714	        0.0005603020	        0.0101662100	        0.0013876214	        0.0019014995	        0.1000000000	        0.0010000000	        0.6608031501	        0.0000663979	        0.0000694582
        0.3670428018	        1.0519917624	        0.7626407183	       -0.0795985701	        0.0022240080	        0.0037275044	        0.0005809905	        0.0094097507	        0.0011868883	        0.0019234005	        0.1000000000	        0.0010000000	        0.6629421931	        0.0000626966	        0.0000699101
        0.3992585207	        1.0698573034	        0.7552812521	       -0.0784794223	        0.0024380998	        0.0040730376	        0.0006000889	        0.0086707363	        0.0010084187	        0.0019378633	        0.1000000000	        0.0010000000	        0.6651055156	        0.0000590711	        0.0000704333
        0.4334607283	        1.0862300727	        0.7479286989	       -0.0767687567	        0.0026724681	        0.0044500132	        0.0006175953	        0.0079604645	        0.0008514633	        0.0019471913	        0.1000000000	        0.0010000000	        0.6672809510	        0.0000554629	        0.0000710480
        0.4696483595	        1.1010340908	        0.7406403672	       -0.0743653373	        0.0029333201	        0.0048685299	        0.0006337871	        0.0072906364	        0.0007152570	        0.0019539542	        0.1000000000	        0.0010000000	        0.6694514755	        0.0000518555	        0.0000718772
        0.5077988477	        1.1142010030	        0.7334708344	       -0.0711865015	        0.0032274298	        0.0053395336	        0.0006490667	        0.0066726910	        0.0005989399	        0.0019606740	        0.1000000000	        0.0010000000	        0.6716004422	        0.0000482663	        0.0000727931
        0.5478660655	        1.1256859415	        0.7264795512	       -0.0671694379	        0.0035607073	        0.0058724756	        0.0006639073	        0.0061168365	        0.0005014609	        0.0019694785	        0.1000000000	        0.0010000000	        0.6737093090	        0.0000447489	        0.0000737793
        0.5897786695	        1.1354817727	        0.7197092148	       -0.0622587778	        0.0039360273	        0.0064717304	        0.0006791635	        0.0056308407	        0.0004214889	        0.0019817694	        0.1000000000	        0.0010000000	        0.6757641902	        0.0000414121	        0.0000749158
        0.6334389769	        1.1436267422	        0.7131847181	       -0.0564135231	        0.0043505612	        0.0071322931	        0.0006956441	        0.0052191515	        0.0003574045	        0.0019980625	        0.1000000000	        0.0010000000	        0.6777563516	        0.0000383754	        0.0000761945
        0.6787224963	        1.1502020166	        0.7069028896	       -0.0496380988	        0.0047933324	        0.0078358660	        0.0007140862	        0.0048826259	        0.0003073800	        0.0020180362	        0.1000000000	        0.0010000000	        0.6796855481	        0.0000357540	        0.0000775246
        0.7254782147	        1.1553193362	        0.7008370058	       -0.0419879551	        0.0052439984	        0.0085490264	        0.0007349220	        0.0046190587	        0.0002695343	        0.0020407840	        0.1000000000	        0.0010000000	        0.6815588779	        0.0000336349	        0.0000789310
        0.7735297135	        1.1591027339	        0.6949368484	       -0.0335234408	        0.0056738763	        0.0092250371	        0.0007585573	        0.0044242624	        0.0002421050	        0.0020651464	        0.1000000000	        0.0010000000	        0.6833909600	        0.0000320863	        0.0000804442
        0.8226771500	        1.1616697107	        0.6891332205	       -0.0243489393	        0.0060496501	        0.0098099926	        0.0007855468	        0.0042933454	        0.0002235921	        0.0020900137	        0.1000000000	        0.0010000000	        0.6852027030	        0.0000311640	        0.0000820949
        0.8727000940	        1.1631160558	        0.6833383573	       -0.0145681756	        0.0063392494	        0.0102523900	        0.0008166964	        0.0042218174	        0.0002128470	        0.0021145256	        0.1000000000	        0.0010000000	        0.6870213199	        0.0000309196	        0.0000838675
        0.9233611572	        1.1635061522	        0.6774496012	       -0.0043414947	        0.0065183685	        0.0105136437	        0.0008521722	        0.0042063504	        0.0002091099	        0.0021381698	        0.1000000000	        0.0010000000	        0.6888793197	        0.0000313762	        0.0000856711
        0.9744103051	        1.1628687626	        0.6713610763	        0.0061579544	        0.0065755934	        0.0105762870	        0.0008922638	        0.0042451555	        0.0002120106	        0.0021608122	        0.1000000000	        0.0010000000	        0.6908109463	        0.0000325664	        0.0000874989
        1.0255896949	        1.1611975603	        0.6649544554	        0.0167351547	        0.0065144905	        0.0104470928	        0.0009373477	        0.0043379568	        0.0002215422	        0.0021826624	        0.1000000000	        0.0010000000	        0.6928552221	        0.0000345328	        0.0000893065
        1.0766388428	        1.1584557781	        0.6581114607	        0.0271736587	        0.0063519862	        0.0101542921	        0.0009872722	        0.0044856886	        0.0002380216	        0.0022042287	        0.1000000000	        0.0010000000	        0.6950521450	        0.0000373026	        0.0000911216
        1.1272999060	        1.1545846092	        0.6507148764	        0.0372795864	        0.0061138034	        0.0097400355	        0.0010408846	        0.0046898961	        0.0002620302	        0.0022262225	        0.1000000000	        0.0010000000	        0.6974425185	        0.0000408604	        0.0000928993
        1.1773228500	        1.1495148830	        0.6426715168	        0.0468376310	        0.0058285607	        0.0092508821	        0.0010969760	        0.0049519778	        0.0002943396	        0.0022494328	        0.1000000000	        0.0010000000	        0.7000606431	        0.0000451697	        0.0000946076
        1.2264702865	        1.1431808158	        0.6339038020	        0.0556791943	        0.0055224374	        0.0087291483	        0.0011546041	        0.0052722862	        0.0003358115	        0.0022745124	        0.1000000000	        0.0010000000	        0.7029370296	        0.0000501780	        0.0000964113
        1.2745217853	        1.1355335925	        0.6243686072	        0.0637016517	        0.0052155957	        0.0082072946	        0.0012122283	        0.0056494089	        0.0003872965	        0.0023017618	        0.1000000000	        0.0010000000	        0.7060921513	        0.0000557817	        0.0000982856
        1.3212775037	        1.1265518226	        0.6140587466	        0.0708004989	        0.0049208346	        0.0077058767	        0.0012684850	        0.0060797539	        0.0004495440	        0.0023309238	        0.1000000000	        0.0010000000	        0.7095356278	        0.0000618668	        0.0001002278
        1.3665610231	        1.1162463582	        0.6030027652	        0.0769497074	        0.0046441005	        0.0072344860	        0.0013222300	        0.0065576098	        0.0005231521	        0.0023610755	        0.1000000000	        0.0010000000	        0.7132658239	        0.0000683308	        0.0001020874
        1.4102213305	        1.1046585925	        0.5912559513	        0.0820654645	        0.0043861128	        0.0067944329	        0.0013722697	        0.0070756384	        0.0006085674	        0.0023906505	        0.1000000000	        0.0010000000	        0.7172723162	        0.0000750881	        0.0001038590
        1.4521339345	        1.0918533946	        0.5788966989	        0.0861862612	        0.0041443277	        0.0063819475	        0.0014169706	        0.0076256614	        0.0007061370	        0.0024176003	        0.1000000000	        0.0010000000	        0.7215365731	        0.0000820574	        0.0001056005
        1.4922011523	        1.0779091891	        0.5660208435	        0.0893056585	        0.0039147072	        0.0059910124	        0.0014546799	        0.0081994809	        0.0008161899	        0.0024396353	        0.1000000000	        0.0010000000	        0.7260333335	        0.0000891824	        0.0001073423
        1.5303516405	        1.0629078485	        0.5527315091	        0.0915141595	        0.0036930357	        0.0056154154	        0.0014838824	        0.0087895149	        0.0009391208	        0.0024544730	        0.1000000000	        0.0010000000	        0.7307336558	        0.0000964333	        0.0001090670
        1.5665392717	        1.0469262670	        0.5391342243	        0.0928280515	        0.0034757302	        0.0052499855	        0.0015035391	        0.0093891807	        0.0010754595	        0.0024600521	        0.1000000000	        0.0010000000	        0.7356063088	        0.0001038197	        0.0001108525
        1.6007414793	        1.0300304044	        0.5253255800	        0.0933706385	        0.0032602385	        0.0048911440	        0.0015130272	        0.0099929765	        0.0012259080	        0.0024546710	        0.1000000000	        0.0010000000	        0.7406216634	        0.0001113804	        0.0001126320
        1.6329571982	        1.0122717464	        0.5113942813	        0.0931397711	        0.0030451276	        0.0045370017	        0.0015121271	        0.0105963977	        0.0013913541	        0.0024370710	        0.1000000000	        0.0010000000	        0.7457513497	        0.0001191774	        0.0001146619
        1.6632045292	        0.9936856753	        0.4974138965	        0.0923130844	        0.0028299970	        0.0041871669	        0.0015008118	        0.0111956710	        0.0015728498	        0.0024064521	        0.1000000000	        0.0010000000	        0.7509710444	        0.0001272775	        0.0001168476
        1.6915182473	        0.9742911489	        0.4834503882	        0.0908498908	        0.0026152848	        0.0038424353	        0.0014790943	        0.0117874856	        0.0017715784	        0.0023624661	        0.1000000000	        0.0010000000	        0.7562578872	        0.0001357338	        0.0001191997
        1.7179472609	        0.9540911522	        0.4695591113	        0.0889200069	        0.0024020498	        0.0035044289	        0.0014475767	        0.0123686349	        0.0019887860	        0.0023051722	        0.1000000000	        0.0010000000	        0.7615917651	        0.0001446341	        0.0001223010
        1.7425521094	        0.9330735788	        0.4557826064	        0.0865776730	        0.0021917538	        0.0031752549	        0.0014073243	        0.0129356432	        0.0022256841	        0.0022349814	        0.1000000000	        0.0010000000	        0.7669564067	        0.0001541039	        0.0001256105
        1.7654025727	        0.9112123183	        0.4421493767	        0.0838520259	        0.0019860673	        0.0028572143	        0.0013595247	        0.0134843857	        0.0024833148	        0.0021525996	        0.1000000000	        0.0010000000	        0.7723401804	        0.0001642874	        0.0001300085
        1.7865754452	        0.8884684372	        0.4286771621	        0.0809220637	        0.0017867037	        0.0025525738	        0.0013054418	        0.0140097308	        0.0027623769	        0.0020589759	        0.1000000000	        0.0010000000	        0.7777351386	        0.0001753542	        0.0001351744
        1.8061525101	        0.8647914468	        0.4153714501	        0.0777162560	        0.0015952936	        0.0022633925	        0.0012463751	        0.0145051441	        0.0030629873	        0.0019552525	        0.1000000000	        0.0010000000	        0.7831379130	        0.0001875078	        0.0001411463
        1.8242187368	        0.8401207264	        0.4022282931	        0.0743825532	        0.0014132903	        0.0019914080	        0.0011836430	        0.0149623172	        0.0033843793	        0.0018427238	        0.1000000000	        0.0010000000	        0.7885488853	        0.0002010021	        0.0001486357
        1.8408607086	        0.8143872362	        0.3892317217	        0.0709061607	        0.0012419090	        0.0017379659	        0.0011186259	        0.0153707639	        0.0037245094	        0.0017227994	        0.1000000000	        0.0010000000	        0.7939735411	        0.0002161754	        0.0001577846
        1.8561652810	        0.7875157132	        0.3763539851	        0.0673936793	        0.0010820912	        0.0015039898	        0.0010524138	        0.0157174712	        0.0040795868	        0.0015969754	        0.1000000000	        0.0010000000	        0.7994227166	        0.0002334178	        0.0001688517
        1.8702184608	        0.7594275736	        0.3635592790	        0.0638048646	        0.0009344896	        0.0012899829	        0.0009861693	        0.0159866695	        0.0044435519	        0.0014668173	        0.1000000000	        0.0010000000	        0.8049113419	        0.0002532726	        0.0001830947
        1.8831044915	        0.7300448226	        0.3507941870	        0.0603114611	        0.0007994742	        0.0010960461	        0.0009208146	        0.0161596678	        0.0048074961	        0.0013339365	        0.1000000000	        0.0010000000	        0.8104628870	        0.0002764261	        0.0002013723
        1.8949051275	        0.6992952827	        0.3379968913	        0.0568642996	        0.0006771456	        0.0009219197	        0.0008567649	        0.0162151514	        0.0051592271	        0.0011999870	        0.1000000000	        0.0010000000	        0.8161058417	        0.0003036623	        0.0002228913
        1.9056990763	        0.6671194024	        0.3250942214	        0.0534755402	        0.0005673624	        0.0007670295	        0.0007944282	        0.0161298563	        0.0054830473	        0.0010666536	        0.1000000000	        0.0010000000	        0.8218753763	        0.0003360511	        0.0002493908
        1.9155615890	        0.6334789335	        0.3119966366	        0.0501593964	        0.0004697747	        0.0006305409	        0.0007338359	        0.0158799076	        0.0057600087	        0.0009356389	        0.1000000000	        0.0010000000	        0.8278161061	        0.0003749044	        0.0002836479
        1.9245641781	        0.5983675270	        0.2986045421	        0.0470276142	        0.0003838605	        0.0005114172	        0.0006744296	        0.0154431346	        0.0059690017	        0.0008086515	        0.1000000000	        0.0010000000	        0.8339798799	        0.0004216717	        0.0003273704
        1.9327744427	        0.5618230116	        0.2848130676	        0.0440801471	        0.0003089655	        0.0004084783	        0.0006153321	        0.0148023587	        0.0060889126	        0.0006873812	        0.1000000000	        0.0010000000	        0.8404241470	        0.0004779812	        0.0003782907
        1.9402559838	        0.5239407673	        0.2705148880	        0.0411690777	        0.0002443461	        0.0003204580	        0.0005554465	        0.0139495408	        0.0061019721	        0.0005734576	        0.1000000000	        0.0010000000	        0.8472111758	        0.0005455671	        0.0004376521
        1.9470683933	        0.4848870805	        0.2556086872	        0.0383034212	        0.0001892104	        0.0002460589	        0.0004935359	        0.0128903827	        0.0059981245	        0.0004683909	        0.1000000000	        0.0010000000	        0.8544045213	        0.0006260153	        0.0005142080
        1.9532673011	        0.4449108143	        0.2400120747	        0.0357212299	        0.0001427605	        0.0001840037	        0.0004285969	        0.0116484127	        0.0057796947	        0.0003734947	        0.1000000000	        0.0010000000	        0.8620629833	        0.0007205303	        0.0006000538
        1.9589044686	        0.4043512994	        0.2236726558	        0.0329635487	        0.0001042318	        0.0001330826	        0.0003601829	        0.0102671005	        0.0054650783	        0.0002897942	        0.1000000000	        0.0010000000	        0.8702348413	        0.0008293430	        0.0006832895
        1.9640279170	        0.3636399554	        0.2065940602	        0.0298360704	        0.0000729286	        0.0000921922	        0.0002889608	        0.0088085353	        0.0050900575	        0.0002179381	        0.1000000000	        0.0010000000	        0.8789436428	        0.0009509383	        0.0007815744
        1.9686820816	        0.3232923729	        0.1888562512	        0.0267626810	        0.0000482442	        0.0000603537	        0.0002166378	        0.0073473704	        0.0047055561	        0.0001581258	        0.1000000000	        0.0010000000	        0.8881750587	        0.0010777067	        0.0008947264
        1.9729079831	        0.2841627661	        0.1707591932	        0.0237517837	        0.0000340967	        0.0000421981	        0.0001703233	        0.0059715431	        0.0043759693	        0.0001104339	        0.1000000000	        0.0010000000	        0.8977954490	        0.0011988727	        0.0010053582
        1.9767434111	        0.2470282079	        0.1526686429	        0.0209215050	        0.0000236818	        0.0000289912	        0.0001297489	        0.0047323381	        0.0041289822	        0.0000741011	        0.1000000000	        0.0010000000	        0.9076229566	        0.0013149241	        0.0011148181
        1.9802231129	        0.2121255676	        0.1347432490	        0.0182708545	        0.0000155501	        0.0000188299	        0.0000927006	        0.0036505074	        0.0039761178	        0.0000474880	        0.1000000000	        0.0010000000	        0.9175752834	        0.0014307391	        0.0012240903
        1.9833789852	        0.1795691008	        0.1171215837	        0.0157872668	        0.0000095582	        0.0000114494	        0.0000615048	        0.0027338272	        0.0039206799	        0.0000288286	        0.1000000000	        0.0010000000	        0.9275740396	        0.0015443462	        0.0013202231
        1.9862402627	        0.1494233692	        0.0999501149	        0.0132215032	        0.0000054406	        0.0000064479	        0.0000374701	        0.0019798564	        0.0039586824	        0.0000164010	        0.1000000000	        0.0010000000	        0.9375292305	        0.0016529150	        0.0013988719
        1.9888337046	        0.1216907028	        0.0833637228	        0.0105988868	        0.0000028286	        0.0000033176	        0.0000206823	        0.0013777938	        0.0040808654	        0.0000086127	        0.1000000000	        0.0010000000	        0.9473502383	        0.0017548285	        0.0014918241
        1.9911837738	        0.0963109090	        0.0674700684	        0.0083535650	        0.0000013158	        0.0000015278	        0.0000101419	        0.0009115104	        0.0042751289	        0.0000040801	        0.1000000000	        0.0010000000	        0.9569560722	        0.0018498179	        0.0016018774
        1.9933128092	        0.0731730328	        0.0523423081	        0.0064409296	        0.0000005289	        0.0000006082	        0.0000042722	        0.0005626391	        0.0045286358	        0.0000016798	        0.1000000000	        0.0010000000	        0.9662817229	        0.0019385059	        0.0016948406
        1.9952411902	        0.0521331340	        0.0380222203	        0.0046520459	        0.0000001723	        0.0000001963	        0.0000014513	        0.0003129021	        0.0048292004	        0.0000005624	        0.1000000000	        0.0010000000	        0.9752784974	        0.0020217495	        0.0017739865
        1.9969874916	        0.0330315524	        0.0245272556	        0.0030322274	        0.0000000397	        0.0000000449	        0.0000003477	        0.0001454518	        0.0051659606	        0.0000001336	        0.1000000000	        0.0010000000	        0.9839115664	        0.0021003015	        0.0018487784
        1.9985686299	        0.0157060288	        0.0118572160	        0.0015186367	        0.0000000045	        0.0000000051	        0.0000000409	        0.0000454220	        0.0055295420	        0.0000000156	        0.1000000000	        0.0010000000	        0.9921571853	        0.0021746788	        0.0019116705
        2.0000000000	        0.0000000000	        0.0000000000	        0.0000658716	        0.0000000000	        0.0000000000	        0.0000000000	        0.0000000000	        0.0059119578	        0.0000000000	        0.1000000000	        0.0010000000	        1.0000000000	        0.0022443508	        0.0019844589
