        0.0000000000	        0.0000000000	        1.0000000000	       -0.0000125467	        0.0000000000	        0.0000000000	        0.0000000000	        0.0000000000	        0.0073104126	        0.0000000000	        0.1000000000	        0.0010000000	        0.3333333333	        0.0007016352	        0.0007094424	        0.0000000000	        0.0000000000	        0.0000000000
        0.0014313701	        0.0113147206	        0.9964546426	        0.0000271914	        0.0000000005	        0.0000000016	        0.0000000013	        0.0000235696	        0.0069907256	        0.0000000036	        0.1000000000	        0.0010000000	        0.3341230571	        0.0007029577	        0.0007113795	        0.0000000000	        0.0000000000	        0.0000000000
        0.0030125084	        0.0238303581	        0.9925247641	        0.0000770106	        0.0000000043	        0.0000000141	        0.0000000118	        0.0000758859	        0.0066662543	        0.0000000314	        0.1000000000	        0.0010000000	        0.3350028167	        0.0007030153	        0.0007125275	        0.0000000000	        0.0000000000	        0.0000000000
        0.0047588098	        0.0376738140	        0.9881678306	        0.0001393176	        0.0000000191	        0.0000000631	        0.0000000531	        0.0001643771	        0.0063407023	        0.0000001371	        0.1000000000	        0.0010000000	        0.3359836100	        0.0007030368	        0.0007132422	        0.0000000000	        0.0000000000	        0.0000000000
        0.0066871908	        0.0529845051	        0.9833366127	        0.0002103876	        0.0000000611	        0.0000002014	        0.0000001708	        0.0002978705	        0.0060186256	        0.0000004278	        0.1000000000	        0.0010000000	        0.3370779065	        0.0007029722	        0.0007132066	        0.0000000000	        0.0000000000	        0.0000000000
        0.0088162262	        0.0699145147	        0.9779788988	        0.0002876547	        0.0000001600	        0.0000005255	        0.0000004492	        0.0004867820	        0.0057055518	        0.0000010909	        0.1000000000	        0.0010000000	        0.3382998231	        0.0007027309	        0.0007134792	        0.0000000000	        0.0000000000	        0.0000000000
        0.0111662954	        0.0886277661	        0.9720374243	        0.0003832081	        0.0000003658	        0.0000011966	        0.0000010317	        0.0007432824	        0.0054081010	        0.0000024288	        0.1000000000	        0.0010000000	        0.3396652773	        0.0007021614	        0.0007138138	        0.0000000000	        0.0000000000	        0.0000000000
        0.0137597373	        0.1092975427	        0.9654501965	        0.0004955707	        0.0000007571	        0.0000024657	        0.0000021450	        0.0010813818	        0.0051340838	        0.0000048997	        0.1000000000	        0.0010000000	        0.3411920795	        0.0007010274	        0.0007131269	        0.0000000000	        0.0000000000	        0.0000000000
        0.0166210148	        0.1321014920	        0.9581514574	        0.0006228745	        0.0000014498	        0.0000046977	        0.0000041228	        0.0015168263	        0.0048925250	        0.0000091618	        0.1000000000	        0.0010000000	        0.3428999076	        0.0006989866	        0.0007118333	        0.0000000000	        0.0000000000	        0.0000000000
        0.0197768871	        0.1572132662	        0.9500735428	        0.0007781793	        0.0000026026	        0.0000083865	        0.0000074206	        0.0020666321	        0.0046935256	        0.0000161159	        0.1000000000	        0.0010000000	        0.3448100977	        0.0006955798	        0.0007093627	        0.0000000000	        0.0000000000	        0.0000000000
        0.0232565889	        0.1847904524	        0.9411497980	        0.0009597635	        0.0000044169	        0.0000141454	        0.0000126018	        0.0027480303	        0.0045478288	        0.0000269355	        0.1000000000	        0.0010000000	        0.3469451966	        0.0006902489	        0.0007044936	        0.0000000000	        0.0000000000	        0.0000000000
        0.0270920169	        0.2149597244	        0.9313184075	        0.0011652282	        0.0000071242	        0.0000226599	        0.0000202812	        0.0035766023	        0.0044659342	        0.0000430741	        0.1000000000	        0.0010000000	        0.3493282818	        0.0006823972	        0.0006969730	        0.0000000000	        0.0000000000	        0.0000000000
        0.0313179184	        0.2478020330	        0.9205265148	        0.0014002696	        0.0000109602	        0.0000345983	        0.0000310183	        0.0045635589	        0.0044566520	        0.0000662363	        0.1000000000	        0.0010000000	        0.3519821663	        0.0006714911	        0.0006854496	        0.0000000000	        0.0000000000	        0.0000000000
        0.0359720830	        0.2833420436	        0.9087335933	        0.0016347068	        0.0000161336	        0.0000505064	        0.0000451917	        0.0057124738	        0.0045251451	        0.0000983086	        0.1000000000	        0.0010000000	        0.3549287121	        0.0006571746	        0.0006687150	        0.0000000000	        0.0000000000	        0.0000000000
        0.0410955314	        0.3215451800	        0.8959131471	        0.0018324928	        0.0000228021	        0.0000707327	        0.0000629097	        0.0070162012	        0.0046707539	        0.0001412572	        0.1000000000	        0.0010000000	        0.3581884740	        0.0006393456	        0.0006462840	        0.0000000000	        0.0000000000	        0.0000000000
        0.0467326989	        0.3623220352	        0.8820526621	        0.0019242590	        0.0000310727	        0.0000954314	        0.0000839526	        0.0084548547	        0.0048851118	        0.0001970081	        0.1000000000	        0.0010000000	        0.3617807148	        0.0006177274	        0.0006170061	        0.0000000000	        0.0000000000	        0.0000000000
        0.0529316067	        0.4054691819	        0.8671726030	        0.0017989340	        0.0000417121	        0.0001267280	        0.0001089440	        0.0099934826	        0.0051511909	        0.0002672288	        0.1000000000	        0.0010000000	        0.3657182706	        0.0005884868	        0.0005806335	        0.0000000000	        0.0000000000	        0.0000000000
        0.0597440162	        0.4500787691	        0.8515099352	        0.0015166680	        0.0000609046	        0.0001829182	        0.0001507218	        0.0115629632	        0.0054406300	        0.0003520926	        0.1000000000	        0.0010000000	        0.3699565848	        0.0005489911	        0.0005382418	        0.0000000000	        0.0000000000	        0.0000000000
        0.0672255573	        0.4950759936	        0.8353792132	        0.0011764126	        0.0000850954	        0.0002525214	        0.0001962056	        0.0130477807	        0.0056882583	        0.0004503609	        0.1000000000	        0.0010000000	        0.3744254778	        0.0005032747	        0.0004908927	        0.0000000000	        0.0000000000	        0.0000000000
        0.0754358219	        0.5397994138	        0.8189898151	        0.0007165758	        0.0001148292	        0.0003365747	        0.0002437104	        0.0143565006	        0.0058460603	        0.0005606811	        0.1000000000	        0.0010000000	        0.3790779840	        0.0004555973	        0.0004405175	        0.0000000000	        0.0000000000	        0.0000000000
        0.0844384110	        0.5836718290	        0.8025421093	        0.0000895396	        0.0001506889	        0.0004361748	        0.0002912558	        0.0154195201	        0.0058850432	        0.0006810189	        0.1000000000	        0.0010000000	        0.3838647491	        0.0004079396	        0.0003892355	        0.0000000000	        0.0000000000	        0.0000000000
        0.0943009237	        0.6262292956	        0.7862134539	       -0.0007862201	        0.0001932687	        0.0005524106	        0.0003371612	        0.0161967552	        0.0057970975	        0.0008088434	        0.1000000000	        0.0010000000	        0.3887379645	        0.0003619781	        0.0003388986	        0.0000000000	        0.0000000000	        0.0000000000
        0.1050948725	        0.6671323646	        0.7701484757	       -0.0019758605	        0.0002431383	        0.0006862706	        0.0003801605	        0.0166778627	        0.0055920557	        0.0009413396	        0.1000000000	        0.0010000000	        0.3936547652	        0.0003189706	        0.0002914142	        0.0000000000	        0.0000000000	        0.0000000000
        0.1168955085	        0.7061618115	        0.7544544789	       -0.0035299350	        0.0003008039	        0.0008385441	        0.0004194359	        0.0168768716	        0.0052917407	        0.0010756039	        0.1000000000	        0.0010000000	        0.3985796284	        0.0002797240	        0.0002480924	        0.0000000000	        0.0000000000	        0.0000000000
        0.1297815392	        0.7432032787	        0.7392016755	       -0.0054753699	        0.0003666702	        0.0010097295	        0.0004545834	        0.0168241901	        0.0049233740	        0.0012087975	        0.1000000000	        0.0010000000	        0.4034855745	        0.0002446320	        0.0002096300	        0.0000000000	        0.0000000000	        0.0000000000
        0.1438347190	        0.7782260005	        0.7244270302	       -0.0078262681	        0.0004410069	        0.0011999572	        0.0004855331	        0.0165586242	        0.0045141518	        0.0013382508	        0.1000000000	        0.0010000000	        0.4083542650	        0.0002137551	        0.0001762974	        0.0000000000	        0.0000000000	        0.0000000000
        0.1591392914	        0.8112601149	        0.7101401777	       -0.0105680106	        0.0005239242	        0.0014089370	        0.0005124538	        0.0161209904	        0.0040877794	        0.0014615280	        0.1000000000	        0.0010000000	        0.4131752744	        0.0001869167	        0.0001480928	        0.0000000000	        0.0000000000	        0.0000000000
        0.1757812632	        0.8423756564	        0.6963300291	       -0.0136622049	        0.0006153587	        0.0016359379	        0.0005356627	        0.0155498535	        0.0036628932	        0.0015764659	        0.1000000000	        0.0010000000	        0.4179448712	        0.0001637931	        0.0001247369	        0.0000000000	        0.0000000000	        0.0000000000
        0.1938474899	        0.8716648335	        0.6829711034	       -0.0170464269	        0.0007150752	        0.0018798072	        0.0005555514	        0.0148792129	        0.0032528676	        0.0016812008	        0.1000000000	        0.0010000000	        0.4226645930	        0.0001439863	        0.0001057301	        0.0000000000	        0.0000000000	        0.0000000000
        0.2134245548	        0.8992280353	        0.6700290727	       -0.0206501943	        0.0008226873	        0.0021390401	        0.0005725330	        0.0141376597	        0.0028664205	        0.0017741942	        0.1000000000	        0.0010000000	        0.4273398086	        0.0001270764	        0.0000904477	        0.0000000000	        0.0000000000	        0.0000000000
        0.2345974273	        0.9251632932	        0.6574653773	       -0.0243982333	        0.0009377021	        0.0024119062	        0.0005870084	        0.0133484862	        0.0025085539	        0.0018542644	        0.1000000000	        0.0010000000	        0.4319783640	        0.0001126546	        0.0000784446	        0.0000000000	        0.0000000000	        0.0000000000
        0.2574478906	        0.9495585963	        0.6452409970	       -0.0281776203	        0.0010595941	        0.0026966459	        0.0005993474	        0.0125303308	        0.0021815323	        0.0019206262	        0.1000000000	        0.0010000000	        0.4365893304	        0.0001003422	        0.0000691994	        0.0000000000	        0.0000000000	        0.0000000000
        0.2820527391	        0.9724864081	        0.6333195830	       -0.0318922680	        0.0011879132	        0.0029917451	        0.0006098804	        0.0116980675	        0.0018857464	        0.0019729387	        0.1000000000	        0.0010000000	        0.4411818233	        0.0000897985	        0.0000619419	        0.0000000000	        0.0000000000	        0.0000000000
        0.3084817527	        0.9939998580	        0.6216701774	       -0.0354895764	        0.0013224309	        0.0032962919	        0.0006188973	        0.0108637608	        0.0016204068	        0.0020113579	        0.1000000000	        0.0010000000	        0.4457638351	        0.0000807230	        0.0000558750	        0.0000000000	        0.0000000000	        0.0000000000
        0.3367954708	        1.0141303106	        0.6102697091	       -0.0389874317	        0.0014633238	        0.0036104091	        0.0006266513	        0.0100375841	        0.0013840631	        0.0020365869	        0.1000000000	        0.0010000000	        0.4503410261	        0.0000728530	        0.0000507451	        0.0000000000	        0.0000000000	        0.0000000000
        0.3670428018	        1.0328863172	        0.5991053406	       -0.0423370849	        0.0016113839	        0.0039357347	        0.0006333638	        0.0092286367	        0.0011749702	        0.0020499107	        0.1000000000	        0.0010000000	        0.4549154494	        0.0000659616	        0.0000465379	        0.0000000000	        0.0000000000	        0.0000000000
        0.3992585207	        1.0502542881	        0.5881765673	       -0.0454931903	        0.0017682310	        0.0042758834	        0.0006392314	        0.0084456051	        0.0009913246	        0.0020531978	        0.1000000000	        0.0010000000	        0.4594842556	        0.0000598545	        0.0000432256	        0.0000000000	        0.0000000000	        0.0000000000
        0.4334607283	        1.0662015327	        0.5774967079	       -0.0483404538	        0.0019364740	        0.0046367651	        0.0006444321	        0.0076972029	        0.0008313940	        0.0020488438	        0.1000000000	        0.0010000000	        0.4640385408	        0.0000543702	        0.0000409605	        0.0000000000	        0.0000000000	        0.0000000000
        0.4696483595	        1.0806824352	        0.5670931319	       -0.0506931506	        0.0021197314	        0.0050265574	        0.0006491294	        0.0069923071	        0.0006935567	        0.0020396325	        0.1000000000	        0.0010000000	        0.4685626634	        0.0000493807	        0.0000395516	        0.0000000000	        0.0000000000	        0.0000000000
        0.5077988477	        1.0936482219	        0.5570053539	       -0.0524191815	        0.0023223835	        0.0054550484	        0.0006534708	        0.0063397183	        0.0005762704	        0.0020284991	        0.1000000000	        0.0010000000	        0.4730345009	        0.0000447951	        0.0000386021	        0.0000000000	        0.0000000000	        0.0000000000
        0.5478660655	        1.1050597785	        0.5472802334	       -0.0534322967	        0.0025489048	        0.0059320392	        0.0006575800	        0.0057475363	        0.0004779962	        0.0020182109	        0.1000000000	        0.0010000000	        0.4774271337	        0.0000405614	        0.0000378836	        0.0000000000	        0.0000000000	        0.0000000000
        0.5897786695	        1.1149013430	        0.5379641962	       -0.0536762556	        0.0028026682	        0.0064645984	        0.0006615410	        0.0052222707	        0.0003971137	        0.0020110222	        0.1000000000	        0.0010000000	        0.4817121841	        0.0000366661	        0.0000373085	        0.0000000000	        0.0000000000	        0.0000000000
        0.6334389769	        1.1231913285	        0.5290936232	       -0.0531136566	        0.0030842517	        0.0070532973	        0.0006653826	        0.0047679618	        0.0003318723	        0.0020084000	        0.1000000000	        0.0010000000	        0.4858644430	        0.0000331260	        0.0000369598	        0.0000000000	        0.0000000000	        0.0000000000
        0.6787224963	        1.1299862870	        0.5206857650	       -0.0516765597	        0.0033895398	        0.0076881223	        0.0006690697	        0.0043856573	        0.0002804071	        0.0020109183	        0.1000000000	        0.0010000000	        0.4898667319	        0.0000299756	        0.0000369683	        0.0000000000	        0.0000000000	        0.0000000000
        0.7254782147	        1.1353759226	        0.5127328422	       -0.0492970627	        0.0037082094	        0.0083453898	        0.0006725112	        0.0040734923	        0.0002408235	        0.0020183589	        0.1000000000	        0.0010000000	        0.4937136224	        0.0000272513	        0.0000372050	        0.0000000000	        0.0000000000	        0.0000000000
        0.7735297135	        1.1394703957	        0.5052009128	       -0.0460206369	        0.0040233723	        0.0089873278	        0.0006755817	        0.0038273671	        0.0002113199	        0.0020299746	        0.1000000000	        0.0010000000	        0.4974129984	        0.0000249783	        0.0000376093	        0.0000000000	        0.0000000000	        0.0000000000
        0.8226771500	        1.1423838807	        0.4980332438	       -0.0418637429	        0.0043130192	        0.0095656368	        0.0006781493	        0.0036419833	        0.0001903081	        0.0020448104	        0.1000000000	        0.0010000000	        0.5009853160	        0.0000231645	        0.0000383155	        0.0000000000	        0.0000000000	        0.0000000000
        0.8727000940	        1.1442188975	        0.4911564987	       -0.0368347274	        0.0045533914	        0.0100291634	        0.0006801024	        0.0035119063	        0.0001764995	        0.0020619833	        0.1000000000	        0.0010000000	        0.5044612033	        0.0000218004	        0.0000395282	        0.0000000000	        0.0000000000	        0.0000000000
        0.9233611572	        1.1450545409	        0.4844877790	       -0.0308487979	        0.0047236309	        0.0103341264	        0.0006813697	        0.0034324023	        0.0001689467	        0.0020808707	        0.1000000000	        0.0010000000	        0.5078783207	        0.0000208629	        0.0000410717	        0.0000000000	        0.0000000000	        0.0000000000
        0.9744103051	        1.1449397865	        0.4779412111	       -0.0240337380	        0.0048103711	        0.0104539114	        0.0006819342	        0.0033999345	        0.0001670478	        0.0021012069	        0.1000000000	        0.0010000000	        0.5112781774	        0.0000203198	        0.0000422892	        0.0000000000	        0.0000000000	        0.0000000000
        1.0255896949	        1.1438917538	        0.4714336797	       -0.0167349699	        0.0048107340	        0.0103851311	        0.0006818393	        0.0034123164	        0.0001705258	        0.0021231110	        0.1000000000	        0.0010000000	        0.5147031758	        0.0000201332	        0.0000425496	        0.0000000000	        0.0000000000	        0.0000000000
        1.0766388428	        1.1418984110	        0.4648899134	       -0.0095022841	        0.0047326841	        0.0101478203	        0.0006811853	        0.0034685602	        0.0001793916	        0.0021470664	        0.1000000000	        0.0010000000	        0.5181938303	        0.0000202599	        0.0000416641	        0.0000000000	        0.0000000000	        0.0000000000
        1.1272999060	        1.1389253091	        0.4582472401	       -0.0028036977	        0.0045926716	        0.0097798108	        0.0006801179	        0.0035684725	        0.0001938931	        0.0021738531	        0.1000000000	        0.0010000000	        0.5217860058	        0.0000206513	        0.0000401925	        0.0000000000	        0.0000000000	        0.0000000000
        1.1773228500	        1.1349259090	        0.4514599928	        0.0032057303	        0.0044114887	        0.0093274556	        0.0006788077	        0.0037120548	        0.0002144499	        0.0022044208	        0.1000000000	        0.0010000000	        0.5255081704	        0.0000212531	        0.0000390109	        0.0000000000	        0.0000000000	        0.0000000000
        1.2264702865	        1.1298545022	        0.4445029824	        0.0086801659	        0.0042097879	        0.0088359050	        0.0006774235	        0.0038988091	        0.0002415737	        0.0022396932	        0.1000000000	        0.0010000000	        0.5293789531	        0.0000220069	        0.0000379286	        0.0000000000	        0.0000000000	        0.0000000000
        1.2745217853	        1.1236796700	        0.4373730125	        0.0133975117	        0.0040045762	        0.0083417369	        0.0006761049	        0.0041271037	        0.0002757810	        0.0022803169	        0.1000000000	        0.0010000000	        0.5334055849	        0.0000228546	        0.0000364106	        0.0000000000	        0.0000000000	        0.0000000000
        1.3212775037	        1.1163953098	        0.4300874946	        0.0172306221	        0.0038073894	        0.0078693450	        0.0006749406	        0.0043937859	        0.0003175168	        0.0023264098	        0.1000000000	        0.0010000000	        0.5375838326	        0.0000237454	        0.0000347995	        0.0000000000	        0.0000000000	        0.0000000000
        1.3665610231	        1.1080263713	        0.4226799707	        0.0202375327	        0.0036241363	        0.0074309288	        0.0006739607	        0.0046941762	        0.0003671096	        0.0023773841	        0.1000000000	        0.0010000000	        0.5418997007	        0.0000246424	        0.0000333806	        0.0000000000	        0.0000000000	        0.0000000000
        1.4102213305	        1.0986279580	        0.4151934468	        0.0225120916	        0.0034561081	        0.0070289054	        0.0006731436	        0.0050224510	        0.0004247717	        0.0024319093	        0.1000000000	        0.0010000000	        0.5463325833	        0.0000255268	        0.0000320815	        0.0000000000	        0.0000000000	        0.0000000000
        1.4521339345	        1.0882786864	        0.4076732064	        0.0240909005	        0.0033014997	        0.0066592951	        0.0006724341	        0.0053722749	        0.0004906424	        0.0024880260	        0.1000000000	        0.0010000000	        0.5508590498	        0.0000263984	        0.0000307526	        0.0000000000	        0.0000000000	        0.0000000000
        1.4922011523	        1.0770708803	        0.4001607506	        0.0249916632	        0.0031569101	        0.0063149480	        0.0006717635	        0.0057374722	        0.0005648590	        0.0025433672	        0.1000000000	        0.0010000000	        0.5554563445	        0.0000272722	        0.0000294936	        0.0000000000	        0.0000000000	        0.0000000000
        1.5303516405	        1.0651005011	        0.3926898216	        0.0253113511	        0.0030185212	        0.0059880069	        0.0006710642	        0.0061125612	        0.0006476318	        0.0025954165	        0.1000000000	        0.0010000000	        0.5601049636	        0.0000281740	        0.0000286117	        0.0000000000	        0.0000000000	        0.0000000000
        1.5665392717	        1.0524588809	        0.3852846163	        0.0252227410	        0.0028828682	        0.0056714642	        0.0006702779	        0.0064930638	        0.0007393063	        0.0026417380	        0.1000000000	        0.0010000000	        0.5647901147	        0.0000291357	        0.0000280547	        0.0000000000	        0.0000000000	        0.0000000000
        1.6007414793	        1.0392271107	        0.3779597122	        0.0247648028	        0.0027472477	        0.0053599396	        0.0006693569	        0.0068755990	        0.0008404063	        0.0026801464	        0.1000000000	        0.0010000000	        0.5695022141	        0.0000301915	        0.0000276318	        0.0000000000	        0.0000000000	        0.0000000000
        1.6329571982	        1.0254729715	        0.3707210376	        0.0239880124	        0.0026098573	        0.0050499060	        0.0006682626	        0.0072578160	        0.0009516582	        0.0027088077	        0.1000000000	        0.0010000000	        0.5742367284	        0.0000313762	        0.0000273956	        0.0000000000	        0.0000000000	        0.0000000000
        1.6632045292	        1.0112498184	        0.3635672984	        0.0229388715	        0.0024697673	        0.0047395785	        0.0006669625	        0.0076382365	        0.0010740007	        0.0027262835	        0.1000000000	        0.0010000000	        0.5789936707	        0.0000327249	        0.0000275052	        0.0000000000	        0.0000000000	        0.0000000000
        1.6915182473	        0.9965967301	        0.3564914601	        0.0217183570	        0.0023268002	        0.0044286323	        0.0006654266	        0.0080160612	        0.0012085876	        0.0027315338	        0.1000000000	        0.0010000000	        0.5837769823	        0.0000342729	        0.0000279668	        0.0000000000	        0.0000000000	        0.0000000000
        1.7179472609	        0.9815393457	        0.3494820659	        0.0203472276	        0.0021813719	        0.0041178584	        0.0006636254	        0.0083909761	        0.0013567873	        0.0027238960	        0.1000000000	        0.0010000000	        0.5885939446	        0.0000360566	        0.0000285402	        0.0000000000	        0.0000000000	        0.0000000000
        1.7425521094	        0.9660909761	        0.3425243016	        0.0188067400	        0.0020343268	        0.0038088216	        0.0006615269	        0.0087629765	        0.0015201806	        0.0027030495	        0.1000000000	        0.0010000000	        0.5934546921	        0.0000381151	        0.0000292792	        0.0000000000	        0.0000000000	        0.0000000000
        1.7654025727	        0.9502537345	        0.3356007959	        0.0171292441	        0.0018867858	        0.0035035549	        0.0006590950	        0.0091322124	        0.0017005598	        0.0026689760	        0.1000000000	        0.0010000000	        0.5983718571	        0.0000404909	        0.0000304360	        0.0000000000	        0.0000000000	        0.0000000000
        1.7865754452	        0.9340195409	        0.3286921807	        0.0153718824	        0.0017400153	        0.0032043046	        0.0006562877	        0.0094988560	        0.0018999261	        0.0026219175	        0.1000000000	        0.0010000000	        0.6033603450	        0.0000432320	        0.0000318803	        0.0000000000	        0.0000000000	        0.0000000000
        1.8061525101	        0.9173709299	        0.3217774496	        0.0134995454	        0.0015953204	        0.0029133297	        0.0006530559	        0.0098629831	        0.0021204846	        0.0025623372	        0.1000000000	        0.0010000000	        0.6084372359	        0.0000463932	        0.0000335513	        0.0000000000	        0.0000000000	        0.0000000000
        1.8242187368	        0.9002816370	        0.3148341538	        0.0115359069	        0.0014539630	        0.0026327527	        0.0006493408	        0.0102244637	        0.0023646327	        0.0024908814	        0.1000000000	        0.0010000000	        0.6136217998	        0.0000500376	        0.0000356098	        0.0000000000	        0.0000000000	        0.0000000000
        1.8408607086	        0.8827169573	        0.3078384684	        0.0094804004	        0.0013171015	        0.0023644561	        0.0006450729	        0.0105828523	        0.0026349380	        0.0024083453	        0.1000000000	        0.0010000000	        0.6189356159	        0.0000542389	        0.0000381302	        0.0000000000	        0.0000000000	        0.0000000000
        1.8561652810	        0.8646338873	        0.3007651555	        0.0073574588	        0.0011857508	        0.0021100176	        0.0006401694	        0.0109372724	        0.0029340977	        0.0023156421	        0.1000000000	        0.0010000000	        0.6244027935	        0.0000590836	        0.0000414402	        0.0000000000	        0.0000000000	        0.0000000000
        1.8702184608	        0.8459810593	        0.2935874452	        0.0052248010	        0.0010607581	        0.0018706763	        0.0006345320	        0.0112862868	        0.0032648712	        0.0022137748	        0.1000000000	        0.0010000000	        0.6300502900	        0.0000646731	        0.0000455773	        0.0000000000	        0.0000000000	        0.0000000000
        1.8831044915	        0.8266984834	        0.2862768488	        0.0030795434	        0.0009427927	        0.0016473246	        0.0006280440	        0.0116277457	        0.0036299730	        0.0021038118	        0.1000000000	        0.0010000000	        0.6359083327	        0.0000711270	        0.0000507404	        0.0000000000	        0.0000000000	        0.0000000000
        1.8949051275	        0.8067171112	        0.2788029150	        0.0009872210	        0.0008323454	        0.0014405178	        0.0006205670	        0.0119586063	        0.0040319088	        0.0019868661	        0.1000000000	        0.0010000000	        0.6420109509	        0.0000785861	        0.0000571379	        0.0000000000	        0.0000000000	        0.0000000000
        1.9056990763	        0.7859582361	        0.2711329389	       -0.0010536193	        0.0007297363	        0.0012504972	        0.0006119371	        0.0122747152	        0.0044727328	        0.0018640779	        0.1000000000	        0.0010000000	        0.6483966315	        0.0000872166	        0.0000653026	        0.0000000000	        0.0000000000	        0.0000000000
        1.9155615890	        0.7643327537	        0.2632316323	       -0.0029252094	        0.0006351280	        0.0010772217	        0.0006019613	        0.0125705474	        0.0049536960	        0.0017366012	        0.1000000000	        0.0010000000	        0.6551091161	        0.0000972136	        0.0000754668	        0.0000000000	        0.0000000000	        0.0000000000
        1.9245641781	        0.7417403094	        0.2550607633	       -0.0046489857	        0.0005485418	        0.0009204053	        0.0005904119	        0.0128388964	        0.0054747521	        0.0016055939	        0.1000000000	        0.0010000000	        0.6621983611	        0.0001088064	        0.0000882858	        0.0000000000	        0.0000000000	        0.0000000000
        1.9327744427	        0.7180683820	        0.2465787800	       -0.0060658913	        0.0004698766	        0.0007795553	        0.0005770229	        0.0130705140	        0.0060338773	        0.0014722128	        0.1000000000	        0.0010000000	        0.6697216870	        0.0001222630	        0.0001042219	        0.0000000000	        0.0000000000	        0.0000000000
        1.9402559838	        0.6931913723	        0.2377404365	       -0.0072047656	        0.0003989279	        0.0006540117	        0.0005614844	        0.0132537083	        0.0066261629	        0.0013376116	        0.1000000000	        0.0010000000	        0.6777451462	        0.0001378944	        0.0001226488	        0.0000000000	        0.0000000000	        0.0000000000
        1.9470683933	        0.6669698094	        0.2284964510	       -0.0080650822	        0.0003354070	        0.0005429840	        0.0005434391	        0.0133739209	        0.0072426469	        0.0012029441	        0.1000000000	        0.0010000000	        0.6863451419	        0.0001560592	        0.0001471771	        0.0000000000	        0.0000000000	        0.0000000000
        1.9532673011	        0.6392498448	        0.2187932399	       -0.0082831392	        0.0002789592	        0.0004455866	        0.0005224800	        0.0134133327	        0.0078688829	        0.0010693709	        0.1000000000	        0.0010000000	        0.6956103261	        0.0001771650	        0.0001767348	        0.0000000000	        0.0000000000	        0.0000000000
        1.9589044686	        0.6098633007	        0.2085728011	       -0.0081134666	        0.0002291809	        0.0003608696	        0.0004981514	        0.0133505910	        0.0084833172	        0.0009380703	        0.1000000000	        0.0010000000	        0.7056437945	        0.0002016673	        0.0002080638	        0.0000000000	        0.0000000000	        0.0000000000
        1.9640279170	        0.5786286855	        0.1977728546	       -0.0076164127	        0.0001856353	        0.0002878473	        0.0004699565	        0.0131608183	        0.0090556826	        0.0008102524	        0.1000000000	        0.0010000000	        0.7165655653	        0.0002300619	        0.0002454842	        0.0000000000	        0.0000000000	        0.0000000000
        1.9686820816	        0.5453538213	        0.1863274206	       -0.0066222293	        0.0001478671	        0.0002255228	        0.0004373751	        0.0128161684	        0.0095458610	        0.0006871747	        0.1000000000	        0.0010000000	        0.7285152611	        0.0002628654	        0.0002901456	        0.0000000000	        0.0000000000	        0.0000000000
        1.9729079831	        0.5098411150	        0.1741681291	       -0.0051667138	        0.0001154155	        0.0001729099	        0.0003998999	        0.0122873371	        0.0099040527	        0.0005701577	        0.1000000000	        0.0010000000	        0.7416547571	        0.0003005784	        0.0003397113	        0.0000000000	        0.0000000000	        0.0000000000
        1.9767434111	        0.4718971460	        0.1612267598	       -0.0033543236	        0.0000878273	        0.0001290528	        0.0003571038	        0.0115466147	        0.0100736232	        0.0004605939	        0.1000000000	        0.0010000000	        0.7561702436	        0.0003436147	        0.0003942416	        0.0000000000	        0.0000000000	        0.0000000000
        1.9802231129	        0.4313493398	        0.1474398848	       -0.0012286762	        0.0000646690	        0.0000930429	        0.0003087614	        0.0105732259	        0.0099986085	        0.0003599442	        0.1000000000	        0.0010000000	        0.7722724716	        0.0003921746	        0.0004436088	        0.0000000000	        0.0000000000	        0.0000000000
        1.9833789852	        0.3880744212	        0.1327571746	        0.0003794966	        0.0000455413	        0.0000640368	        0.0002550665	        0.0093617081	        0.0096382658	        0.0002697077	        0.1000000000	        0.0010000000	        0.7901925416	        0.0004460175	        0.0004905143	        0.0000000000	        0.0000000000	        0.0000000000
        1.9862402627	        0.3420467405	        0.1171562232	        0.0017925640	        0.0000300959	        0.0000412753	        0.0001970227	        0.0079335683	        0.0089906197	        0.0001913511	        0.1000000000	        0.0010000000	        0.8101676386	        0.0005040525	        0.0005431916	        0.0000000000	        0.0000000000	        0.0000000000
        1.9888337046	        0.2934202337	        0.1006690461	        0.0028711062	        0.0000180620	        0.0000241095	        0.0001371417	        0.0063507090	        0.0081246599	        0.0001261801	        0.1000000000	        0.0010000000	        0.8324051376	        0.0005636316	        0.0005848175	        0.0000000000	        0.0000000000	        0.0000000000
        1.9911837738	        0.2426620115	        0.0834276968	        0.0030603586	        0.0000092766	        0.0000120271	        0.0000802084	        0.0047248381	        0.0072157877	        0.0000751413	        0.1000000000	        0.0010000000	        0.8570042231	        0.0006170895	        0.0006175346	        0.0000000000	        0.0000000000	        0.0000000000
        1.9933128092	        0.1911391025	        0.0658693127	        0.0028962064	        0.0000049369	        0.0000062081	        0.0000472858	        0.0032236445	        0.0065858952	        0.0000388611	        0.1000000000	        0.0010000000	        0.8835962453	        0.0006559595	        0.0006470670	        0.0000000000	        0.0000000000	        0.0000000000
        1.9952411902	        0.1404063957	        0.0485076896	        0.0025869684	        0.0000021006	        0.0000025604	        0.0000218032	        0.0019533809	        0.0063923503	        0.0000163282	        0.1000000000	        0.0010000000	        0.9115642488	        0.0006815691	        0.0006637914	        0.0000000000	        0.0000000000	        0.0000000000
        1.9969874916	        0.0912255021	        0.0315970014	        0.0020022655	        0.0000006005	        0.0000007094	        0.0000066537	        0.0009779848	        0.0067655555	        0.0000048132	        0.1000000000	        0.0010000000	        0.9405621150	        0.0006974842	        0.0006620968	        0.0000000000	        0.0000000000	        0.0000000000
        1.9985686299	        0.0442887162	        0.0153781946	        0.0009061152	        0.0000000782	        0.0000000896	        0.0000009128	        0.0003271634	        0.0077971213	        0.0000006745	        0.1000000000	        0.0010000000	        0.9701613402	        0.0007046680	        0.0006490793	        0.0000000000	        0.0000000000	        0.0000000000
        2.0000000000	        0.0000000000	        0.0000000000	       -0.0004903054	        0.0000000000	        0.0000000000	        0.0000000000	        0.0000000000	        0.0095619033	        0.0000000000	        0.1000000000	        0.0010000000	        1.0000000000	        0.0007095615	        0.0006527762	        0.0000000000	        0.0000000000	        0.0000000000
