        0.0000000000	        0.0000000000	        1.0000000000	        0.0005644933	        0.0000000000	        0.0000000000	        0.0000000000	        0.0000000000	        0.0070156685	        0.0000000000	        0.1000000000	        0.0010000000	        1.0000000000	        0.0012245337	        0.0006716170
        0.0014313701	        0.0151224499	        0.9951535042	       -0.0015532709	        0.0000000035	        0.0000000039	        0.0000000125	        0.0000416842	        0.0065616201	        0.0000000115	        0.1000000000	        0.0010000000	        1.0000000000	        0.0011124489	        0.0006394331
        0.0030125084	        0.0318028097	        0.9902971204	       -0.0035611930	        0.0000000309	        0.0000000343	        0.0000001002	        0.0001330130	        0.0061225820	        0.0000000985	        0.1000000000	        0.0010000000	        1.0000000000	        0.0010082028	        0.0005938320
        0.0047588098	        0.0501930334	        0.9854404949	       -0.0055453131	        0.0000001354	        0.0000001504	        0.0000003986	        0.0002853812	        0.0057064115	        0.0000004173	        0.1000000000	        0.0010000000	        1.0000000000	        0.0009136279	        0.0005277530
        0.0066871908	        0.0704536354	        0.9805766199	       -0.0076666907	        0.0000004225	        0.0000004694	        0.0000011304	        0.0005119512	        0.0053221295	        0.0000012573	        0.1000000000	        0.0010000000	        1.0000000000	        0.0008303826	        0.0004448342
        0.0088162262	        0.0927485581	        0.9756854019	       -0.0100746234	        0.0000010717	        0.0000011908	        0.0000026190	        0.0008276828	        0.0049800020	        0.0000030854	        0.1000000000	        0.0010000000	        1.0000000000	        0.0007584262	        0.0003691584
        0.0111662954	        0.1172361386	        0.9707407523	       -0.0127150215	        0.0000023576	        0.0000026196	        0.0000052969	        0.0012490763	        0.0046914788	        0.0000065880	        0.1000000000	        0.0010000000	        1.0000000000	        0.0006972532	        0.0003113343
        0.0137597373	        0.1440555631	        0.9657052030	       -0.0155985091	        0.0000046578	        0.0000051754	        0.0000096917	        0.0017933881	        0.0044688244	        0.0000127029	        0.1000000000	        0.0010000000	        1.0000000000	        0.0006457466	        0.0002638895
        0.0166210148	        0.1733098355	        0.9605418544	       -0.0187460588	        0.0000084347	        0.0000093719	        0.0000163700	        0.0024770500	        0.0043242313	        0.0000226281	        0.1000000000	        0.0010000000	        1.0000000000	        0.0006023177	        0.0002264055
        0.0197768871	        0.2050490173	        0.9552111992	       -0.0221479158	        0.0000141812	        0.0000157568	        0.0000258334	        0.0033131895	        0.0042682686	        0.0000377974	        0.1000000000	        0.0010000000	        1.0000000000	        0.0005653468	        0.0001976371
        0.0232565889	        0.2392597842	        0.9496794770	       -0.0258111044	        0.0000223411	        0.0000248234	        0.0000383854	        0.0043085696	        0.0043077434	        0.0000598211	        0.1000000000	        0.0010000000	        1.0000000000	        0.0005332198	        0.0001759073
        0.0270920169	        0.2758662653	        0.9439166957	       -0.0297164039	        0.0000332418	        0.0000369353	        0.0000540597	        0.0054607905	        0.0044434186	        0.0000904000	        0.1000000000	        0.0010000000	        1.0000000000	        0.0005047000	        0.0001605894
        0.0313179184	        0.3147416108	        0.9378983495	       -0.0338436203	        0.0000470814	        0.0000523127	        0.0000725062	        0.0067567771	        0.0046683037	        0.0001312364	        0.1000000000	        0.0010000000	        1.0000000000	        0.0004779365	        0.0001494694
        0.0359720830	        0.3555914649	        0.9316269715	       -0.0381626512	        0.0000665036	        0.0000738929	        0.0000961550	        0.0081692667	        0.0049672680	        0.0001838049	        0.1000000000	        0.0010000000	        1.0000000000	        0.0004487157	        0.0001412593
        0.0410955314	        0.3975796347	        0.9251934994	       -0.0425488807	        0.0000993297	        0.0001103663	        0.0001328372	        0.0096391014	        0.0053072284	        0.0002485922	        0.1000000000	        0.0010000000	        1.0000000000	        0.0004150355	        0.0001355208
        0.0467326989	        0.4398294380	        0.9186939975	       -0.0468726425	        0.0001408983	        0.0001565537	        0.0001725027	        0.0110742704	        0.0056239014	        0.0003252413	        0.1000000000	        0.0010000000	        1.0000000000	        0.0003799571	        0.0001316995
        0.0529316067	        0.4817980412	        0.9121699299	       -0.0510582631	        0.0001920824	        0.0002134249	        0.0002142577	        0.0123987905	        0.0058684643	        0.0004132474	        0.1000000000	        0.0010000000	        1.0000000000	        0.0003461731	        0.0001287493
        0.0597440162	        0.5230316915	        0.9056498692	       -0.0550653750	        0.0002538515	        0.0002820573	        0.0002572968	        0.0135521018	        0.0060090026	        0.0005116263	        0.1000000000	        0.0010000000	        1.0000000000	        0.0003145568	        0.0001260691
        0.0672255573	        0.5631760683	        0.8991482903	       -0.0588610459	        0.0003272418	        0.0003636020	        0.0003012455	        0.0144946236	        0.0060318989	        0.0006190036	        0.1000000000	        0.0010000000	        1.0000000000	        0.0002856908	        0.0001241636
        0.0754358219	        0.6019753444	        0.8926661653	       -0.0624062554	        0.0004133095	        0.0004592328	        0.0003460873	        0.0152083036	        0.0059396343	        0.0007337221	        0.1000000000	        0.0010000000	        1.0000000000	        0.0002598692	        0.0001224348
        0.0844384110	        0.6392634341	        0.8861928084	       -0.0657126797	        0.0005130784	        0.0005700871	        0.0003920532	        0.0156935518	        0.0057463357	        0.0008539468	        0.1000000000	        0.0010000000	        1.0000000000	        0.0002371405	        0.0001206052
        0.0943009237	        0.6749505649	        0.8797084436	       -0.0687739257	        0.0006274850	        0.0006972056	        0.0004395008	        0.0159643671	        0.0054726863	        0.0009777538	        0.1000000000	        0.0010000000	        1.0000000000	        0.0002173706	        0.0001191594
        0.1050948725	        0.7090079064	        0.8731869253	       -0.0715889293	        0.0007573229	        0.0008414698	        0.0004888039	        0.0160431939	        0.0051414541	        0.0011031981	        0.1000000000	        0.0010000000	        1.0000000000	        0.0002003079	        0.0001178266
        0.1168955085	        0.7414523309	        0.8665983281	       -0.0741723147	        0.0009031883	        0.0010035426	        0.0005402530	        0.0159564812	        0.0047742712	        0.0012283598	        0.1000000000	        0.0010000000	        1.0000000000	        0.0001856365	        0.0001165933
        0.1297815392	        0.7723326267	        0.8599113736	       -0.0765264616	        0.0010654302	        0.0011838113	        0.0005939741	        0.0157313602	        0.0043897514	        0.0013513753	        0.1000000000	        0.0010000000	        1.0000000000	        0.0001730163	        0.0001154634
        0.1438347190	        0.8017178130	        0.8530955566	       -0.0786639359	        0.0012441067	        0.0013823408	        0.0006499165	        0.0153934660	        0.0040027142	        0.0014704597	        0.1000000000	        0.0010000000	        1.0000000000	        0.0001621229	        0.0001142857
        0.1591392914	        0.8296877090	        0.8461220028	       -0.0805952556	        0.0014389533	        0.0015988370	        0.0007078252	        0.0149657214	        0.0036241666	        0.0015839246	        0.1000000000	        0.0010000000	        1.0000000000	        0.0001526595	        0.0001133592
        0.1757812632	        0.8563255940	        0.8389652051	       -0.0823016188	        0.0016493662	        0.0018326291	        0.0007672143	        0.0144678307	        0.0032617174	        0.0016901970	        0.1000000000	        0.0010000000	        1.0000000000	        0.0001443591	        0.0001126290
        0.1938474899	        0.8817126327	        0.8316038521	       -0.0837863373	        0.0018744087	        0.0020826763	        0.0008274446	        0.0139162491	        0.0029201805	        0.0017878419	        0.1000000000	        0.0010000000	        1.0000000000	        0.0001369996	        0.0001119914
        0.2134245548	        0.9059236842	        0.8240209719	       -0.0850295684	        0.0021128455	        0.0023476061	        0.0008878028	        0.0133244367	        0.0026022070	        0.0018755905	        0.1000000000	        0.0010000000	        1.0000000000	        0.0001304047	        0.0001114930
        0.2345974273	        0.9290241273	        0.8162038520	       -0.0860196929	        0.0023632155	        0.0026257950	        0.0009475427	        0.0127032668	        0.0023088627	        0.0019523754	        0.1000000000	        0.0010000000	        1.0000000000	        0.0001244343	        0.0001111310
        0.2574478906	        0.9510673865	        0.8081443222	       -0.0867269414	        0.0026239507	        0.0029155007	        0.0010058924	        0.0120615023	        0.0020401145	        0.0020173726	        0.1000000000	        0.0010000000	        1.0000000000	        0.0001189708	        0.0001110048
        0.2820527391	        0.9720929163	        0.7998395196	       -0.0871154093	        0.0028935491	        0.0032150546	        0.0010620692	        0.0114062920	        0.0017952184	        0.0020700507	        0.1000000000	        0.0010000000	        1.0000000000	        0.0001139112	        0.0001109763
        0.3084817527	        0.9921244982	        0.7912928945	       -0.0871611215	        0.0031708096	        0.0035231218	        0.0011153877	        0.0107436643	        0.0015730169	        0.0021102235	        0.1000000000	        0.0010000000	        1.0000000000	        0.0001091692	        0.0001111336
        0.3367954708	        1.0111688146	        0.7825143055	       -0.0868036597	        0.0034551255	        0.0038390284	        0.0011654078	        0.0100790045	        0.0013721619	        0.0021381041	        0.1000000000	        0.0010000000	        1.0000000000	        0.0001046788	        0.0001115171
        0.3670428018	        1.0292144129	        0.7735198949	       -0.0860000611	        0.0037468287	        0.0041631430	        0.0012119298	        0.0094175086	        0.0011912741	        0.0021543528	        0.1000000000	        0.0010000000	        1.0000000000	        0.0001003825	        0.0001120473
        0.3992585207	        1.0462313536	        0.7643333435	       -0.0846909816	        0.0040475498	        0.0044972775	        0.0012548183	        0.0087645965	        0.0010290527	        0.0021601068	        0.1000000000	        0.0010000000	        1.0000000000	        0.0000962129	        0.0001127471
        0.4334607283	        1.0621720489	        0.7549889813	       -0.0828155224	        0.0043605328	        0.0048450364	        0.0012939632	        0.0081262527	        0.0008843401	        0.0021569788	        0.1000000000	        0.0010000000	        1.0000000000	        0.0000920931	        0.0001136227
        0.4696483595	        1.0769739790	        0.7455333262	       -0.0802958850	        0.0046907907	        0.0052119897	        0.0013293636	        0.0075092380	        0.0007561452	        0.0021470032	        0.1000000000	        0.0010000000	        1.0000000000	        0.0000879513	        0.0001147289
        0.5077988477	        1.0905650156	        0.7360255044	       -0.0770419196	        0.0050449348	        0.0056054831	        0.0013612158	        0.0069210987	        0.0006436259	        0.0021325114	        0.1000000000	        0.0010000000	        1.0000000000	        0.0000837367	        0.0001160513
        0.5478660655	        1.1028717680	        0.7265344816	       -0.0729641062	        0.0054304554	        0.0060338393	        0.0013900548	        0.0063698977	        0.0005460346	        0.0021159298	        0.1000000000	        0.0010000000	        1.0000000000	        0.0000794402	        0.0001176223
        0.5897786695	        1.1138305363	        0.7171328027	       -0.0679613424	        0.0058542314	        0.0065047016	        0.0014166694	        0.0058636411	        0.0004626354	        0.0020995135	        0.1000000000	        0.0010000000	        1.0000000000	        0.0000751006	        0.0001194092
        0.6334389769	        1.1233991395	        0.7078893563	       -0.0619636529	        0.0063201531	        0.0070223924	        0.0014419630	        0.0054094712	        0.0003926178	        0.0020850673	        0.1000000000	        0.0010000000	        1.0000000000	        0.0000708062	        0.0001213683
        0.6787224963	        1.1315666108	        0.6988598298	       -0.0549127493	        0.0068260236	        0.0075844707	        0.0014668396	        0.0050128260	        0.0003350344	        0.0020737284	        0.1000000000	        0.0010000000	        1.0000000000	        0.0000666898	        0.0001235625
        0.7254782147	        1.1383574370	        0.6900783577	       -0.0467745184	        0.0073603532	        0.0081781703	        0.0014922923	        0.0046768382	        0.0002887903	        0.0020658855	        0.1000000000	        0.0010000000	        1.0000000000	        0.0000629216	        0.0001258958
        0.7735297135	        1.1438283220	        0.6815486351	       -0.0375870763	        0.0079001362	        0.0087779291	        0.0015190615	        0.0044022058	        0.0002526923	        0.0020612638	        0.1000000000	        0.0010000000	        1.0000000000	        0.0000596740	        0.0001283443
        0.8226771500	        1.1480579845	        0.6732454699	       -0.0274039660	        0.0084109307	        0.0093454786	        0.0015476502	        0.0041875889	        0.0002255424	        0.0020591388	        0.1000000000	        0.0010000000	        1.0000000000	        0.0000571049	        0.0001309513
        0.8727000940	        1.1511328263	        0.6651129263	       -0.0163328940	        0.0088502481	        0.0098336090	        0.0015788544	        0.0040303917	        0.0002062465	        0.0020586005	        0.1000000000	        0.0010000000	        1.0000000000	        0.0000553645	        0.0001336744
        0.9233611572	        1.1531321441	        0.6570668594	       -0.0045202183	        0.0091742835	        0.0101936484	        0.0016136574	        0.0039276819	        0.0001939092	        0.0020587877	        0.1000000000	        0.0010000000	        1.0000000000	        0.0000545863	        0.0001364078
        0.9744103051	        1.1541157978	        0.6489987186	        0.0078213223	        0.0093466539	        0.0103851711	        0.0016531123	        0.0038770131	        0.0001879019	        0.0020590527	        0.1000000000	        0.0010000000	        1.0000000000	        0.0000548897	        0.0001391402
        1.0255896949	        1.1541157978	        0.6407803064	        0.0204781191	        0.0093466539	        0.0103851711	        0.0016981700	        0.0038770131	        0.0001879019	        0.0020590527	        0.1000000000	        0.0010000000	        1.0000000000	        0.0000563858	        0.0001417691
        1.0766388428	        1.1531321441	        0.6322682543	        0.0331557810	        0.0091742835	        0.0101936484	        0.0017491661	        0.0039276819	        0.0001939092	        0.0020587877	        0.1000000000	        0.0010000000	        1.0000000000	        0.0000591702	        0.0001442331
        1.1272999060	        1.1511328263	        0.6233128900	        0.0455891796	        0.0088502481	        0.0098336090	        0.0018055850	        0.0040303917	        0.0002062465	        0.0020586005	        0.1000000000	        0.0010000000	        1.0000000000	        0.0000633151	        0.0001465676
        1.1773228500	        1.1480579845	        0.6137663225	        0.0574838336	        0.0084109307	        0.0093454786	        0.0018662545	        0.0041875889	        0.0002255424	        0.0020591388	        0.1000000000	        0.0010000000	        1.0000000000	        0.0000688607	        0.0001486187
        1.2264702865	        1.1438283220	        0.6034936727	        0.0685448332	        0.0079001362	        0.0087779291	        0.0019292412	        0.0044022058	        0.0002526923	        0.0020612638	        0.1000000000	        0.0010000000	        1.0000000000	        0.0000757873	        0.0001504029
        1.2745217853	        1.1383574370	        0.5923881890	        0.0785314582	        0.0073603532	        0.0081781703	        0.0019921514	        0.0046768382	        0.0002887903	        0.0020658855	        0.1000000000	        0.0010000000	        1.0000000000	        0.0000839979	        0.0001520997
        1.3212775037	        1.1315666108	        0.5803839098	        0.0872812416	        0.0068260236	        0.0075844707	        0.0020527317	        0.0050128260	        0.0003350344	        0.0020737284	        0.1000000000	        0.0010000000	        1.0000000000	        0.0000933273	        0.0001538404
        1.3665610231	        1.1233991395	        0.5674630355	        0.0946928154	        0.0063201531	        0.0070223924	        0.0021089091	        0.0054094712	        0.0003926178	        0.0020850673	        0.1000000000	        0.0010000000	        1.0000000000	        0.0001035559	        0.0001556845
        1.4102213305	        1.1138305363	        0.5536592023	        0.1007340956	        0.0058542314	        0.0065047016	        0.0021583605	        0.0058636411	        0.0004626354	        0.0020995135	        0.1000000000	        0.0010000000	        1.0000000000	        0.0001144191	        0.0001576536
        1.4521339345	        1.1028717680	        0.5390563366	        0.1054265817	        0.0054304554	        0.0060338393	        0.0021987995	        0.0063698977	        0.0005460346	        0.0021159298	        0.1000000000	        0.0010000000	        1.0000000000	        0.0001256591	        0.0001599478
        1.4922011523	        1.0905650156	        0.5237745797	        0.1088887431	        0.0050449348	        0.0056054831	        0.0022287789	        0.0069210987	        0.0006436259	        0.0021325114	        0.1000000000	        0.0010000000	        1.0000000000	        0.0001371058	        0.0001625512
        1.5303516405	        1.0769739790	        0.5079486877	        0.1111998344	        0.0046907907	        0.0052119897	        0.0022476771	        0.0075092380	        0.0007561452	        0.0021470032	        0.1000000000	        0.0010000000	        1.0000000000	        0.0001487073	        0.0001653763
        1.5665392717	        1.0621720489	        0.4917112891	        0.1124827947	        0.0043605328	        0.0048450364	        0.0022549678	        0.0081262527	        0.0008843401	        0.0021569788	        0.1000000000	        0.0010000000	        1.0000000000	        0.0001604890	        0.0001686481
        1.6007414793	        1.0462313536	        0.4751862169	        0.1128654462	        0.0040475498	        0.0044972775	        0.0022498996	        0.0087645965	        0.0010290527	        0.0021601068	        0.1000000000	        0.0010000000	        1.0000000000	        0.0001725105	        0.0001723665
        1.6329571982	        1.0292144129	        0.4584852066	        0.1124550587	        0.0037468287	        0.0041631430	        0.0022316928	        0.0094175086	        0.0011912741	        0.0021543528	        0.1000000000	        0.0010000000	        1.0000000000	        0.0001848481	        0.0001763508
        1.6632045292	        1.0111688146	        0.4417071132	        0.1113264419	        0.0034551255	        0.0038390284	        0.0021998695	        0.0100790045	        0.0013721619	        0.0021381041	        0.1000000000	        0.0010000000	        1.0000000000	        0.0001975957	        0.0001812186
        1.6915182473	        0.9921244982	        0.4249361942	        0.1096744506	        0.0031708096	        0.0035231218	        0.0021543772	        0.0107436643	        0.0015730169	        0.0021102235	        0.1000000000	        0.0010000000	        1.0000000000	        0.0002108609	        0.0001867307
        1.7179472609	        0.9720929163	        0.4082433703	        0.1074969709	        0.0028935491	        0.0032150546	        0.0020953828	        0.0114062920	        0.0017952184	        0.0020700507	        0.1000000000	        0.0010000000	        1.0000000000	        0.0002247383	        0.0001921762
        1.7425521094	        0.9510673865	        0.3916895926	        0.1048573919	        0.0026239507	        0.0029155007	        0.0020232199	        0.0120615023	        0.0020401145	        0.0020173726	        0.1000000000	        0.0010000000	        1.0000000000	        0.0002392941	        0.0001983797
        1.7654025727	        0.9290241273	        0.3753286758	        0.1018692397	        0.0023632155	        0.0026257950	        0.0019385145	        0.0127032668	        0.0023088627	        0.0019523754	        0.1000000000	        0.0010000000	        1.0000000000	        0.0002545718	        0.0002057025
        1.7865754452	        0.9059236842	        0.3592086139	        0.0986221258	        0.0021128455	        0.0023476061	        0.0018423216	        0.0133244367	        0.0026022070	        0.0018755905	        0.1000000000	        0.0010000000	        1.0000000000	        0.0002706090	        0.0002137450
        1.8061525101	        0.8817126327	        0.3433714060	        0.0951539490	        0.0018744087	        0.0020826763	        0.0017362631	        0.0139162491	        0.0029201805	        0.0017878419	        0.1000000000	        0.0010000000	        1.0000000000	        0.0002874721	        0.0002230157
        1.8242187368	        0.8563255940	        0.3278504783	        0.0915910698	        0.0016493662	        0.0018326291	        0.0016224615	        0.0144678307	        0.0032617174	        0.0016901970	        0.1000000000	        0.0010000000	        1.0000000000	        0.0003052824	        0.0002339522
        1.8408607086	        0.8296877090	        0.3126692409	        0.0879802914	        0.0014389533	        0.0015988370	        0.0015032950	        0.0149657214	        0.0036241666	        0.0015839246	        0.1000000000	        0.0010000000	        1.0000000000	        0.0003242217	        0.0002459310
        1.8561652810	        0.8017178130	        0.2978401217	        0.0843443902	        0.0012441067	        0.0013823408	        0.0013812092	        0.0153934660	        0.0040027142	        0.0014704597	        0.1000000000	        0.0010000000	        1.0000000000	        0.0003445453	        0.0002591314
        1.8702184608	        0.7723326267	        0.2833639274	        0.0807154045	        0.0010654302	        0.0011838113	        0.0012585418	        0.0157313602	        0.0043897514	        0.0013513753	        0.1000000000	        0.0010000000	        1.0000000000	        0.0003665955	        0.0002734560
        1.8831044915	        0.7414523309	        0.2692297770	        0.0770754691	        0.0009031883	        0.0010035426	        0.0011373830	        0.0159564812	        0.0047742712	        0.0012283598	        0.1000000000	        0.0010000000	        1.0000000000	        0.0003908165	        0.0002893651
        1.8949051275	        0.7090079064	        0.2554151974	        0.0734602374	        0.0007573229	        0.0008414698	        0.0010194737	        0.0160431939	        0.0051414541	        0.0011031981	        0.1000000000	        0.0010000000	        1.0000000000	        0.0004177722	        0.0003079780
        1.9056990763	        0.6749505649	        0.2418866663	        0.0698894637	        0.0006274850	        0.0006972056	        0.0009059782	        0.0159643671	        0.0054726863	        0.0009777538	        0.1000000000	        0.0010000000	        1.0000000000	        0.0004480834	        0.0003276528
        1.9155615890	        0.6392634341	        0.2286051285	        0.0662545408	        0.0005130784	        0.0005700871	        0.0007976293	        0.0156935518	        0.0057463357	        0.0008539468	        0.1000000000	        0.0010000000	        1.0000000000	        0.0004824606	        0.0003477956
        1.9245641781	        0.6019753444	        0.2155242771	        0.0625311612	        0.0004133095	        0.0004592328	        0.0006948284	        0.0152083036	        0.0059396343	        0.0007337221	        0.1000000000	        0.0010000000	        1.0000000000	        0.0005217311	        0.0003718989
        1.9327744427	        0.5631760683	        0.2025948230	        0.0587848308	        0.0003272418	        0.0003636020	        0.0005976231	        0.0144946236	        0.0060318989	        0.0006190036	        0.1000000000	        0.0010000000	        1.0000000000	        0.0005667651	        0.0003982363
        1.9402559838	        0.5230316915	        0.1897666742	        0.0548720806	        0.0002538515	        0.0002820573	        0.0005058456	        0.0135521018	        0.0060090026	        0.0005116263	        0.1000000000	        0.0010000000	        1.0000000000	        0.0006184189	        0.0004257428
        1.9470683933	        0.4817980412	        0.1769942736	        0.0508086622	        0.0001920824	        0.0002134249	        0.0004192566	        0.0123987905	        0.0058684643	        0.0004132474	        0.1000000000	        0.0010000000	        1.0000000000	        0.0006773869	        0.0004595989
        1.9532673011	        0.4398294380	        0.1642421008	        0.0466656259	        0.0001408983	        0.0001565537	        0.0003378097	        0.0110742704	        0.0056239014	        0.0003252413	        0.1000000000	        0.0010000000	        1.0000000000	        0.0007440648	        0.0004969194
        1.9589044686	        0.3975796347	        0.1514903979	        0.0423374024	        0.0000993297	        0.0001103663	        0.0002618882	        0.0096391014	        0.0053072284	        0.0002485922	        0.1000000000	        0.0010000000	        1.0000000000	        0.0008182415	        0.0005402629
        1.9640279170	        0.3555914649	        0.1387447690	        0.0380034959	        0.0000665036	        0.0000738929	        0.0001919257	        0.0081692667	        0.0049672680	        0.0001838049	        0.1000000000	        0.0010000000	        1.0000000000	        0.0008956378	        0.0005894473
        1.9686820816	        0.3147416108	        0.1261314815	        0.0336679834	        0.0000470814	        0.0000523127	        0.0001471524	        0.0067567771	        0.0046683037	        0.0001312364	        0.1000000000	        0.0010000000	        1.0000000000	        0.0009699783	        0.0006416626
        1.9729079831	        0.2758662653	        0.1138026150	        0.0295611418	        0.0000332418	        0.0000369353	        0.0001117919	        0.0054607905	        0.0044434186	        0.0000904000	        0.1000000000	        0.0010000000	        1.0000000000	        0.0010436871	        0.0007043716
        1.9767434111	        0.2392597842	        0.1017688691	        0.0257473987	        0.0000223411	        0.0000248234	        0.0000808271	        0.0043085696	        0.0043077434	        0.0000598211	        0.1000000000	        0.0010000000	        1.0000000000	        0.0011227861	        0.0007766498
        1.9802231129	        0.2050490173	        0.0900200947	        0.0222293874	        0.0000141812	        0.0000157568	        0.0000551840	        0.0033131895	        0.0042682686	        0.0000377974	        0.1000000000	        0.0010000000	        1.0000000000	        0.0012076631	        0.0008525852
        1.9833789852	        0.1733098355	        0.0785652468	        0.0189250529	        0.0000084347	        0.0000093719	        0.0000352464	        0.0024770500	        0.0043242313	        0.0000226281	        0.1000000000	        0.0010000000	        1.0000000000	        0.0012968544	        0.0009265442
        1.9862402627	        0.1440555631	        0.0674253824	        0.0157775822	        0.0000046578	        0.0000051754	        0.0000208488	        0.0017933881	        0.0044688244	        0.0000127029	        0.1000000000	        0.0010000000	        1.0000000000	        0.0013891264	        0.0010075513
        1.9888337046	        0.1172361386	        0.0566254358	        0.0128984707	        0.0000023576	        0.0000026196	        0.0000112712	        0.0012490763	        0.0046914788	        0.0000065880	        0.1000000000	        0.0010000000	        1.0000000000	        0.0014836797	        0.0011021894
        1.9911837738	        0.0927485581	        0.0461885934	        0.0103170841	        0.0000010717	        0.0000011908	        0.0000054566	        0.0008276828	        0.0049800020	        0.0000030854	        0.1000000000	        0.0010000000	        1.0000000000	        0.0015801510	        0.0011963909
        1.9933128092	        0.0704536354	        0.0361327938	        0.0079215678	        0.0000004225	        0.0000004694	        0.0000022844	        0.0005119512	        0.0053221295	        0.0000012573	        0.1000000000	        0.0010000000	        1.0000000000	        0.0016781698	        0.0012864999
        1.9952411902	        0.0501930334	        0.0264739436	        0.0057158600	        0.0000001354	        0.0000001504	        0.0000007754	        0.0002853812	        0.0057064115	        0.0000004173	        0.1000000000	        0.0010000000	        1.0000000000	        0.0017771147	        0.0013746306
        1.9969874916	        0.0318028097	        0.0172252675	        0.0036393583	        0.0000000309	        0.0000000343	        0.0000001865	        0.0001330130	        0.0061225820	        0.0000000985	        0.1000000000	        0.0010000000	        1.0000000000	        0.0018763049	        0.0014508292
        1.9985686299	        0.0151224499	        0.0083976539	        0.0016168350	        0.0000000035	        0.0000000039	        0.0000000222	        0.0000416842	        0.0065616201	        0.0000000115	        0.1000000000	        0.0010000000	        1.0000000000	        0.0019749014	        0.0015127628
        2.0000000000	        0.0000000000	        0.0000000000	       -0.0003914555	        0.0000000000	        0.0000000000	        0.0000000000	        0.0000000000	        0.0070156685	        0.0000000000	        0.1000000000	        0.0010000000	        1.0000000000	        0.0020721464	        0.0015666578
