        0.0000000000	        0.0000000000	        1.0000000000	        0.0005154868	        0.0000000000	        0.0000000000	        0.0000000000	        0.0000000000	        0.0070156685	        0.0000000000	        0.1000000000	        0.0010000000	        1.0000000000	        0.0016531325	        0.0008908055
        0.0014313701	        0.0151224499	        0.9954162765	       -0.0015352177	        0.0000000035	        0.0000000039	        0.0000000118	        0.0000416842	        0.0065616201	        0.0000000115	        0.1000000000	        0.0010000000	        1.0000000000	        0.0015043961	        0.0008479337
        0.0030125084	        0.0318028097	        0.9908149652	       -0.0034925204	        0.0000000309	        0.0000000343	        0.0000000951	        0.0001330130	        0.0061225820	        0.0000000985	        0.1000000000	        0.0010000000	        1.0000000000	        0.0013660240	        0.0007873339
        0.0047588098	        0.0501930334	        0.9862040997	       -0.0054377810	        0.0000001354	        0.0000001504	        0.0000003789	        0.0002853812	        0.0057064115	        0.0000004173	        0.1000000000	        0.0010000000	        1.0000000000	        0.0012405383	        0.0006994013
        0.0066871908	        0.0704536354	        0.9815759117	       -0.0075227012	        0.0000004225	        0.0000004694	        0.0000010769	        0.0005119512	        0.0053221295	        0.0000012573	        0.1000000000	        0.0010000000	        1.0000000000	        0.0011302096	        0.0005890641
        0.0088162262	        0.0927485581	        0.9769099379	       -0.0098878352	        0.0000010717	        0.0000011908	        0.0000025021	        0.0008276828	        0.0049800020	        0.0000030854	        0.1000000000	        0.0010000000	        1.0000000000	        0.0010350811	        0.0004884139
        0.0111662954	        0.1172361386	        0.9721792892	       -0.0124854286	        0.0000023576	        0.0000026196	        0.0000050764	        0.0012490763	        0.0046914788	        0.0000065880	        0.1000000000	        0.0010000000	        1.0000000000	        0.0009546090	        0.0004112382
        0.0137597373	        0.1440555631	        0.9673452176	       -0.0153321475	        0.0000046578	        0.0000051754	        0.0000093234	        0.0017933881	        0.0044688244	        0.0000127029	        0.1000000000	        0.0010000000	        1.0000000000	        0.0008874400	        0.0003478075
        0.0166210148	        0.1733098355	        0.9623679533	       -0.0184514832	        0.0000084347	        0.0000093719	        0.0000158207	        0.0024770500	        0.0043242313	        0.0000226281	        0.1000000000	        0.0010000000	        1.0000000000	        0.0008315776	        0.0002980029
        0.0197768871	        0.2050490173	        0.9572033853	       -0.0218395684	        0.0000141812	        0.0000157568	        0.0000251066	        0.0033131895	        0.0042682686	        0.0000377974	        0.1000000000	        0.0010000000	        1.0000000000	        0.0007849165	        0.0002598633
        0.0232565889	        0.2392597842	        0.9518111735	       -0.0255132159	        0.0000223411	        0.0000248234	        0.0000375541	        0.0043085696	        0.0043077434	        0.0000598211	        0.1000000000	        0.0010000000	        1.0000000000	        0.0007452460	        0.0002307892
        0.0270920169	        0.2758662653	        0.9461534801	       -0.0294675186	        0.0000332418	        0.0000369353	        0.0000532906	        0.0054607905	        0.0044434186	        0.0000904000	        0.1000000000	        0.0010000000	        1.0000000000	        0.0007107423	        0.0002105714
        0.0313179184	        0.3147416108	        0.9401976565	       -0.0336860000	        0.0000470814	        0.0000523127	        0.0000720963	        0.0067567771	        0.0046683037	        0.0001312364	        0.1000000000	        0.0010000000	        1.0000000000	        0.0006789064	        0.0001962244
        0.0359720830	        0.3555914649	        0.9339332354	       -0.0381557451	        0.0000665036	        0.0000738929	        0.0000967062	        0.0081692667	        0.0049672680	        0.0001838049	        0.1000000000	        0.0010000000	        1.0000000000	        0.0006446967	        0.0001852858
        0.0410955314	        0.3975796347	        0.9274199833	       -0.0427913712	        0.0000993297	        0.0001103663	        0.0001355820	        0.0096391014	        0.0053072284	        0.0002485922	        0.1000000000	        0.0010000000	        1.0000000000	        0.0006051592	        0.0001775403
        0.0467326989	        0.4398294380	        0.9207330235	       -0.0474833069	        0.0001408983	        0.0001565537	        0.0001788736	        0.0110742704	        0.0056239014	        0.0003252413	        0.1000000000	        0.0010000000	        1.0000000000	        0.0005628424	        0.0001725966
        0.0529316067	        0.4817980412	        0.9139154285	       -0.0521547314	        0.0001920824	        0.0002134249	        0.0002254616	        0.0123987905	        0.0058684643	        0.0004132474	        0.1000000000	        0.0010000000	        1.0000000000	        0.0005203930	        0.0001688631
        0.0597440162	        0.5230316915	        0.9070067959	       -0.0567554903	        0.0002538515	        0.0002820573	        0.0002741753	        0.0135521018	        0.0060090026	        0.0005116263	        0.1000000000	        0.0010000000	        1.0000000000	        0.0004788451	        0.0001658651
        0.0672255573	        0.5631760683	        0.9000395774	       -0.0612241868	        0.0003272418	        0.0003636020	        0.0003241304	        0.0144946236	        0.0060318989	        0.0006190036	        0.1000000000	        0.0010000000	        1.0000000000	        0.0004391344	        0.0001633586
        0.0754358219	        0.6019753444	        0.8930367502	       -0.0655286610	        0.0004133095	        0.0004592328	        0.0003747561	        0.0152083036	        0.0059396343	        0.0007337221	        0.1000000000	        0.0010000000	        1.0000000000	        0.0004019942	        0.0001613691
        0.0844384110	        0.6392634341	        0.8860109041	       -0.0696214488	        0.0005130784	        0.0005700871	        0.0004257713	        0.0156935518	        0.0057463357	        0.0008539468	        0.1000000000	        0.0010000000	        1.0000000000	        0.0003679080	        0.0001598128
        0.0943009237	        0.6749505649	        0.8789646117	       -0.0734881097	        0.0006274850	        0.0006972056	        0.0004771214	        0.0159643671	        0.0054726863	        0.0009777538	        0.1000000000	        0.0010000000	        1.0000000000	        0.0003371103	        0.0001583841
        0.1050948725	        0.7090079064	        0.8718917364	       -0.0771070279	        0.0007573229	        0.0008414698	        0.0005288954	        0.0160431939	        0.0051414541	        0.0011031981	        0.1000000000	        0.0010000000	        1.0000000000	        0.0003096244	        0.0001572469
        0.1168955085	        0.7414523309	        0.8647792097	       -0.0804692643	        0.0009031883	        0.0010035426	        0.0005812414	        0.0159564812	        0.0047742712	        0.0012283598	        0.1000000000	        0.0010000000	        1.0000000000	        0.0002853151	        0.0001562643
        0.1297815392	        0.7723326267	        0.8576089832	       -0.0835672585	        0.0010654302	        0.0011838113	        0.0006342932	        0.0157313602	        0.0043897514	        0.0013513753	        0.1000000000	        0.0010000000	        1.0000000000	        0.0002639438	        0.0001553178
        0.1438347190	        0.8017178130	        0.8503598661	       -0.0864035436	        0.0012441067	        0.0013823408	        0.0006881111	        0.0153934660	        0.0040027142	        0.0014704597	        0.1000000000	        0.0010000000	        1.0000000000	        0.0002452152	        0.0001546650
        0.1591392914	        0.8296877090	        0.8430092325	       -0.0889584845	        0.0014389533	        0.0015988370	        0.0007426500	        0.0149657214	        0.0036241666	        0.0015839246	        0.1000000000	        0.0010000000	        1.0000000000	        0.0002288147	        0.0001541789
        0.1757812632	        0.8563255940	        0.8355343042	       -0.0912394106	        0.0016493662	        0.0018326291	        0.0007977254	        0.0144678307	        0.0032617174	        0.0016901970	        0.1000000000	        0.0010000000	        1.0000000000	        0.0002144286	        0.0001537492
        0.1938474899	        0.8817126327	        0.8279137137	       -0.0932302436	        0.0018744087	        0.0020826763	        0.0008530276	        0.0139162491	        0.0029201805	        0.0017878419	        0.1000000000	        0.0010000000	        1.0000000000	        0.0002017647	        0.0001535631
        0.2134245548	        0.9059236842	        0.8201280245	       -0.0949199772	        0.0021128455	        0.0023476061	        0.0009081838	        0.0133244367	        0.0026022070	        0.0018755905	        0.1000000000	        0.0010000000	        1.0000000000	        0.0001905691	        0.0001535059
        0.2345974273	        0.9290241273	        0.8121601814	       -0.0962941007	        0.0023632155	        0.0026257950	        0.0009627610	        0.0127032668	        0.0023088627	        0.0019523754	        0.1000000000	        0.0010000000	        1.0000000000	        0.0001806183	        0.0001536198
        0.2574478906	        0.9510673865	        0.8039963836	       -0.0973313033	        0.0026239507	        0.0029155007	        0.0010162972	        0.0120615023	        0.0020401145	        0.0020173726	        0.1000000000	        0.0010000000	        1.0000000000	        0.0001717163	        0.0001540135
        0.2820527391	        0.9720929163	        0.7956265788	       -0.0979986046	        0.0028935491	        0.0032150546	        0.0010683509	        0.0114062920	        0.0017952184	        0.0020700507	        0.1000000000	        0.0010000000	        1.0000000000	        0.0001636928	        0.0001544536
        0.3084817527	        0.9921244982	        0.7870452872	       -0.0982880587	        0.0031708096	        0.0035231218	        0.0011185054	        0.0107436643	        0.0015730169	        0.0021102235	        0.1000000000	        0.0010000000	        1.0000000000	        0.0001563920	        0.0001551011
        0.3367954708	        1.0111688146	        0.7782529369	       -0.0981420084	        0.0034551255	        0.0038390284	        0.0011663609	        0.0100790045	        0.0013721619	        0.0021381041	        0.1000000000	        0.0010000000	        1.0000000000	        0.0001496634	        0.0001559936
        0.3670428018	        1.0292144129	        0.7692577525	       -0.0975357167	        0.0037468287	        0.0041631430	        0.0012116075	        0.0094175086	        0.0011912741	        0.0021543528	        0.1000000000	        0.0010000000	        1.0000000000	        0.0001433655	        0.0001570545
        0.3992585207	        1.0462313536	        0.7600768096	       -0.0964064961	        0.0040475498	        0.0044972775	        0.0012540293	        0.0087645965	        0.0010290527	        0.0021601068	        0.1000000000	        0.0010000000	        1.0000000000	        0.0001373605	        0.0001583604
        0.4334607283	        1.0621720489	        0.7507384897	       -0.0947044637	        0.0043605328	        0.0048450364	        0.0012934014	        0.0081262527	        0.0008843401	        0.0021569788	        0.1000000000	        0.0010000000	        1.0000000000	        0.0001315044	        0.0001598349
        0.4696483595	        1.0769739790	        0.7412849547	       -0.0923580975	        0.0046907907	        0.0052119897	        0.0013295999	        0.0075092380	        0.0007561452	        0.0021470032	        0.1000000000	        0.0010000000	        1.0000000000	        0.0001256670	        0.0001616160
        0.5077988477	        1.0905650156	        0.7317716421	       -0.0892787065	        0.0050449348	        0.0056054831	        0.0013627385	        0.0069210987	        0.0006436259	        0.0021325114	        0.1000000000	        0.0010000000	        1.0000000000	        0.0001197577	        0.0001636624
        0.5478660655	        1.1028717680	        0.7222648580	       -0.0853850792	        0.0054304554	        0.0060338393	        0.0013931778	        0.0063698977	        0.0005460346	        0.0021159298	        0.1000000000	        0.0010000000	        1.0000000000	        0.0001137409	        0.0001660340
        0.5897786695	        1.1138305363	        0.7128364937	       -0.0805731573	        0.0058542314	        0.0065047016	        0.0014215203	        0.0058636411	        0.0004626354	        0.0020995135	        0.1000000000	        0.0010000000	        1.0000000000	        0.0001076539	        0.0001686812
        0.6334389769	        1.1233991395	        0.7035558895	       -0.0747792571	        0.0063201531	        0.0070223924	        0.0014484173	        0.0054094712	        0.0003926178	        0.0020850673	        0.1000000000	        0.0010000000	        1.0000000000	        0.0001016044	        0.0001716190
        0.6787224963	        1.1315666108	        0.6944817307	       -0.0679250781	        0.0068260236	        0.0075844707	        0.0014744669	        0.0050128260	        0.0003350344	        0.0020737284	        0.1000000000	        0.0010000000	        1.0000000000	        0.0000957665	        0.0001748304
        0.7254782147	        1.1383574370	        0.6856522771	       -0.0599982141	        0.0073603532	        0.0081781703	        0.0015004070	        0.0046768382	        0.0002887903	        0.0020658855	        0.1000000000	        0.0010000000	        1.0000000000	        0.0000903768	        0.0001783530
        0.7735297135	        1.1438283220	        0.6770764013	       -0.0509820715	        0.0079001362	        0.0087779291	        0.0015273122	        0.0044022058	        0.0002526923	        0.0020612638	        0.1000000000	        0.0010000000	        1.0000000000	        0.0000857116	        0.0001821773
        0.8226771500	        1.1480579845	        0.6687279624	       -0.0409504377	        0.0084109307	        0.0093454786	        0.0015565177	        0.0041875889	        0.0002255424	        0.0020591388	        0.1000000000	        0.0010000000	        1.0000000000	        0.0000820458	        0.0001861310
        0.8727000940	        1.1511328263	        0.6605465214	       -0.0300118970	        0.0088502481	        0.0098336090	        0.0015892926	        0.0040303917	        0.0002062465	        0.0020586005	        0.1000000000	        0.0010000000	        1.0000000000	        0.0000796150	        0.0001902582
        0.9233611572	        1.1531321441	        0.6524423904	       -0.0183179215	        0.0091742835	        0.0101936484	        0.0016264080	        0.0039276819	        0.0001939092	        0.0020587877	        0.1000000000	        0.0010000000	        1.0000000000	        0.0000785966	        0.0001944451
        0.9744103051	        1.1541157978	        0.6443049846	       -0.0060724758	        0.0093466539	        0.0103851711	        0.0016677257	        0.0038770131	        0.0001879019	        0.0020590527	        0.1000000000	        0.0010000000	        1.0000000000	        0.0000791070	        0.0001987000
        1.0255896949	        1.1541157978	        0.6360118648	        0.0065215401	        0.0093466539	        0.0103851711	        0.0017126398	        0.0038770131	        0.0001879019	        0.0020590527	        0.1000000000	        0.0010000000	        1.0000000000	        0.0000812375	        0.0002030731
        1.0766388428	        1.1531321441	        0.6274319625	        0.0192327914	        0.0091742835	        0.0101936484	        0.0017609148	        0.0039276819	        0.0001939092	        0.0020587877	        0.1000000000	        0.0010000000	        1.0000000000	        0.0000850967	        0.0002075124
        1.1272999060	        1.1511328263	        0.6184271238	        0.0318180495	        0.0088502481	        0.0098336090	        0.0018124201	        0.0040303917	        0.0002062465	        0.0020586005	        0.1000000000	        0.0010000000	        1.0000000000	        0.0000907925	        0.0002120016
        1.1773228500	        1.1480579845	        0.6088599904	        0.0440266069	        0.0084109307	        0.0093454786	        0.0018660854	        0.0041875889	        0.0002255424	        0.0020591388	        0.1000000000	        0.0010000000	        1.0000000000	        0.0000983635	        0.0002163969
        1.2264702865	        1.1438283220	        0.5986097022	        0.0555983921	        0.0079001362	        0.0087779291	        0.0019208230	        0.0044022058	        0.0002526923	        0.0020612638	        0.1000000000	        0.0010000000	        1.0000000000	        0.0001077952	        0.0002208076
        1.2745217853	        1.1383574370	        0.5875751391	        0.0663416353	        0.0073603532	        0.0081781703	        0.0019763366	        0.0046768382	        0.0002887903	        0.0020658855	        0.1000000000	        0.0010000000	        1.0000000000	        0.0001190443	        0.0002252289
        1.3212775037	        1.1315666108	        0.5756833968	        0.0760480742	        0.0068260236	        0.0075844707	        0.0020321795	        0.0050128260	        0.0003350344	        0.0020737284	        0.1000000000	        0.0010000000	        1.0000000000	        0.0001319899	        0.0002295836
        1.3665610231	        1.1233991395	        0.5628995394	        0.0845868320	        0.0063201531	        0.0070223924	        0.0020869889	        0.0054094712	        0.0003926178	        0.0020850673	        0.1000000000	        0.0010000000	        1.0000000000	        0.0001463993	        0.0002340217
        1.4102213305	        1.1138305363	        0.5492364685	        0.0918770021	        0.0058542314	        0.0065047016	        0.0021384439	        0.0058636411	        0.0004626354	        0.0020995135	        0.1000000000	        0.0010000000	        1.0000000000	        0.0001619476	        0.0002384636
        1.4521339345	        1.1028717680	        0.5347549677	        0.0978844193	        0.0054304554	        0.0060338393	        0.0021841184	        0.0063698977	        0.0005460346	        0.0021159298	        0.1000000000	        0.0010000000	        1.0000000000	        0.0001783144	        0.0002431448
        1.4922011523	        1.0905650156	        0.5195513814	        0.1026697243	        0.0050449348	        0.0056054831	        0.0022217067	        0.0069210987	        0.0006436259	        0.0021325114	        0.1000000000	        0.0010000000	        1.0000000000	        0.0001952440	        0.0002478524
        1.5303516405	        1.0769739790	        0.5037460272	        0.1062397667	        0.0046907907	        0.0052119897	        0.0022489750	        0.0075092380	        0.0007561452	        0.0021470032	        0.1000000000	        0.0010000000	        1.0000000000	        0.0002125617	        0.0002527096
        1.5665392717	        1.0621720489	        0.4874695755	        0.1087292204	        0.0043605328	        0.0048450364	        0.0022641165	        0.0081262527	        0.0008843401	        0.0021569788	        0.1000000000	        0.0010000000	        1.0000000000	        0.0002302002	        0.0002581943
        1.6007414793	        1.0462313536	        0.4708506347	        0.1102401043	        0.0040475498	        0.0044972775	        0.0022657061	        0.0087645965	        0.0010290527	        0.0021601068	        0.1000000000	        0.0010000000	        1.0000000000	        0.0002481749	        0.0002641208
        1.6329571982	        1.0292144129	        0.4540100659	        0.1108790844	        0.0037468287	        0.0041631430	        0.0022527283	        0.0094175086	        0.0011912741	        0.0021543528	        0.1000000000	        0.0010000000	        1.0000000000	        0.0002665578	        0.0002704155
        1.6632045292	        1.0111688146	        0.4370559645	        0.1107291891	        0.0034551255	        0.0038390284	        0.0022249795	        0.0100790045	        0.0013721619	        0.0021381041	        0.1000000000	        0.0010000000	        1.0000000000	        0.0002855017	        0.0002779047
        1.6915182473	        0.9921244982	        0.4200781144	        0.1099761770	        0.0031708096	        0.0035231218	        0.0021827332	        0.0107436643	        0.0015730169	        0.0021102235	        0.1000000000	        0.0010000000	        1.0000000000	        0.0003051947	        0.0002859742
        1.7179472609	        0.9720929163	        0.4031517699	        0.1085939833	        0.0028935491	        0.0032150546	        0.0021261563	        0.0114062920	        0.0017952184	        0.0020700507	        0.1000000000	        0.0010000000	        1.0000000000	        0.0003257698	        0.0002937294
        1.7425521094	        0.9510673865	        0.3863432408	        0.1066582512	        0.0026239507	        0.0029155007	        0.0020554339	        0.0120615023	        0.0020401145	        0.0020173726	        0.1000000000	        0.0010000000	        1.0000000000	        0.0003472916	        0.0003023621
        1.7654025727	        0.9290241273	        0.3697130029	        0.1042679703	        0.0023632155	        0.0026257950	        0.0019712301	        0.0127032668	        0.0023088627	        0.0019523754	        0.1000000000	        0.0010000000	        1.0000000000	        0.0003698115	        0.0003124268
        1.7865754452	        0.9059236842	        0.3533140927	        0.1015330235	        0.0021128455	        0.0023476061	        0.0018749053	        0.0133244367	        0.0026022070	        0.0018755905	        0.1000000000	        0.0010000000	        1.0000000000	        0.0003934215	        0.0003232658
        1.8061525101	        0.8817126327	        0.3371905294	        0.0984685028	        0.0018744087	        0.0020826763	        0.0017683612	        0.0139162491	        0.0029201805	        0.0017878419	        0.1000000000	        0.0010000000	        1.0000000000	        0.0004182666	        0.0003352083
        1.8242187368	        0.8563255940	        0.3213762424	        0.0951908910	        0.0016493662	        0.0018326291	        0.0016538144	        0.0144678307	        0.0032617174	        0.0016901970	        0.1000000000	        0.0010000000	        1.0000000000	        0.0004445454	        0.0003490413
        1.8408607086	        0.8296877090	        0.3058950673	        0.0917451246	        0.0014389533	        0.0015988370	        0.0015336167	        0.0149657214	        0.0036241666	        0.0015839246	        0.1000000000	        0.0010000000	        1.0000000000	        0.0004725161	        0.0003639037
        1.8561652810	        0.8017178130	        0.2907605716	        0.0881535795	        0.0012441067	        0.0013823408	        0.0014101322	        0.0153934660	        0.0040027142	        0.0014704597	        0.1000000000	        0.0010000000	        1.0000000000	        0.0005025146	        0.0003797738
        1.8702184608	        0.7723326267	        0.2759760904	        0.0844373210	        0.0010654302	        0.0011838113	        0.0012855957	        0.0157313602	        0.0043897514	        0.0013513753	        0.1000000000	        0.0010000000	        1.0000000000	        0.0005349656	        0.0003969587
        1.8831044915	        0.7414523309	        0.2615352121	        0.0806142122	        0.0009031883	        0.0010035426	        0.0011620266	        0.0159564812	        0.0047742712	        0.0012283598	        0.1000000000	        0.0010000000	        1.0000000000	        0.0005704062	        0.0004160411
        1.8949051275	        0.7090079064	        0.2474217954	        0.0767098706	        0.0007573229	        0.0008414698	        0.0010410817	        0.0160431939	        0.0051414541	        0.0011031981	        0.1000000000	        0.0010000000	        1.0000000000	        0.0006094670	        0.0004385171
        1.9056990763	        0.6749505649	        0.2336125584	        0.0727821639	        0.0006274850	        0.0006972056	        0.0009240136	        0.0159643671	        0.0054726863	        0.0009777538	        0.1000000000	        0.0010000000	        1.0000000000	        0.0006528621	        0.0004621658
        1.9155615890	        0.6392634341	        0.2200780161	        0.0687229500	        0.0005130784	        0.0005700871	        0.0008116770	        0.0156935518	        0.0057463357	        0.0008539468	        0.1000000000	        0.0010000000	        1.0000000000	        0.0007013680	        0.0004856433
        1.9245641781	        0.6019753444	        0.2067858806	        0.0645308929	        0.0004133095	        0.0004592328	        0.0007045483	        0.0152083036	        0.0059396343	        0.0007337221	        0.1000000000	        0.0010000000	        1.0000000000	        0.0007557565	        0.0005146616
        1.9327744427	        0.5631760683	        0.1937038553	        0.0603092941	        0.0003272418	        0.0003636020	        0.0006028873	        0.0144946236	        0.0060318989	        0.0006190036	        0.1000000000	        0.0010000000	        1.0000000000	        0.0008167964	        0.0005464732
        1.9402559838	        0.5230316915	        0.1808013903	        0.0559311846	        0.0002538515	        0.0002820573	        0.0005068248	        0.0135521018	        0.0060090026	        0.0005116263	        0.1000000000	        0.0010000000	        1.0000000000	        0.0008851656	        0.0005792952
        1.9470683933	        0.4817980412	        0.1680537499	        0.0514458585	        0.0001920824	        0.0002134249	        0.0004164929	        0.0123987905	        0.0058684643	        0.0004132474	        0.1000000000	        0.0010000000	        1.0000000000	        0.0009613165	        0.0006206305
        1.9532673011	        0.4398294380	        0.1554450759	        0.0469450276	        0.0001408983	        0.0001565537	        0.0003322369	        0.0110742704	        0.0056239014	        0.0003252413	        0.1000000000	        0.0010000000	        1.0000000000	        0.0010454145	        0.0006666152
        1.9589044686	        0.3975796347	        0.1429706049	        0.0423571403	        0.0000993297	        0.0001103663	        0.0002547599	        0.0096391014	        0.0053072284	        0.0002485922	        0.1000000000	        0.0010000000	        1.0000000000	        0.0011371000	        0.0007199889
        1.9640279170	        0.3555914649	        0.1306417512	        0.0378466714	        0.0000665036	        0.0000738929	        0.0001848213	        0.0081692667	        0.0049672680	        0.0001838049	        0.1000000000	        0.0010000000	        1.0000000000	        0.0012321208	        0.0007810701
        1.9686820816	        0.3147416108	        0.1185503817	        0.0334174654	        0.0000470814	        0.0000523127	        0.0001406824	        0.0067567771	        0.0046683037	        0.0001312364	        0.1000000000	        0.0010000000	        1.0000000000	        0.0013247577	        0.0008471664
        1.9729079831	        0.2758662653	        0.1067962518	        0.0292500787	        0.0000332418	        0.0000369353	        0.0001063348	        0.0054607905	        0.0044434186	        0.0000904000	        0.1000000000	        0.0010000000	        1.0000000000	        0.0014181989	        0.0009273547
        1.9767434111	        0.2392597842	        0.0953770362	        0.0253970796	        0.0000223411	        0.0000248234	        0.0000765348	        0.0043085696	        0.0043077434	        0.0000598211	        0.1000000000	        0.0010000000	        1.0000000000	        0.0015188024	        0.0010206040
        1.9802231129	        0.2050490173	        0.0842766783	        0.0218631965	        0.0000141812	        0.0000157568	        0.0000520444	        0.0033131895	        0.0042682686	        0.0000377974	        0.1000000000	        0.0010000000	        1.0000000000	        0.0016270808	        0.0011194532
        1.9833789852	        0.1733098355	        0.0734935185	        0.0185697126	        0.0000084347	        0.0000093719	        0.0000331342	        0.0024770500	        0.0043242313	        0.0000226281	        0.1000000000	        0.0010000000	        1.0000000000	        0.0017416217	        0.0012163992
        1.9862402627	        0.1440555631	        0.0630360440	        0.0154576384	        0.0000046578	        0.0000051754	        0.0000195529	        0.0017933881	        0.0044688244	        0.0000127029	        0.1000000000	        0.0010000000	        1.0000000000	        0.0018611259	        0.0013231992
        1.9888337046	        0.1172361386	        0.0529173307	        0.0126225169	        0.0000023576	        0.0000026196	        0.0000105537	        0.0012490763	        0.0046914788	        0.0000065880	        0.1000000000	        0.0010000000	        1.0000000000	        0.0019846078	        0.0014483226
        1.9911837738	        0.0927485581	        0.0431512352	        0.0100843208	        0.0000010717	        0.0000011908	        0.0000051039	        0.0008276828	        0.0049800020	        0.0000030854	        0.1000000000	        0.0010000000	        1.0000000000	        0.0021114486	        0.0015731179
        1.9933128092	        0.0704536354	        0.0337492816	        0.0077354691	        0.0000004225	        0.0000004694	        0.0000021353	        0.0005119512	        0.0053221295	        0.0000012573	        0.1000000000	        0.0010000000	        1.0000000000	        0.0022409256	        0.0016928230
        1.9952411902	        0.0501930334	        0.0247232160	        0.0055770556	        0.0000001354	        0.0000001504	        0.0000007244	        0.0002853812	        0.0057064115	        0.0000004173	        0.1000000000	        0.0010000000	        1.0000000000	        0.0023719796	        0.0018099983
        1.9969874916	        0.0318028097	        0.0160836870	        0.0035500478	        0.0000000309	        0.0000000343	        0.0000001742	        0.0001330130	        0.0061225820	        0.0000000985	        0.1000000000	        0.0010000000	        1.0000000000	        0.0025035218	        0.0019112334
        1.9985686299	        0.0151224499	        0.0078399947	        0.0015827878	        0.0000000035	        0.0000000039	        0.0000000207	        0.0000416842	        0.0065616201	        0.0000000115	        0.1000000000	        0.0010000000	        1.0000000000	        0.0026343108	        0.0019934393
        2.0000000000	        0.0000000000	        0.0000000000	       -0.0003627694	        0.0000000000	        0.0000000000	        0.0000000000	        0.0000000000	        0.0070156685	        0.0000000000	        0.1000000000	        0.0010000000	        1.0000000000	        0.0027632540	        0.0020648492
