        0.0000000000	        0.0000000000	        1.0000000000	        0.0004120917	        0.0000000000	        0.0000000000	        0.0000000000	        0.0000000000	        0.0070156685	        0.0000000000	        0.1000000000	        0.0010000000	        1.0000000000	        0.0014030664	        0.0008558760
        0.0014313701	        0.0151224499	        0.9943907655	       -0.0017265069	        0.0000000035	        0.0000000039	        0.0000000146	        0.0000416842	        0.0065616201	        0.0000000115	        0.1000000000	        0.0010000000	        1.0000000000	        0.0013005650	        0.0008146098
        0.0030125084	        0.0318028097	        0.9886563547	       -0.0038264536	        0.0000000309	        0.0000000343	        0.0000001194	        0.0001330130	        0.0061225820	        0.0000000985	        0.1000000000	        0.0010000000	        1.0000000000	        0.0012014673	        0.0007618406
        0.0047588098	        0.0501930334	        0.9828158493	       -0.0059618630	        0.0000001354	        0.0000001504	        0.0000004828	        0.0002853812	        0.0057064115	        0.0000004173	        0.1000000000	        0.0010000000	        1.0000000000	        0.0011066531	        0.0006890334
        0.0066871908	        0.0704536354	        0.9768821726	       -0.0082696981	        0.0000004225	        0.0000004694	        0.0000013850	        0.0005119512	        0.0053221295	        0.0000012573	        0.1000000000	        0.0010000000	        1.0000000000	        0.0010174804	        0.0006000902
        0.0088162262	        0.0927485581	        0.9708627861	       -0.0108652418	        0.0000010717	        0.0000011908	        0.0000032273	        0.0008276828	        0.0049800020	        0.0000030854	        0.1000000000	        0.0010000000	        1.0000000000	        0.0009345843	        0.0005161026
        0.0111662954	        0.1172361386	        0.9647617478	       -0.0136968986	        0.0000023576	        0.0000026196	        0.0000065208	        0.0012490763	        0.0046914788	        0.0000065880	        0.1000000000	        0.0010000000	        1.0000000000	        0.0008583648	        0.0004433539
        0.0137597373	        0.1440555631	        0.9585765010	       -0.0168055386	        0.0000046578	        0.0000051754	        0.0000118398	        0.0017933881	        0.0044688244	        0.0000127029	        0.1000000000	        0.0010000000	        1.0000000000	        0.0007888715	        0.0003784096
        0.0166210148	        0.1733098355	        0.9523023403	       -0.0201797181	        0.0000084347	        0.0000093719	        0.0000197288	        0.0024770500	        0.0043242313	        0.0000226281	        0.1000000000	        0.0010000000	        1.0000000000	        0.0007259012	        0.0003226907
        0.0197768871	        0.2050490173	        0.9459293373	       -0.0238305578	        0.0000141812	        0.0000157568	        0.0000305774	        0.0033131895	        0.0042682686	        0.0000377974	        0.1000000000	        0.0010000000	        1.0000000000	        0.0006691665	        0.0002752612
        0.0232565889	        0.2392597842	        0.9394452065	       -0.0277480778	        0.0000223411	        0.0000248234	        0.0000445111	        0.0043085696	        0.0043077434	        0.0000598211	        0.1000000000	        0.0010000000	        1.0000000000	        0.0006183131	        0.0002360434
        0.0270920169	        0.2758662653	        0.9328324136	       -0.0319276813	        0.0000332418	        0.0000369353	        0.0000613829	        0.0054607905	        0.0044434186	        0.0000904000	        0.1000000000	        0.0010000000	        1.0000000000	        0.0005730698	        0.0002046644
        0.0313179184	        0.3147416108	        0.9260681331	       -0.0363477036	        0.0000470814	        0.0000523127	        0.0000807212	        0.0067567771	        0.0046683037	        0.0001312364	        0.1000000000	        0.0010000000	        1.0000000000	        0.0005320867	        0.0001800723
        0.0359720830	        0.3555914649	        0.9191502649	       -0.0409794265	        0.0000665036	        0.0000738929	        0.0001052201	        0.0081692667	        0.0049672680	        0.0001838049	        0.1000000000	        0.0010000000	        1.0000000000	        0.0004910184	        0.0001607854
        0.0410955314	        0.3975796347	        0.9121655316	       -0.0456978577	        0.0000993297	        0.0001103663	        0.0001433049	        0.0096391014	        0.0053072284	        0.0002485922	        0.1000000000	        0.0010000000	        1.0000000000	        0.0004477405	        0.0001464053
        0.0467326989	        0.4398294380	        0.9051981631	       -0.0503693722	        0.0001408983	        0.0001565537	        0.0001840050	        0.0110742704	        0.0056239014	        0.0003252413	        0.1000000000	        0.0010000000	        1.0000000000	        0.0004052923	        0.0001359376
        0.0529316067	        0.4817980412	        0.8982735635	       -0.0549303728	        0.0001920824	        0.0002134249	        0.0002265215	        0.0123987905	        0.0058684643	        0.0004132474	        0.1000000000	        0.0010000000	        1.0000000000	        0.0003659875	        0.0001284489
        0.0597440162	        0.5230316915	        0.8914074123	       -0.0593200471	        0.0002538515	        0.0002820573	        0.0002700655	        0.0135521018	        0.0060090026	        0.0005116263	        0.1000000000	        0.0010000000	        1.0000000000	        0.0003301671	        0.0001230001
        0.0672255573	        0.5631760683	        0.8846057093	       -0.0635064204	        0.0003272418	        0.0003636020	        0.0003141990	        0.0144946236	        0.0060318989	        0.0006190036	        0.1000000000	        0.0010000000	        1.0000000000	        0.0002979755	        0.0001185270
        0.0754358219	        0.6019753444	        0.8778654098	       -0.0674753891	        0.0004133095	        0.0004592328	        0.0003587672	        0.0152083036	        0.0059396343	        0.0007337221	        0.1000000000	        0.0010000000	        1.0000000000	        0.0002693902	        0.0001149346
        0.0844384110	        0.6392634341	        0.8711755678	       -0.0712066295	        0.0005130784	        0.0005700871	        0.0004038140	        0.0156935518	        0.0057463357	        0.0008539468	        0.1000000000	        0.0010000000	        1.0000000000	        0.0002442543	        0.0001120073
        0.0943009237	        0.6749505649	        0.8645189810	       -0.0747015658	        0.0006274850	        0.0006972056	        0.0004494910	        0.0159643671	        0.0054726863	        0.0009777538	        0.1000000000	        0.0010000000	        1.0000000000	        0.0002223116	        0.0001095208
        0.1050948725	        0.7090079064	        0.8578740516	       -0.0779552165	        0.0007573229	        0.0008414698	        0.0004959737	        0.0160431939	        0.0051414541	        0.0011031981	        0.1000000000	        0.0010000000	        1.0000000000	        0.0002032460	        0.0001073926
        0.1168955085	        0.7414523309	        0.8512165655	       -0.0809751524	        0.0009031883	        0.0010035426	        0.0005433943	        0.0159564812	        0.0047742712	        0.0012283598	        0.1000000000	        0.0010000000	        1.0000000000	        0.0001867159	        0.0001055222
        0.1297815392	        0.7723326267	        0.8445213110	       -0.0837616726	        0.0010654302	        0.0011838113	        0.0005917982	        0.0157313602	        0.0043897514	        0.0013513753	        0.1000000000	        0.0010000000	        1.0000000000	        0.0001723825	        0.0001038414
        0.1438347190	        0.8017178130	        0.8377632583	       -0.0863243265	        0.0012441067	        0.0013823408	        0.0006411179	        0.0153934660	        0.0040027142	        0.0014704597	        0.1000000000	        0.0010000000	        1.0000000000	        0.0001599281	        0.0001024745
        0.1591392914	        0.8296877090	        0.8309186206	       -0.0886483876	        0.0014389533	        0.0015988370	        0.0006911759	        0.0149657214	        0.0036241666	        0.0015839246	        0.1000000000	        0.0010000000	        1.0000000000	        0.0001490687	        0.0001015098
        0.1757812632	        0.8563255940	        0.8239652786	       -0.0907264333	        0.0016493662	        0.0018326291	        0.0007416778	        0.0144678307	        0.0032617174	        0.0016901970	        0.1000000000	        0.0010000000	        1.0000000000	        0.0001395541	        0.0001006571
        0.1938474899	        0.8817126327	        0.8168837024	       -0.0925602506	        0.0018744087	        0.0020826763	        0.0007922015	        0.0139162491	        0.0029201805	        0.0017878419	        0.1000000000	        0.0010000000	        1.0000000000	        0.0001311644	        0.0000999336
        0.2134245548	        0.9059236842	        0.8096575610	       -0.0941331631	        0.0021128455	        0.0023476061	        0.0008422447	        0.0133244367	        0.0026022070	        0.0018755905	        0.1000000000	        0.0010000000	        1.0000000000	        0.0001237129	        0.0000996304
        0.2345974273	        0.9290241273	        0.8022739609	       -0.0954042481	        0.0023632155	        0.0026257950	        0.0008912755	        0.0127032668	        0.0023088627	        0.0019523754	        0.1000000000	        0.0010000000	        1.0000000000	        0.0001170451	        0.0000994836
        0.2574478906	        0.9510673865	        0.7947237023	       -0.0963738427	        0.0026239507	        0.0029155007	        0.0009387524	        0.0120615023	        0.0020401145	        0.0020173726	        0.1000000000	        0.0010000000	        1.0000000000	        0.0001110299	        0.0000995415
        0.2820527391	        0.9720929163	        0.7870018951	       -0.0969844628	        0.0028935491	        0.0032150546	        0.0009841595	        0.0114062920	        0.0017952184	        0.0020700507	        0.1000000000	        0.0010000000	        1.0000000000	        0.0001055551	        0.0000997919
        0.3084817527	        0.9921244982	        0.7791084372	       -0.0972264191	        0.0031708096	        0.0035231218	        0.0010270591	        0.0107436643	        0.0015730169	        0.0021102235	        0.1000000000	        0.0010000000	        1.0000000000	        0.0001005240	        0.0001001901
        0.3367954708	        1.0111688146	        0.7710486805	       -0.0970374612	        0.0034551255	        0.0038390284	        0.0010670962	        0.0100790045	        0.0013721619	        0.0021381041	        0.1000000000	        0.0010000000	        1.0000000000	        0.0000958483	        0.0001008049
        0.3670428018	        1.0292144129	        0.7628347337	       -0.0963848490	        0.0037468287	        0.0041631430	        0.0011039642	        0.0094175086	        0.0011912741	        0.0021543528	        0.1000000000	        0.0010000000	        1.0000000000	        0.0000914399	        0.0001015702
        0.3992585207	        1.0462313536	        0.7544873813	       -0.0952026932	        0.0040475498	        0.0044972775	        0.0011373996	        0.0087645965	        0.0010290527	        0.0021601068	        0.1000000000	        0.0010000000	        1.0000000000	        0.0000872098	        0.0001024937
        0.4334607283	        1.0621720489	        0.7460378369	       -0.0934411174	        0.0043605328	        0.0048450364	        0.0011672692	        0.0081262527	        0.0008843401	        0.0021569788	        0.1000000000	        0.0010000000	        1.0000000000	        0.0000830761	        0.0001035909
        0.4696483595	        1.0769739790	        0.7375281035	       -0.0910147606	        0.0046907907	        0.0052119897	        0.0011936640	        0.0075092380	        0.0007561452	        0.0021470032	        0.1000000000	        0.0010000000	        1.0000000000	        0.0000789733	        0.0001049380
        0.5077988477	        1.0905650156	        0.7290101262	       -0.0878427901	        0.0050449348	        0.0056054831	        0.0012168981	        0.0069210987	        0.0006436259	        0.0021325114	        0.1000000000	        0.0010000000	        1.0000000000	        0.0000748589	        0.0001063714
        0.5478660655	        1.1028717680	        0.7205435388	       -0.0838649362	        0.0054304554	        0.0060338393	        0.0012373661	        0.0063698977	        0.0005460346	        0.0021159298	        0.1000000000	        0.0010000000	        1.0000000000	        0.0000707142	        0.0001080018
        0.5897786695	        1.1138305363	        0.7121926680	       -0.0789749444	        0.0058542314	        0.0065047016	        0.0012557079	        0.0058636411	        0.0004626354	        0.0020995135	        0.1000000000	        0.0010000000	        1.0000000000	        0.0000665677	        0.0001098897
        0.6334389769	        1.1233991395	        0.7040168671	       -0.0731094305	        0.0063201531	        0.0070223924	        0.0012729669	        0.0054094712	        0.0003926178	        0.0020850673	        0.1000000000	        0.0010000000	        1.0000000000	        0.0000625078	        0.0001119320
        0.6787224963	        1.1315666108	        0.6960612627	       -0.0662200246	        0.0068260236	        0.0075844707	        0.0012903231	        0.0050128260	        0.0003350344	        0.0020737284	        0.1000000000	        0.0010000000	        1.0000000000	        0.0000586645	        0.0001141467
        0.7254782147	        1.1383574370	        0.6883492076	       -0.0582916651	        0.0073603532	        0.0081781703	        0.0013087640	        0.0046768382	        0.0002887903	        0.0020658855	        0.1000000000	        0.0010000000	        1.0000000000	        0.0000551832	        0.0001164827
        0.7735297135	        1.1438283220	        0.6808790705	       -0.0493551104	        0.0079001362	        0.0087779291	        0.0013291144	        0.0044022058	        0.0002526923	        0.0020612638	        0.1000000000	        0.0010000000	        1.0000000000	        0.0000522122	        0.0001189813
        0.8226771500	        1.1480579845	        0.6736211447	       -0.0394574149	        0.0084109307	        0.0093454786	        0.0013526190	        0.0041875889	        0.0002255424	        0.0020591388	        0.1000000000	        0.0010000000	        1.0000000000	        0.0000499087	        0.0001216583
        0.8727000940	        1.1511328263	        0.6665145510	       -0.0287043915	        0.0088502481	        0.0098336090	        0.0013805586	        0.0040303917	        0.0002062465	        0.0020586005	        0.1000000000	        0.0010000000	        1.0000000000	        0.0000484110	        0.0001243717
        0.9233611572	        1.1531321441	        0.6594744817	       -0.0172601598	        0.0091742835	        0.0101936484	        0.0014133416	        0.0039276819	        0.0001939092	        0.0020587877	        0.1000000000	        0.0010000000	        1.0000000000	        0.0000478101	        0.0001271062
        0.9744103051	        1.1541157978	        0.6524007246	       -0.0052957020	        0.0093466539	        0.0103851711	        0.0014506033	        0.0038770131	        0.0001879019	        0.0020590527	        0.1000000000	        0.0010000000	        1.0000000000	        0.0000481656	        0.0001299678
        1.0255896949	        1.1541157978	        0.6451830580	        0.0070117085	        0.0093466539	        0.0103851711	        0.0014922418	        0.0038770131	        0.0001879019	        0.0020590527	        0.1000000000	        0.0010000000	        1.0000000000	        0.0000495482	        0.0001329185
        1.0766388428	        1.1531321441	        0.6376990767	        0.0194414800	        0.0091742835	        0.0101936484	        0.0015387917	        0.0039276819	        0.0001939092	        0.0020587877	        0.1000000000	        0.0010000000	        1.0000000000	        0.0000520538	        0.0001359403
        1.1272999060	        1.1511328263	        0.6298164697	        0.0317755203	        0.0088502481	        0.0098336090	        0.0015903744	        0.0040303917	        0.0002062465	        0.0020586005	        0.1000000000	        0.0010000000	        1.0000000000	        0.0000557684	        0.0001389545
        1.1773228500	        1.1480579845	        0.6214024194	        0.0437501335	        0.0084109307	        0.0093454786	        0.0016459860	        0.0041875889	        0.0002255424	        0.0020591388	        0.1000000000	        0.0010000000	        1.0000000000	        0.0000607333	        0.0001417914
        1.2264702865	        1.1438283220	        0.6123364561	        0.0551053501	        0.0079001362	        0.0087779291	        0.0017035437	        0.0044022058	        0.0002526923	        0.0020612638	        0.1000000000	        0.0010000000	        1.0000000000	        0.0000669211	        0.0001445838
        1.2745217853	        1.1383574370	        0.6025252644	        0.0656572713	        0.0073603532	        0.0081781703	        0.0017612605	        0.0046768382	        0.0002887903	        0.0020658855	        0.1000000000	        0.0010000000	        1.0000000000	        0.0000742625	        0.0001474977
        1.3212775037	        1.1315666108	        0.5919051210	        0.0752540757	        0.0068260236	        0.0075844707	        0.0018182384	        0.0050128260	        0.0003350344	        0.0020737284	        0.1000000000	        0.0010000000	        1.0000000000	        0.0000826661	        0.0001504207
        1.3665610231	        1.1233991395	        0.5804474306	        0.0837526569	        0.0063201531	        0.0070223924	        0.0018732781	        0.0054094712	        0.0003926178	        0.0020850673	        0.1000000000	        0.0010000000	        1.0000000000	        0.0000919855	        0.0001533327
        1.4102213305	        1.1138305363	        0.5681663985	        0.0910859956	        0.0058542314	        0.0065047016	        0.0019243934	        0.0058636411	        0.0004626354	        0.0020995135	        0.1000000000	        0.0010000000	        1.0000000000	        0.0001020160	        0.0001562657
        1.4521339345	        1.1028717680	        0.5551200287	        0.0972211535	        0.0054304554	        0.0060338393	        0.0019692495	        0.0063698977	        0.0005460346	        0.0021159298	        0.1000000000	        0.0010000000	        1.0000000000	        0.0001125405	        0.0001592222
        1.4922011523	        1.0905650156	        0.5414016672	        0.1021879600	        0.0050449348	        0.0056054831	        0.0020059174	        0.0069210987	        0.0006436259	        0.0021325114	        0.1000000000	        0.0010000000	        1.0000000000	        0.0001233963	        0.0001621950
        1.5303516405	        1.0769739790	        0.5271229163	        0.1060241119	        0.0046907907	        0.0052119897	        0.0020331030	        0.0075092380	        0.0007561452	        0.0021470032	        0.1000000000	        0.0010000000	        1.0000000000	        0.0001345110	        0.0001652228
        1.5665392717	        1.0621720489	        0.5123992937	        0.1088098369	        0.0043605328	        0.0048450364	        0.0020495578	        0.0081262527	        0.0008843401	        0.0021569788	        0.1000000000	        0.0010000000	        1.0000000000	        0.0001458697	        0.0001683495
        1.6007414793	        1.0462313536	        0.4973448515	        0.1106131773	        0.0040475498	        0.0044972775	        0.0020539770	        0.0087645965	        0.0010290527	        0.0021601068	        0.1000000000	        0.0010000000	        1.0000000000	        0.0001574881	        0.0001715795
        1.6329571982	        1.0292144129	        0.4820665594	        0.1115238731	        0.0037468287	        0.0041631430	        0.0020452968	        0.0094175086	        0.0011912741	        0.0021543528	        0.1000000000	        0.0010000000	        1.0000000000	        0.0001694092	        0.0001747382
        1.6632045292	        1.0111688146	        0.4666619978	        0.1115783399	        0.0034551255	        0.0038390284	        0.0020228452	        0.0100790045	        0.0013721619	        0.0021381041	        0.1000000000	        0.0010000000	        1.0000000000	        0.0001816952	        0.0001784379
        1.6915182473	        0.9921244982	        0.4512172475	        0.1109708360	        0.0031708096	        0.0035231218	        0.0019864270	        0.0107436643	        0.0015730169	        0.0021102235	        0.1000000000	        0.0010000000	        1.0000000000	        0.0001944227	        0.0001826527
        1.7179472609	        0.9720929163	        0.4358070107	        0.1097104417	        0.0028935491	        0.0032150546	        0.0019363201	        0.0114062920	        0.0017952184	        0.0020700507	        0.1000000000	        0.0010000000	        1.0000000000	        0.0002076781	        0.0001866292
        1.7425521094	        0.9510673865	        0.4204944299	        0.1078569590	        0.0026239507	        0.0029155007	        0.0018732288	        0.0120615023	        0.0020401145	        0.0020173726	        0.1000000000	        0.0010000000	        1.0000000000	        0.0002215540	        0.0001911668
        1.7654025727	        0.9290241273	        0.4053324412	        0.1055307069	        0.0023632155	        0.0026257950	        0.0017982500	        0.0127032668	        0.0023088627	        0.0019523754	        0.1000000000	        0.0010000000	        1.0000000000	        0.0002361518	        0.0001967932
        1.7865754452	        0.9059236842	        0.3903636668	        0.1028351741	        0.0021128455	        0.0023476061	        0.0017129486	        0.0133244367	        0.0026022070	        0.0018755905	        0.1000000000	        0.0010000000	        1.0000000000	        0.0002516061	        0.0002032146
        1.8061525101	        0.8817126327	        0.3756193002	        0.0998159658	        0.0018744087	        0.0020826763	        0.0016192909	        0.0139162491	        0.0029201805	        0.0017878419	        0.1000000000	        0.0010000000	        1.0000000000	        0.0002681051	        0.0002109035
        1.8242187368	        0.8563255940	        0.3611181308	        0.0965954862	        0.0016493662	        0.0018326291	        0.0015193967	        0.0144678307	        0.0032617174	        0.0016901970	        0.1000000000	        0.0010000000	        1.0000000000	        0.0002858898	        0.0002201151
        1.8408607086	        0.8296877090	        0.3468674506	        0.0932010263	        0.0014389533	        0.0015988370	        0.0014153590	        0.0149657214	        0.0036241666	        0.0015839246	        0.1000000000	        0.0010000000	        1.0000000000	        0.0003052561	        0.0002304420
        1.8561652810	        0.8017178130	        0.3328632456	        0.0896705957	        0.0012441067	        0.0013823408	        0.0013092115	        0.0153934660	        0.0040027142	        0.0014704597	        0.1000000000	        0.0010000000	        1.0000000000	        0.0003265854	        0.0002424915
        1.8702184608	        0.7723326267	        0.3190897219	        0.0860484175	        0.0010654302	        0.0011838113	        0.0012028301	        0.0157313602	        0.0043897514	        0.0013513753	        0.1000000000	        0.0010000000	        1.0000000000	        0.0003503675	        0.0002563852
        1.8831044915	        0.7414523309	        0.3055193926	        0.0823359008	        0.0009031883	        0.0010035426	        0.0010978522	        0.0159564812	        0.0047742712	        0.0012283598	        0.1000000000	        0.0010000000	        1.0000000000	        0.0003772334	        0.0002727795
        1.8949051275	        0.7090079064	        0.2921123745	        0.0785785390	        0.0007573229	        0.0008414698	        0.0009955373	        0.0160431939	        0.0051414541	        0.0011031981	        0.1000000000	        0.0010000000	        1.0000000000	        0.0004079632	        0.0002930958
        1.9056990763	        0.6749505649	        0.2788182763	        0.0748178504	        0.0006274850	        0.0006972056	        0.0008967546	        0.0159643671	        0.0054726863	        0.0009777538	        0.1000000000	        0.0010000000	        1.0000000000	        0.0004435216	        0.0003161725
        1.9155615890	        0.6392634341	        0.2655752520	        0.0709588902	        0.0005130784	        0.0005700871	        0.0008019507	        0.0156935518	        0.0057463357	        0.0008539468	        0.1000000000	        0.0010000000	        1.0000000000	        0.0004850745	        0.0003417160
        1.9245641781	        0.6019753444	        0.2523130605	        0.0669845203	        0.0004133095	        0.0004592328	        0.0007111039	        0.0152083036	        0.0059396343	        0.0007337221	        0.1000000000	        0.0010000000	        1.0000000000	        0.0005339520	        0.0003743037
        1.9327744427	        0.5631760683	        0.2389556882	        0.0629998072	        0.0003272418	        0.0003636020	        0.0006238640	        0.0144946236	        0.0060318989	        0.0006190036	        0.1000000000	        0.0010000000	        1.0000000000	        0.0005916511	        0.0004128221
        1.9402559838	        0.5230316915	        0.2254244736	        0.0588573356	        0.0002538515	        0.0002820573	        0.0005396051	        0.0135521018	        0.0060090026	        0.0005116263	        0.1000000000	        0.0010000000	        1.0000000000	        0.0006596913	        0.0004557423
        1.9470683933	        0.4817980412	        0.2116465933	        0.0545569761	        0.0001920824	        0.0002134249	        0.0004576091	        0.0123987905	        0.0058684643	        0.0004132474	        0.1000000000	        0.0010000000	        1.0000000000	        0.0007393525	        0.0005096489
        1.9532673011	        0.4398294380	        0.1975649793	        0.0502018887	        0.0001408983	        0.0001565537	        0.0003774547	        0.0110742704	        0.0056239014	        0.0003252413	        0.1000000000	        0.0010000000	        1.0000000000	        0.0008313877	        0.0005714698
        1.9589044686	        0.3975796347	        0.1831496024	        0.0456479216	        0.0000993297	        0.0001103663	        0.0002994132	        0.0096391014	        0.0053072284	        0.0002485922	        0.1000000000	        0.0010000000	        1.0000000000	        0.0009354844	        0.0006422746
        1.9640279170	        0.3555914649	        0.1684142278	        0.0410651403	        0.0000665036	        0.0000738929	        0.0002241591	        0.0081692667	        0.0049672680	        0.0001838049	        0.1000000000	        0.0010000000	        1.0000000000	        0.0010460577	        0.0007213321
        1.9686820816	        0.3147416108	        0.1535317246	        0.0364537038	        0.0000470814	        0.0000523127	        0.0001751144	        0.0067567771	        0.0046683037	        0.0001312364	        0.1000000000	        0.0010000000	        1.0000000000	        0.0011542944	        0.0008043796
        1.9729079831	        0.2758662653	        0.1387325438	        0.0320673841	        0.0000332418	        0.0000369353	        0.0001350893	        0.0054607905	        0.0044434186	        0.0000904000	        0.1000000000	        0.0010000000	        1.0000000000	        0.0012611903	        0.0008987073
        1.9767434111	        0.2392597842	        0.1240919697	        0.0279923237	        0.0000223411	        0.0000248234	        0.0000987964	        0.0043085696	        0.0043077434	        0.0000598211	        0.1000000000	        0.0010000000	        1.0000000000	        0.0013724020	        0.0010021447
        1.9802231129	        0.2050490173	        0.1096627328	        0.0242247039	        0.0000141812	        0.0000157568	        0.0000679556	        0.0033131895	        0.0042682686	        0.0000377974	        0.1000000000	        0.0010000000	        1.0000000000	        0.0014871620	        0.0011055243
        1.9833789852	        0.1733098355	        0.0955181538	        0.0206596691	        0.0000084347	        0.0000093719	        0.0000435597	        0.0024770500	        0.0043242313	        0.0000226281	        0.1000000000	        0.0010000000	        1.0000000000	        0.0016027315	        0.0012021412
        1.9862402627	        0.1440555631	        0.0817388135	        0.0172453373	        0.0000046578	        0.0000051754	        0.0000257698	        0.0017933881	        0.0044688244	        0.0000127029	        0.1000000000	        0.0010000000	        1.0000000000	        0.0017170116	        0.0013019823
        1.9888337046	        0.1172361386	        0.0683997365	        0.0141047129	        0.0000023576	        0.0000026196	        0.0000138931	        0.0012490763	        0.0046914788	        0.0000065880	        0.1000000000	        0.0010000000	        1.0000000000	        0.0018288128	        0.0014137242
        1.9911837738	        0.0927485581	        0.0555619297	        0.0113039269	        0.0000010717	        0.0000011908	        0.0000066915	        0.0008276828	        0.0049800020	        0.0000030854	        0.1000000000	        0.0010000000	        1.0000000000	        0.0019377454	        0.0015198928
        1.9933128092	        0.0704536354	        0.0432695296	        0.0086856718	        0.0000004225	        0.0000004694	        0.0000027820	        0.0005119512	        0.0053221295	        0.0000012573	        0.1000000000	        0.0010000000	        1.0000000000	        0.0020437180	        0.0016138620
        1.9952411902	        0.0501930334	        0.0315529257	        0.0062541039	        0.0000001354	        0.0000001504	        0.0000009366	        0.0002853812	        0.0057064115	        0.0000004173	        0.1000000000	        0.0010000000	        1.0000000000	        0.0021466049	        0.0017041808
        1.9969874916	        0.0318028097	        0.0204308291	        0.0039785216	        0.0000000309	        0.0000000343	        0.0000002233	        0.0001330130	        0.0061225820	        0.0000000985	        0.1000000000	        0.0010000000	        1.0000000000	        0.0022462555	        0.0017836834
        1.9985686299	        0.0151224499	        0.0099125378	        0.0017976921	        0.0000000035	        0.0000000039	        0.0000000263	        0.0000416842	        0.0065616201	        0.0000000115	        0.1000000000	        0.0010000000	        1.0000000000	        0.0023424236	        0.0018493575
        2.0000000000	        0.0000000000	        0.0000000000	       -0.0003220447	        0.0000000000	        0.0000000000	        0.0000000000	        0.0000000000	        0.0070156685	        0.0000000000	        0.1000000000	        0.0010000000	        1.0000000000	        0.0024344705	        0.0019093664
