        0.0020039000	    5.6033000000e+00	    4.0860000000e+00	    3.0564000000e+01	    2.9835000000e+01	    8.8163044143e-01
        0.0061156000	    5.6541000000e+00	    2.9982000000e+00	    3.0025000000e+01	    2.9494000000e+01	    8.8258993333e-01
        0.0104340000	    5.6999000000e+00	    2.2268000000e+00	    2.9554000000e+01	    2.9163000000e+01	    8.8343684639e-01
        0.0149560000	    5.7408000000e+00	    1.6477000000e+00	    2.9138000000e+01	    2.8851000000e+01	    8.8419249514e-01
        0.0196800000	    5.7783000000e+00	    1.2158000000e+00	    2.8766000000e+01	    2.8556000000e+01	    8.8487456336e-01
        0.0246040000	    5.8130000000e+00	    8.9516000000e-01	    2.8430000000e+01	    2.8276000000e+01	    8.8549455698e-01
        0.0297250000	    5.8450000000e+00	    6.4518000000e-01	    2.8124000000e+01	    2.8013000000e+01	    8.8606559787e-01
        0.0350410000	    5.8748000000e+00	    4.4985000000e-01	    2.7842000000e+01	    2.7765000000e+01	    8.8659386331e-01
        0.0405510000	    5.9030000000e+00	    2.9837000000e-01	    2.7580000000e+01	    2.7529000000e+01	    8.8708808366e-01
        0.0462520000	    5.9297000000e+00	    1.7974000000e-01	    2.7335000000e+01	    2.7304000000e+01	    8.8755353177e-01
        0.0521410000	    5.9553000000e+00	    8.8718000000e-02	    2.7104000000e+01	    2.7089000000e+01	    8.8799368219e-01
        0.0582160000	    5.9797000000e+00	    1.7703000000e-02	    2.6886000000e+01	    2.6882000000e+01	    8.8841370873e-01
        0.0644760000	    6.0032000000e+00	   -3.8577000000e-02	    2.6678000000e+01	    2.6684000000e+01	    8.8881449901e-01
        0.0709170000	    6.0259000000e+00	   -8.2395000000e-02	    2.6480000000e+01	    2.6492000000e+01	    8.8919951244e-01
        0.0775390000	    6.0480000000e+00	   -1.1512000000e-01	    2.6289000000e+01	    2.6307000000e+01	    8.8957053666e-01
        0.0843380000	    6.0693000000e+00	   -1.4187000000e-01	    2.6106000000e+01	    2.6129000000e+01	    8.8992759959e-01
        0.0913120000	    6.0901000000e+00	   -1.6306000000e-01	    2.5930000000e+01	    2.5956000000e+01	    8.9027412729e-01
        0.0984590000	    6.1104000000e+00	   -1.8221000000e-01	    2.5760000000e+01	    2.5789000000e+01	    8.9060928391e-01
        0.1057800000	    6.1302000000e+00	   -1.9562000000e-01	    2.5596000000e+01	    2.5626000000e+01	    8.9093563611e-01
        0.1132600000	    6.1496000000e+00	   -2.0275000000e-01	    2.5436000000e+01	    2.5467000000e+01	    8.9125404515e-01
        0.1209200000	    6.1687000000e+00	   -2.0556000000e-01	    2.5280000000e+01	    2.5312000000e+01	    8.9156453908e-01
        0.1287300000	    6.1874000000e+00	   -2.0833000000e-01	    2.5129000000e+01	    2.5161000000e+01	    8.9186799344e-01
        0.1367100000	    6.2058000000e+00	   -2.0936000000e-01	    2.4981000000e+01	    2.5013000000e+01	    8.9216527136e-01
        0.1448500000	    6.2239000000e+00	   -2.0907000000e-01	    2.4837000000e+01	    2.4869000000e+01	    8.9245638698e-01
        0.1531500000	    6.2418000000e+00	   -2.0462000000e-01	    2.4695000000e+01	    2.4727000000e+01	    8.9274304475e-01
        0.1616000000	    6.2595000000e+00	   -1.9821000000e-01	    2.4557000000e+01	    2.4587000000e+01	    8.9302525440e-01
        0.1702100000	    6.2771000000e+00	   -1.9387000000e-01	    2.4421000000e+01	    2.4450000000e+01	    8.9330218156e-01
        0.1789600000	    6.2944000000e+00	   -1.8751000000e-01	    2.4287000000e+01	    2.4315000000e+01	    8.9357636834e-01
        0.1878700000	    6.3116000000e+00	   -1.8174000000e-01	    2.4155000000e+01	    2.4183000000e+01	    8.9384613832e-01
        0.1969200000	    6.3287000000e+00	   -1.7456000000e-01	    2.4025000000e+01	    2.4051000000e+01	    8.9411402641e-01
        0.2061100000	    6.3458000000e+00	   -1.6558000000e-01	    2.3897000000e+01	    2.3922000000e+01	    8.9437919347e-01
        0.2154500000	    6.3628000000e+00	   -1.5802000000e-01	    2.3770000000e+01	    2.3794000000e+01	    8.9464248462e-01
        0.2249300000	    6.3797000000e+00	   -1.5108000000e-01	    2.3645000000e+01	    2.3667000000e+01	    8.9490306202e-01
        0.2345400000	    6.3966000000e+00	   -1.4334000000e-01	    2.3521000000e+01	    2.3541000000e+01	    8.9516260924e-01
        0.2442900000	    6.4135000000e+00	   -1.3585000000e-01	    2.3397000000e+01	    2.3417000000e+01	    8.9542112692e-01
        0.2541800000	    6.4303000000e+00	   -1.2761000000e-01	    2.3275000000e+01	    2.3293000000e+01	    8.9567777741e-01
        0.2641900000	    6.4472000000e+00	   -1.2017000000e-01	    2.3154000000e+01	    2.3170000000e+01	    8.9593424573e-01
        0.2743400000	    6.4642000000e+00	   -1.1395000000e-01	    2.3033000000e+01	    2.3049000000e+01	    8.9618969639e-01
        0.2846000000	    6.4811000000e+00	   -1.0696000000e-01	    2.2913000000e+01	    2.2927000000e+01	    8.9644496542e-01
        0.2950000000	    6.4982000000e+00	   -9.9829000000e-02	    2.2793000000e+01	    2.2806000000e+01	    8.9669921439e-01
        0.3055100000	    6.5153000000e+00	   -9.3048000000e-02	    2.2674000000e+01	    2.2686000000e+01	    8.9695411362e-01
        0.3161500000	    6.5324000000e+00	   -8.7599000000e-02	    2.2555000000e+01	    2.2566000000e+01	    8.9720965887e-01
        0.3269000000	    6.5497000000e+00	   -8.1517000000e-02	    2.2436000000e+01	    2.2446000000e+01	    8.9746501168e-01
        0.3377700000	    6.5671000000e+00	   -7.6246000000e-02	    2.2317000000e+01	    2.2327000000e+01	    8.9772016965e-01
        0.3487500000	    6.5846000000e+00	   -7.1024000000e-02	    2.2199000000e+01	    2.2208000000e+01	    8.9797679843e-01
        0.3598500000	    6.6022000000e+00	   -6.6568000000e-02	    2.2081000000e+01	    2.2089000000e+01	    8.9823323739e-01
        0.3710500000	    6.6200000000e+00	   -6.1745000000e-02	    2.1962000000e+01	    2.1970000000e+01	    8.9849114920e-01
        0.3823600000	    6.6379000000e+00	   -5.7876000000e-02	    2.1844000000e+01	    2.1851000000e+01	    8.9874969730e-01
        0.3937700000	    6.6559000000e+00	   -5.5439000000e-02	    2.1726000000e+01	    2.1732000000e+01	    8.9900887799e-01
        0.4052800000	    6.6741000000e+00	   -5.0672000000e-02	    2.1607000000e+01	    2.1613000000e+01	    8.9926951725e-01
        0.4169000000	    6.6924000000e+00	   -4.7808000000e-02	    2.1489000000e+01	    2.1494000000e+01	    8.9953078027e-01
        0.4286100000	    6.7110000000e+00	   -4.5242000000e-02	    2.1370000000e+01	    2.1375000000e+01	    8.9979349159e-01
        0.4404200000	    6.7296000000e+00	   -4.2482000000e-02	    2.1252000000e+01	    2.1256000000e+01	    9.0005764573e-01
        0.4523200000	    6.7485000000e+00	   -4.0707000000e-02	    2.1133000000e+01	    2.1137000000e+01	    9.0032242137e-01
        0.4643100000	    6.7675000000e+00	   -3.8079000000e-02	    2.1014000000e+01	    2.1017000000e+01	    9.0058864457e-01
        0.4763900000	    6.7867000000e+00	   -3.6331000000e-02	    2.0895000000e+01	    2.0898000000e+01	    9.0085548119e-01
        0.4885500000	    6.8061000000e+00	   -3.4377000000e-02	    2.0776000000e+01	    2.0779000000e+01	    9.0112374986e-01
        0.5008100000	    6.8257000000e+00	   -3.2701000000e-02	    2.0657000000e+01	    2.0659000000e+01	    9.0139426632e-01
        0.5131400000	    6.8454000000e+00	   -3.0238000000e-02	    2.0537000000e+01	    2.0539000000e+01	    9.0166537220e-01
        0.5255500000	    6.8654000000e+00	   -2.9980000000e-02	    2.0418000000e+01	    2.0420000000e+01	    9.0193788353e-01
        0.5380400000	    6.8855000000e+00	   -2.8785000000e-02	    2.0298000000e+01	    2.0300000000e+01	    9.0221179143e-01
        0.5506100000	    6.9059000000e+00	   -2.8500000000e-02	    2.0178000000e+01	    2.0179000000e+01	    9.0248710030e-01
        0.5632500000	    6.9265000000e+00	   -2.8063000000e-02	    2.0057000000e+01	    2.0059000000e+01	    9.0276381006e-01
        0.5759600000	    6.9474000000e+00	   -2.7482000000e-02	    1.9937000000e+01	    1.9938000000e+01	    9.0304273425e-01
        0.5887400000	    6.9684000000e+00	   -2.7520000000e-02	    1.9816000000e+01	    1.9818000000e+01	    9.0332304481e-01
        0.6015800000	    6.9897000000e+00	   -2.7357000000e-02	    1.9695000000e+01	    1.9696000000e+01	    9.0360473504e-01
        0.6144900000	    7.0112000000e+00	   -2.8531000000e-02	    1.9574000000e+01	    1.9575000000e+01	    9.0388861587e-01
        0.6274700000	    7.0330000000e+00	   -2.9050000000e-02	    1.9452000000e+01	    1.9454000000e+01	    9.0417386111e-01
        0.6405000000	    7.0550000000e+00	   -2.9719000000e-02	    1.9330000000e+01	    1.9332000000e+01	    9.0446046584e-01
        0.6535900000	    7.0773000000e+00	   -3.1138000000e-02	    1.9208000000e+01	    1.9210000000e+01	    9.0474843376e-01
        0.6667300000	    7.0998000000e+00	   -3.2294000000e-02	    1.9086000000e+01	    1.9088000000e+01	    9.0503857365e-01
        0.6799300000	    7.1225000000e+00	   -3.3531000000e-02	    1.8964000000e+01	    1.8966000000e+01	    9.0533087568e-01
        0.6931800000	    7.1455000000e+00	   -3.4774000000e-02	    1.8841000000e+01	    1.8843000000e+01	    9.0562370381e-01
        0.7064800000	    7.1688000000e+00	   -3.6525000000e-02	    1.8718000000e+01	    1.8721000000e+01	    9.0591867708e-01
        0.7198200000	    7.1922000000e+00	   -3.8040000000e-02	    1.8596000000e+01	    1.8598000000e+01	    9.0621497377e-01
        0.7332100000	    7.2160000000e+00	   -4.0158000000e-02	    1.8473000000e+01	    1.8476000000e+01	    9.0651258650e-01
        0.7466500000	    7.2400000000e+00	   -4.3169000000e-02	    1.8349000000e+01	    1.8353000000e+01	    9.0681152039e-01
        0.7601200000	    7.2643000000e+00	   -4.4420000000e-02	    1.8226000000e+01	    1.8230000000e+01	    9.0711258063e-01
        0.7736300000	    7.2888000000e+00	   -4.6214000000e-02	    1.8103000000e+01	    1.8106000000e+01	    9.0741575541e-01
        0.7871700000	    7.3136000000e+00	   -4.9378000000e-02	    1.7979000000e+01	    1.7983000000e+01	    9.0771941829e-01
        0.8007500000	    7.3387000000e+00	   -5.1564000000e-02	    1.7855000000e+01	    1.7860000000e+01	    9.0802517481e-01
        0.8143600000	    7.3640000000e+00	   -5.4545000000e-02	    1.7732000000e+01	    1.7736000000e+01	    9.0833220703e-01
        0.8280000000	    7.3896000000e+00	   -5.7805000000e-02	    1.7608000000e+01	    1.7613000000e+01	    9.0864050599e-01
        0.8416600000	    7.4154000000e+00	   -6.0171000000e-02	    1.7484000000e+01	    1.7489000000e+01	    9.0894927581e-01
        0.8553500000	    7.4415000000e+00	   -6.3371000000e-02	    1.7360000000e+01	    1.7366000000e+01	    9.0926012050e-01
        0.8690600000	    7.4679000000e+00	   -6.7271000000e-02	    1.7237000000e+01	    1.7243000000e+01	    9.0957142290e-01
        0.8827900000	    7.4945000000e+00	   -7.0484000000e-02	    1.7113000000e+01	    1.7120000000e+01	    9.0988397573e-01
        0.8965400000	    7.5213000000e+00	   -7.3492000000e-02	    1.6990000000e+01	    1.6997000000e+01	    9.1019776788e-01
        0.9103100000	    7.5484000000e+00	   -7.6471000000e-02	    1.6867000000e+01	    1.6874000000e+01	    9.1051198898e-01
        0.9240800000	    7.5756000000e+00	   -8.0174000000e-02	    1.6744000000e+01	    1.6752000000e+01	    9.1082743415e-01
        0.9378700000	    7.6031000000e+00	   -8.2822000000e-02	    1.6622000000e+01	    1.6630000000e+01	    9.1114252242e-01
        0.9516700000	    7.6308000000e+00	   -8.6338000000e-02	    1.6500000000e+01	    1.6508000000e+01	    9.1145884074e-01
        0.9654700000	    7.6588000000e+00	   -8.8822000000e-02	    1.6378000000e+01	    1.6387000000e+01	    9.1177478360e-01
        0.9792800000	    7.6869000000e+00	   -9.2036000000e-02	    1.6257000000e+01	    1.6266000000e+01	    9.1209113617e-01
        0.9930900000	    7.7152000000e+00	   -9.4838000000e-02	    1.6136000000e+01	    1.6145000000e+01	    9.1240788621e-01
        1.0069000000	    7.7438000000e+00	   -9.7170000000e-02	    1.6016000000e+01	    1.6025000000e+01	    9.1272502134e-01
        1.0207000000	    7.7725000000e+00	   -1.0006000000e-01	    1.5896000000e+01	    1.5905000000e+01	    9.1304254483e-01
        1.0345000000	    7.8014000000e+00	   -1.0254000000e-01	    1.5776000000e+01	    1.5786000000e+01	    9.1336046542e-01
        1.0483000000	    7.8305000000e+00	   -1.0548000000e-01	    1.5657000000e+01	    1.5667000000e+01	    9.1367719824e-01
        1.0621000000	    7.8598000000e+00	   -1.0771000000e-01	    1.5539000000e+01	    1.5549000000e+01	    9.1399431978e-01
        1.0759000000	    7.8893000000e+00	   -1.1028000000e-01	    1.5421000000e+01	    1.5432000000e+01	    9.1431103650e-01
        1.0897000000	    7.9189000000e+00	   -1.1189000000e-01	    1.5304000000e+01	    1.5315000000e+01	    9.1462734518e-01
        1.1035000000	    7.9486000000e+00	   -1.1396000000e-01	    1.5188000000e+01	    1.5199000000e+01	    9.1494403051e-01
        1.1172000000	    7.9785000000e+00	   -1.1575000000e-01	    1.5072000000e+01	    1.5083000000e+01	    9.1525953443e-01
        1.1309000000	    8.0085000000e+00	   -1.1789000000e-01	    1.4957000000e+01	    1.4968000000e+01	    9.1557385697e-01
        1.1447000000	    8.0387000000e+00	   -1.1935000000e-01	    1.4843000000e+01	    1.4854000000e+01	    9.1588855931e-01
        1.1583000000	    8.0690000000e+00	   -1.1990000000e-01	    1.4729000000e+01	    1.4740000000e+01	    9.1620206928e-01
        1.1720000000	    8.0994000000e+00	   -1.2088000000e-01	    1.4616000000e+01	    1.4628000000e+01	    9.1651516373e-01
        1.1856000000	    8.1300000000e+00	   -1.2171000000e-01	    1.4504000000e+01	    1.4516000000e+01	    9.1682705698e-01
        1.1993000000	    8.1607000000e+00	   -1.2180000000e-01	    1.4393000000e+01	    1.4404000000e+01	    9.1713853790e-01
        1.2128000000	    8.1915000000e+00	   -1.2242000000e-01	    1.4283000000e+01	    1.4294000000e+01	    9.1744884044e-01
        1.2264000000	    8.2224000000e+00	   -1.2237000000e-01	    1.4173000000e+01	    1.4184000000e+01	    9.1775873745e-01
        1.2399000000	    8.2535000000e+00	   -1.2168000000e-01	    1.4064000000e+01	    1.4075000000e+01	    9.1806744741e-01
        1.2534000000	    8.2847000000e+00	   -1.2132000000e-01	    1.3956000000e+01	    1.3967000000e+01	    9.1837651524e-01
        1.2668000000	    8.3160000000e+00	   -1.2046000000e-01	    1.3848000000e+01	    1.3859000000e+01	    9.1868361236e-01
        1.2802000000	    8.3475000000e+00	   -1.1958000000e-01	    1.3741000000e+01	    1.3752000000e+01	    9.1899105759e-01
        1.2935000000	    8.3791000000e+00	   -1.1883000000e-01	    1.3635000000e+01	    1.3646000000e+01	    9.1929732879e-01
        1.3068000000	    8.4109000000e+00	   -1.1793000000e-01	    1.3530000000e+01	    1.3540000000e+01	    9.1960319617e-01
        1.3201000000	    8.4428000000e+00	   -1.1634000000e-01	    1.3425000000e+01	    1.3435000000e+01	    9.1990787953e-01
        1.3333000000	    8.4749000000e+00	   -1.1444000000e-01	    1.3321000000e+01	    1.3331000000e+01	    9.2021213858e-01
        1.3464000000	    8.5071000000e+00	   -1.1259000000e-01	    1.3218000000e+01	    1.3227000000e+01	    9.2051596206e-01
        1.3595000000	    8.5394000000e+00	   -1.1048000000e-01	    1.3115000000e+01	    1.3124000000e+01	    9.2081933872e-01
        1.3725000000	    8.5720000000e+00	   -1.0778000000e-01	    1.3013000000e+01	    1.3021000000e+01	    9.2112227105e-01
        1.3855000000	    8.6048000000e+00	   -1.0632000000e-01	    1.2911000000e+01	    1.2919000000e+01	    9.2142554453e-01
        1.3984000000	    8.6378000000e+00	   -1.0395000000e-01	    1.2809000000e+01	    1.2818000000e+01	    9.2172838731e-01
        1.4113000000	    8.6711000000e+00	   -1.0185000000e-01	    1.2708000000e+01	    1.2716000000e+01	    9.2203155302e-01
        1.4240000000	    8.7046000000e+00	   -9.9600000000e-02	    1.2608000000e+01	    1.2615000000e+01	    9.2233503069e-01
        1.4368000000	    8.7383000000e+00	   -9.7902000000e-02	    1.2508000000e+01	    1.2515000000e+01	    9.2263880925e-01
        1.4494000000	    8.7723000000e+00	   -9.5722000000e-02	    1.2408000000e+01	    1.2415000000e+01	    9.2294212036e-01
        1.4620000000	    8.8065000000e+00	   -9.3747000000e-02	    1.2309000000e+01	    1.2315000000e+01	    9.2324573241e-01
        1.4744000000	    8.8410000000e+00	   -9.1207000000e-02	    1.2210000000e+01	    1.2216000000e+01	    9.2354889220e-01
        1.4869000000	    8.8756000000e+00	   -8.8265000000e-02	    1.2112000000e+01	    1.2118000000e+01	    9.2385159677e-01
        1.4992000000	    8.9104000000e+00	   -8.5510000000e-02	    1.2014000000e+01	    1.2020000000e+01	    9.2415384317e-01
        1.5114000000	    8.9453000000e+00	   -8.0401000000e-02	    1.1917000000e+01	    1.1922000000e+01	    9.2445487642e-01
        1.5236000000	    8.9805000000e+00	   -7.6474000000e-02	    1.1821000000e+01	    1.1825000000e+01	    9.2475619874e-01
        1.5357000000	    9.0159000000e+00	   -7.2834000000e-02	    1.1725000000e+01	    1.1729000000e+01	    9.2505705773e-01
        1.5477000000	    9.0515000000e+00	   -6.8028000000e-02	    1.1630000000e+01	    1.1633000000e+01	    9.2535746279e-01
        1.5596000000	    9.0874000000e+00	   -6.3099000000e-02	    1.1535000000e+01	    1.1538000000e+01	    9.2565815963e-01
        1.5714000000	    9.1235000000e+00	   -5.8043000000e-02	    1.1441000000e+01	    1.1443000000e+01	    9.2595914212e-01
        1.5831000000	    9.1599000000e+00	   -5.2555000000e-02	    1.1347000000e+01	    1.1348000000e+01	    9.2625965896e-01
        1.5947000000	    9.1966000000e+00	   -4.5747000000e-02	    1.1253000000e+01	    1.1254000000e+01	    9.2656045138e-01
        1.6062000000	    9.2336000000e+00	   -3.9555000000e-02	    1.1160000000e+01	    1.1160000000e+01	    9.2686151350e-01
        1.6176000000	    9.2709000000e+00	   -3.3089000000e-02	    1.1067000000e+01	    1.1066000000e+01	    9.2716359666e-01
        1.6290000000	    9.3085000000e+00	   -2.5826000000e-02	    1.0974000000e+01	    1.0972000000e+01	    9.2746521530e-01
        1.6402000000	    9.3465000000e+00	   -1.8233000000e-02	    1.0881000000e+01	    1.0879000000e+01	    9.2776857974e-01
        1.6512000000	    9.3850000000e+00	   -1.0631000000e-02	    1.0789000000e+01	    1.0786000000e+01	    9.2807219533e-01
        1.6622000000	    9.4238000000e+00	   -1.9451000000e-03	    1.0697000000e+01	    1.0693000000e+01	    9.2837678747e-01
        1.6731000000	    9.4631000000e+00	    7.4818000000e-03	    1.0605000000e+01	    1.0599000000e+01	    9.2868307645e-01
        1.6839000000	    9.5028000000e+00	    1.6529000000e-02	    1.0512000000e+01	    1.0506000000e+01	    9.2899032017e-01
        1.6945000000	    9.5431000000e+00	    2.5856000000e-02	    1.0420000000e+01	    1.0413000000e+01	    9.2929926186e-01
        1.7050000000	    9.5838000000e+00	    3.6778000000e-02	    1.0328000000e+01	    1.0320000000e+01	    9.2960988432e-01
        1.7154000000	    9.6252000000e+00	    4.8200000000e-02	    1.0236000000e+01	    1.0226000000e+01	    9.2992216921e-01
        1.7257000000	    9.6671000000e+00	    6.0348000000e-02	    1.0144000000e+01	    1.0133000000e+01	    9.3023609774e-01
        1.7358000000	    9.7098000000e+00	    7.2834000000e-02	    1.0051000000e+01	    1.0039000000e+01	    9.3055310697e-01
        1.7458000000	    9.7532000000e+00	    8.6637000000e-02	    9.9579000000e+00	    9.9442000000e+00	    9.3087317874e-01
        1.7557000000	    9.7974000000e+00	    1.0005000000e-01	    9.8642000000e+00	    9.8493000000e+00	    9.3119704127e-01
        1.7655000000	    9.8426000000e+00	    1.1527000000e-01	    9.7699000000e+00	    9.7534000000e+00	    9.3152466191e-01
        1.7751000000	    9.8887000000e+00	    1.2995000000e-01	    9.6749000000e+00	    9.6568000000e+00	    9.3185672684e-01
        1.7845000000	    9.9360000000e+00	    1.4510000000e-01	    9.5789000000e+00	    9.5594000000e+00	    9.3219391516e-01
        1.7939000000	    9.9846000000e+00	    1.6130000000e-01	    9.4818000000e+00	    9.4607000000e+00	    9.3253689830e-01
        1.8031000000	    1.0034000000e+01	    1.7911000000e-01	    9.3835000000e+00	    9.3606000000e+00	    9.3288636069e-01
        1.8121000000	    1.0086000000e+01	    1.9748000000e-01	    9.2836000000e+00	    9.2590000000e+00	    9.3324299193e-01
        1.8210000000	    1.0139000000e+01	    2.1487000000e-01	    9.1821000000e+00	    9.1558000000e+00	    9.3360745198e-01
        1.8298000000	    1.0194000000e+01	    2.3418000000e-01	    9.0786000000e+00	    9.0504000000e+00	    9.3398181968e-01
        1.8384000000	    1.0251000000e+01	    2.5149000000e-01	    8.9727000000e+00	    8.9430000000e+00	    9.3436743971e-01
        1.8468000000	    1.0311000000e+01	    2.7141000000e-01	    8.8642000000e+00	    8.8326000000e+00	    9.3476423592e-01
        1.8551000000	    1.0373000000e+01	    2.9003000000e-01	    8.7526000000e+00	    8.7193000000e+00	    9.3517568078e-01
        1.8633000000	    1.0439000000e+01	    3.0628000000e-01	    8.6375000000e+00	    8.6028000000e+00	    9.3560305205e-01
        1.8713000000	    1.0508000000e+01	    3.2037000000e-01	    8.5185000000e+00	    8.4825000000e+00	    9.3604830650e-01
        1.8791000000	    1.0581000000e+01	    3.3408000000e-01	    8.3948000000e+00	    8.3577000000e+00	    9.3651407583e-01
        1.8867000000	    1.0659000000e+01	    3.4638000000e-01	    8.2659000000e+00	    8.2279000000e+00	    9.3700299985e-01
        1.8942000000	    1.0742000000e+01	    3.5481000000e-01	    8.1312000000e+00	    8.0927000000e+00	    9.3751833808e-01
        1.9015000000	    1.0831000000e+01	    3.5499000000e-01	    7.9900000000e+00	    7.9517000000e+00	    9.3806327759e-01
        1.9087000000	    1.0927000000e+01	    3.4693000000e-01	    7.8414000000e+00	    7.8041000000e+00	    9.3864234903e-01
        1.9157000000	    1.1031000000e+01	    3.3006000000e-01	    7.6844000000e+00	    7.6490000000e+00	    9.3925999727e-01
        1.9225000000	    1.1144000000e+01	    3.0540000000e-01	    7.5182000000e+00	    7.4854000000e+00	    9.3992050990e-01
        1.9291000000	    1.1268000000e+01	    2.6570000000e-01	    7.3417000000e+00	    7.3129000000e+00	    9.4063013598e-01
        1.9355000000	    1.1404000000e+01	    2.0642000000e-01	    7.1541000000e+00	    7.1310000000e+00	    9.4139361678e-01
        1.9418000000	    1.1554000000e+01	    1.2406000000e-01	    6.9545000000e+00	    6.9390000000e+00	    9.4221755060e-01
        1.9479000000	    1.1721000000e+01	    1.2499000000e-02	    6.7422000000e+00	    6.7366000000e+00	    9.4310695398e-01
        1.9537000000	    1.1905000000e+01	   -1.3195000000e-01	    6.5166000000e+00	    6.5237000000e+00	    9.4406775065e-01
        1.9594000000	    1.2109000000e+01	   -3.1611000000e-01	    6.2780000000e+00	    6.3006000000e+00	    9.4510242915e-01
        1.9650000000	    1.2336000000e+01	   -5.4381000000e-01	    6.0271000000e+00	    6.0683000000e+00	    9.4621385164e-01
        1.9703000000	    1.2586000000e+01	   -8.1691000000e-01	    5.7655000000e+00	    5.8282000000e+00	    9.4739864748e-01
        1.9754000000	    1.2862000000e+01	   -1.1374000000e+00	    5.4957000000e+00	    5.5826000000e+00	    9.4865272043e-01
        1.9803000000	    1.3163000000e+01	   -1.5081000000e+00	    5.2208000000e+00	    5.3345000000e+00	    9.4996672010e-01
        1.9850000000	    1.3491000000e+01	   -1.9356000000e+00	    4.9443000000e+00	    5.0874000000e+00	    9.5132980555e-01
        1.9896000000	    1.3844000000e+01	   -2.4329000000e+00	    4.6693000000e+00	    4.8450000000e+00	    9.5273195398e-01
        1.9939000000	    1.4226000000e+01	   -3.0310000000e+00	    4.3980000000e+00	    4.6112000000e+00	    9.5416552097e-01
        1.9980000000	    1.4636000000e+01	   -3.8337000000e+00	    4.1315000000e+00	    4.3935000000e+00	    9.5562732267e-01
