        0.0020039000	    2.5605000000e+00	    5.0438000000e+00	    3.0543000000e+01	    2.8573000000e+01	    4.2858563938e-01
        0.0061156000	    2.5658000000e+00	    3.8898000000e+00	    2.9980000000e+01	    2.8464000000e+01	    4.2964479907e-01
        0.0104340000	    2.5704000000e+00	    2.9748000000e+00	    2.9510000000e+01	    2.8352000000e+01	    4.3054881426e-01
        0.0149560000	    2.5743000000e+00	    2.2414000000e+00	    2.9118000000e+01	    2.8247000000e+01	    4.3131772148e-01
        0.0196800000	    2.5776000000e+00	    1.6724000000e+00	    2.8790000000e+01	    2.8141000000e+01	    4.3197191122e-01
        0.0246040000	    2.5804000000e+00	    1.2349000000e+00	    2.8514000000e+01	    2.8036000000e+01	    4.3252898757e-01
        0.0297250000	    2.5828000000e+00	    8.9552000000e-01	    2.8281000000e+01	    2.7934000000e+01	    4.3300632633e-01
        0.0350410000	    2.5849000000e+00	    6.3514000000e-01	    2.8081000000e+01	    2.7835000000e+01	    4.3341997002e-01
        0.0405510000	    2.5867000000e+00	    4.3617000000e-01	    2.7908000000e+01	    2.7739000000e+01	    4.3378159008e-01
        0.0462520000	    2.5884000000e+00	    2.8728000000e-01	    2.7754000000e+01	    2.7643000000e+01	    4.3410408687e-01
        0.0521410000	    2.5899000000e+00	    1.7732000000e-01	    2.7616000000e+01	    2.7547000000e+01	    4.3439674033e-01
        0.0582160000	    2.5913000000e+00	    9.7815000000e-02	    2.7489000000e+01	    2.7451000000e+01	    4.3466703048e-01
        0.0644760000	    2.5926000000e+00	    3.7824000000e-02	    2.7370000000e+01	    2.7355000000e+01	    4.3492155519e-01
        0.0709170000	    2.5938000000e+00	   -4.8353000000e-03	    2.7257000000e+01	    2.7259000000e+01	    4.3516504761e-01
        0.0775390000	    2.5950000000e+00	   -3.8066000000e-02	    2.7149000000e+01	    2.7164000000e+01	    4.3539937164e-01
        0.0843380000	    2.5961000000e+00	   -6.5201000000e-02	    2.7044000000e+01	    2.7069000000e+01	    4.3562738737e-01
        0.0913120000	    2.5973000000e+00	   -8.7134000000e-02	    2.6942000000e+01	    2.6975000000e+01	    4.3585198210e-01
        0.0984590000	    2.5984000000e+00	   -1.0538000000e-01	    2.6841000000e+01	    2.6881000000e+01	    4.3607410952e-01
        0.1057800000	    2.5995000000e+00	   -1.1833000000e-01	    2.6741000000e+01	    2.6786000000e+01	    4.3629473180e-01
        0.1132600000	    2.6007000000e+00	   -1.2740000000e-01	    2.6641000000e+01	    2.6690000000e+01	    4.3651678642e-01
        0.1209200000	    2.6018000000e+00	   -1.3304000000e-01	    2.6541000000e+01	    2.6592000000e+01	    4.3673830909e-01
        0.1287300000	    2.6029000000e+00	   -1.3742000000e-01	    2.6442000000e+01	    2.6494000000e+01	    4.3696128377e-01
        0.1367100000	    2.6041000000e+00	   -1.4086000000e-01	    2.6342000000e+01	    2.6396000000e+01	    4.3718571870e-01
        0.1448500000	    2.6053000000e+00	   -1.4186000000e-01	    2.6243000000e+01	    2.6297000000e+01	    4.3741261030e-01
        0.1531500000	    2.6064000000e+00	   -1.4199000000e-01	    2.6142000000e+01	    2.6196000000e+01	    4.3763998158e-01
        0.1616000000	    2.6076000000e+00	   -1.4039000000e-01	    2.6042000000e+01	    2.6095000000e+01	    4.3787081892e-01
        0.1702100000	    2.6088000000e+00	   -1.3853000000e-01	    2.5940000000e+01	    2.5993000000e+01	    4.3810314321e-01
        0.1789600000	    2.6100000000e+00	   -1.3610000000e-01	    2.5839000000e+01	    2.5891000000e+01	    4.3833795928e-01
        0.1878700000	    2.6112000000e+00	   -1.3365000000e-01	    2.5736000000e+01	    2.5787000000e+01	    4.3857628043e-01
        0.1969200000	    2.6125000000e+00	   -1.3032000000e-01	    2.5633000000e+01	    2.5683000000e+01	    4.3881711944e-01
        0.2061100000	    2.6137000000e+00	   -1.2655000000e-01	    2.5529000000e+01	    2.5577000000e+01	    4.3906048727e-01
        0.2154500000	    2.6150000000e+00	   -1.2260000000e-01	    2.5425000000e+01	    2.5471000000e+01	    4.3930740407e-01
        0.2249300000	    2.6163000000e+00	   -1.1660000000e-01	    2.5319000000e+01	    2.5363000000e+01	    4.3955789706e-01
        0.2345400000	    2.6176000000e+00	   -1.1227000000e-01	    2.5213000000e+01	    2.5255000000e+01	    4.3981199234e-01
        0.2442900000	    2.6189000000e+00	   -1.0899000000e-01	    2.5106000000e+01	    2.5147000000e+01	    4.4006869727e-01
        0.2541800000	    2.6202000000e+00	   -1.0375000000e-01	    2.4997000000e+01	    2.5036000000e+01	    4.4033006469e-01
        0.2641900000	    2.6216000000e+00	   -9.8232000000e-02	    2.4888000000e+01	    2.4925000000e+01	    4.4059510516e-01
        0.2743400000	    2.6230000000e+00	   -9.3381000000e-02	    2.4778000000e+01	    2.4813000000e+01	    4.4086384314e-01
        0.2846000000	    2.6244000000e+00	   -8.8516000000e-02	    2.4667000000e+01	    2.4700000000e+01	    4.4113630354e-01
        0.2950000000	    2.6258000000e+00	   -8.3911000000e-02	    2.4555000000e+01	    2.4586000000e+01	    4.4141251173e-01
        0.3055100000	    2.6273000000e+00	   -8.0194000000e-02	    2.4442000000e+01	    2.4472000000e+01	    4.4169352417e-01
        0.3161500000	    2.6288000000e+00	   -7.5221000000e-02	    2.4328000000e+01	    2.4356000000e+01	    4.4197834176e-01
        0.3269000000	    2.6302000000e+00	   -7.1169000000e-02	    2.4213000000e+01	    2.4239000000e+01	    4.4226699263e-01
        0.3377700000	    2.6318000000e+00	   -6.8969000000e-02	    2.4097000000e+01	    2.4122000000e+01	    4.4256054181e-01
        0.3487500000	    2.6333000000e+00	   -6.4264000000e-02	    2.3980000000e+01	    2.4003000000e+01	    4.4285798183e-01
        0.3598500000	    2.6349000000e+00	   -6.1376000000e-02	    2.3861000000e+01	    2.3884000000e+01	    4.4316038298e-01
        0.3710500000	    2.6365000000e+00	   -5.7803000000e-02	    2.3742000000e+01	    2.3764000000e+01	    4.4346673321e-01
        0.3823600000	    2.6381000000e+00	   -5.4093000000e-02	    2.3622000000e+01	    2.3642000000e+01	    4.4377810930e-01
        0.3937700000	    2.6397000000e+00	   -5.2314000000e-02	    2.3501000000e+01	    2.3520000000e+01	    4.4409454723e-01
        0.4052800000	    2.6414000000e+00	   -4.9841000000e-02	    2.3380000000e+01	    2.3398000000e+01	    4.4441502791e-01
        0.4169000000	    2.6431000000e+00	   -4.7445000000e-02	    2.3257000000e+01	    2.3274000000e+01	    4.4473957992e-01
        0.4286100000	    2.6448000000e+00	   -4.3920000000e-02	    2.3133000000e+01	    2.3149000000e+01	    4.4506930208e-01
        0.4404200000	    2.6465000000e+00	   -4.1086000000e-02	    2.3008000000e+01	    2.3023000000e+01	    4.4540423642e-01
        0.4523200000	    2.6483000000e+00	   -4.0201000000e-02	    2.2882000000e+01	    2.2897000000e+01	    4.4574335405e-01
        0.4643100000	    2.6501000000e+00	   -3.8074000000e-02	    2.2756000000e+01	    2.2769000000e+01	    4.4608775630e-01
        0.4763900000	    2.6519000000e+00	   -3.7172000000e-02	    2.2628000000e+01	    2.2642000000e+01	    4.4643640898e-01
        0.4885500000	    2.6538000000e+00	   -3.4786000000e-02	    2.2500000000e+01	    2.2512000000e+01	    4.4679149843e-01
        0.5008100000	    2.6557000000e+00	   -3.3242000000e-02	    2.2371000000e+01	    2.2382000000e+01	    4.4715091395e-01
        0.5131400000	    2.6576000000e+00	   -3.2121000000e-02	    2.2241000000e+01	    2.2252000000e+01	    4.4751468775e-01
        0.5255500000	    2.6595000000e+00	   -3.1195000000e-02	    2.2110000000e+01	    2.2121000000e+01	    4.4788395322e-01
        0.5380400000	    2.6615000000e+00	   -3.1498000000e-02	    2.1978000000e+01	    2.1989000000e+01	    4.4825876022e-01
        0.5506100000	    2.6635000000e+00	   -3.1165000000e-02	    2.1846000000e+01	    2.1857000000e+01	    4.4863805587e-01
        0.5632500000	    2.6655000000e+00	   -3.1334000000e-02	    2.1713000000e+01	    2.1723000000e+01	    4.4902297032e-01
        0.5759600000	    2.6675000000e+00	   -3.1251000000e-02	    2.1579000000e+01	    2.1590000000e+01	    4.4941244435e-01
        0.5887400000	    2.6696000000e+00	   -3.1587000000e-02	    2.1444000000e+01	    2.1455000000e+01	    4.4980761600e-01
        0.6015800000	    2.6717000000e+00	   -3.2680000000e-02	    2.1309000000e+01	    2.1320000000e+01	    4.5020852893e-01
        0.6144900000	    2.6739000000e+00	   -3.3451000000e-02	    2.1173000000e+01	    2.1184000000e+01	    4.5061412250e-01
        0.6274700000	    2.6760000000e+00	   -3.4776000000e-02	    2.1036000000e+01	    2.1048000000e+01	    4.5102557242e-01
        0.6405000000	    2.6782000000e+00	   -3.5662000000e-02	    2.0899000000e+01	    2.0911000000e+01	    4.5144180492e-01
        0.6535900000	    2.6805000000e+00	   -3.7748000000e-02	    2.0761000000e+01	    2.0773000000e+01	    4.5186397875e-01
        0.6667300000	    2.6827000000e+00	   -3.9160000000e-02	    2.0622000000e+01	    2.0635000000e+01	    4.5229214000e-01
        0.6799300000	    2.6850000000e+00	   -3.9960000000e-02	    2.0483000000e+01	    2.0496000000e+01	    4.5272520245e-01
        0.6931800000	    2.6874000000e+00	   -4.2379000000e-02	    2.0343000000e+01	    2.0358000000e+01	    4.5316320100e-01
        0.7064800000	    2.6897000000e+00	   -4.3974000000e-02	    2.0203000000e+01	    2.0218000000e+01	    4.5360732030e-01
        0.7198200000	    2.6921000000e+00	   -4.5110000000e-02	    2.0062000000e+01	    2.0078000000e+01	    4.5405648877e-01
        0.7332100000	    2.6945000000e+00	   -4.7375000000e-02	    1.9921000000e+01	    1.9937000000e+01	    4.5451189904e-01
        0.7466500000	    2.6970000000e+00	   -4.9323000000e-02	    1.9780000000e+01	    1.9797000000e+01	    4.5497245327e-01
        0.7601200000	    2.6995000000e+00	   -5.1583000000e-02	    1.9638000000e+01	    1.9655000000e+01	    4.5543819498e-01
        0.7736300000	    2.7020000000e+00	   -5.3144000000e-02	    1.9495000000e+01	    1.9514000000e+01	    4.5591033042e-01
        0.7871700000	    2.7046000000e+00	   -5.5519000000e-02	    1.9353000000e+01	    1.9372000000e+01	    4.5638775121e-01
        0.8007500000	    2.7071000000e+00	   -5.9086000000e-02	    1.9210000000e+01	    1.9230000000e+01	    4.5687051905e-01
        0.8143600000	    2.7098000000e+00	   -6.0913000000e-02	    1.9066000000e+01	    1.9087000000e+01	    4.5735868676e-01
        0.8280000000	    2.7124000000e+00	   -6.3422000000e-02	    1.8923000000e+01	    1.8945000000e+01	    4.5785347959e-01
        0.8416600000	    2.7151000000e+00	   -6.5781000000e-02	    1.8779000000e+01	    1.8801000000e+01	    4.5835377181e-01
        0.8553500000	    2.7178000000e+00	   -6.9071000000e-02	    1.8634000000e+01	    1.8658000000e+01	    4.5885960935e-01
        0.8690600000	    2.7206000000e+00	   -7.3192000000e-02	    1.8490000000e+01	    1.8515000000e+01	    4.5937223310e-01
        0.8827900000	    2.7234000000e+00	   -7.5311000000e-02	    1.8345000000e+01	    1.8371000000e+01	    4.5988932349e-01
        0.8965400000	    2.7262000000e+00	   -7.8664000000e-02	    1.8201000000e+01	    1.8228000000e+01	    4.6041334076e-01
        0.9103100000	    2.7291000000e+00	   -8.2272000000e-02	    1.8056000000e+01	    1.8084000000e+01	    4.6094313722e-01
        0.9240800000	    2.7320000000e+00	   -8.4532000000e-02	    1.7910000000e+01	    1.7940000000e+01	    4.6147876008e-01
        0.9378700000	    2.7350000000e+00	   -8.9332000000e-02	    1.7765000000e+01	    1.7796000000e+01	    4.6201903761e-01
        0.9516700000	    2.7379000000e+00	   -9.2572000000e-02	    1.7620000000e+01	    1.7652000000e+01	    4.6256645152e-01
        0.9654700000	    2.7410000000e+00	   -9.5850000000e-02	    1.7475000000e+01	    1.7508000000e+01	    4.6311863311e-01
        0.9792800000	    2.7440000000e+00	   -9.8940000000e-02	    1.7330000000e+01	    1.7364000000e+01	    4.6367810825e-01
        0.9930900000	    2.7471000000e+00	   -1.0320000000e-01	    1.7185000000e+01	    1.7220000000e+01	    4.6424121974e-01
        1.0069000000	    2.7502000000e+00	   -1.0590000000e-01	    1.7040000000e+01	    1.7076000000e+01	    4.6481172047e-01
        1.0207000000	    2.7534000000e+00	   -1.0942000000e-01	    1.6895000000e+01	    1.6932000000e+01	    4.6538592191e-01
        1.0345000000	    2.7565000000e+00	   -1.1346000000e-01	    1.6750000000e+01	    1.6789000000e+01	    4.6596761242e-01
        1.0483000000	    2.7598000000e+00	   -1.1656000000e-01	    1.6606000000e+01	    1.6646000000e+01	    4.6655311993e-01
        1.0621000000	    2.7630000000e+00	   -1.1930000000e-01	    1.6462000000e+01	    1.6502000000e+01	    4.6714500921e-01
        1.0759000000	    2.7663000000e+00	   -1.2441000000e-01	    1.6318000000e+01	    1.6360000000e+01	    4.6774205278e-01
        1.0897000000	    2.7697000000e+00	   -1.2634000000e-01	    1.6174000000e+01	    1.6217000000e+01	    4.6834427958e-01
        1.1035000000	    2.7730000000e+00	   -1.2971000000e-01	    1.6031000000e+01	    1.6075000000e+01	    4.6895171858e-01
        1.1172000000	    2.7764000000e+00	   -1.3195000000e-01	    1.5888000000e+01	    1.5933000000e+01	    4.6956570643e-01
        1.1309000000	    2.7799000000e+00	   -1.3419000000e-01	    1.5746000000e+01	    1.5791000000e+01	    4.7018375059e-01
        1.1447000000	    2.7833000000e+00	   -1.3810000000e-01	    1.5604000000e+01	    1.5650000000e+01	    4.7080717875e-01
        1.1583000000	    2.7869000000e+00	   -1.3985000000e-01	    1.5462000000e+01	    1.5509000000e+01	    4.7143472456e-01
        1.1720000000	    2.7904000000e+00	   -1.4191000000e-01	    1.5321000000e+01	    1.5369000000e+01	    4.7206903889e-01
        1.1856000000	    2.7940000000e+00	   -1.4377000000e-01	    1.5180000000e+01	    1.5229000000e+01	    4.7270754469e-01
        1.1993000000	    2.7976000000e+00	   -1.4443000000e-01	    1.5040000000e+01	    1.5089000000e+01	    4.7335030542e-01
        1.2128000000	    2.8012000000e+00	   -1.4781000000e-01	    1.4901000000e+01	    1.4950000000e+01	    4.7399868743e-01
        1.2264000000	    2.8049000000e+00	   -1.4839000000e-01	    1.4762000000e+01	    1.4812000000e+01	    4.7465139053e-01
        1.2399000000	    2.8086000000e+00	   -1.4937000000e-01	    1.4624000000e+01	    1.4674000000e+01	    4.7530843408e-01
        1.2534000000	    2.8124000000e+00	   -1.4912000000e-01	    1.4486000000e+01	    1.4536000000e+01	    4.7597118765e-01
        1.2668000000	    2.8161000000e+00	   -1.5039000000e-01	    1.4349000000e+01	    1.4399000000e+01	    4.7663700802e-01
        1.2802000000	    2.8199000000e+00	   -1.5158000000e-01	    1.4213000000e+01	    1.4263000000e+01	    4.7730866294e-01
        1.2935000000	    2.8238000000e+00	   -1.5149000000e-01	    1.4077000000e+01	    1.4127000000e+01	    4.7798345237e-01
        1.3068000000	    2.8277000000e+00	   -1.5140000000e-01	    1.3943000000e+01	    1.3992000000e+01	    4.7866412735e-01
        1.3201000000	    2.8316000000e+00	   -1.5116000000e-01	    1.3808000000e+01	    1.3858000000e+01	    4.7934934421e-01
        1.3333000000	    2.8355000000e+00	   -1.5021000000e-01	    1.3675000000e+01	    1.3724000000e+01	    4.8003775310e-01
        1.3464000000	    2.8395000000e+00	   -1.5050000000e-01	    1.3542000000e+01	    1.3591000000e+01	    4.8073220922e-01
        1.3595000000	    2.8435000000e+00	   -1.5001000000e-01	    1.3411000000e+01	    1.3459000000e+01	    4.8142854301e-01
        1.3725000000	    2.8475000000e+00	   -1.4803000000e-01	    1.3280000000e+01	    1.3328000000e+01	    4.8212954005e-01
        1.3855000000	    2.8516000000e+00	   -1.4680000000e-01	    1.3150000000e+01	    1.3197000000e+01	    4.8283520895e-01
        1.3984000000	    2.8557000000e+00	   -1.4465000000e-01	    1.3020000000e+01	    1.3067000000e+01	    4.8354414623e-01
        1.4113000000	    2.8598000000e+00	   -1.4316000000e-01	    1.2892000000e+01	    1.2938000000e+01	    4.8425642989e-01
        1.4240000000	    2.8640000000e+00	   -1.3991000000e-01	    1.2765000000e+01	    1.2809000000e+01	    4.8497063603e-01
        1.4368000000	    2.8681000000e+00	   -1.3744000000e-01	    1.2639000000e+01	    1.2682000000e+01	    4.8568961513e-01
        1.4494000000	    2.8723000000e+00	   -1.3332000000e-01	    1.2513000000e+01	    1.2555000000e+01	    4.8641047922e-01
        1.4620000000	    2.8766000000e+00	   -1.3014000000e-01	    1.2389000000e+01	    1.2430000000e+01	    4.8713319727e-01
        1.4744000000	    2.8808000000e+00	   -1.2508000000e-01	    1.2266000000e+01	    1.2304000000e+01	    4.8786071941e-01
        1.4869000000	    2.8851000000e+00	   -1.1939000000e-01	    1.2144000000e+01	    1.2180000000e+01	    4.8858869993e-01
        1.4992000000	    2.8894000000e+00	   -1.1349000000e-01	    1.2022000000e+01	    1.2057000000e+01	    4.8932005658e-01
        1.5114000000	    2.8937000000e+00	   -1.0522000000e-01	    1.1902000000e+01	    1.1934000000e+01	    4.9005331618e-01
        1.5236000000	    2.8980000000e+00	   -9.9113000000e-02	    1.1784000000e+01	    1.1813000000e+01	    4.9078846686e-01
        1.5357000000	    2.9024000000e+00	   -9.2281000000e-02	    1.1666000000e+01	    1.1693000000e+01	    4.9152552088e-01
        1.5477000000	    2.9068000000e+00	   -8.4132000000e-02	    1.1549000000e+01	    1.1573000000e+01	    4.9226450049e-01
        1.5596000000	    2.9112000000e+00	   -7.5556000000e-02	    1.1434000000e+01	    1.1455000000e+01	    4.9300387746e-01
        1.5714000000	    2.9156000000e+00	   -6.6062000000e-02	    1.1319000000e+01	    1.1337000000e+01	    4.9374664410e-01
        1.5831000000	    2.9200000000e+00	   -5.5414000000e-02	    1.1206000000e+01	    1.1220000000e+01	    4.9448975554e-01
        1.5947000000	    2.9245000000e+00	   -4.5010000000e-02	    1.1094000000e+01	    1.1104000000e+01	    4.9523471472e-01
        1.6062000000	    2.9290000000e+00	   -3.4579000000e-02	    1.0983000000e+01	    1.0990000000e+01	    4.9598156494e-01
        1.6176000000	    2.9334000000e+00	   -2.2723000000e-02	    1.0873000000e+01	    1.0876000000e+01	    4.9672874603e-01
        1.6290000000	    2.9380000000e+00	   -1.1333000000e-02	    1.0765000000e+01	    1.0763000000e+01	    4.9747776294e-01
        1.6402000000	    2.9425000000e+00	    2.8067000000e-03	    1.0657000000e+01	    1.0651000000e+01	    4.9822703268e-01
        1.6512000000	    2.9470000000e+00	    1.5825000000e-02	    1.0551000000e+01	    1.0540000000e+01	    4.9897651071e-01
        1.6622000000	    2.9516000000e+00	    3.0638000000e-02	    1.0445000000e+01	    1.0430000000e+01	    4.9972779001e-01
        1.6731000000	    2.9561000000e+00	    4.6321000000e-02	    1.0341000000e+01	    1.0320000000e+01	    5.0048087934e-01
        1.6839000000	    2.9607000000e+00	    6.2118000000e-02	    1.0238000000e+01	    1.0212000000e+01	    5.0123257342e-01
        1.6945000000	    2.9653000000e+00	    7.9275000000e-02	    1.0136000000e+01	    1.0104000000e+01	    5.0198757637e-01
        1.7050000000	    2.9699000000e+00	    9.5855000000e-02	    1.0035000000e+01	    9.9973000000e+00	    5.0274267660e-01
        1.7154000000	    2.9746000000e+00	    1.1412000000e-01	    9.9349000000e+00	    9.8911000000e+00	    5.0350105967e-01
        1.7257000000	    2.9792000000e+00	    1.3262000000e-01	    9.8357000000e+00	    9.7858000000e+00	    5.0425957642e-01
        1.7358000000	    2.9839000000e+00	    1.5019000000e-01	    9.7374000000e+00	    9.6816000000e+00	    5.0502142260e-01
        1.7458000000	    2.9886000000e+00	    1.6908000000e-01	    9.6398000000e+00	    9.5778000000e+00	    5.0578658624e-01
        1.7557000000	    2.9934000000e+00	    1.8846000000e-01	    9.5429000000e+00	    9.4746000000e+00	    5.0655505537e-01
        1.7655000000	    2.9982000000e+00	    2.0733000000e-01	    9.4467000000e+00	    9.3722000000e+00	    5.0732681843e-01
        1.7751000000	    3.0030000000e+00	    2.2627000000e-01	    9.3511000000e+00	    9.2703000000e+00	    5.0810357945e-01
        1.7845000000	    3.0079000000e+00	    2.4492000000e-01	    9.2559000000e+00	    9.1691000000e+00	    5.0888540113e-01
        1.7939000000	    3.0128000000e+00	    2.6428000000e-01	    9.1611000000e+00	    9.0680000000e+00	    5.0967396281e-01
        1.8031000000	    3.0178000000e+00	    2.8234000000e-01	    9.0666000000e+00	    8.9677000000e+00	    5.1047097276e-01
        1.8121000000	    3.0229000000e+00	    3.0166000000e-01	    8.9721000000e+00	    8.8670000000e+00	    5.1127481186e-01
        1.8210000000	    3.0280000000e+00	    3.1739000000e-01	    8.8777000000e+00	    8.7676000000e+00	    5.1209059462e-01
        1.8298000000	    3.0332000000e+00	    3.3232000000e-01	    8.7831000000e+00	    8.6683000000e+00	    5.1291681877e-01
        1.8384000000	    3.0385000000e+00	    3.4573000000e-01	    8.6882000000e+00	    8.5691000000e+00	    5.1375697688e-01
        1.8468000000	    3.0440000000e+00	    3.5791000000e-01	    8.5925000000e+00	    8.4696000000e+00	    5.1461461352e-01
        1.8551000000	    3.0496000000e+00	    3.6827000000e-01	    8.4958000000e+00	    8.3698000000e+00	    5.1549162027e-01
        1.8633000000	    3.0553000000e+00	    3.7210000000e-01	    8.3979000000e+00	    8.2709000000e+00	    5.1639338199e-01
        1.8713000000	    3.0613000000e+00	    3.7210000000e-01	    8.2983000000e+00	    8.1715000000e+00	    5.1732375493e-01
        1.8791000000	    3.0675000000e+00	    3.6750000000e-01	    8.1964000000e+00	    8.0714000000e+00	    5.1828659970e-01
        1.8867000000	    3.0740000000e+00	    3.5799000000e-01	    8.0918000000e+00	    7.9701000000e+00	    5.1929108054e-01
        1.8942000000	    3.0808000000e+00	    3.3955000000e-01	    7.9838000000e+00	    7.8683000000e+00	    5.2034479741e-01
        1.9015000000	    3.0880000000e+00	    3.0957000000e-01	    7.8716000000e+00	    7.7661000000e+00	    5.2145558127e-01
        1.9087000000	    3.0957000000e+00	    2.6548000000e-01	    7.7544000000e+00	    7.6634000000e+00	    5.2263690327e-01
        1.9157000000	    3.1040000000e+00	    2.0774000000e-01	    7.6308000000e+00	    7.5587000000e+00	    5.2390425362e-01
        1.9225000000	    3.1131000000e+00	    1.3267000000e-01	    7.4996000000e+00	    7.4518000000e+00	    5.2527716631e-01
        1.9291000000	    3.1230000000e+00	    3.6804000000e-02	    7.3592000000e+00	    7.3422000000e+00	    5.2677411108e-01
        1.9355000000	    3.1340000000e+00	   -8.8134000000e-02	    7.2078000000e+00	    7.2308000000e+00	    5.2842713799e-01
        1.9418000000	    3.1463000000e+00	   -2.4568000000e-01	    7.0433000000e+00	    7.1164000000e+00	    5.3026386041e-01
        1.9479000000	    3.1601000000e+00	   -4.4314000000e-01	    6.8638000000e+00	    6.9992000000e+00	    5.3232656819e-01
        1.9537000000	    3.1759000000e+00	   -6.8748000000e-01	    6.6671000000e+00	    6.8791000000e+00	    5.3465362062e-01
        1.9594000000	    3.1939000000e+00	   -9.8378000000e-01	    6.4515000000e+00	    6.7554000000e+00	    5.3729325083e-01
        1.9650000000	    3.2145000000e+00	   -1.3378000000e+00	    6.2159000000e+00	    6.6285000000e+00	    5.4028932881e-01
        1.9703000000	    3.2382000000e+00	   -1.7509000000e+00	    5.9603000000e+00	    6.4981000000e+00	    5.4368305169e-01
        1.9754000000	    3.2652000000e+00	   -2.2218000000e+00	    5.6861000000e+00	    6.3643000000e+00	    5.4750707379e-01
        1.9803000000	    3.2958000000e+00	   -2.7490000000e+00	    5.3958000000e+00	    6.2284000000e+00	    5.5178332661e-01
        1.9850000000	    3.3303000000e+00	   -3.3250000000e+00	    5.0934000000e+00	    6.0910000000e+00	    5.5652019522e-01
        1.9896000000	    3.3690000000e+00	   -3.9445000000e+00	    4.7832000000e+00	    5.9537000000e+00	    5.6171714191e-01
        1.9939000000	    3.4120000000e+00	   -4.5998000000e+00	    4.4695000000e+00	    5.8175000000e+00	    5.6737109784e-01
        1.9980000000	    3.4596000000e+00	   -5.2925000000e+00	    4.1558000000e+00	    5.6856000000e+00	    5.7348087350e-01
