        0.0008123200	    1.1085000000e+00	    2.1972000000e+01	    3.2174000000e+02	    3.0192000000e+02	    4.4807015269e-01
        0.0024603000	    1.1209000000e+00	    1.9822000000e+01	    3.1743000000e+02	    2.9974000000e+02	    4.4983315050e-01
        0.0041548000	    1.1327000000e+00	    1.7847000000e+01	    3.1338000000e+02	    2.9762000000e+02	    4.5150667031e-01
        0.0058955000	    1.1438000000e+00	    1.6032000000e+01	    3.0958000000e+02	    2.9557000000e+02	    4.5309342265e-01
        0.0076824000	    1.1547000000e+00	    1.4391000000e+01	    3.0603000000e+02	    2.9357000000e+02	    4.5459640903e-01
        0.0095151000	    1.1650000000e+00	    1.2888000000e+01	    3.0271000000e+02	    2.9165000000e+02	    4.5601841923e-01
        0.0113930000	    1.1746000000e+00	    1.1512000000e+01	    2.9960000000e+02	    2.8980000000e+02	    4.5736213444e-01
        0.0133170000	    1.1837000000e+00	    1.0256000000e+01	    2.9670000000e+02	    2.8804000000e+02	    4.5862684016e-01
        0.0152860000	    1.1926000000e+00	    9.1354000000e+00	    2.9399000000e+02	    2.8633000000e+02	    4.5981908538e-01
        0.0173000000	    1.2009000000e+00	    8.1223000000e+00	    2.9146000000e+02	    2.8470000000e+02	    4.6094571919e-01
        0.0193580000	    1.2088000000e+00	    7.2017000000e+00	    2.8910000000e+02	    2.8314000000e+02	    4.6200294672e-01
        0.0214610000	    1.2162000000e+00	    6.3667000000e+00	    2.8689000000e+02	    2.8165000000e+02	    4.6299764291e-01
        0.0236080000	    1.2231000000e+00	    5.6222000000e+00	    2.8482000000e+02	    2.8022000000e+02	    4.6393672031e-01
        0.0258000000	    1.2297000000e+00	    4.9562000000e+00	    2.8288000000e+02	    2.7885000000e+02	    4.6482355167e-01
        0.0280350000	    1.2361000000e+00	    4.3690000000e+00	    2.8106000000e+02	    2.7753000000e+02	    4.6566150047e-01
        0.0303130000	    1.2421000000e+00	    3.8475000000e+00	    2.7936000000e+02	    2.7626000000e+02	    4.6645033784e-01
        0.0326350000	    1.2479000000e+00	    3.3833000000e+00	    2.7775000000e+02	    2.7503000000e+02	    4.6720063822e-01
        0.0350000000	    1.2533000000e+00	    2.9701000000e+00	    2.7623000000e+02	    2.7386000000e+02	    4.6790865557e-01
        0.0374080000	    1.2584000000e+00	    2.6052000000e+00	    2.7480000000e+02	    2.7272000000e+02	    4.6858503842e-01
        0.0398590000	    1.2633000000e+00	    2.2797000000e+00	    2.7344000000e+02	    2.7163000000e+02	    4.6922607596e-01
        0.0423520000	    1.2680000000e+00	    1.9903000000e+00	    2.7215000000e+02	    2.7057000000e+02	    4.6983887037e-01
        0.0448870000	    1.2725000000e+00	    1.7384000000e+00	    2.7092000000e+02	    2.6955000000e+02	    4.7042694682e-01
        0.0474650000	    1.2768000000e+00	    1.5156000000e+00	    2.6974000000e+02	    2.6855000000e+02	    4.7098662443e-01
        0.0500840000	    1.2811000000e+00	    1.3244000000e+00	    2.6862000000e+02	    2.6758000000e+02	    4.7152869404e-01
        0.0527440000	    1.2852000000e+00	    1.1584000000e+00	    2.6754000000e+02	    2.6664000000e+02	    4.7204949758e-01
        0.0554460000	    1.2891000000e+00	    1.0090000000e+00	    2.6650000000e+02	    2.6572000000e+02	    4.7255260348e-01
        0.0581890000	    1.2929000000e+00	    8.7760000000e-01	    2.6550000000e+02	    2.6482000000e+02	    4.7303796957e-01
        0.0609730000	    1.2967000000e+00	    7.6938000000e-01	    2.6453000000e+02	    2.6393000000e+02	    4.7351280738e-01
        0.0637970000	    1.3003000000e+00	    6.6737000000e-01	    2.6359000000e+02	    2.6307000000e+02	    4.7397346442e-01
        0.0666620000	    1.3038000000e+00	    5.7685000000e-01	    2.6268000000e+02	    2.6223000000e+02	    4.7441991013e-01
        0.0695670000	    1.3072000000e+00	    4.9923000000e-01	    2.6179000000e+02	    2.6140000000e+02	    4.7485938135e-01
        0.0725120000	    1.3106000000e+00	    4.3193000000e-01	    2.6092000000e+02	    2.6059000000e+02	    4.7528822779e-01
        0.0754970000	    1.3139000000e+00	    3.7357000000e-01	    2.6007000000e+02	    2.5979000000e+02	    4.7570642824e-01
        0.0785210000	    1.3172000000e+00	    3.1787000000e-01	    2.5924000000e+02	    2.5900000000e+02	    4.7612124170e-01
        0.0815840000	    1.3204000000e+00	    2.6906000000e-01	    2.5843000000e+02	    2.5822000000e+02	    4.7652537705e-01
        0.0846870000	    1.3236000000e+00	    2.3265000000e-01	    2.5763000000e+02	    2.5745000000e+02	    4.7692610268e-01
        0.0878280000	    1.3267000000e+00	    1.9919000000e-01	    2.5685000000e+02	    2.5669000000e+02	    4.7731976990e-01
        0.0910080000	    1.3298000000e+00	    1.6700000000e-01	    2.5607000000e+02	    2.5594000000e+02	    4.7771001612e-01
        0.0942260000	    1.3329000000e+00	    1.3604000000e-01	    2.5531000000e+02	    2.5520000000e+02	    4.7809318463e-01
        0.0974820000	    1.3360000000e+00	    1.1217000000e-01	    2.5456000000e+02	    2.5447000000e+02	    4.7847291523e-01
        0.1007800000	    1.3391000000e+00	    8.9715000000e-02	    2.5382000000e+02	    2.5375000000e+02	    4.7884920167e-01
        0.1041100000	    1.3421000000e+00	    6.9471000000e-02	    2.5308000000e+02	    2.5303000000e+02	    4.7922203776e-01
        0.1074800000	    1.3451000000e+00	    4.9591000000e-02	    2.5236000000e+02	    2.5232000000e+02	    4.7959507559e-01
        0.1108800000	    1.3480000000e+00	    3.0780000000e-02	    2.5164000000e+02	    2.5161000000e+02	    4.7996099463e-01
        0.1143300000	    1.3510000000e+00	    1.7043000000e-02	    2.5093000000e+02	    2.5091000000e+02	    4.8032344516e-01
        0.1178100000	    1.3539000000e+00	    5.8326000000e-03	    2.5023000000e+02	    2.5022000000e+02	    4.8068608524e-01
        0.1213200000	    1.3568000000e+00	   -8.7308000000e-03	    2.4953000000e+02	    2.4953000000e+02	    4.8104524881e-01
        0.1248800000	    1.3597000000e+00	   -2.3194000000e-02	    2.4884000000e+02	    2.4885000000e+02	    4.8140459781e-01
        0.1284700000	    1.3626000000e+00	   -3.3283000000e-02	    2.4815000000e+02	    2.4817000000e+02	    4.8176046241e-01
        0.1320900000	    1.3655000000e+00	   -3.9738000000e-02	    2.4747000000e+02	    2.4750000000e+02	    4.8211283685e-01
        0.1357500000	    1.3684000000e+00	   -4.8262000000e-02	    2.4679000000e+02	    2.4682000000e+02	    4.8246538877e-01
        0.1394500000	    1.3712000000e+00	   -5.8509000000e-02	    2.4612000000e+02	    2.4616000000e+02	    4.8281811800e-01
        0.1431800000	    1.3741000000e+00	   -6.5705000000e-02	    2.4545000000e+02	    2.4550000000e+02	    4.8316735012e-01
        0.1469500000	    1.3770000000e+00	   -6.9757000000e-02	    2.4479000000e+02	    2.4483000000e+02	    4.8351676753e-01
        0.1507500000	    1.3798000000e+00	   -7.0806000000e-02	    2.4413000000e+02	    2.4417000000e+02	    4.8386636921e-01
        0.1545800000	    1.3827000000e+00	   -7.5848000000e-02	    2.4347000000e+02	    2.4352000000e+02	    4.8421247029e-01
        0.1584500000	    1.3856000000e+00	   -7.9783000000e-02	    2.4282000000e+02	    2.4287000000e+02	    4.8455874787e-01
        0.1623600000	    1.3884000000e+00	   -8.4818000000e-02	    2.4217000000e+02	    2.4222000000e+02	    4.8490151346e-01
        0.1662900000	    1.3913000000e+00	   -8.5266000000e-02	    2.4152000000e+02	    2.4157000000e+02	    4.8524813644e-01
        0.1702700000	    1.3942000000e+00	   -8.5910000000e-02	    2.4087000000e+02	    2.4093000000e+02	    4.8559123996e-01
        0.1742700000	    1.3970000000e+00	   -9.1034000000e-02	    2.4023000000e+02	    2.4029000000e+02	    4.8593450872e-01
        0.1783100000	    1.3999000000e+00	   -9.2921000000e-02	    2.3959000000e+02	    2.3965000000e+02	    4.8627794083e-01
        0.1823800000	    1.4027000000e+00	   -9.4163000000e-02	    2.3896000000e+02	    2.3902000000e+02	    4.8661783903e-01
        0.1864800000	    1.4056000000e+00	   -9.2465000000e-02	    2.3832000000e+02	    2.3838000000e+02	    4.8695789343e-01
        0.1906200000	    1.4084000000e+00	   -9.4866000000e-02	    2.3769000000e+02	    2.3775000000e+02	    4.8730180100e-01
        0.1947800000	    1.4113000000e+00	   -9.5823000000e-02	    2.3706000000e+02	    2.3712000000e+02	    4.8764216404e-01
        0.1989800000	    1.4141000000e+00	   -9.9191000000e-02	    2.3643000000e+02	    2.3650000000e+02	    4.8797897579e-01
        0.2032200000	    1.4170000000e+00	   -9.4648000000e-02	    2.3581000000e+02	    2.3587000000e+02	    4.8831963690e-01
        0.2074800000	    1.4198000000e+00	   -9.6946000000e-02	    2.3519000000e+02	    2.3525000000e+02	    4.8866044514e-01
        0.2117700000	    1.4227000000e+00	   -9.9495000000e-02	    2.3457000000e+02	    2.3463000000e+02	    4.8899769191e-01
        0.2161000000	    1.4255000000e+00	   -9.7960000000e-02	    2.3395000000e+02	    2.3401000000e+02	    4.8933878660e-01
        0.2204600000	    1.4284000000e+00	   -9.5537000000e-02	    2.3333000000e+02	    2.3339000000e+02	    4.8967631207e-01
        0.2248400000	    1.4313000000e+00	   -9.4196000000e-02	    2.3271000000e+02	    2.3277000000e+02	    4.9001768902e-01
        0.2292600000	    1.4342000000e+00	   -9.1385000000e-02	    2.3210000000e+02	    2.3215000000e+02	    4.9035549889e-01
        0.2337100000	    1.4371000000e+00	   -9.4976000000e-02	    2.3148000000e+02	    2.3154000000e+02	    4.9069345422e-01
        0.2381900000	    1.4399000000e+00	   -9.3659000000e-02	    2.3087000000e+02	    2.3093000000e+02	    4.9103527394e-01
        0.2426900000	    1.4428000000e+00	   -8.8329000000e-02	    2.3026000000e+02	    2.3031000000e+02	    4.9137352990e-01
        0.2472300000	    1.4457000000e+00	   -8.7221000000e-02	    2.2965000000e+02	    2.2970000000e+02	    4.9171193938e-01
        0.2518000000	    1.4486000000e+00	   -8.5624000000e-02	    2.2905000000e+02	    2.2910000000e+02	    4.9205050508e-01
        0.2563900000	    1.4516000000e+00	   -8.5557000000e-02	    2.2844000000e+02	    2.2849000000e+02	    4.9238922966e-01
        0.2610200000	    1.4545000000e+00	   -8.3761000000e-02	    2.2783000000e+02	    2.2788000000e+02	    4.9272811582e-01
        0.2656700000	    1.4574000000e+00	   -8.0327000000e-02	    2.2723000000e+02	    2.2728000000e+02	    4.9307089299e-01
        0.2703500000	    1.4603000000e+00	   -8.0647000000e-02	    2.2663000000e+02	    2.2667000000e+02	    4.9341011219e-01
        0.2750600000	    1.4632000000e+00	   -7.9331000000e-02	    2.2603000000e+02	    2.2607000000e+02	    4.9374950103e-01
        0.2798000000	    1.4662000000e+00	   -7.9011000000e-02	    2.2542000000e+02	    2.2547000000e+02	    4.9408906220e-01
        0.2845600000	    1.4691000000e+00	   -7.3352000000e-02	    2.2483000000e+02	    2.2487000000e+02	    4.9442879838e-01
        0.2893500000	    1.4721000000e+00	   -7.3768000000e-02	    2.2423000000e+02	    2.2427000000e+02	    4.9477244856e-01
        0.2941700000	    1.4750000000e+00	   -7.2194000000e-02	    2.2363000000e+02	    2.2367000000e+02	    4.9511254479e-01
        0.2990200000	    1.4780000000e+00	   -6.9345000000e-02	    2.2303000000e+02	    2.2307000000e+02	    4.9545282405e-01
        0.3038900000	    1.4810000000e+00	   -6.6661000000e-02	    2.2243000000e+02	    2.2247000000e+02	    4.9579702917e-01
        0.3087900000	    1.4840000000e+00	   -6.4807000000e-02	    2.2184000000e+02	    2.2187000000e+02	    4.9613767512e-01
        0.3137200000	    1.4870000000e+00	   -6.1401000000e-02	    2.2124000000e+02	    2.2128000000e+02	    4.9648224613e-01
        0.3186700000	    1.4900000000e+00	   -6.2668000000e-02	    2.2065000000e+02	    2.2068000000e+02	    4.9682699728e-01
        0.3236500000	    1.4930000000e+00	   -6.0122000000e-02	    2.2006000000e+02	    2.2009000000e+02	    4.9717192606e-01
        0.3286500000	    1.4960000000e+00	   -5.5699000000e-02	    2.1946000000e+02	    2.1949000000e+02	    4.9751327785e-01
        0.3336800000	    1.4990000000e+00	   -5.4434000000e-02	    2.1887000000e+02	    2.1890000000e+02	    4.9785855239e-01
        0.3387400000	    1.5021000000e+00	   -5.3133000000e-02	    2.1828000000e+02	    2.1830000000e+02	    4.9820399697e-01
        0.3438200000	    1.5051000000e+00	   -5.1871000000e-02	    2.1769000000e+02	    2.1771000000e+02	    4.9855336661e-01
        0.3489200000	    1.5082000000e+00	   -4.8168000000e-02	    2.1710000000e+02	    2.1712000000e+02	    4.9889914543e-01
        0.3540500000	    1.5113000000e+00	   -4.5025000000e-02	    2.1651000000e+02	    2.1653000000e+02	    4.9924508665e-01
        0.3592000000	    1.5144000000e+00	   -4.3985000000e-02	    2.1592000000e+02	    2.1594000000e+02	    4.9959495058e-01
        0.3643800000	    1.5174000000e+00	   -4.4539000000e-02	    2.1533000000e+02	    2.1535000000e+02	    4.9994121070e-01
        0.3695800000	    1.5205000000e+00	   -4.1819000000e-02	    2.1474000000e+02	    2.1476000000e+02	    5.0029139180e-01
        0.3748000000	    1.5237000000e+00	   -4.0097000000e-02	    2.1415000000e+02	    2.1417000000e+02	    5.0064172844e-01
        0.3800500000	    1.5268000000e+00	   -3.7301000000e-02	    2.1356000000e+02	    2.1358000000e+02	    5.0099221798e-01
        0.3853200000	    1.5299000000e+00	   -3.8408000000e-02	    2.1297000000e+02	    2.1299000000e+02	    5.0134285782e-01
        0.3906200000	    1.5331000000e+00	   -3.6717000000e-02	    2.1239000000e+02	    2.1240000000e+02	    5.0169741946e-01
        0.3959300000	    1.5362000000e+00	   -3.3816000000e-02	    2.1180000000e+02	    2.1181000000e+02	    5.0204837190e-01
        0.4012700000	    1.5394000000e+00	   -3.0090000000e-02	    2.1121000000e+02	    2.1122000000e+02	    5.0240326593e-01
        0.4066300000	    1.5426000000e+00	   -3.1322000000e-02	    2.1062000000e+02	    2.1063000000e+02	    5.0275832827e-01
        0.4120200000	    1.5458000000e+00	   -2.9552000000e-02	    2.1004000000e+02	    2.1005000000e+02	    5.0310977847e-01
        0.4174200000	    1.5490000000e+00	   -3.0445000000e-02	    2.0945000000e+02	    2.0946000000e+02	    5.0346517413e-01
        0.4228500000	    1.5522000000e+00	   -2.5402000000e-02	    2.0886000000e+02	    2.0887000000e+02	    5.0382452008e-01
        0.4282900000	    1.5555000000e+00	   -2.4010000000e-02	    2.0828000000e+02	    2.0828000000e+02	    5.0418025062e-01
        0.4337600000	    1.5587000000e+00	   -2.4483000000e-02	    2.0769000000e+02	    2.0770000000e+02	    5.0453993399e-01
        0.4392500000	    1.5620000000e+00	   -2.3917000000e-02	    2.0711000000e+02	    2.0711000000e+02	    5.0489599739e-01
        0.4447600000	    1.5652000000e+00	   -2.1916000000e-02	    2.0652000000e+02	    2.0653000000e+02	    5.0525601614e-01
        0.4503000000	    1.5685000000e+00	   -1.9651000000e-02	    2.0594000000e+02	    2.0594000000e+02	    5.0561620269e-01
        0.4558500000	    1.5718000000e+00	   -1.9542000000e-02	    2.0535000000e+02	    2.0535000000e+02	    5.0597655654e-01
        0.4614200000	    1.5751000000e+00	   -2.1262000000e-02	    2.0477000000e+02	    2.0477000000e+02	    5.0634087299e-01
        0.4670100000	    1.5784000000e+00	   -1.8492000000e-02	    2.0418000000e+02	    2.0419000000e+02	    5.0670156162e-01
        0.4726200000	    1.5817000000e+00	   -1.9975000000e-02	    2.0360000000e+02	    2.0360000000e+02	    5.0706621532e-01
        0.4782500000	    1.5851000000e+00	   -1.6742000000e-02	    2.0302000000e+02	    2.0302000000e+02	    5.0743103774e-01
        0.4839000000	    1.5885000000e+00	   -1.7738000000e-02	    2.0243000000e+02	    2.0243000000e+02	    5.0779602834e-01
        0.4895600000	    1.5918000000e+00	   -1.7776000000e-02	    2.0185000000e+02	    2.0185000000e+02	    5.0816118510e-01
        0.4952500000	    1.5952000000e+00	   -1.5303000000e-02	    2.0126000000e+02	    2.0126000000e+02	    5.0853031164e-01
        0.5009600000	    1.5986000000e+00	   -1.4565000000e-02	    2.0068000000e+02	    2.0068000000e+02	    5.0889960674e-01
        0.5066800000	    1.6021000000e+00	   -1.3295000000e-02	    2.0010000000e+02	    2.0010000000e+02	    5.0926526236e-01
        0.5124200000	    1.6055000000e+00	   -1.4538000000e-02	    1.9951000000e+02	    1.9951000000e+02	    5.0963489812e-01
        0.5181800000	    1.6089000000e+00	   -1.4088000000e-02	    1.9893000000e+02	    1.9893000000e+02	    5.1000852113e-01
        0.5239500000	    1.6124000000e+00	   -1.0723000000e-02	    1.9835000000e+02	    1.9834000000e+02	    5.1037850823e-01
        0.5297500000	    1.6159000000e+00	   -1.1992000000e-02	    1.9776000000e+02	    1.9776000000e+02	    5.1075248985e-01
        0.5355600000	    1.6194000000e+00	   -1.2318000000e-02	    1.9718000000e+02	    1.9718000000e+02	    5.1112665445e-01
        0.5413800000	    1.6229000000e+00	   -1.0771000000e-02	    1.9660000000e+02	    1.9659000000e+02	    5.1150100384e-01
        0.5472300000	    1.6264000000e+00	   -1.3437000000e-02	    1.9602000000e+02	    1.9601000000e+02	    5.1187553989e-01
        0.5530900000	    1.6299000000e+00	   -9.3809000000e-03	    1.9543000000e+02	    1.9543000000e+02	    5.1225026441e-01
        0.5589600000	    1.6335000000e+00	   -1.2458000000e-02	    1.9485000000e+02	    1.9485000000e+02	    5.1262900590e-01
        0.5648500000	    1.6370000000e+00	   -1.1672000000e-02	    1.9427000000e+02	    1.9427000000e+02	    5.1300794351e-01
        0.5707600000	    1.6406000000e+00	   -1.1632000000e-02	    1.9369000000e+02	    1.9368000000e+02	    5.1338707913e-01
        0.5766800000	    1.6442000000e+00	   -1.1775000000e-02	    1.9310000000e+02	    1.9310000000e+02	    5.1376641464e-01
        0.5826200000	    1.6478000000e+00	   -9.5752000000e-03	    1.9252000000e+02	    1.9252000000e+02	    5.1414978670e-01
        0.5885800000	    1.6515000000e+00	   -1.1786000000e-02	    1.9194000000e+02	    1.9193000000e+02	    5.1453337195e-01
        0.5945400000	    1.6551000000e+00	   -9.9658000000e-03	    1.9136000000e+02	    1.9135000000e+02	    5.1491718133e-01
        0.6005300000	    1.6588000000e+00	   -1.0396000000e-02	    1.9077000000e+02	    1.9077000000e+02	    5.1530121015e-01
        0.6065200000	    1.6625000000e+00	   -9.7041000000e-03	    1.9019000000e+02	    1.9018000000e+02	    5.1568929657e-01
        0.6125300000	    1.6662000000e+00	   -8.4733000000e-03	    1.8961000000e+02	    1.8960000000e+02	    5.1607375033e-01
        0.6185600000	    1.6699000000e+00	   -9.0602000000e-03	    1.8902000000e+02	    1.8902000000e+02	    5.1646225507e-01
        0.6246000000	    1.6737000000e+00	   -1.0057000000e-02	    1.8844000000e+02	    1.8844000000e+02	    5.1685481136e-01
        0.6306500000	    1.6774000000e+00	   -8.4695000000e-03	    1.8786000000e+02	    1.8785000000e+02	    5.1724371650e-01
        0.6367100000	    1.6812000000e+00	   -9.5571000000e-03	    1.8727000000e+02	    1.8727000000e+02	    5.1763666596e-01
        0.6427900000	    1.6850000000e+00	   -9.2229000000e-03	    1.8669000000e+02	    1.8669000000e+02	    5.1802980452e-01
        0.6488800000	    1.6888000000e+00	   -9.5432000000e-03	    1.8611000000e+02	    1.8610000000e+02	    5.1842312651e-01
        0.6549800000	    1.6926000000e+00	   -1.2720000000e-02	    1.8552000000e+02	    1.8552000000e+02	    5.1882048499e-01
        0.6611000000	    1.6964000000e+00	   -1.0386000000e-02	    1.8494000000e+02	    1.8494000000e+02	    5.1921801893e-01
        0.6672200000	    1.7003000000e+00	   -1.0491000000e-02	    1.8436000000e+02	    1.8435000000e+02	    5.1961572250e-01
        0.6733600000	    1.7042000000e+00	   -1.2163000000e-02	    1.8377000000e+02	    1.8377000000e+02	    5.2001358989e-01
        0.6795100000	    1.7081000000e+00	   -1.3970000000e-02	    1.8319000000e+02	    1.8318000000e+02	    5.2041548034e-01
        0.6856800000	    1.7120000000e+00	   -1.1384000000e-02	    1.8260000000e+02	    1.8260000000e+02	    5.2081752677e-01
        0.6918500000	    1.7160000000e+00	   -1.4391000000e-02	    1.8202000000e+02	    1.8202000000e+02	    5.2121973547e-01
        0.6980300000	    1.7199000000e+00	   -1.3190000000e-02	    1.8143000000e+02	    1.8143000000e+02	    5.2162211231e-01
        0.7042300000	    1.7239000000e+00	   -1.7057000000e-02	    1.8085000000e+02	    1.8085000000e+02	    5.2202853300e-01
        0.7104300000	    1.7279000000e+00	   -1.8202000000e-02	    1.8026000000e+02	    1.8026000000e+02	    5.2243513370e-01
        0.7166500000	    1.7320000000e+00	   -1.5462000000e-02	    1.7968000000e+02	    1.7968000000e+02	    5.2284191871e-01
        0.7228700000	    1.7360000000e+00	   -1.6425000000e-02	    1.7909000000e+02	    1.7909000000e+02	    5.2325276922e-01
        0.7291100000	    1.7401000000e+00	   -1.9519000000e-02	    1.7851000000e+02	    1.7851000000e+02	    5.2366381643e-01
        0.7353500000	    1.7442000000e+00	   -2.2603000000e-02	    1.7792000000e+02	    1.7792000000e+02	    5.2407506478e-01
        0.7416100000	    1.7483000000e+00	   -2.3014000000e-02	    1.7734000000e+02	    1.7734000000e+02	    5.2449040135e-01
        0.7478700000	    1.7524000000e+00	   -2.2302000000e-02	    1.7675000000e+02	    1.7675000000e+02	    5.2490595199e-01
        0.7541400000	    1.7566000000e+00	   -2.4409000000e-02	    1.7616000000e+02	    1.7617000000e+02	    5.2532172126e-01
        0.7604200000	    1.7607000000e+00	   -2.7888000000e-02	    1.7558000000e+02	    1.7558000000e+02	    5.2573771375e-01
        0.7667100000	    1.7649000000e+00	   -2.6479000000e-02	    1.7499000000e+02	    1.7499000000e+02	    5.2615782501e-01
        0.7730100000	    1.7691000000e+00	   -2.8998000000e-02	    1.7440000000e+02	    1.7441000000e+02	    5.2657817304e-01
        0.7793100000	    1.7734000000e+00	   -3.1120000000e-02	    1.7382000000e+02	    1.7382000000e+02	    5.2699876254e-01
        0.7856200000	    1.7776000000e+00	   -3.2494000000e-02	    1.7323000000e+02	    1.7324000000e+02	    5.2741959007e-01
        0.7919400000	    1.7819000000e+00	   -3.4907000000e-02	    1.7264000000e+02	    1.7265000000e+02	    5.2784453416e-01
        0.7982700000	    1.7862000000e+00	   -3.3402000000e-02	    1.7206000000e+02	    1.7206000000e+02	    5.2827360156e-01
        0.8046000000	    1.7906000000e+00	   -3.6958000000e-02	    1.7147000000e+02	    1.7148000000e+02	    5.2869899333e-01
        0.8109500000	    1.7949000000e+00	   -3.6164000000e-02	    1.7088000000e+02	    1.7089000000e+02	    5.2912851718e-01
        0.8172900000	    1.7993000000e+00	   -3.8636000000e-02	    1.7029000000e+02	    1.7030000000e+02	    5.2955827381e-01
        0.8236500000	    1.8037000000e+00	   -4.1565000000e-02	    1.6971000000e+02	    1.6972000000e+02	    5.2998826557e-01
        0.8300100000	    1.8081000000e+00	   -4.0773000000e-02	    1.6912000000e+02	    1.6913000000e+02	    5.3042240711e-01
        0.8363700000	    1.8126000000e+00	   -4.2176000000e-02	    1.6853000000e+02	    1.6854000000e+02	    5.3085679289e-01
        0.8427500000	    1.8170000000e+00	   -4.5627000000e-02	    1.6794000000e+02	    1.6796000000e+02	    5.3129142534e-01
        0.8491200000	    1.8215000000e+00	   -4.7610000000e-02	    1.6736000000e+02	    1.6737000000e+02	    5.3172630687e-01
        0.8555100000	    1.8260000000e+00	   -4.7700000000e-02	    1.6677000000e+02	    1.6678000000e+02	    5.3216536117e-01
        0.8618900000	    1.8306000000e+00	   -4.8616000000e-02	    1.6618000000e+02	    1.6620000000e+02	    5.3260467402e-01
        0.8682800000	    1.8351000000e+00	   -4.9980000000e-02	    1.6559000000e+02	    1.6561000000e+02	    5.3304817383e-01
        0.8746800000	    1.8397000000e+00	   -5.3083000000e-02	    1.6501000000e+02	    1.6502000000e+02	    5.3349194190e-01
        0.8810800000	    1.8443000000e+00	   -5.3208000000e-02	    1.6442000000e+02	    1.6444000000e+02	    5.3393598157e-01
        0.8874900000	    1.8490000000e+00	   -5.5271000000e-02	    1.6383000000e+02	    1.6385000000e+02	    5.3438029562e-01
        0.8939000000	    1.8537000000e+00	   -5.2181000000e-02	    1.6324000000e+02	    1.6326000000e+02	    5.3482881690e-01
        0.9003100000	    1.8584000000e+00	   -5.7612000000e-02	    1.6265000000e+02	    1.6267000000e+02	    5.3527761143e-01
        0.9067300000	    1.8631000000e+00	   -5.9048000000e-02	    1.6206000000e+02	    1.6208000000e+02	    5.3573061637e-01
        0.9131400000	    1.8678000000e+00	   -5.8631000000e-02	    1.6148000000e+02	    1.6150000000e+02	    5.3617995014e-01
        0.9195700000	    1.8726000000e+00	   -5.8732000000e-02	    1.6089000000e+02	    1.6091000000e+02	    5.3663743755e-01
        0.9259900000	    1.8774000000e+00	   -6.2010000000e-02	    1.6030000000e+02	    1.6032000000e+02	    5.3709124722e-01
        0.9324200000	    1.8822000000e+00	   -6.2943000000e-02	    1.5971000000e+02	    1.5973000000e+02	    5.3754926814e-01
        0.9388500000	    1.8871000000e+00	   -6.2595000000e-02	    1.5912000000e+02	    1.5914000000e+02	    5.3800755194e-01
        0.9452800000	    1.8919000000e+00	   -6.5484000000e-02	    1.5853000000e+02	    1.5855000000e+02	    5.3847004931e-01
        0.9517100000	    1.8969000000e+00	   -6.3425000000e-02	    1.5794000000e+02	    1.5796000000e+02	    5.3892885092e-01
        0.9581500000	    1.9018000000e+00	   -6.7294000000e-02	    1.5735000000e+02	    1.5738000000e+02	    5.3939582218e-01
        0.9645900000	    1.9068000000e+00	   -7.0297000000e-02	    1.5676000000e+02	    1.5679000000e+02	    5.3985909076e-01
        0.9710200000	    1.9117000000e+00	   -6.9578000000e-02	    1.5617000000e+02	    1.5620000000e+02	    5.4032657336e-01
        0.9774600000	    1.9168000000e+00	   -6.9352000000e-02	    1.5558000000e+02	    1.5561000000e+02	    5.4079434009e-01
        0.9839000000	    1.9218000000e+00	   -7.0987000000e-02	    1.5499000000e+02	    1.5502000000e+02	    5.4126636792e-01
        0.9903400000	    1.9269000000e+00	   -7.3900000000e-02	    1.5440000000e+02	    1.5443000000e+02	    5.4173868732e-01
        0.9967800000	    1.9320000000e+00	   -7.4345000000e-02	    1.5381000000e+02	    1.5384000000e+02	    5.4221129164e-01
        1.0032000000	    1.9372000000e+00	   -7.5836000000e-02	    1.5322000000e+02	    1.5325000000e+02	    5.4268814920e-01
        1.0097000000	    1.9424000000e+00	   -7.5654000000e-02	    1.5263000000e+02	    1.5266000000e+02	    5.4316528288e-01
        1.0161000000	    1.9476000000e+00	   -7.9616000000e-02	    1.5204000000e+02	    1.5207000000e+02	    5.4364666535e-01
        1.0225000000	    1.9528000000e+00	   -7.8968000000e-02	    1.5145000000e+02	    1.5148000000e+02	    5.4412831464e-01
        1.0290000000	    1.9581000000e+00	   -8.3580000000e-02	    1.5086000000e+02	    1.5089000000e+02	    5.4461022374e-01
        1.0354000000	    1.9634000000e+00	   -8.2315000000e-02	    1.5027000000e+02	    1.5030000000e+02	    5.4509637150e-01
        1.0419000000	    1.9687000000e+00	   -8.5502000000e-02	    1.4967000000e+02	    1.4970000000e+02	    5.4558675699e-01
        1.0483000000	    1.9741000000e+00	   -8.7944000000e-02	    1.4908000000e+02	    1.4911000000e+02	    5.4607339922e-01
        1.0547000000	    1.9795000000e+00	   -8.7955000000e-02	    1.4849000000e+02	    1.4852000000e+02	    5.4656826042e-01
        1.0612000000	    1.9849000000e+00	   -9.1183000000e-02	    1.4790000000e+02	    1.4793000000e+02	    5.4705936566e-01
        1.0676000000	    1.9904000000e+00	   -9.1213000000e-02	    1.4730000000e+02	    1.4733000000e+02	    5.4755471432e-01
        1.0740000000	    1.9959000000e+00	   -9.4527000000e-02	    1.4671000000e+02	    1.4674000000e+02	    5.4805431903e-01
        1.0804000000	    2.0015000000e+00	   -9.7825000000e-02	    1.4612000000e+02	    1.4615000000e+02	    5.4855018900e-01
        1.0869000000	    2.0071000000e+00	   -9.9923000000e-02	    1.4552000000e+02	    1.4556000000e+02	    5.4905432721e-01
        1.0933000000	    2.0127000000e+00	   -1.0154000000e-01	    1.4493000000e+02	    1.4496000000e+02	    5.4955473651e-01
        1.0997000000	    2.0183000000e+00	   -1.0377000000e-01	    1.4433000000e+02	    1.4437000000e+02	    5.5006343303e-01
        1.1061000000	    2.0240000000e+00	   -1.0711000000e-01	    1.4374000000e+02	    1.4378000000e+02	    5.5056840663e-01
        1.1125000000	    2.0297000000e+00	   -1.1187000000e-01	    1.4314000000e+02	    1.4318000000e+02	    5.5107767580e-01
        1.1189000000	    2.0355000000e+00	   -1.0969000000e-01	    1.4255000000e+02	    1.4259000000e+02	    5.5159125048e-01
        1.1253000000	    2.0413000000e+00	   -1.1294000000e-01	    1.4195000000e+02	    1.4199000000e+02	    5.5210512496e-01
        1.1317000000	    2.0472000000e+00	   -1.1646000000e-01	    1.4136000000e+02	    1.4140000000e+02	    5.5261930236e-01
        1.1381000000	    2.0530000000e+00	   -1.2057000000e-01	    1.4076000000e+02	    1.4080000000e+02	    5.5313780645e-01
        1.1445000000	    2.0589000000e+00	   -1.2121000000e-01	    1.4016000000e+02	    1.4021000000e+02	    5.5366065625e-01
        1.1509000000	    2.0649000000e+00	   -1.2560000000e-01	    1.3957000000e+02	    1.3961000000e+02	    5.5417999753e-01
        1.1573000000	    2.0709000000e+00	   -1.2661000000e-01	    1.3897000000e+02	    1.3902000000e+02	    5.5470793582e-01
        1.1636000000	    2.0769000000e+00	   -1.3194000000e-01	    1.3838000000e+02	    1.3842000000e+02	    5.5523231083e-01
        1.1700000000	    2.0830000000e+00	   -1.3151000000e-01	    1.3778000000e+02	    1.3782000000e+02	    5.5576111250e-01
        1.1764000000	    2.0891000000e+00	   -1.3446000000e-01	    1.3718000000e+02	    1.3723000000e+02	    5.5629427114e-01
        1.1827000000	    2.0953000000e+00	   -1.3716000000e-01	    1.3658000000e+02	    1.3663000000e+02	    5.5682767185e-01
        1.1891000000	    2.1015000000e+00	   -1.4006000000e-01	    1.3599000000e+02	    1.3604000000e+02	    5.5736527756e-01
        1.1954000000	    2.1077000000e+00	   -1.4606000000e-01	    1.3539000000e+02	    1.3544000000e+02	    5.5790296672e-01
        1.2017000000	    2.1140000000e+00	   -1.4466000000e-01	    1.3479000000e+02	    1.3484000000e+02	    5.5844065785e-01
        1.2081000000	    2.1203000000e+00	   -1.4926000000e-01	    1.3419000000e+02	    1.3425000000e+02	    5.5898231117e-01
        1.2144000000	    2.1267000000e+00	   -1.4985000000e-01	    1.3360000000e+02	    1.3365000000e+02	    5.5952784062e-01
        1.2207000000	    2.1331000000e+00	   -1.5491000000e-01	    1.3300000000e+02	    1.3305000000e+02	    5.6007311840e-01
        1.2270000000	    2.1396000000e+00	   -1.5742000000e-01	    1.3240000000e+02	    1.3245000000e+02	    5.6061749671e-01
        1.2333000000	    2.1461000000e+00	   -1.6023000000e-01	    1.3180000000e+02	    1.3186000000e+02	    5.6116731908e-01
        1.2396000000	    2.1527000000e+00	   -1.6129000000e-01	    1.3120000000e+02	    1.3126000000e+02	    5.6171113497e-01
        1.2459000000	    2.1593000000e+00	   -1.6751000000e-01	    1.3060000000e+02	    1.3066000000e+02	    5.6225776148e-01
        1.2521000000	    2.1660000000e+00	   -1.6913000000e-01	    1.3000000000e+02	    1.3006000000e+02	    5.6280800637e-01
        1.2584000000	    2.1728000000e+00	   -1.7203000000e-01	    1.2940000000e+02	    1.2946000000e+02	    5.6335871927e-01
        1.2646000000	    2.1796000000e+00	   -1.7294000000e-01	    1.2881000000e+02	    1.2886000000e+02	    5.6391475022e-01
        1.2709000000	    2.1865000000e+00	   -1.7513000000e-01	    1.2821000000e+02	    1.2826000000e+02	    5.6447297274e-01
        1.2771000000	    2.1934000000e+00	   -1.8162000000e-01	    1.2761000000e+02	    1.2767000000e+02	    5.6503829940e-01
        1.2834000000	    2.2004000000e+00	   -1.8446000000e-01	    1.2701000000e+02	    1.2707000000e+02	    5.6560760338e-01
        1.2896000000	    2.2075000000e+00	   -1.8644000000e-01	    1.2640000000e+02	    1.2647000000e+02	    5.6618588561e-01
        1.2958000000	    2.2146000000e+00	   -1.8748000000e-01	    1.2580000000e+02	    1.2587000000e+02	    5.6676999419e-01
        1.3020000000	    2.2218000000e+00	   -1.9254000000e-01	    1.2520000000e+02	    1.2527000000e+02	    5.6736474451e-01
        1.3082000000	    2.2291000000e+00	   -1.9722000000e-01	    1.2460000000e+02	    1.2467000000e+02	    5.6796940550e-01
        1.3143000000	    2.2365000000e+00	   -1.9754000000e-01	    1.2400000000e+02	    1.2407000000e+02	    5.6857919264e-01
        1.3205000000	    2.2440000000e+00	   -2.0272000000e-01	    1.2340000000e+02	    1.2346000000e+02	    5.6919787679e-01
        1.3266000000	    2.2515000000e+00	   -2.0487000000e-01	    1.2280000000e+02	    1.2286000000e+02	    5.6982065939e-01
        1.3328000000	    2.2591000000e+00	   -2.1046000000e-01	    1.2219000000e+02	    1.2226000000e+02	    5.7045134933e-01
        1.3389000000	    2.2668000000e+00	   -2.1639000000e-01	    1.2159000000e+02	    1.2166000000e+02	    5.7108945186e-01
        1.3450000000	    2.2745000000e+00	   -2.1891000000e-01	    1.2099000000e+02	    1.2106000000e+02	    5.7173005418e-01
        1.3511000000	    2.2824000000e+00	   -2.2103000000e-01	    1.2038000000e+02	    1.2046000000e+02	    5.7237698744e-01
        1.3572000000	    2.2903000000e+00	   -2.2576000000e-01	    1.1978000000e+02	    1.1985000000e+02	    5.7302969849e-01
        1.3633000000	    2.2983000000e+00	   -2.3056000000e-01	    1.1918000000e+02	    1.1925000000e+02	    5.7368319344e-01
        1.3694000000	    2.3063000000e+00	   -2.3417000000e-01	    1.1857000000e+02	    1.1864000000e+02	    5.7434141595e-01
        1.3754000000	    2.3145000000e+00	   -2.3795000000e-01	    1.1796000000e+02	    1.1804000000e+02	    5.7500943180e-01
        1.3814000000	    2.3227000000e+00	   -2.4247000000e-01	    1.1736000000e+02	    1.1744000000e+02	    5.7568433693e-01
        1.3875000000	    2.3309000000e+00	   -2.4816000000e-01	    1.1675000000e+02	    1.1683000000e+02	    5.7636877095e-01
        1.3935000000	    2.3392000000e+00	   -2.5244000000e-01	    1.1615000000e+02	    1.1623000000e+02	    5.7706087098e-01
        1.3995000000	    2.3476000000e+00	   -2.5808000000e-01	    1.1554000000e+02	    1.1562000000e+02	    5.7775413635e-01
        1.4055000000	    2.3560000000e+00	   -2.6117000000e-01	    1.1493000000e+02	    1.1502000000e+02	    5.7845113290e-01
        1.4114000000	    2.3645000000e+00	   -2.6720000000e-01	    1.1433000000e+02	    1.1441000000e+02	    5.7914980237e-01
        1.4174000000	    2.3731000000e+00	   -2.7230000000e-01	    1.1372000000e+02	    1.1380000000e+02	    5.7984352234e-01
        1.4233000000	    2.3817000000e+00	   -2.7699000000e-01	    1.1311000000e+02	    1.1320000000e+02	    5.8053466258e-01
        1.4292000000	    2.3903000000e+00	   -2.7734000000e-01	    1.1251000000e+02	    1.1259000000e+02	    5.8121659762e-01
        1.4351000000	    2.3990000000e+00	   -2.8746000000e-01	    1.1190000000e+02	    1.1199000000e+02	    5.8189588290e-01
        1.4410000000	    2.4077000000e+00	   -2.9166000000e-01	    1.1129000000e+02	    1.1138000000e+02	    5.8256004788e-01
        1.4469000000	    2.4165000000e+00	   -2.9589000000e-01	    1.1068000000e+02	    1.1077000000e+02	    5.8322380149e-01
        1.4528000000	    2.4254000000e+00	   -2.9850000000e-01	    1.1008000000e+02	    1.1017000000e+02	    5.8388027280e-01
        1.4586000000	    2.4342000000e+00	   -3.0163000000e-01	    1.0947000000e+02	    1.0956000000e+02	    5.8453527541e-01
        1.4644000000	    2.4432000000e+00	   -3.0599000000e-01	    1.0886000000e+02	    1.0895000000e+02	    5.8519046006e-01
        1.4703000000	    2.4522000000e+00	   -3.1137000000e-01	    1.0825000000e+02	    1.0835000000e+02	    5.8584346496e-01
        1.4760000000	    2.4612000000e+00	   -3.1759000000e-01	    1.0765000000e+02	    1.0774000000e+02	    5.8650014511e-01
        1.4818000000	    2.4703000000e+00	   -3.1954000000e-01	    1.0704000000e+02	    1.0713000000e+02	    5.8716231702e-01
        1.4876000000	    2.4794000000e+00	   -3.2322000000e-01	    1.0643000000e+02	    1.0653000000e+02	    5.8782774366e-01
        1.4933000000	    2.4886000000e+00	   -3.2778000000e-01	    1.0582000000e+02	    1.0592000000e+02	    5.8850242483e-01
        1.4990000000	    2.4979000000e+00	   -3.3021000000e-01	    1.0522000000e+02	    1.0531000000e+02	    5.8918605048e-01
        1.5047000000	    2.5072000000e+00	   -3.3370000000e-01	    1.0461000000e+02	    1.0471000000e+02	    5.8987526737e-01
        1.5104000000	    2.5166000000e+00	   -3.3647000000e-01	    1.0400000000e+02	    1.0410000000e+02	    5.9056569037e-01
        1.5161000000	    2.5261000000e+00	   -3.4293000000e-01	    1.0339000000e+02	    1.0349000000e+02	    5.9126137026e-01
        1.5218000000	    2.5356000000e+00	   -3.4932000000e-01	    1.0279000000e+02	    1.0289000000e+02	    5.9195798061e-01
        1.5274000000	    2.5453000000e+00	   -3.5018000000e-01	    1.0218000000e+02	    1.0228000000e+02	    5.9266378234e-01
        1.5330000000	    2.5550000000e+00	   -3.5268000000e-01	    1.0157000000e+02	    1.0167000000e+02	    5.9337023703e-01
        1.5386000000	    2.5647000000e+00	   -3.5544000000e-01	    1.0096000000e+02	    1.0106000000e+02	    5.9408140302e-01
        1.5442000000	    2.5746000000e+00	   -3.6092000000e-01	    1.0036000000e+02	    1.0046000000e+02	    5.9479713432e-01
        1.5497000000	    2.5845000000e+00	   -3.6638000000e-01	    9.9749000000e+01	    9.9848000000e+01	    5.9551727948e-01
        1.5552000000	    2.5946000000e+00	   -3.6746000000e-01	    9.9140000000e+01	    9.9240000000e+01	    5.9623768172e-01
        1.5607000000	    2.6047000000e+00	   -3.6902000000e-01	    9.8532000000e+01	    9.8631000000e+01	    5.9696283230e-01
        1.5662000000	    2.6149000000e+00	   -3.7459000000e-01	    9.7924000000e+01	    9.8024000000e+01	    5.9769274971e-01
        1.5717000000	    2.6252000000e+00	   -3.7748000000e-01	    9.7316000000e+01	    9.7416000000e+01	    5.9842744885e-01
        1.5772000000	    2.6356000000e+00	   -3.7892000000e-01	    9.6708000000e+01	    9.6807000000e+01	    5.9916694482e-01
        1.5826000000	    2.6461000000e+00	   -3.8444000000e-01	    9.6100000000e+01	    9.6200000000e+01	    5.9991125297e-01
        1.5880000000	    2.6567000000e+00	   -3.8487000000e-01	    9.5492000000e+01	    9.5591000000e+01	    6.0065615481e-01
        1.5934000000	    2.6674000000e+00	   -3.9251000000e-01	    9.4885000000e+01	    9.4985000000e+01	    6.0140589337e-01
        1.5987000000	    2.6781000000e+00	   -3.9263000000e-01	    9.4277000000e+01	    9.4376000000e+01	    6.0216048461e-01
        1.6041000000	    2.6890000000e+00	   -3.9523000000e-01	    9.3670000000e+01	    9.3768000000e+01	    6.0291994631e-01
        1.6094000000	    2.7000000000e+00	   -3.9864000000e-01	    9.3062000000e+01	    9.3161000000e+01	    6.0368430797e-01
        1.6147000000	    2.7111000000e+00	   -3.9952000000e-01	    9.2455000000e+01	    9.2553000000e+01	    6.0444932191e-01
        1.6199000000	    2.7222000000e+00	   -4.0447000000e-01	    9.1848000000e+01	    9.1947000000e+01	    6.0521922994e-01
        1.6252000000	    2.7335000000e+00	   -4.0482000000e-01	    9.1242000000e+01	    9.1338000000e+01	    6.0599828776e-01
        1.6304000000	    2.7449000000e+00	   -4.0401000000e-01	    9.0635000000e+01	    9.0730000000e+01	    6.0677797743e-01
        1.6356000000	    2.7564000000e+00	   -4.0599000000e-01	    9.0028000000e+01	    9.0123000000e+01	    6.0756255035e-01
        1.6408000000	    2.7680000000e+00	   -4.0946000000e-01	    8.9422000000e+01	    8.9517000000e+01	    6.0835200209e-01
        1.6460000000	    2.7797000000e+00	   -4.0608000000e-01	    8.8816000000e+01	    8.8908000000e+01	    6.0914205565e-01
        1.6511000000	    2.7915000000e+00	   -4.0780000000e-01	    8.8209000000e+01	    8.8301000000e+01	    6.0994125024e-01
        1.6562000000	    2.8035000000e+00	   -4.0839000000e-01	    8.7603000000e+01	    8.7693000000e+01	    6.1074538985e-01
        1.6613000000	    2.8155000000e+00	   -4.1002000000e-01	    8.6998000000e+01	    8.7087000000e+01	    6.1155021438e-01
        1.6663000000	    2.8277000000e+00	   -4.1186000000e-01	    8.6392000000e+01	    8.6480000000e+01	    6.1236427295e-01
        1.6713000000	    2.8400000000e+00	   -4.0904000000e-01	    8.5786000000e+01	    8.5872000000e+01	    6.1318327277e-01
        1.6764000000	    2.8525000000e+00	   -4.0735000000e-01	    8.5180000000e+01	    8.5264000000e+01	    6.1400290659e-01
        1.6813000000	    2.8650000000e+00	   -4.0881000000e-01	    8.4574000000e+01	    8.4657000000e+01	    6.1483174202e-01
        1.6863000000	    2.8777000000e+00	   -4.1112000000e-01	    8.3969000000e+01	    8.4051000000e+01	    6.1566117454e-01
        1.6912000000	    2.8905000000e+00	   -4.1113000000e-01	    8.3363000000e+01	    8.3444000000e+01	    6.1649978288e-01
        1.6961000000	    2.9034000000e+00	   -4.0568000000e-01	    8.2757000000e+01	    8.2835000000e+01	    6.1734323492e-01
        1.7010000000	    2.9165000000e+00	   -4.0501000000e-01	    8.2152000000e+01	    8.2228000000e+01	    6.1819145174e-01
        1.7058000000	    2.9297000000e+00	   -4.0190000000e-01	    8.1546000000e+01	    8.1620000000e+01	    6.1904019543e-01
        1.7106000000	    2.9431000000e+00	   -4.0410000000e-01	    8.0941000000e+01	    8.1014000000e+01	    6.1989817650e-01
        1.7154000000	    2.9566000000e+00	   -3.9764000000e-01	    8.0336000000e+01	    8.0405000000e+01	    6.2076118487e-01
        1.7202000000	    2.9702000000e+00	   -3.9311000000e-01	    7.9731000000e+01	    7.9797000000e+01	    6.2162932007e-01
        1.7249000000	    2.9840000000e+00	   -3.8642000000e-01	    7.9126000000e+01	    7.9189000000e+01	    6.2250701037e-01
        1.7296000000	    2.9979000000e+00	   -3.8554000000e-01	    7.8522000000e+01	    7.8583000000e+01	    6.2338571396e-01
        1.7343000000	    3.0120000000e+00	   -3.8270000000e-01	    7.7918000000e+01	    7.7976000000e+01	    6.2426985807e-01
        1.7390000000	    3.0262000000e+00	   -3.7556000000e-01	    7.7313000000e+01	    7.7368000000e+01	    6.2516379547e-01
        1.7436000000	    3.0406000000e+00	   -3.6581000000e-01	    7.6709000000e+01	    7.6759000000e+01	    6.2605878826e-01
        1.7482000000	    3.0551000000e+00	   -3.6127000000e-01	    7.6105000000e+01	    7.6152000000e+01	    6.2696347899e-01
        1.7528000000	    3.0698000000e+00	   -3.5490000000e-01	    7.5501000000e+01	    7.5544000000e+01	    6.2787783317e-01
        1.7573000000	    3.0847000000e+00	   -3.4739000000e-01	    7.4897000000e+01	    7.4937000000e+01	    6.2879309200e-01
        1.7618000000	    3.0998000000e+00	   -3.3343000000e-01	    7.4293000000e+01	    7.4327000000e+01	    6.2971791941e-01
        1.7663000000	    3.1150000000e+00	   -3.2654000000e-01	    7.3689000000e+01	    7.3719000000e+01	    6.3064790425e-01
        1.7707000000	    3.1304000000e+00	   -3.1861000000e-01	    7.3085000000e+01	    7.3111000000e+01	    6.3158299775e-01
        1.7752000000	    3.1460000000e+00	   -3.0357000000e-01	    7.2481000000e+01	    7.2501000000e+01	    6.3252333459e-01
        1.7795000000	    3.1617000000e+00	   -2.9170000000e-01	    7.1876000000e+01	    7.1891000000e+01	    6.3347772938e-01
        1.7839000000	    3.1777000000e+00	   -2.7617000000e-01	    7.1271000000e+01	    7.1281000000e+01	    6.3443303583e-01
        1.7882000000	    3.1938000000e+00	   -2.6523000000e-01	    7.0667000000e+01	    7.0671000000e+01	    6.3539799831e-01
        1.7925000000	    3.2102000000e+00	   -2.5306000000e-01	    7.0061000000e+01	    7.0061000000e+01	    6.3637260797e-01
        1.7968000000	    3.2268000000e+00	   -2.3324000000e-01	    6.9455000000e+01	    6.9447000000e+01	    6.3735245856e-01
        1.8010000000	    3.2436000000e+00	   -2.1677000000e-01	    6.8849000000e+01	    6.8835000000e+01	    6.3834192655e-01
        1.8052000000	    3.2606000000e+00	   -1.9926000000e-01	    6.8242000000e+01	    6.8221000000e+01	    6.3934102275e-01
        1.8094000000	    3.2779000000e+00	   -1.8598000000e-01	    6.7634000000e+01	    6.7608000000e+01	    6.4034541876e-01
        1.8135000000	    3.2954000000e+00	   -1.6623000000e-01	    6.7025000000e+01	    6.6992000000e+01	    6.4135954113e-01
        1.8176000000	    3.3132000000e+00	   -1.4243000000e-01	    6.6415000000e+01	    6.6374000000e+01	    6.4238782756e-01
        1.8217000000	    3.3313000000e+00	   -1.2319000000e-01	    6.5804000000e+01	    6.5756000000e+01	    6.4342147418e-01
        1.8257000000	    3.3496000000e+00	   -1.0267000000e-01	    6.5192000000e+01	    6.5137000000e+01	    6.4446933833e-01
        1.8297000000	    3.3682000000e+00	   -8.5744000000e-02	    6.4578000000e+01	    6.4518000000e+01	    6.4552260013e-01
        1.8337000000	    3.3871000000e+00	   -6.2620000000e-02	    6.3963000000e+01	    6.3895000000e+01	    6.4659012814e-01
        1.8376000000	    3.4063000000e+00	   -3.6971000000e-02	    6.3347000000e+01	    6.3270000000e+01	    6.4766750286e-01
        1.8415000000	    3.4258000000e+00	   -1.3333000000e-02	    6.2728000000e+01	    6.2644000000e+01	    6.4875920746e-01
        1.8454000000	    3.4457000000e+00	    6.6331000000e-03	    6.2108000000e+01	    6.2017000000e+01	    6.4986086051e-01
        1.8493000000	    3.4659000000e+00	    3.2698000000e-02	    6.1486000000e+01	    6.1386000000e+01	    6.5098141139e-01
        1.8531000000	    3.4865000000e+00	    5.9552000000e-02	    6.0861000000e+01	    6.0753000000e+01	    6.5211203405e-01
        1.8568000000	    3.5075000000e+00	    8.9832000000e-02	    6.0234000000e+01	    6.0116000000e+01	    6.5325724234e-01
        1.8606000000	    3.5288000000e+00	    1.1417000000e-01	    5.9604000000e+01	    5.9479000000e+01	    6.5441706754e-01
        1.8642000000	    3.5506000000e+00	    1.3572000000e-01	    5.8971000000e+01	    5.8840000000e+01	    6.5559151030e-01
        1.8679000000	    3.5728000000e+00	    1.5789000000e-01	    5.8335000000e+01	    5.8197000000e+01	    6.5678511344e-01
        1.8715000000	    3.5956000000e+00	    1.8955000000e-01	    5.7696000000e+01	    5.7549000000e+01	    6.5799348784e-01
        1.8751000000	    3.6188000000e+00	    2.1637000000e-01	    5.7053000000e+01	    5.6897000000e+01	    6.5922567681e-01
        1.8787000000	    3.6425000000e+00	    2.3884000000e-01	    5.6405000000e+01	    5.6243000000e+01	    6.6047730367e-01
        1.8822000000	    3.6668000000e+00	    2.6192000000e-01	    5.5753000000e+01	    5.5585000000e+01	    6.6174842593e-01
        1.8857000000	    3.6917000000e+00	    2.9055000000e-01	    5.5096000000e+01	    5.4919000000e+01	    6.6303902628e-01
        1.8891000000	    3.7173000000e+00	    3.1941000000e-01	    5.4433000000e+01	    5.4249000000e+01	    6.6435824162e-01
        1.8925000000	    3.7435000000e+00	    3.3270000000e-01	    5.3765000000e+01	    5.3577000000e+01	    6.6570174063e-01
        1.8959000000	    3.7704000000e+00	    3.4616000000e-01	    5.3090000000e+01	    5.2898000000e+01	    6.6707421362e-01
        1.8992000000	    3.7981000000e+00	    3.6033000000e-01	    5.2408000000e+01	    5.2212000000e+01	    6.6847586408e-01
        1.9025000000	    3.8267000000e+00	    3.7799000000e-01	    5.1718000000e+01	    5.1518000000e+01	    6.6990706466e-01
        1.9058000000	    3.8561000000e+00	    3.8961000000e-01	    5.1021000000e+01	    5.0817000000e+01	    6.7137694970e-01
        1.9090000000	    3.8865000000e+00	    3.9147000000e-01	    5.0314000000e+01	    5.0110000000e+01	    6.7288078185e-01
        1.9122000000	    3.9180000000e+00	    3.8854000000e-01	    4.9597000000e+01	    4.9394000000e+01	    6.7442285513e-01
        1.9153000000	    3.9506000000e+00	    3.9735000000e-01	    4.8870000000e+01	    4.8665000000e+01	    6.7600743193e-01
        1.9184000000	    3.9844000000e+00	    3.9483000000e-01	    4.8132000000e+01	    4.7927000000e+01	    6.7763467580e-01
        1.9215000000	    4.0194000000e+00	    3.7247000000e-01	    4.7381000000e+01	    4.7183000000e+01	    6.7931414307e-01
        1.9245000000	    4.0560000000e+00	    3.4484000000e-01	    4.6618000000e+01	    4.6426000000e+01	    6.8104141411e-01
        1.9275000000	    4.0940000000e+00	    3.1091000000e-01	    4.5840000000e+01	    4.5657000000e+01	    6.8282577963e-01
        1.9304000000	    4.1338000000e+00	    2.6256000000e-01	    4.5047000000e+01	    4.4876000000e+01	    6.8467189452e-01
        1.9333000000	    4.1754000000e+00	    2.0089000000e-01	    4.4238000000e+01	    4.4082000000e+01	    6.8657976793e-01
        1.9362000000	    4.2190000000e+00	    1.0900000000e-01	    4.3411000000e+01	    4.3277000000e+01	    6.8856395956e-01
        1.9390000000	    4.2649000000e+00	    6.6074000000e-03	    4.2564000000e+01	    4.2454000000e+01	    6.9063011851e-01
        1.9418000000	    4.3134000000e+00	   -1.1321000000e-01	    4.1695000000e+01	    4.1613000000e+01	    6.9277943582e-01
        1.9446000000	    4.3645000000e+00	   -2.7187000000e-01	    4.0804000000e+01	    4.0757000000e+01	    6.9503071768e-01
        1.9473000000	    4.4188000000e+00	   -4.5881000000e-01	    3.9887000000e+01	    3.9882000000e+01	    6.9738807339e-01
        1.9499000000	    4.4766000000e+00	   -6.7739000000e-01	    3.8943000000e+01	    3.8985000000e+01	    6.9986007279e-01
        1.9525000000	    4.5384000000e+00	   -9.4207000000e-01	    3.7968000000e+01	    3.8067000000e+01	    7.0246134695e-01
        1.9551000000	    4.6045000000e+00	   -1.2548000000e+00	    3.6960000000e+01	    3.7125000000e+01	    7.0521169847e-01
        1.9576000000	    4.6758000000e+00	   -1.6268000000e+00	    3.5916000000e+01	    3.6158000000e+01	    7.0812172868e-01
        1.9601000000	    4.7527000000e+00	   -2.0737000000e+00	    3.4834000000e+01	    3.5165000000e+01	    7.1121591029e-01
        1.9626000000	    4.8363000000e+00	   -2.5882000000e+00	    3.3708000000e+01	    3.4140000000e+01	    7.1451323915e-01
        1.9650000000	    4.9276000000e+00	   -3.1878000000e+00	    3.2536000000e+01	    3.3083000000e+01	    7.1804284268e-01
        1.9674000000	    5.0276000000e+00	   -3.9049000000e+00	    3.1314000000e+01	    3.1994000000e+01	    7.2182959992e-01
        1.9697000000	    5.1380000000e+00	   -4.7382000000e+00	    3.0039000000e+01	    3.0868000000e+01	    7.2590756731e-01
        1.9720000000	    5.2603000000e+00	   -5.7044000000e+00	    2.8707000000e+01	    2.9703000000e+01	    7.3031203733e-01
        1.9742000000	    5.3969000000e+00	   -6.8409000000e+00	    2.7315000000e+01	    2.8500000000e+01	    7.3509343863e-01
        1.9764000000	    5.5502000000e+00	   -8.1498000000e+00	    2.5861000000e+01	    2.7253000000e+01	    7.4029415133e-01
        1.9785000000	    5.7237000000e+00	   -9.6693000000e+00	    2.4342000000e+01	    2.5963000000e+01	    7.4597316182e-01
        1.9806000000	    5.9213000000e+00	   -1.1440000000e+01	    2.2758000000e+01	    2.4630000000e+01	    7.5219327723e-01
        1.9827000000	    6.1483000000e+00	   -1.3464000000e+01	    2.1110000000e+01	    2.3250000000e+01	    7.5902959544e-01
        1.9847000000	    6.4116000000e+00	   -1.5765000000e+01	    1.9400000000e+01	    2.1820000000e+01	    7.6655697882e-01
        1.9867000000	    6.7202000000e+00	   -1.8407000000e+01	    1.7635000000e+01	    2.0345000000e+01	    7.7487955325e-01
        1.9886000000	    7.0862000000e+00	   -2.1455000000e+01	    1.5821000000e+01	    1.8831000000e+01	    7.8410263888e-01
        1.9905000000	    7.5268000000e+00	   -2.4944000000e+01	    1.3970000000e+01	    1.7276000000e+01	    7.9436520789e-01
        1.9923000000	    8.0669000000e+00	   -2.8956000000e+01	    1.2097000000e+01	    1.5686000000e+01	    8.0582677091e-01
        1.9941000000	    8.7435000000e+00	   -3.3608000000e+01	    1.0219000000e+01	    1.4068000000e+01	    8.1869013303e-01
        1.9958000000	    9.6161000000e+00	   -3.9070000000e+01	    8.3601000000e+00	    1.2431000000e+01	    8.3320285652e-01
        1.9975000000	    1.0785000000e+01	   -4.5666000000e+01	    6.5485000000e+00	    1.0790000000e+01	    8.4972230805e-01
        1.9992000000	    1.2439000000e+01	   -5.4093000000e+01	    4.8197000000e+00	    9.1712000000e+00	    8.6876000317e-01
