        0.0023093000	    1.0000000000e-01	    1.0222000000e+00	    3.0418000000e+01	    2.0196000000e+01	    0.0000000000e+00
        0.0070633000	    1.0000000000e-01	    9.3484000000e-01	    2.9530000000e+01	    2.0181000000e+01	    0.0000000000e+00
        0.0120870000	    1.0000000000e-01	    8.4862000000e-01	    2.8653000000e+01	    2.0167000000e+01	    0.0000000000e+00
        0.0173760000	    1.0000000000e-01	    7.6450000000e-01	    2.7796000000e+01	    2.0151000000e+01	    0.0000000000e+00
        0.0229280000	    1.0000000000e-01	    6.8363000000e-01	    2.6971000000e+01	    2.0134000000e+01	    0.0000000000e+00
        0.0287390000	    1.0000000000e-01	    6.0723000000e-01	    2.6189000000e+01	    2.0117000000e+01	    0.0000000000e+00
        0.0348070000	    1.0000000000e-01	    5.3639000000e-01	    2.5463000000e+01	    2.0099000000e+01	    0.0000000000e+00
        0.0411270000	    1.0000000000e-01	    4.7189000000e-01	    2.4799000000e+01	    2.0080000000e+01	    0.0000000000e+00
        0.0476960000	    1.0000000000e-01	    4.1413000000e-01	    2.4202000000e+01	    2.0060000000e+01	    0.0000000000e+00
        0.0545120000	    1.0000000000e-01	    3.6309000000e-01	    2.3671000000e+01	    2.0040000000e+01	    0.0000000000e+00
        0.0615700000	    1.0000000000e-01	    3.1849000000e-01	    2.3204000000e+01	    2.0019000000e+01	    0.0000000000e+00
        0.0688680000	    1.0000000000e-01	    2.7978000000e-01	    2.2795000000e+01	    1.9997000000e+01	    0.0000000000e+00
        0.0764010000	    1.0000000000e-01	    2.4636000000e-01	    2.2438000000e+01	    1.9975000000e+01	    0.0000000000e+00
        0.0841680000	    1.0000000000e-01	    2.1755000000e-01	    2.2127000000e+01	    1.9951000000e+01	    0.0000000000e+00
        0.0921640000	    1.0000000000e-01	    1.9274000000e-01	    2.1855000000e+01	    1.9928000000e+01	    0.0000000000e+00
        0.1003900000	    1.0000000000e-01	    1.7133000000e-01	    2.1616000000e+01	    1.9903000000e+01	    0.0000000000e+00
        0.1088300000	    1.0000000000e-01	    1.5283000000e-01	    2.1406000000e+01	    1.9878000000e+01	    0.0000000000e+00
        0.1174900000	    1.0000000000e-01	    1.3680000000e-01	    2.1220000000e+01	    1.9852000000e+01	    0.0000000000e+00
        0.1263700000	    1.0000000000e-01	    1.2286000000e-01	    2.1054000000e+01	    1.9825000000e+01	    0.0000000000e+00
        0.1354700000	    1.0000000000e-01	    1.1069000000e-01	    2.0905000000e+01	    1.9798000000e+01	    0.0000000000e+00
        0.1447700000	    1.0000000000e-01	    1.0004000000e-01	    2.0771000000e+01	    1.9770000000e+01	    0.0000000000e+00
        0.1542800000	    1.0000000000e-01	    9.0683000000e-02	    2.0649000000e+01	    1.9742000000e+01	    0.0000000000e+00
        0.1639900000	    1.0000000000e-01	    8.2425000000e-02	    2.0537000000e+01	    1.9713000000e+01	    0.0000000000e+00
        0.1739000000	    1.0000000000e-01	    7.5105000000e-02	    2.0434000000e+01	    1.9683000000e+01	    0.0000000000e+00
        0.1840100000	    1.0000000000e-01	    6.8588000000e-02	    2.0339000000e+01	    1.9653000000e+01	    0.0000000000e+00
        0.1943100000	    1.0000000000e-01	    6.2758000000e-02	    2.0250000000e+01	    1.9623000000e+01	    0.0000000000e+00
        0.2048000000	    1.0000000000e-01	    5.7524000000e-02	    2.0167000000e+01	    1.9591000000e+01	    0.0000000000e+00
        0.2154700000	    1.0000000000e-01	    5.2814000000e-02	    2.0088000000e+01	    1.9560000000e+01	    0.0000000000e+00
        0.2263300000	    1.0000000000e-01	    4.8563000000e-02	    2.0013000000e+01	    1.9527000000e+01	    0.0000000000e+00
        0.2373700000	    1.0000000000e-01	    4.4715000000e-02	    1.9942000000e+01	    1.9495000000e+01	    0.0000000000e+00
        0.2485900000	    1.0000000000e-01	    4.1220000000e-02	    1.9874000000e+01	    1.9461000000e+01	    0.0000000000e+00
        0.2599700000	    1.0000000000e-01	    3.8037000000e-02	    1.9808000000e+01	    1.9428000000e+01	    0.0000000000e+00
        0.2715300000	    1.0000000000e-01	    3.5134000000e-02	    1.9745000000e+01	    1.9393000000e+01	    0.0000000000e+00
        0.2832500000	    1.0000000000e-01	    3.2488000000e-02	    1.9684000000e+01	    1.9359000000e+01	    0.0000000000e+00
        0.2951400000	    1.0000000000e-01	    3.0076000000e-02	    1.9624000000e+01	    1.9324000000e+01	    0.0000000000e+00
        0.3071900000	    1.0000000000e-01	    2.7877000000e-02	    1.9567000000e+01	    1.9288000000e+01	    0.0000000000e+00
        0.3193900000	    1.0000000000e-01	    2.5869000000e-02	    1.9511000000e+01	    1.9252000000e+01	    0.0000000000e+00
        0.3317400000	    1.0000000000e-01	    2.4026000000e-02	    1.9456000000e+01	    1.9216000000e+01	    0.0000000000e+00
        0.3442500000	    1.0000000000e-01	    2.2328000000e-02	    1.9402000000e+01	    1.9179000000e+01	    0.0000000000e+00
        0.3569000000	    1.0000000000e-01	    2.0757000000e-02	    1.9349000000e+01	    1.9141000000e+01	    0.0000000000e+00
        0.3696900000	    1.0000000000e-01	    1.9300000000e-02	    1.9297000000e+01	    1.9104000000e+01	    0.0000000000e+00
        0.3826200000	    1.0000000000e-01	    1.7946000000e-02	    1.9245000000e+01	    1.9066000000e+01	    0.0000000000e+00
        0.3956900000	    1.0000000000e-01	    1.6689000000e-02	    1.9194000000e+01	    1.9027000000e+01	    0.0000000000e+00
        0.4089000000	    1.0000000000e-01	    1.5515000000e-02	    1.9144000000e+01	    1.8989000000e+01	    0.0000000000e+00
        0.4222300000	    1.0000000000e-01	    1.4405000000e-02	    1.9094000000e+01	    1.8950000000e+01	    0.0000000000e+00
        0.4356900000	    1.0000000000e-01	    1.3349000000e-02	    1.9044000000e+01	    1.8910000000e+01	    0.0000000000e+00
        0.4492700000	    1.0000000000e-01	    1.2338000000e-02	    1.8994000000e+01	    1.8870000000e+01	    0.0000000000e+00
        0.4629700000	    1.0000000000e-01	    1.1371000000e-02	    1.8944000000e+01	    1.8830000000e+01	    0.0000000000e+00
        0.4767900000	    1.0000000000e-01	    1.0446000000e-02	    1.8894000000e+01	    1.8790000000e+01	    0.0000000000e+00
        0.4907200000	    1.0000000000e-01	    9.5554000000e-03	    1.8845000000e+01	    1.8749000000e+01	    0.0000000000e+00
        0.5047600000	    1.0000000000e-01	    8.6917000000e-03	    1.8795000000e+01	    1.8708000000e+01	    0.0000000000e+00
        0.5189100000	    1.0000000000e-01	    7.8490000000e-03	    1.8745000000e+01	    1.8667000000e+01	    0.0000000000e+00
        0.5331600000	    1.0000000000e-01	    7.0223000000e-03	    1.8696000000e+01	    1.8625000000e+01	    0.0000000000e+00
        0.5475100000	    1.0000000000e-01	    6.2060000000e-03	    1.8646000000e+01	    1.8584000000e+01	    0.0000000000e+00
        0.5619600000	    1.0000000000e-01	    5.3980000000e-03	    1.8596000000e+01	    1.8542000000e+01	    0.0000000000e+00
        0.5764900000	    1.0000000000e-01	    4.5973000000e-03	    1.8545000000e+01	    1.8499000000e+01	    0.0000000000e+00
        0.5911200000	    1.0000000000e-01	    3.7971000000e-03	    1.8495000000e+01	    1.8457000000e+01	    0.0000000000e+00
        0.6058400000	    1.0000000000e-01	    2.9884000000e-03	    1.8444000000e+01	    1.8414000000e+01	    0.0000000000e+00
        0.6206400000	    1.0000000000e-01	    2.1606000000e-03	    1.8393000000e+01	    1.8371000000e+01	    0.0000000000e+00
        0.6355200000	    1.0000000000e-01	    1.3080000000e-03	    1.8341000000e+01	    1.8328000000e+01	    0.0000000000e+00
        0.6504700000	    1.0000000000e-01	    4.3238000000e-04	    1.8289000000e+01	    1.8285000000e+01	    0.0000000000e+00
        0.6655000000	    1.0000000000e-01	   -4.6477000000e-04	    1.8236000000e+01	    1.8241000000e+01	    0.0000000000e+00
        0.6806000000	    1.0000000000e-01	   -1.3861000000e-03	    1.8183000000e+01	    1.8197000000e+01	    0.0000000000e+00
        0.6957600000	    1.0000000000e-01	   -2.3360000000e-03	    1.8130000000e+01	    1.8153000000e+01	    0.0000000000e+00
        0.7109900000	    1.0000000000e-01	   -3.3212000000e-03	    1.8076000000e+01	    1.8109000000e+01	    0.0000000000e+00
        0.7262800000	    1.0000000000e-01	   -4.3479000000e-03	    1.8022000000e+01	    1.8065000000e+01	    0.0000000000e+00
        0.7416200000	    1.0000000000e-01	   -5.4169000000e-03	    1.7967000000e+01	    1.8021000000e+01	    0.0000000000e+00
        0.7570200000	    1.0000000000e-01	   -6.5260000000e-03	    1.7911000000e+01	    1.7976000000e+01	    0.0000000000e+00
        0.7724700000	    1.0000000000e-01	   -7.6753000000e-03	    1.7855000000e+01	    1.7932000000e+01	    0.0000000000e+00
        0.7879600000	    1.0000000000e-01	   -8.8649000000e-03	    1.7798000000e+01	    1.7887000000e+01	    0.0000000000e+00
        0.8035000000	    1.0000000000e-01	   -1.0095000000e-02	    1.7741000000e+01	    1.7842000000e+01	    0.0000000000e+00
        0.8190700000	    1.0000000000e-01	   -1.1366000000e-02	    1.7683000000e+01	    1.7797000000e+01	    0.0000000000e+00
        0.8346900000	    1.0000000000e-01	   -1.2686000000e-02	    1.7625000000e+01	    1.7752000000e+01	    0.0000000000e+00
        0.8503300000	    1.0000000000e-01	   -1.4064000000e-02	    1.7566000000e+01	    1.7707000000e+01	    0.0000000000e+00
        0.8660100000	    1.0000000000e-01	   -1.5505000000e-02	    1.7507000000e+01	    1.7662000000e+01	    0.0000000000e+00
        0.8817100000	    1.0000000000e-01	   -1.7010000000e-02	    1.7446000000e+01	    1.7616000000e+01	    0.0000000000e+00
        0.8974400000	    1.0000000000e-01	   -1.8578000000e-02	    1.7385000000e+01	    1.7571000000e+01	    0.0000000000e+00
        0.9131900000	    1.0000000000e-01	   -2.0207000000e-02	    1.7324000000e+01	    1.7526000000e+01	    0.0000000000e+00
        0.9289500000	    1.0000000000e-01	   -2.1890000000e-02	    1.7261000000e+01	    1.7480000000e+01	    0.0000000000e+00
        0.9447300000	    1.0000000000e-01	   -2.3622000000e-02	    1.7199000000e+01	    1.7435000000e+01	    0.0000000000e+00
        0.9605100000	    1.0000000000e-01	   -2.5393000000e-02	    1.7135000000e+01	    1.7389000000e+01	    0.0000000000e+00
        0.9763100000	    1.0000000000e-01	   -2.7198000000e-02	    1.7072000000e+01	    1.7344000000e+01	    0.0000000000e+00
        0.9921000000	    1.0000000000e-01	   -2.9035000000e-02	    1.7008000000e+01	    1.7298000000e+01	    0.0000000000e+00
        1.0079000000	    1.0000000000e-01	   -3.0898000000e-02	    1.6944000000e+01	    1.7253000000e+01	    0.0000000000e+00
        1.0237000000	    1.0000000000e-01	   -3.2779000000e-02	    1.6880000000e+01	    1.7207000000e+01	    0.0000000000e+00
        1.0395000000	    1.0000000000e-01	   -3.4666000000e-02	    1.6815000000e+01	    1.7162000000e+01	    0.0000000000e+00
        1.0553000000	    1.0000000000e-01	   -3.6559000000e-02	    1.6751000000e+01	    1.7117000000e+01	    0.0000000000e+00
        1.0711000000	    1.0000000000e-01	   -3.8464000000e-02	    1.6686000000e+01	    1.7071000000e+01	    0.0000000000e+00
        1.0868000000	    1.0000000000e-01	   -4.0384000000e-02	    1.6622000000e+01	    1.7026000000e+01	    0.0000000000e+00
        1.1026000000	    1.0000000000e-01	   -4.2320000000e-02	    1.6557000000e+01	    1.6980000000e+01	    0.0000000000e+00
        1.1183000000	    1.0000000000e-01	   -4.4271000000e-02	    1.6493000000e+01	    1.6935000000e+01	    0.0000000000e+00
        1.1340000000	    1.0000000000e-01	   -4.6235000000e-02	    1.6428000000e+01	    1.6890000000e+01	    0.0000000000e+00
        1.1497000000	    1.0000000000e-01	   -4.8209000000e-02	    1.6363000000e+01	    1.6845000000e+01	    0.0000000000e+00
        1.1653000000	    1.0000000000e-01	   -5.0188000000e-02	    1.6298000000e+01	    1.6800000000e+01	    0.0000000000e+00
        1.1809000000	    1.0000000000e-01	   -5.2170000000e-02	    1.6233000000e+01	    1.6755000000e+01	    0.0000000000e+00
        1.1965000000	    1.0000000000e-01	   -5.4151000000e-02	    1.6169000000e+01	    1.6710000000e+01	    0.0000000000e+00
        1.2120000000	    1.0000000000e-01	   -5.6126000000e-02	    1.6104000000e+01	    1.6665000000e+01	    0.0000000000e+00
        1.2275000000	    1.0000000000e-01	   -5.8097000000e-02	    1.6040000000e+01	    1.6621000000e+01	    0.0000000000e+00
        1.2430000000	    1.0000000000e-01	   -6.0064000000e-02	    1.5976000000e+01	    1.6576000000e+01	    0.0000000000e+00
        1.2584000000	    1.0000000000e-01	   -6.2018000000e-02	    1.5912000000e+01	    1.6532000000e+01	    0.0000000000e+00
        1.2737000000	    1.0000000000e-01	   -6.3955000000e-02	    1.5848000000e+01	    1.6488000000e+01	    0.0000000000e+00
        1.2890000000	    1.0000000000e-01	   -6.5869000000e-02	    1.5785000000e+01	    1.6444000000e+01	    0.0000000000e+00
        1.3042000000	    1.0000000000e-01	   -6.7770000000e-02	    1.5722000000e+01	    1.6400000000e+01	    0.0000000000e+00
        1.3194000000	    1.0000000000e-01	   -6.9671000000e-02	    1.5660000000e+01	    1.6356000000e+01	    0.0000000000e+00
        1.3345000000	    1.0000000000e-01	   -7.1581000000e-02	    1.5597000000e+01	    1.6313000000e+01	    0.0000000000e+00
        1.3495000000	    1.0000000000e-01	   -7.3503000000e-02	    1.5535000000e+01	    1.6270000000e+01	    0.0000000000e+00
        1.3645000000	    1.0000000000e-01	   -7.5437000000e-02	    1.5472000000e+01	    1.6227000000e+01	    0.0000000000e+00
        1.3794000000	    1.0000000000e-01	   -7.7394000000e-02	    1.5410000000e+01	    1.6184000000e+01	    0.0000000000e+00
        1.3942000000	    1.0000000000e-01	   -7.9381000000e-02	    1.5347000000e+01	    1.6141000000e+01	    0.0000000000e+00
        1.4089000000	    1.0000000000e-01	   -8.1410000000e-02	    1.5285000000e+01	    1.6099000000e+01	    0.0000000000e+00
        1.4235000000	    1.0000000000e-01	   -8.3493000000e-02	    1.5222000000e+01	    1.6057000000e+01	    0.0000000000e+00
        1.4380000000	    1.0000000000e-01	   -8.5639000000e-02	    1.5158000000e+01	    1.6015000000e+01	    0.0000000000e+00
        1.4525000000	    1.0000000000e-01	   -8.7850000000e-02	    1.5094000000e+01	    1.5973000000e+01	    0.0000000000e+00
        1.4668000000	    1.0000000000e-01	   -9.0118000000e-02	    1.5030000000e+01	    1.5932000000e+01	    0.0000000000e+00
        1.4811000000	    1.0000000000e-01	   -9.2432000000e-02	    1.4966000000e+01	    1.5890000000e+01	    0.0000000000e+00
        1.4952000000	    1.0000000000e-01	   -9.4788000000e-02	    1.4902000000e+01	    1.5850000000e+01	    0.0000000000e+00
        1.5093000000	    1.0000000000e-01	   -9.7197000000e-02	    1.4837000000e+01	    1.5809000000e+01	    0.0000000000e+00
        1.5232000000	    1.0000000000e-01	   -9.9669000000e-02	    1.4772000000e+01	    1.5769000000e+01	    0.0000000000e+00
        1.5370000000	    1.0000000000e-01	   -1.0222000000e-01	    1.4707000000e+01	    1.5729000000e+01	    0.0000000000e+00
        1.5507000000	    1.0000000000e-01	   -1.0486000000e-01	    1.4641000000e+01	    1.5689000000e+01	    0.0000000000e+00
        1.5643000000	    1.0000000000e-01	   -1.0760000000e-01	    1.4574000000e+01	    1.5650000000e+01	    0.0000000000e+00
        1.5778000000	    1.0000000000e-01	   -1.1046000000e-01	    1.4507000000e+01	    1.5611000000e+01	    0.0000000000e+00
        1.5911000000	    1.0000000000e-01	   -1.1345000000e-01	    1.4438000000e+01	    1.5573000000e+01	    0.0000000000e+00
        1.6043000000	    1.0000000000e-01	   -1.1658000000e-01	    1.4368000000e+01	    1.5534000000e+01	    0.0000000000e+00
        1.6174000000	    1.0000000000e-01	   -1.1987000000e-01	    1.4298000000e+01	    1.5496000000e+01	    0.0000000000e+00
        1.6303000000	    1.0000000000e-01	   -1.2331000000e-01	    1.4226000000e+01	    1.5459000000e+01	    0.0000000000e+00
        1.6431000000	    1.0000000000e-01	   -1.2691000000e-01	    1.4153000000e+01	    1.5422000000e+01	    0.0000000000e+00
        1.6558000000	    1.0000000000e-01	   -1.3069000000e-01	    1.4078000000e+01	    1.5385000000e+01	    0.0000000000e+00
        1.6683000000	    1.0000000000e-01	   -1.3466000000e-01	    1.4002000000e+01	    1.5349000000e+01	    0.0000000000e+00
        1.6806000000	    1.0000000000e-01	   -1.3885000000e-01	    1.3925000000e+01	    1.5313000000e+01	    0.0000000000e+00
        1.6928000000	    1.0000000000e-01	   -1.4326000000e-01	    1.3845000000e+01	    1.5278000000e+01	    0.0000000000e+00
        1.7049000000	    1.0000000000e-01	   -1.4791000000e-01	    1.3764000000e+01	    1.5243000000e+01	    0.0000000000e+00
        1.7167000000	    1.0000000000e-01	   -1.5283000000e-01	    1.3680000000e+01	    1.5208000000e+01	    0.0000000000e+00
        1.7285000000	    1.0000000000e-01	   -1.5804000000e-01	    1.3594000000e+01	    1.5174000000e+01	    0.0000000000e+00
        1.7400000000	    1.0000000000e-01	   -1.6358000000e-01	    1.3505000000e+01	    1.5141000000e+01	    0.0000000000e+00
        1.7514000000	    1.0000000000e-01	   -1.6951000000e-01	    1.3413000000e+01	    1.5108000000e+01	    0.0000000000e+00
        1.7626000000	    1.0000000000e-01	   -1.7586000000e-01	    1.3317000000e+01	    1.5075000000e+01	    0.0000000000e+00
        1.7737000000	    1.0000000000e-01	   -1.8268000000e-01	    1.3216000000e+01	    1.5043000000e+01	    0.0000000000e+00
        1.7845000000	    1.0000000000e-01	   -1.9004000000e-01	    1.3111000000e+01	    1.5012000000e+01	    0.0000000000e+00
        1.7952000000	    1.0000000000e-01	   -1.9801000000e-01	    1.3001000000e+01	    1.4981000000e+01	    0.0000000000e+00
        1.8057000000	    1.0000000000e-01	   -2.0667000000e-01	    1.2884000000e+01	    1.4950000000e+01	    0.0000000000e+00
        1.8160000000	    1.0000000000e-01	   -2.1610000000e-01	    1.2759000000e+01	    1.4920000000e+01	    0.0000000000e+00
        1.8261000000	    1.0000000000e-01	   -2.2642000000e-01	    1.2627000000e+01	    1.4891000000e+01	    0.0000000000e+00
        1.8360000000	    1.0000000000e-01	   -2.3776000000e-01	    1.2485000000e+01	    1.4862000000e+01	    0.0000000000e+00
        1.8457000000	    1.0000000000e-01	   -2.5028000000e-01	    1.2331000000e+01	    1.4834000000e+01	    0.0000000000e+00
        1.8552000000	    1.0000000000e-01	   -2.6416000000e-01	    1.2165000000e+01	    1.4806000000e+01	    0.0000000000e+00
        1.8645000000	    1.0000000000e-01	   -2.7961000000e-01	    1.1983000000e+01	    1.4779000000e+01	    0.0000000000e+00
        1.8736000000	    1.0000000000e-01	   -2.9686000000e-01	    1.1784000000e+01	    1.4753000000e+01	    0.0000000000e+00
        1.8825000000	    1.0000000000e-01	   -3.1617000000e-01	    1.1565000000e+01	    1.4727000000e+01	    0.0000000000e+00
        1.8912000000	    1.0000000000e-01	   -3.3785000000e-01	    1.1324000000e+01	    1.4702000000e+01	    0.0000000000e+00
        1.8996000000	    1.0000000000e-01	   -3.6220000000e-01	    1.1056000000e+01	    1.4678000000e+01	    0.0000000000e+00
        1.9078000000	    1.0000000000e-01	   -3.8957000000e-01	    1.0758000000e+01	    1.4654000000e+01	    0.0000000000e+00
        1.9158000000	    1.0000000000e-01	   -4.2030000000e-01	    1.0428000000e+01	    1.4631000000e+01	    0.0000000000e+00
        1.9236000000	    1.0000000000e-01	   -4.5469000000e-01	    1.0061000000e+01	    1.4608000000e+01	    0.0000000000e+00
        1.9311000000	    1.0000000000e-01	   -4.9298000000e-01	    9.6566000000e+00	    1.4586000000e+01	    0.0000000000e+00
        1.9384000000	    1.0000000000e-01	   -5.3526000000e-01	    9.2127000000e+00	    1.4565000000e+01	    0.0000000000e+00
        1.9455000000	    1.0000000000e-01	   -5.8141000000e-01	    8.7308000000e+00	    1.4545000000e+01	    0.0000000000e+00
        1.9523000000	    1.0000000000e-01	   -6.3103000000e-01	    8.2151000000e+00	    1.4525000000e+01	    0.0000000000e+00
        1.9589000000	    1.0000000000e-01	   -6.8334000000e-01	    7.6731000000e+00	    1.4506000000e+01	    0.0000000000e+00
        1.9652000000	    1.0000000000e-01	   -7.3723000000e-01	    7.1160000000e+00	    1.4488000000e+01	    0.0000000000e+00
        1.9713000000	    1.0000000000e-01	   -7.9132000000e-01	    6.5577000000e+00	    1.4471000000e+01	    0.0000000000e+00
        1.9771000000	    1.0000000000e-01	   -8.4413000000e-01	    6.0130000000e+00	    1.4454000000e+01	    0.0000000000e+00
        1.9826000000	    1.0000000000e-01	   -8.9429000000e-01	    5.4955000000e+00	    1.4438000000e+01	    0.0000000000e+00
        1.9879000000	    1.0000000000e-01	   -9.4084000000e-01	    5.0150000000e+00	    1.4423000000e+01	    0.0000000000e+00
        1.9929000000	    1.0000000000e-01	   -9.8322000000e-01	    4.5768000000e+00	    1.4409000000e+01	    0.0000000000e+00
        1.9977000000	    1.0000000000e-01	   -1.0214000000e+00	    4.1818000000e+00	    1.4396000000e+01	    0.0000000000e+00
