        0.0023093000	    7.4591000000e-02	    7.7955000000e-01	    3.0473000000e+01	    2.0022000000e+01	    0.0000000000e+00
        0.0070633000	    7.5525000000e-02	    7.3072000000e-01	    2.9688000000e+01	    2.0011000000e+01	    0.0000000000e+00
        0.0120870000	    7.6494000000e-02	    6.8091000000e-01	    2.8906000000e+01	    2.0001000000e+01	    0.0000000000e+00
        0.0173760000	    7.7491000000e-02	    6.3049000000e-01	    2.8133000000e+01	    1.9989000000e+01	    0.0000000000e+00
        0.0229280000	    7.8507000000e-02	    5.7999000000e-01	    2.7378000000e+01	    1.9976000000e+01	    0.0000000000e+00
        0.0287390000	    7.9530000000e-02	    5.3005000000e-01	    2.6648000000e+01	    1.9963000000e+01	    0.0000000000e+00
        0.0348070000	    8.0544000000e-02	    4.8140000000e-01	    2.5952000000e+01	    1.9949000000e+01	    0.0000000000e+00
        0.0411270000	    8.1531000000e-02	    4.3479000000e-01	    2.5300000000e+01	    1.9934000000e+01	    0.0000000000e+00
        0.0476960000	    8.2477000000e-02	    3.9086000000e-01	    2.4695000000e+01	    1.9919000000e+01	    0.0000000000e+00
        0.0545120000	    8.3368000000e-02	    3.5010000000e-01	    2.4144000000e+01	    1.9902000000e+01	    0.0000000000e+00
        0.0615700000	    8.4197000000e-02	    3.1282000000e-01	    2.3645000000e+01	    1.9885000000e+01	    0.0000000000e+00
        0.0688680000	    8.4957000000e-02	    2.7912000000e-01	    2.3199000000e+01	    1.9868000000e+01	    0.0000000000e+00
        0.0764010000	    8.5649000000e-02	    2.4896000000e-01	    2.2803000000e+01	    1.9849000000e+01	    0.0000000000e+00
        0.0841680000	    8.6273000000e-02	    2.2217000000e-01	    2.2452000000e+01	    1.9830000000e+01	    0.0000000000e+00
        0.0921640000	    8.6834000000e-02	    1.9851000000e-01	    2.2142000000e+01	    1.9810000000e+01	    0.0000000000e+00
        0.1003900000	    8.7337000000e-02	    1.7767000000e-01	    2.1868000000e+01	    1.9789000000e+01	    0.0000000000e+00
        0.1088300000	    8.7787000000e-02	    1.5937000000e-01	    2.1627000000e+01	    1.9768000000e+01	    0.0000000000e+00
        0.1174900000	    8.8191000000e-02	    1.4330000000e-01	    2.1413000000e+01	    1.9746000000e+01	    0.0000000000e+00
        0.1263700000	    8.8554000000e-02	    1.2918000000e-01	    2.1222000000e+01	    1.9724000000e+01	    0.0000000000e+00
        0.1354700000	    8.8881000000e-02	    1.1676000000e-01	    2.1052000000e+01	    1.9701000000e+01	    0.0000000000e+00
        0.1447700000	    8.9178000000e-02	    1.0581000000e-01	    2.0899000000e+01	    1.9677000000e+01	    0.0000000000e+00
        0.1542800000	    8.9448000000e-02	    9.6124000000e-02	    2.0762000000e+01	    1.9653000000e+01	    0.0000000000e+00
        0.1639900000	    8.9695000000e-02	    8.7535000000e-02	    2.0636000000e+01	    1.9628000000e+01	    0.0000000000e+00
        0.1739000000	    8.9923000000e-02	    7.9890000000e-02	    2.0522000000e+01	    1.9603000000e+01	    0.0000000000e+00
        0.1840100000	    9.0133000000e-02	    7.3060000000e-02	    2.0417000000e+01	    1.9577000000e+01	    0.0000000000e+00
        0.1943100000	    9.0330000000e-02	    6.6934000000e-02	    2.0319000000e+01	    1.9550000000e+01	    0.0000000000e+00
        0.2048000000	    9.0514000000e-02	    6.1420000000e-02	    2.0229000000e+01	    1.9524000000e+01	    0.0000000000e+00
        0.2154700000	    9.0687000000e-02	    5.6436000000e-02	    2.0144000000e+01	    1.9496000000e+01	    0.0000000000e+00
        0.2263300000	    9.0851000000e-02	    5.1914000000e-02	    2.0064000000e+01	    1.9468000000e+01	    0.0000000000e+00
        0.2373700000	    9.1008000000e-02	    4.7794000000e-02	    1.9988000000e+01	    1.9440000000e+01	    0.0000000000e+00
        0.2485900000	    9.1157000000e-02	    4.4026000000e-02	    1.9916000000e+01	    1.9411000000e+01	    0.0000000000e+00
        0.2599700000	    9.1301000000e-02	    4.0571000000e-02	    1.9847000000e+01	    1.9381000000e+01	    0.0000000000e+00
        0.2715300000	    9.1440000000e-02	    3.7394000000e-02	    1.9781000000e+01	    1.9351000000e+01	    0.0000000000e+00
        0.2832500000	    9.1575000000e-02	    3.4468000000e-02	    1.9717000000e+01	    1.9321000000e+01	    0.0000000000e+00
        0.2951400000	    9.1705000000e-02	    3.1768000000e-02	    1.9656000000e+01	    1.9290000000e+01	    0.0000000000e+00
        0.3071900000	    9.1832000000e-02	    2.9271000000e-02	    1.9596000000e+01	    1.9259000000e+01	    0.0000000000e+00
        0.3193900000	    9.1956000000e-02	    2.6957000000e-02	    1.9539000000e+01	    1.9227000000e+01	    0.0000000000e+00
        0.3317400000	    9.2078000000e-02	    2.4806000000e-02	    1.9482000000e+01	    1.9195000000e+01	    0.0000000000e+00
        0.3442500000	    9.2197000000e-02	    2.2800000000e-02	    1.9427000000e+01	    1.9163000000e+01	    0.0000000000e+00
        0.3569000000	    9.2315000000e-02	    2.0923000000e-02	    1.9374000000e+01	    1.9130000000e+01	    0.0000000000e+00
        0.3696900000	    9.2430000000e-02	    1.9164000000e-02	    1.9321000000e+01	    1.9097000000e+01	    0.0000000000e+00
        0.3826200000	    9.2545000000e-02	    1.7514000000e-02	    1.9269000000e+01	    1.9063000000e+01	    0.0000000000e+00
        0.3956900000	    9.2658000000e-02	    1.5963000000e-02	    1.9218000000e+01	    1.9029000000e+01	    0.0000000000e+00
        0.4089000000	    9.2771000000e-02	    1.4500000000e-02	    1.9167000000e+01	    1.8995000000e+01	    0.0000000000e+00
        0.4222300000	    9.2882000000e-02	    1.3117000000e-02	    1.9117000000e+01	    1.8960000000e+01	    0.0000000000e+00
        0.4356900000	    9.2994000000e-02	    1.1803000000e-02	    1.9067000000e+01	    1.8925000000e+01	    0.0000000000e+00
        0.4492700000	    9.3104000000e-02	    1.0548000000e-02	    1.9018000000e+01	    1.8890000000e+01	    0.0000000000e+00
        0.4629700000	    9.3215000000e-02	    9.3450000000e-03	    1.8969000000e+01	    1.8854000000e+01	    0.0000000000e+00
        0.4767900000	    9.3326000000e-02	    8.1870000000e-03	    1.8921000000e+01	    1.8818000000e+01	    0.0000000000e+00
        0.4907200000	    9.3436000000e-02	    7.0706000000e-03	    1.8872000000e+01	    1.8781000000e+01	    0.0000000000e+00
        0.5047600000	    9.3547000000e-02	    5.9926000000e-03	    1.8824000000e+01	    1.8745000000e+01	    0.0000000000e+00
        0.5189100000	    9.3658000000e-02	    4.9492000000e-03	    1.8776000000e+01	    1.8708000000e+01	    0.0000000000e+00
        0.5331600000	    9.3770000000e-02	    3.9354000000e-03	    1.8728000000e+01	    1.8670000000e+01	    0.0000000000e+00
        0.5475100000	    9.3882000000e-02	    2.9461000000e-03	    1.8680000000e+01	    1.8633000000e+01	    0.0000000000e+00
        0.5619600000	    9.3994000000e-02	    1.9761000000e-03	    1.8632000000e+01	    1.8595000000e+01	    0.0000000000e+00
        0.5764900000	    9.4107000000e-02	    1.0180000000e-03	    1.8583000000e+01	    1.8557000000e+01	    0.0000000000e+00
        0.5911200000	    9.4221000000e-02	    6.4600000000e-05	    1.8535000000e+01	    1.8518000000e+01	    0.0000000000e+00
        0.6058400000	    9.4336000000e-02	   -8.9392000000e-04	    1.8486000000e+01	    1.8480000000e+01	    0.0000000000e+00
        0.6206400000	    9.4453000000e-02	   -1.8690000000e-03	    1.8437000000e+01	    1.8441000000e+01	    0.0000000000e+00
        0.6355200000	    9.4571000000e-02	   -2.8699000000e-03	    1.8388000000e+01	    1.8402000000e+01	    0.0000000000e+00
        0.6504700000	    9.4691000000e-02	   -3.9023000000e-03	    1.8338000000e+01	    1.8362000000e+01	    0.0000000000e+00
        0.6655000000	    9.4812000000e-02	   -4.9689000000e-03	    1.8287000000e+01	    1.8323000000e+01	    0.0000000000e+00
        0.6806000000	    9.4936000000e-02	   -6.0712000000e-03	    1.8236000000e+01	    1.8283000000e+01	    0.0000000000e+00
        0.6957600000	    9.5061000000e-02	   -7.2107000000e-03	    1.8185000000e+01	    1.8243000000e+01	    0.0000000000e+00
        0.7109900000	    9.5189000000e-02	   -8.3893000000e-03	    1.8133000000e+01	    1.8203000000e+01	    0.0000000000e+00
        0.7262800000	    9.5318000000e-02	   -9.6061000000e-03	    1.8080000000e+01	    1.8163000000e+01	    0.0000000000e+00
        0.7416200000	    9.5449000000e-02	   -1.0859000000e-02	    1.8027000000e+01	    1.8122000000e+01	    0.0000000000e+00
        0.7570200000	    9.5582000000e-02	   -1.2148000000e-02	    1.7973000000e+01	    1.8081000000e+01	    0.0000000000e+00
        0.7724700000	    9.5717000000e-02	   -1.3470000000e-02	    1.7919000000e+01	    1.8040000000e+01	    0.0000000000e+00
        0.7879600000	    9.5853000000e-02	   -1.4824000000e-02	    1.7864000000e+01	    1.7999000000e+01	    0.0000000000e+00
        0.8035000000	    9.5991000000e-02	   -1.6211000000e-02	    1.7809000000e+01	    1.7958000000e+01	    0.0000000000e+00
        0.8190700000	    9.6131000000e-02	   -1.7636000000e-02	    1.7753000000e+01	    1.7916000000e+01	    0.0000000000e+00
        0.8346900000	    9.6273000000e-02	   -1.9103000000e-02	    1.7697000000e+01	    1.7875000000e+01	    0.0000000000e+00
        0.8503300000	    9.6417000000e-02	   -2.0611000000e-02	    1.7640000000e+01	    1.7833000000e+01	    0.0000000000e+00
        0.8660100000	    9.6563000000e-02	   -2.2157000000e-02	    1.7583000000e+01	    1.7791000000e+01	    0.0000000000e+00
        0.8817100000	    9.6711000000e-02	   -2.3734000000e-02	    1.7525000000e+01	    1.7749000000e+01	    0.0000000000e+00
        0.8974400000	    9.6859000000e-02	   -2.5334000000e-02	    1.7468000000e+01	    1.7707000000e+01	    0.0000000000e+00
        0.9131900000	    9.7009000000e-02	   -2.6947000000e-02	    1.7409000000e+01	    1.7665000000e+01	    0.0000000000e+00
        0.9289500000	    9.7161000000e-02	   -2.8571000000e-02	    1.7351000000e+01	    1.7623000000e+01	    0.0000000000e+00
        0.9447300000	    9.7313000000e-02	   -3.0206000000e-02	    1.7293000000e+01	    1.7580000000e+01	    0.0000000000e+00
        0.9605100000	    9.7466000000e-02	   -3.1856000000e-02	    1.7234000000e+01	    1.7538000000e+01	    0.0000000000e+00
        0.9763100000	    9.7621000000e-02	   -3.3518000000e-02	    1.7175000000e+01	    1.7495000000e+01	    0.0000000000e+00
        0.9921000000	    9.7776000000e-02	   -3.5193000000e-02	    1.7116000000e+01	    1.7453000000e+01	    0.0000000000e+00
        1.0079000000	    9.7933000000e-02	   -3.6882000000e-02	    1.7057000000e+01	    1.7410000000e+01	    0.0000000000e+00
        1.0237000000	    9.8091000000e-02	   -3.8583000000e-02	    1.6998000000e+01	    1.7368000000e+01	    0.0000000000e+00
        1.0395000000	    9.8250000000e-02	   -4.0296000000e-02	    1.6939000000e+01	    1.7325000000e+01	    0.0000000000e+00
        1.0553000000	    9.8409000000e-02	   -4.2017000000e-02	    1.6879000000e+01	    1.7282000000e+01	    0.0000000000e+00
        1.0711000000	    9.8570000000e-02	   -4.3740000000e-02	    1.6820000000e+01	    1.7239000000e+01	    0.0000000000e+00
        1.0868000000	    9.8731000000e-02	   -4.5463000000e-02	    1.6761000000e+01	    1.7196000000e+01	    0.0000000000e+00
        1.1026000000	    9.8893000000e-02	   -4.7181000000e-02	    1.6701000000e+01	    1.7153000000e+01	    0.0000000000e+00
        1.1183000000	    9.9055000000e-02	   -4.8889000000e-02	    1.6642000000e+01	    1.7111000000e+01	    0.0000000000e+00
        1.1340000000	    9.9218000000e-02	   -5.0582000000e-02	    1.6583000000e+01	    1.7068000000e+01	    0.0000000000e+00
        1.1497000000	    9.9380000000e-02	   -5.2257000000e-02	    1.6524000000e+01	    1.7025000000e+01	    0.0000000000e+00
        1.1653000000	    9.9543000000e-02	   -5.3916000000e-02	    1.6466000000e+01	    1.6982000000e+01	    0.0000000000e+00
        1.1809000000	    9.9706000000e-02	   -5.5563000000e-02	    1.6408000000e+01	    1.6939000000e+01	    0.0000000000e+00
        1.1965000000	    9.9870000000e-02	   -5.7206000000e-02	    1.6349000000e+01	    1.6896000000e+01	    0.0000000000e+00
        1.2120000000	    1.0003000000e-01	   -5.8848000000e-02	    1.6291000000e+01	    1.6854000000e+01	    0.0000000000e+00
        1.2275000000	    1.0020000000e-01	   -6.0494000000e-02	    1.6233000000e+01	    1.6811000000e+01	    0.0000000000e+00
        1.2430000000	    1.0036000000e-01	   -6.2143000000e-02	    1.6176000000e+01	    1.6768000000e+01	    0.0000000000e+00
        1.2584000000	    1.0053000000e-01	   -6.3798000000e-02	    1.6118000000e+01	    1.6726000000e+01	    0.0000000000e+00
        1.2737000000	    1.0070000000e-01	   -6.5467000000e-02	    1.6060000000e+01	    1.6683000000e+01	    0.0000000000e+00
        1.2890000000	    1.0086000000e-01	   -6.7158000000e-02	    1.6002000000e+01	    1.6641000000e+01	    0.0000000000e+00
        1.3042000000	    1.0103000000e-01	   -6.8876000000e-02	    1.5944000000e+01	    1.6599000000e+01	    0.0000000000e+00
        1.3194000000	    1.0120000000e-01	   -7.0624000000e-02	    1.5886000000e+01	    1.6556000000e+01	    0.0000000000e+00
        1.3345000000	    1.0138000000e-01	   -7.2400000000e-02	    1.5828000000e+01	    1.6514000000e+01	    0.0000000000e+00
        1.3495000000	    1.0155000000e-01	   -7.4211000000e-02	    1.5770000000e+01	    1.6472000000e+01	    0.0000000000e+00
        1.3645000000	    1.0172000000e-01	   -7.6062000000e-02	    1.5712000000e+01	    1.6431000000e+01	    0.0000000000e+00
        1.3794000000	    1.0190000000e-01	   -7.7964000000e-02	    1.5653000000e+01	    1.6389000000e+01	    0.0000000000e+00
        1.3942000000	    1.0208000000e-01	   -7.9920000000e-02	    1.5594000000e+01	    1.6347000000e+01	    0.0000000000e+00
        1.4089000000	    1.0226000000e-01	   -8.1934000000e-02	    1.5535000000e+01	    1.6306000000e+01	    0.0000000000e+00
        1.4235000000	    1.0244000000e-01	   -8.4008000000e-02	    1.5476000000e+01	    1.6265000000e+01	    0.0000000000e+00
        1.4380000000	    1.0263000000e-01	   -8.6145000000e-02	    1.5416000000e+01	    1.6224000000e+01	    0.0000000000e+00
        1.4525000000	    1.0281000000e-01	   -8.8350000000e-02	    1.5356000000e+01	    1.6183000000e+01	    0.0000000000e+00
        1.4668000000	    1.0300000000e-01	   -9.0632000000e-02	    1.5295000000e+01	    1.6142000000e+01	    0.0000000000e+00
        1.4811000000	    1.0319000000e-01	   -9.2995000000e-02	    1.5234000000e+01	    1.6102000000e+01	    0.0000000000e+00
        1.4952000000	    1.0339000000e-01	   -9.5442000000e-02	    1.5173000000e+01	    1.6061000000e+01	    0.0000000000e+00
        1.5093000000	    1.0359000000e-01	   -9.7980000000e-02	    1.5111000000e+01	    1.6021000000e+01	    0.0000000000e+00
        1.5232000000	    1.0379000000e-01	   -1.0062000000e-01	    1.5048000000e+01	    1.5982000000e+01	    0.0000000000e+00
        1.5370000000	    1.0399000000e-01	   -1.0339000000e-01	    1.4985000000e+01	    1.5942000000e+01	    0.0000000000e+00
        1.5507000000	    1.0420000000e-01	   -1.0628000000e-01	    1.4921000000e+01	    1.5903000000e+01	    0.0000000000e+00
        1.5643000000	    1.0442000000e-01	   -1.0933000000e-01	    1.4856000000e+01	    1.5864000000e+01	    0.0000000000e+00
        1.5778000000	    1.0464000000e-01	   -1.1253000000e-01	    1.4790000000e+01	    1.5825000000e+01	    0.0000000000e+00
        1.5911000000	    1.0486000000e-01	   -1.1589000000e-01	    1.4723000000e+01	    1.5786000000e+01	    0.0000000000e+00
        1.6043000000	    1.0509000000e-01	   -1.1942000000e-01	    1.4655000000e+01	    1.5748000000e+01	    0.0000000000e+00
        1.6174000000	    1.0533000000e-01	   -1.2313000000e-01	    1.4586000000e+01	    1.5710000000e+01	    0.0000000000e+00
        1.6303000000	    1.0557000000e-01	   -1.2700000000e-01	    1.4516000000e+01	    1.5673000000e+01	    0.0000000000e+00
        1.6431000000	    1.0581000000e-01	   -1.3107000000e-01	    1.4444000000e+01	    1.5635000000e+01	    0.0000000000e+00
        1.6558000000	    1.0607000000e-01	   -1.3534000000e-01	    1.4372000000e+01	    1.5598000000e+01	    0.0000000000e+00
        1.6683000000	    1.0633000000e-01	   -1.3986000000e-01	    1.4298000000e+01	    1.5562000000e+01	    0.0000000000e+00
        1.6806000000	    1.0660000000e-01	   -1.4463000000e-01	    1.4222000000e+01	    1.5525000000e+01	    0.0000000000e+00
        1.6928000000	    1.0688000000e-01	   -1.4968000000e-01	    1.4145000000e+01	    1.5489000000e+01	    0.0000000000e+00
        1.7049000000	    1.0716000000e-01	   -1.5505000000e-01	    1.4065000000e+01	    1.5454000000e+01	    0.0000000000e+00
        1.7167000000	    1.0746000000e-01	   -1.6075000000e-01	    1.3983000000e+01	    1.5419000000e+01	    0.0000000000e+00
        1.7285000000	    1.0778000000e-01	   -1.6684000000e-01	    1.3899000000e+01	    1.5384000000e+01	    0.0000000000e+00
        1.7400000000	    1.0810000000e-01	   -1.7334000000e-01	    1.3812000000e+01	    1.5349000000e+01	    0.0000000000e+00
        1.7514000000	    1.0845000000e-01	   -1.8033000000e-01	    1.3721000000e+01	    1.5315000000e+01	    0.0000000000e+00
        1.7626000000	    1.0881000000e-01	   -1.8784000000e-01	    1.3627000000e+01	    1.5282000000e+01	    0.0000000000e+00
        1.7737000000	    1.0919000000e-01	   -1.9595000000e-01	    1.3529000000e+01	    1.5248000000e+01	    0.0000000000e+00
        1.7845000000	    1.0959000000e-01	   -2.0473000000e-01	    1.3426000000e+01	    1.5215000000e+01	    0.0000000000e+00
        1.7952000000	    1.1002000000e-01	   -2.1429000000e-01	    1.3318000000e+01	    1.5183000000e+01	    0.0000000000e+00
        1.8057000000	    1.1048000000e-01	   -2.2476000000e-01	    1.3204000000e+01	    1.5151000000e+01	    0.0000000000e+00
        1.8160000000	    1.1098000000e-01	   -2.3626000000e-01	    1.3082000000e+01	    1.5119000000e+01	    0.0000000000e+00
        1.8261000000	    1.1151000000e-01	   -2.4898000000e-01	    1.2952000000e+01	    1.5088000000e+01	    0.0000000000e+00
        1.8360000000	    1.1210000000e-01	   -2.6308000000e-01	    1.2812000000e+01	    1.5058000000e+01	    0.0000000000e+00
        1.8457000000	    1.1274000000e-01	   -2.7879000000e-01	    1.2661000000e+01	    1.5027000000e+01	    0.0000000000e+00
        1.8552000000	    1.1345000000e-01	   -2.9637000000e-01	    1.2497000000e+01	    1.4997000000e+01	    0.0000000000e+00
        1.8645000000	    1.1424000000e-01	   -3.1614000000e-01	    1.2318000000e+01	    1.4968000000e+01	    0.0000000000e+00
        1.8736000000	    1.1512000000e-01	   -3.3844000000e-01	    1.2122000000e+01	    1.4939000000e+01	    0.0000000000e+00
        1.8825000000	    1.1611000000e-01	   -3.6373000000e-01	    1.1905000000e+01	    1.4911000000e+01	    0.0000000000e+00
        1.8912000000	    1.1723000000e-01	   -3.9252000000e-01	    1.1666000000e+01	    1.4883000000e+01	    0.0000000000e+00
        1.8996000000	    1.1850000000e-01	   -4.2541000000e-01	    1.1401000000e+01	    1.4855000000e+01	    0.0000000000e+00
        1.9078000000	    1.1995000000e-01	   -4.6311000000e-01	    1.1106000000e+01	    1.4828000000e+01	    0.0000000000e+00
        1.9158000000	    1.2163000000e-01	   -5.0645000000e-01	    1.0778000000e+01	    1.4801000000e+01	    0.0000000000e+00
        1.9236000000	    1.2356000000e-01	   -5.5634000000e-01	    1.0413000000e+01	    1.4774000000e+01	    0.0000000000e+00
        1.9311000000	    1.2580000000e-01	   -6.1379000000e-01	    1.0008000000e+01	    1.4748000000e+01	    0.0000000000e+00
        1.9384000000	    1.2839000000e-01	   -6.7984000000e-01	    9.5607000000e+00	    1.4722000000e+01	    0.0000000000e+00
        1.9455000000	    1.3141000000e-01	   -7.5548000000e-01	    9.0720000000e+00	    1.4697000000e+01	    0.0000000000e+00
        1.9523000000	    1.3489000000e-01	   -8.4156000000e-01	    8.5446000000e+00	    1.4671000000e+01	    0.0000000000e+00
        1.9589000000	    1.3889000000e-01	   -9.3863000000e-01	    7.9846000000e+00	    1.4646000000e+01	    0.0000000000e+00
        1.9652000000	    1.4346000000e-01	   -1.0468000000e+00	    7.4023000000e+00	    1.4621000000e+01	    0.0000000000e+00
        1.9713000000	    1.4861000000e-01	   -1.1656000000e+00	    6.8111000000e+00	    1.4597000000e+01	    0.0000000000e+00
        1.9771000000	    1.5434000000e-01	   -1.2941000000e+00	    6.2263000000e+00	    1.4572000000e+01	    0.0000000000e+00
        1.9826000000	    1.6063000000e-01	   -1.4308000000e+00	    5.6632000000e+00	    1.4548000000e+01	    0.0000000000e+00
        1.9879000000	    1.6743000000e-01	   -1.5740000000e+00	    5.1342000000e+00	    1.4524000000e+01	    0.0000000000e+00
        1.9929000000	    1.7470000000e-01	   -1.7220000000e+00	    4.6470000000e+00	    1.4501000000e+01	    0.0000000000e+00
        1.9977000000	    1.8238000000e-01	   -1.8736000000e+00	    4.2046000000e+00	    1.4478000000e+01	    0.0000000000e+00
