        0.0023093000	    1.0000000000e+02	    5.1844000000e+00	    3.0713000000e+01	    3.0661000000e+01	    0.0000000000e+00
        0.0070633000	    1.0000000000e+02	    1.0932000000e+00	    3.0518000000e+01	    3.0507000000e+01	    0.0000000000e+00
        0.0120870000	    1.0000000000e+02	    1.7559000000e-01	    3.0366000000e+01	    3.0364000000e+01	    0.0000000000e+00
        0.0173760000	    1.0000000000e+02	    5.8470000000e-03	    3.0217000000e+01	    3.0217000000e+01	    0.0000000000e+00
        0.0229280000	    1.0000000000e+02	   -5.3727000000e-02	    3.0063000000e+01	    3.0063000000e+01	    0.0000000000e+00
        0.0287390000	    1.0000000000e+02	   -9.2852000000e-02	    2.9903000000e+01	    2.9904000000e+01	    0.0000000000e+00
        0.0348070000	    1.0000000000e+02	   -1.2958000000e-01	    2.9738000000e+01	    2.9739000000e+01	    0.0000000000e+00
        0.0411270000	    1.0000000000e+02	   -1.6604000000e-01	    2.9567000000e+01	    2.9569000000e+01	    0.0000000000e+00
        0.0476960000	    1.0000000000e+02	   -2.0104000000e-01	    2.9392000000e+01	    2.9394000000e+01	    0.0000000000e+00
        0.0545120000	    1.0000000000e+02	   -2.3269000000e-01	    2.9214000000e+01	    2.9216000000e+01	    0.0000000000e+00
        0.0615700000	    1.0000000000e+02	   -2.5942000000e-01	    2.9032000000e+01	    2.9035000000e+01	    0.0000000000e+00
        0.0688680000	    1.0000000000e+02	   -2.8008000000e-01	    2.8849000000e+01	    2.8852000000e+01	    0.0000000000e+00
        0.0764010000	    1.0000000000e+02	   -2.9430000000e-01	    2.8665000000e+01	    2.8668000000e+01	    0.0000000000e+00
        0.0841680000	    1.0000000000e+02	   -3.0240000000e-01	    2.8481000000e+01	    2.8484000000e+01	    0.0000000000e+00
        0.0921640000	    1.0000000000e+02	   -3.0524000000e-01	    2.8297000000e+01	    2.8300000000e+01	    0.0000000000e+00
        0.1003900000	    1.0000000000e+02	   -3.0342000000e-01	    2.8114000000e+01	    2.8117000000e+01	    0.0000000000e+00
        0.1088300000	    1.0000000000e+02	   -2.9780000000e-01	    2.7934000000e+01	    2.7937000000e+01	    0.0000000000e+00
        0.1174900000	    1.0000000000e+02	   -2.8911000000e-01	    2.7755000000e+01	    2.7758000000e+01	    0.0000000000e+00
        0.1263700000	    1.0000000000e+02	   -2.7780000000e-01	    2.7579000000e+01	    2.7582000000e+01	    0.0000000000e+00
        0.1354700000	    1.0000000000e+02	   -2.6482000000e-01	    2.7406000000e+01	    2.7409000000e+01	    0.0000000000e+00
        0.1447700000	    1.0000000000e+02	   -2.5097000000e-01	    2.7236000000e+01	    2.7238000000e+01	    0.0000000000e+00
        0.1542800000	    1.0000000000e+02	   -2.3616000000e-01	    2.7069000000e+01	    2.7072000000e+01	    0.0000000000e+00
        0.1639900000	    1.0000000000e+02	   -2.2062000000e-01	    2.6906000000e+01	    2.6908000000e+01	    0.0000000000e+00
        0.1739000000	    1.0000000000e+02	   -2.0384000000e-01	    2.6746000000e+01	    2.6748000000e+01	    0.0000000000e+00
        0.1840100000	    1.0000000000e+02	   -1.8472000000e-01	    2.6590000000e+01	    2.6592000000e+01	    0.0000000000e+00
        0.1943100000	    1.0000000000e+02	   -1.6360000000e-01	    2.6436000000e+01	    2.6438000000e+01	    0.0000000000e+00
        0.2048000000	    1.0000000000e+02	   -1.4097000000e-01	    2.6286000000e+01	    2.6287000000e+01	    0.0000000000e+00
        0.2154700000	    1.0000000000e+02	   -1.1873000000e-01	    2.6138000000e+01	    2.6139000000e+01	    0.0000000000e+00
        0.2263300000	    1.0000000000e+02	   -9.8147000000e-02	    2.5992000000e+01	    2.5993000000e+01	    0.0000000000e+00
        0.2373700000	    1.0000000000e+02	   -8.0447000000e-02	    2.5847000000e+01	    2.5848000000e+01	    0.0000000000e+00
        0.2485900000	    1.0000000000e+02	   -6.5379000000e-02	    2.5703000000e+01	    2.5704000000e+01	    0.0000000000e+00
        0.2599700000	    1.0000000000e+02	   -5.2851000000e-02	    2.5560000000e+01	    2.5560000000e+01	    0.0000000000e+00
        0.2715300000	    1.0000000000e+02	   -4.2844000000e-02	    2.5416000000e+01	    2.5417000000e+01	    0.0000000000e+00
        0.2832500000	    1.0000000000e+02	   -3.5180000000e-02	    2.5273000000e+01	    2.5273000000e+01	    0.0000000000e+00
        0.2951400000	    1.0000000000e+02	   -2.9723000000e-02	    2.5129000000e+01	    2.5129000000e+01	    0.0000000000e+00
        0.3071900000	    1.0000000000e+02	   -2.4245000000e-02	    2.4985000000e+01	    2.4985000000e+01	    0.0000000000e+00
        0.3193900000	    1.0000000000e+02	   -1.8349000000e-02	    2.4840000000e+01	    2.4840000000e+01	    0.0000000000e+00
        0.3317400000	    1.0000000000e+02	   -1.0489000000e-02	    2.4694000000e+01	    2.4694000000e+01	    0.0000000000e+00
        0.3442500000	    1.0000000000e+02	   -1.4483000000e-03	    2.4547000000e+01	    2.4547000000e+01	    0.0000000000e+00
        0.3569000000	    1.0000000000e+02	    7.9336000000e-03	    2.4398000000e+01	    2.4398000000e+01	    0.0000000000e+00
        0.3696900000	    1.0000000000e+02	    1.6458000000e-02	    2.4248000000e+01	    2.4248000000e+01	    0.0000000000e+00
        0.3826200000	    1.0000000000e+02	    2.3942000000e-02	    2.4095000000e+01	    2.4095000000e+01	    0.0000000000e+00
        0.3956900000	    1.0000000000e+02	    3.1106000000e-02	    2.3940000000e+01	    2.3940000000e+01	    0.0000000000e+00
        0.4089000000	    1.0000000000e+02	    3.6842000000e-02	    2.3782000000e+01	    2.3782000000e+01	    0.0000000000e+00
        0.4222300000	    1.0000000000e+02	    4.0332000000e-02	    2.3621000000e+01	    2.3620000000e+01	    0.0000000000e+00
        0.4356900000	    1.0000000000e+02	    4.2684000000e-02	    2.3456000000e+01	    2.3456000000e+01	    0.0000000000e+00
        0.4492700000	    1.0000000000e+02	    4.3619000000e-02	    2.3288000000e+01	    2.3288000000e+01	    0.0000000000e+00
        0.4629700000	    1.0000000000e+02	    4.2167000000e-02	    2.3117000000e+01	    2.3116000000e+01	    0.0000000000e+00
        0.4767900000	    1.0000000000e+02	    3.7765000000e-02	    2.2942000000e+01	    2.2941000000e+01	    0.0000000000e+00
        0.4907200000	    1.0000000000e+02	    3.2049000000e-02	    2.2764000000e+01	    2.2764000000e+01	    0.0000000000e+00
        0.5047600000	    1.0000000000e+02	    2.6419000000e-02	    2.2583000000e+01	    2.2583000000e+01	    0.0000000000e+00
        0.5189100000	    1.0000000000e+02	    1.9468000000e-02	    2.2399000000e+01	    2.2399000000e+01	    0.0000000000e+00
        0.5331600000	    1.0000000000e+02	    1.3060000000e-02	    2.2214000000e+01	    2.2213000000e+01	    0.0000000000e+00
        0.5475100000	    1.0000000000e+02	    6.9219000000e-03	    2.2026000000e+01	    2.2026000000e+01	    0.0000000000e+00
        0.5619600000	    1.0000000000e+02	    3.0468000000e-03	    2.1836000000e+01	    2.1836000000e+01	    0.0000000000e+00
        0.5764900000	    1.0000000000e+02	    2.1463000000e-03	    2.1646000000e+01	    2.1646000000e+01	    0.0000000000e+00
        0.5911200000	    1.0000000000e+02	    3.6739000000e-03	    2.1454000000e+01	    2.1454000000e+01	    0.0000000000e+00
        0.6058400000	    1.0000000000e+02	    5.9921000000e-03	    2.1261000000e+01	    2.1261000000e+01	    0.0000000000e+00
        0.6206400000	    1.0000000000e+02	    7.5212000000e-03	    2.1067000000e+01	    2.1067000000e+01	    0.0000000000e+00
        0.6355200000	    1.0000000000e+02	    8.5688000000e-03	    2.0871000000e+01	    2.0871000000e+01	    0.0000000000e+00
        0.6504700000	    1.0000000000e+02	    8.1886000000e-03	    2.0674000000e+01	    2.0674000000e+01	    0.0000000000e+00
        0.6655000000	    1.0000000000e+02	    6.8849000000e-03	    2.0475000000e+01	    2.0475000000e+01	    0.0000000000e+00
        0.6806000000	    1.0000000000e+02	    5.6290000000e-03	    2.0276000000e+01	    2.0276000000e+01	    0.0000000000e+00
        0.6957600000	    1.0000000000e+02	    5.3662000000e-03	    2.0075000000e+01	    2.0075000000e+01	    0.0000000000e+00
        0.7109900000	    1.0000000000e+02	    5.3472000000e-03	    1.9873000000e+01	    1.9873000000e+01	    0.0000000000e+00
        0.7262800000	    1.0000000000e+02	    4.8011000000e-03	    1.9671000000e+01	    1.9671000000e+01	    0.0000000000e+00
        0.7416200000	    1.0000000000e+02	    3.4110000000e-03	    1.9468000000e+01	    1.9468000000e+01	    0.0000000000e+00
        0.7570200000	    1.0000000000e+02	    1.4569000000e-03	    1.9265000000e+01	    1.9265000000e+01	    0.0000000000e+00
        0.7724700000	    1.0000000000e+02	   -2.7066000000e-04	    1.9062000000e+01	    1.9062000000e+01	    0.0000000000e+00
        0.7879600000	    1.0000000000e+02	   -1.7993000000e-03	    1.8859000000e+01	    1.8859000000e+01	    0.0000000000e+00
        0.8035000000	    1.0000000000e+02	   -3.4925000000e-03	    1.8657000000e+01	    1.8657000000e+01	    0.0000000000e+00
        0.8190700000	    1.0000000000e+02	   -5.2666000000e-03	    1.8455000000e+01	    1.8455000000e+01	    0.0000000000e+00
        0.8346900000	    1.0000000000e+02	   -7.0158000000e-03	    1.8254000000e+01	    1.8254000000e+01	    0.0000000000e+00
        0.8503300000	    1.0000000000e+02	   -9.0273000000e-03	    1.8053000000e+01	    1.8053000000e+01	    0.0000000000e+00
        0.8660100000	    1.0000000000e+02	   -1.0766000000e-02	    1.7853000000e+01	    1.7853000000e+01	    0.0000000000e+00
        0.8817100000	    1.0000000000e+02	   -1.2490000000e-02	    1.7654000000e+01	    1.7655000000e+01	    0.0000000000e+00
        0.8974400000	    1.0000000000e+02	   -1.5385000000e-02	    1.7457000000e+01	    1.7457000000e+01	    0.0000000000e+00
        0.9131900000	    1.0000000000e+02	   -1.8703000000e-02	    1.7260000000e+01	    1.7260000000e+01	    0.0000000000e+00
        0.9289500000	    1.0000000000e+02	   -2.0624000000e-02	    1.7065000000e+01	    1.7065000000e+01	    0.0000000000e+00
        0.9447300000	    1.0000000000e+02	   -1.8135000000e-02	    1.6872000000e+01	    1.6872000000e+01	    0.0000000000e+00
        0.9605100000	    1.0000000000e+02	   -1.0638000000e-02	    1.6680000000e+01	    1.6680000000e+01	    0.0000000000e+00
        0.9763100000	    1.0000000000e+02	    8.2850000000e-04	    1.6488000000e+01	    1.6488000000e+01	    0.0000000000e+00
        0.9921000000	    1.0000000000e+02	    1.3244000000e-02	    1.6297000000e+01	    1.6297000000e+01	    0.0000000000e+00
        1.0079000000	    1.0000000000e+02	    2.3821000000e-02	    1.6105000000e+01	    1.6105000000e+01	    0.0000000000e+00
        1.0237000000	    1.0000000000e+02	    2.8819000000e-02	    1.5911000000e+01	    1.5911000000e+01	    0.0000000000e+00
        1.0395000000	    1.0000000000e+02	    2.3903000000e-02	    1.5715000000e+01	    1.5715000000e+01	    0.0000000000e+00
        1.0553000000	    1.0000000000e+02	    1.0061000000e-02	    1.5518000000e+01	    1.5517000000e+01	    0.0000000000e+00
        1.0711000000	    1.0000000000e+02	   -9.2193000000e-03	    1.5320000000e+01	    1.5320000000e+01	    0.0000000000e+00
        1.0868000000	    1.0000000000e+02	   -2.8142000000e-02	    1.5122000000e+01	    1.5123000000e+01	    0.0000000000e+00
        1.1026000000	    1.0000000000e+02	   -4.2302000000e-02	    1.4928000000e+01	    1.4928000000e+01	    0.0000000000e+00
        1.1183000000	    1.0000000000e+02	   -5.0744000000e-02	    1.4736000000e+01	    1.4737000000e+01	    0.0000000000e+00
        1.1340000000	    1.0000000000e+02	   -5.4182000000e-02	    1.4548000000e+01	    1.4549000000e+01	    0.0000000000e+00
        1.1497000000	    1.0000000000e+02	   -5.5262000000e-02	    1.4365000000e+01	    1.4365000000e+01	    0.0000000000e+00
        1.1653000000	    1.0000000000e+02	   -5.4734000000e-02	    1.4185000000e+01	    1.4186000000e+01	    0.0000000000e+00
        1.1809000000	    1.0000000000e+02	   -5.3183000000e-02	    1.4010000000e+01	    1.4010000000e+01	    0.0000000000e+00
        1.1965000000	    1.0000000000e+02	   -4.9830000000e-02	    1.3838000000e+01	    1.3839000000e+01	    0.0000000000e+00
        1.2120000000	    1.0000000000e+02	   -4.4628000000e-02	    1.3671000000e+01	    1.3671000000e+01	    0.0000000000e+00
        1.2275000000	    1.0000000000e+02	   -3.7777000000e-02	    1.3506000000e+01	    1.3507000000e+01	    0.0000000000e+00
        1.2430000000	    1.0000000000e+02	   -2.9191000000e-02	    1.3345000000e+01	    1.3345000000e+01	    0.0000000000e+00
        1.2584000000	    1.0000000000e+02	   -1.9839000000e-02	    1.3185000000e+01	    1.3185000000e+01	    0.0000000000e+00
        1.2737000000	    1.0000000000e+02	   -1.1422000000e-02	    1.3027000000e+01	    1.3027000000e+01	    0.0000000000e+00
        1.2890000000	    1.0000000000e+02	   -4.1389000000e-03	    1.2870000000e+01	    1.2870000000e+01	    0.0000000000e+00
        1.3042000000	    1.0000000000e+02	    1.6136000000e-03	    1.2714000000e+01	    1.2714000000e+01	    0.0000000000e+00
        1.3194000000	    1.0000000000e+02	    6.0404000000e-03	    1.2558000000e+01	    1.2558000000e+01	    0.0000000000e+00
        1.3345000000	    1.0000000000e+02	    9.2420000000e-03	    1.2402000000e+01	    1.2402000000e+01	    0.0000000000e+00
        1.3495000000	    1.0000000000e+02	    9.3862000000e-03	    1.2246000000e+01	    1.2246000000e+01	    0.0000000000e+00
        1.3645000000	    1.0000000000e+02	    5.1591000000e-03	    1.2091000000e+01	    1.2091000000e+01	    0.0000000000e+00
        1.3794000000	    1.0000000000e+02	   -1.7014000000e-03	    1.1936000000e+01	    1.1936000000e+01	    0.0000000000e+00
        1.3942000000	    1.0000000000e+02	   -8.4855000000e-03	    1.1782000000e+01	    1.1782000000e+01	    0.0000000000e+00
        1.4089000000	    1.0000000000e+02	   -1.2407000000e-02	    1.1629000000e+01	    1.1629000000e+01	    0.0000000000e+00
        1.4235000000	    1.0000000000e+02	   -1.4570000000e-02	    1.1479000000e+01	    1.1479000000e+01	    0.0000000000e+00
        1.4380000000	    1.0000000000e+02	   -1.7115000000e-02	    1.1330000000e+01	    1.1330000000e+01	    0.0000000000e+00
        1.4525000000	    1.0000000000e+02	   -2.0032000000e-02	    1.1184000000e+01	    1.1184000000e+01	    0.0000000000e+00
        1.4668000000	    1.0000000000e+02	   -2.1439000000e-02	    1.1039000000e+01	    1.1039000000e+01	    0.0000000000e+00
        1.4811000000	    1.0000000000e+02	   -2.1188000000e-02	    1.0897000000e+01	    1.0897000000e+01	    0.0000000000e+00
        1.4952000000	    1.0000000000e+02	   -2.0676000000e-02	    1.0757000000e+01	    1.0757000000e+01	    0.0000000000e+00
        1.5093000000	    1.0000000000e+02	   -1.9818000000e-02	    1.0619000000e+01	    1.0619000000e+01	    0.0000000000e+00
        1.5232000000	    1.0000000000e+02	   -1.9686000000e-02	    1.0483000000e+01	    1.0484000000e+01	    0.0000000000e+00
        1.5370000000	    1.0000000000e+02	   -1.9680000000e-02	    1.0350000000e+01	    1.0350000000e+01	    0.0000000000e+00
        1.5507000000	    1.0000000000e+02	   -2.2549000000e-02	    1.0218000000e+01	    1.0219000000e+01	    0.0000000000e+00
        1.5643000000	    1.0000000000e+02	   -2.7709000000e-02	    1.0089000000e+01	    1.0089000000e+01	    0.0000000000e+00
        1.5778000000	    1.0000000000e+02	   -3.2667000000e-02	    9.9620000000e+00	    9.9623000000e+00	    0.0000000000e+00
        1.5911000000	    1.0000000000e+02	   -3.1851000000e-02	    9.8376000000e+00	    9.8379000000e+00	    0.0000000000e+00
        1.6043000000	    1.0000000000e+02	   -2.3322000000e-02	    9.7157000000e+00	    9.7160000000e+00	    0.0000000000e+00
        1.6174000000	    1.0000000000e+02	   -1.1029000000e-02	    9.5960000000e+00	    9.5961000000e+00	    0.0000000000e+00
        1.6303000000	    1.0000000000e+02	    1.0850000000e-03	    9.4776000000e+00	    9.4776000000e+00	    0.0000000000e+00
        1.6431000000	    1.0000000000e+02	    1.0911000000e-02	    9.3602000000e+00	    9.3601000000e+00	    0.0000000000e+00
        1.6558000000	    1.0000000000e+02	    1.7217000000e-02	    9.2432000000e+00	    9.2431000000e+00	    0.0000000000e+00
        1.6683000000	    1.0000000000e+02	    2.1149000000e-02	    9.1265000000e+00	    9.1262000000e+00	    0.0000000000e+00
        1.6806000000	    1.0000000000e+02	    2.1378000000e-02	    9.0097000000e+00	    9.0095000000e+00	    0.0000000000e+00
        1.6928000000	    1.0000000000e+02	    1.8756000000e-02	    8.8931000000e+00	    8.8929000000e+00	    0.0000000000e+00
        1.7049000000	    1.0000000000e+02	    1.6375000000e-02	    8.7768000000e+00	    8.7766000000e+00	    0.0000000000e+00
        1.7167000000	    1.0000000000e+02	    1.3723000000e-02	    8.6610000000e+00	    8.6608000000e+00	    0.0000000000e+00
        1.7285000000	    1.0000000000e+02	    1.4024000000e-02	    8.5458000000e+00	    8.5457000000e+00	    0.0000000000e+00
        1.7400000000	    1.0000000000e+02	    1.6664000000e-02	    8.4315000000e+00	    8.4313000000e+00	    0.0000000000e+00
        1.7514000000	    1.0000000000e+02	    2.3153000000e-02	    8.3179000000e+00	    8.3176000000e+00	    0.0000000000e+00
        1.7626000000	    1.0000000000e+02	    3.2015000000e-02	    8.2049000000e+00	    8.2046000000e+00	    0.0000000000e+00
        1.7737000000	    1.0000000000e+02	    4.3338000000e-02	    8.0923000000e+00	    8.0919000000e+00	    0.0000000000e+00
        1.7845000000	    1.0000000000e+02	    5.8148000000e-02	    7.9799000000e+00	    7.9793000000e+00	    0.0000000000e+00
        1.7952000000	    1.0000000000e+02	    7.4675000000e-02	    7.8672000000e+00	    7.8664000000e+00	    0.0000000000e+00
        1.8057000000	    1.0000000000e+02	    9.2631000000e-02	    7.7538000000e+00	    7.7529000000e+00	    0.0000000000e+00
        1.8160000000	    1.0000000000e+02	    1.1280000000e-01	    7.6395000000e+00	    7.6383000000e+00	    0.0000000000e+00
        1.8261000000	    1.0000000000e+02	    1.3541000000e-01	    7.5236000000e+00	    7.5223000000e+00	    0.0000000000e+00
        1.8360000000	    1.0000000000e+02	    1.6190000000e-01	    7.4059000000e+00	    7.4043000000e+00	    0.0000000000e+00
        1.8457000000	    1.0000000000e+02	    1.9208000000e-01	    7.2858000000e+00	    7.2838000000e+00	    0.0000000000e+00
        1.8552000000	    1.0000000000e+02	    2.2584000000e-01	    7.1627000000e+00	    7.1605000000e+00	    0.0000000000e+00
        1.8645000000	    1.0000000000e+02	    2.6154000000e-01	    7.0362000000e+00	    7.0336000000e+00	    0.0000000000e+00
        1.8736000000	    1.0000000000e+02	    2.9891000000e-01	    6.9058000000e+00	    6.9028000000e+00	    0.0000000000e+00
        1.8825000000	    1.0000000000e+02	    3.3739000000e-01	    6.7710000000e+00	    6.7676000000e+00	    0.0000000000e+00
        1.8912000000	    1.0000000000e+02	    3.7551000000e-01	    6.6315000000e+00	    6.6277000000e+00	    0.0000000000e+00
        1.8996000000	    1.0000000000e+02	    4.1208000000e-01	    6.4870000000e+00	    6.4829000000e+00	    0.0000000000e+00
        1.9078000000	    1.0000000000e+02	    4.4408000000e-01	    6.3375000000e+00	    6.3331000000e+00	    0.0000000000e+00
        1.9158000000	    1.0000000000e+02	    4.6906000000e-01	    6.1831000000e+00	    6.1784000000e+00	    0.0000000000e+00
        1.9236000000	    1.0000000000e+02	    4.8459000000e-01	    6.0240000000e+00	    6.0191000000e+00	    0.0000000000e+00
        1.9311000000	    1.0000000000e+02	    4.8782000000e-01	    5.8608000000e+00	    5.8559000000e+00	    0.0000000000e+00
        1.9384000000	    1.0000000000e+02	    4.7570000000e-01	    5.6942000000e+00	    5.6894000000e+00	    0.0000000000e+00
        1.9455000000	    1.0000000000e+02	    4.4512000000e-01	    5.5252000000e+00	    5.5207000000e+00	    0.0000000000e+00
        1.9523000000	    1.0000000000e+02	    3.9364000000e-01	    5.3551000000e+00	    5.3511000000e+00	    0.0000000000e+00
        1.9589000000	    1.0000000000e+02	    3.1993000000e-01	    5.1853000000e+00	    5.1821000000e+00	    0.0000000000e+00
        1.9652000000	    1.0000000000e+02	    2.2471000000e-01	    5.0174000000e+00	    5.0151000000e+00	    0.0000000000e+00
        1.9713000000	    1.0000000000e+02	    1.0686000000e-01	    4.8530000000e+00	    4.8519000000e+00	    0.0000000000e+00
        1.9771000000	    1.0000000000e+02	   -4.8681000000e-02	    4.6935000000e+00	    4.6940000000e+00	    0.0000000000e+00
        1.9826000000	    1.0000000000e+02	   -3.0379000000e-01	    4.5398000000e+00	    4.5428000000e+00	    0.0000000000e+00
        1.9879000000	    1.0000000000e+02	   -8.6100000000e-01	    4.3911000000e+00	    4.3997000000e+00	    0.0000000000e+00
        1.9929000000	    1.0000000000e+02	   -2.2923000000e+00	    4.2437000000e+00	    4.2666000000e+00	    0.0000000000e+00
        1.9977000000	    1.0000000000e+02	   -5.6649000000e+00	    4.0873000000e+00	    4.1440000000e+00	    0.0000000000e+00
