        0.0023093000	    1.0000000000e+01	    5.6844000000e+00	    3.0623000000e+01	    3.0055000000e+01	    0.0000000000e+00
        0.0070633000	    1.0000000000e+01	    3.1320000000e+00	    3.0265000000e+01	    2.9952000000e+01	    0.0000000000e+00
        0.0120870000	    1.0000000000e+01	    1.6442000000e+00	    3.0016000000e+01	    2.9852000000e+01	    0.0000000000e+00
        0.0173760000	    1.0000000000e+01	    8.3299000000e-01	    2.9831000000e+01	    2.9748000000e+01	    0.0000000000e+00
        0.0229280000	    1.0000000000e+01	    3.9562000000e-01	    2.9680000000e+01	    2.9640000000e+01	    0.0000000000e+00
        0.0287390000	    1.0000000000e+01	    1.6031000000e-01	    2.9547000000e+01	    2.9531000000e+01	    0.0000000000e+00
        0.0348070000	    1.0000000000e+01	    2.9474000000e-02	    2.9423000000e+01	    2.9420000000e+01	    0.0000000000e+00
        0.0411270000	    1.0000000000e+01	   -4.8619000000e-02	    2.9302000000e+01	    2.9307000000e+01	    0.0000000000e+00
        0.0476960000	    1.0000000000e+01	   -1.0036000000e-01	    2.9182000000e+01	    2.9192000000e+01	    0.0000000000e+00
        0.0545120000	    1.0000000000e+01	   -1.3860000000e-01	    2.9061000000e+01	    2.9075000000e+01	    0.0000000000e+00
        0.0615700000	    1.0000000000e+01	   -1.6926000000e-01	    2.8940000000e+01	    2.8956000000e+01	    0.0000000000e+00
        0.0688680000	    1.0000000000e+01	   -1.9492000000e-01	    2.8816000000e+01	    2.8835000000e+01	    0.0000000000e+00
        0.0764010000	    1.0000000000e+01	   -2.1663000000e-01	    2.8691000000e+01	    2.8712000000e+01	    0.0000000000e+00
        0.0841680000	    1.0000000000e+01	   -2.3481000000e-01	    2.8563000000e+01	    2.8587000000e+01	    0.0000000000e+00
        0.0921640000	    1.0000000000e+01	   -2.4966000000e-01	    2.8434000000e+01	    2.8459000000e+01	    0.0000000000e+00
        0.1003900000	    1.0000000000e+01	   -2.6131000000e-01	    2.8303000000e+01	    2.8329000000e+01	    0.0000000000e+00
        0.1088300000	    1.0000000000e+01	   -2.6991000000e-01	    2.8170000000e+01	    2.8197000000e+01	    0.0000000000e+00
        0.1174900000	    1.0000000000e+01	   -2.7561000000e-01	    2.8036000000e+01	    2.8063000000e+01	    0.0000000000e+00
        0.1263700000	    1.0000000000e+01	   -2.7866000000e-01	    2.7899000000e+01	    2.7927000000e+01	    0.0000000000e+00
        0.1354700000	    1.0000000000e+01	   -2.7929000000e-01	    2.7761000000e+01	    2.7789000000e+01	    0.0000000000e+00
        0.1447700000	    1.0000000000e+01	   -2.7776000000e-01	    2.7621000000e+01	    2.7648000000e+01	    0.0000000000e+00
        0.1542800000	    1.0000000000e+01	   -2.7432000000e-01	    2.7479000000e+01	    2.7506000000e+01	    0.0000000000e+00
        0.1639900000	    1.0000000000e+01	   -2.6920000000e-01	    2.7335000000e+01	    2.7362000000e+01	    0.0000000000e+00
        0.1739000000	    1.0000000000e+01	   -2.6269000000e-01	    2.7190000000e+01	    2.7216000000e+01	    0.0000000000e+00
        0.1840100000	    1.0000000000e+01	   -2.5510000000e-01	    2.7042000000e+01	    2.7068000000e+01	    0.0000000000e+00
        0.1943100000	    1.0000000000e+01	   -2.4668000000e-01	    2.6894000000e+01	    2.6918000000e+01	    0.0000000000e+00
        0.2048000000	    1.0000000000e+01	   -2.3769000000e-01	    2.6743000000e+01	    2.6767000000e+01	    0.0000000000e+00
        0.2154700000	    1.0000000000e+01	   -2.2831000000e-01	    2.6591000000e+01	    2.6614000000e+01	    0.0000000000e+00
        0.2263300000	    1.0000000000e+01	   -2.1867000000e-01	    2.6437000000e+01	    2.6459000000e+01	    0.0000000000e+00
        0.2373700000	    1.0000000000e+01	   -2.0885000000e-01	    2.6282000000e+01	    2.6303000000e+01	    0.0000000000e+00
        0.2485900000	    1.0000000000e+01	   -1.9896000000e-01	    2.6125000000e+01	    2.6145000000e+01	    0.0000000000e+00
        0.2599700000	    1.0000000000e+01	   -1.8906000000e-01	    2.5966000000e+01	    2.5985000000e+01	    0.0000000000e+00
        0.2715300000	    1.0000000000e+01	   -1.7919000000e-01	    2.5806000000e+01	    2.5824000000e+01	    0.0000000000e+00
        0.2832500000	    1.0000000000e+01	   -1.6948000000e-01	    2.5644000000e+01	    2.5661000000e+01	    0.0000000000e+00
        0.2951400000	    1.0000000000e+01	   -1.6003000000e-01	    2.5481000000e+01	    2.5497000000e+01	    0.0000000000e+00
        0.3071900000	    1.0000000000e+01	   -1.5093000000e-01	    2.5317000000e+01	    2.5332000000e+01	    0.0000000000e+00
        0.3193900000	    1.0000000000e+01	   -1.4227000000e-01	    2.5150000000e+01	    2.5165000000e+01	    0.0000000000e+00
        0.3317400000	    1.0000000000e+01	   -1.3409000000e-01	    2.4983000000e+01	    2.4996000000e+01	    0.0000000000e+00
        0.3442500000	    1.0000000000e+01	   -1.2637000000e-01	    2.4814000000e+01	    2.4826000000e+01	    0.0000000000e+00
        0.3569000000	    1.0000000000e+01	   -1.1909000000e-01	    2.4643000000e+01	    2.4655000000e+01	    0.0000000000e+00
        0.3696900000	    1.0000000000e+01	   -1.1219000000e-01	    2.4471000000e+01	    2.4482000000e+01	    0.0000000000e+00
        0.3826200000	    1.0000000000e+01	   -1.0560000000e-01	    2.4298000000e+01	    2.4309000000e+01	    0.0000000000e+00
        0.3956900000	    1.0000000000e+01	   -9.9272000000e-02	    2.4123000000e+01	    2.4133000000e+01	    0.0000000000e+00
        0.4089000000	    1.0000000000e+01	   -9.3249000000e-02	    2.3948000000e+01	    2.3957000000e+01	    0.0000000000e+00
        0.4222300000	    1.0000000000e+01	   -8.7560000000e-02	    2.3771000000e+01	    2.3779000000e+01	    0.0000000000e+00
        0.4356900000	    1.0000000000e+01	   -8.2163000000e-02	    2.3592000000e+01	    2.3600000000e+01	    0.0000000000e+00
        0.4492700000	    1.0000000000e+01	   -7.7033000000e-02	    2.3413000000e+01	    2.3420000000e+01	    0.0000000000e+00
        0.4629700000	    1.0000000000e+01	   -7.2160000000e-02	    2.3232000000e+01	    2.3239000000e+01	    0.0000000000e+00
        0.4767900000	    1.0000000000e+01	   -6.7566000000e-02	    2.3050000000e+01	    2.3057000000e+01	    0.0000000000e+00
        0.4907200000	    1.0000000000e+01	   -6.3304000000e-02	    2.2867000000e+01	    2.2873000000e+01	    0.0000000000e+00
        0.5047600000	    1.0000000000e+01	   -5.9405000000e-02	    2.2683000000e+01	    2.2689000000e+01	    0.0000000000e+00
        0.5189100000	    1.0000000000e+01	   -5.5868000000e-02	    2.2498000000e+01	    2.2503000000e+01	    0.0000000000e+00
        0.5331600000	    1.0000000000e+01	   -5.2700000000e-02	    2.2312000000e+01	    2.2317000000e+01	    0.0000000000e+00
        0.5475100000	    1.0000000000e+01	   -4.9858000000e-02	    2.2124000000e+01	    2.2129000000e+01	    0.0000000000e+00
        0.5619600000	    1.0000000000e+01	   -4.7308000000e-02	    2.1936000000e+01	    2.1941000000e+01	    0.0000000000e+00
        0.5764900000	    1.0000000000e+01	   -4.5088000000e-02	    2.1747000000e+01	    2.1751000000e+01	    0.0000000000e+00
        0.5911200000	    1.0000000000e+01	   -4.3224000000e-02	    2.1557000000e+01	    2.1561000000e+01	    0.0000000000e+00
        0.6058400000	    1.0000000000e+01	   -4.1694000000e-02	    2.1366000000e+01	    2.1370000000e+01	    0.0000000000e+00
        0.6206400000	    1.0000000000e+01	   -4.0410000000e-02	    2.1174000000e+01	    2.1178000000e+01	    0.0000000000e+00
        0.6355200000	    1.0000000000e+01	   -3.9312000000e-02	    2.0981000000e+01	    2.0985000000e+01	    0.0000000000e+00
        0.6504700000	    1.0000000000e+01	   -3.8440000000e-02	    2.0788000000e+01	    2.0792000000e+01	    0.0000000000e+00
        0.6655000000	    1.0000000000e+01	   -3.7882000000e-02	    2.0594000000e+01	    2.0597000000e+01	    0.0000000000e+00
        0.6806000000	    1.0000000000e+01	   -3.7686000000e-02	    2.0399000000e+01	    2.0403000000e+01	    0.0000000000e+00
        0.6957600000	    1.0000000000e+01	   -3.7831000000e-02	    2.0203000000e+01	    2.0207000000e+01	    0.0000000000e+00
        0.7109900000	    1.0000000000e+01	   -3.8218000000e-02	    2.0007000000e+01	    2.0011000000e+01	    0.0000000000e+00
        0.7262800000	    1.0000000000e+01	   -3.8738000000e-02	    1.9811000000e+01	    1.9815000000e+01	    0.0000000000e+00
        0.7416200000	    1.0000000000e+01	   -3.9344000000e-02	    1.9614000000e+01	    1.9618000000e+01	    0.0000000000e+00
        0.7570200000	    1.0000000000e+01	   -4.0039000000e-02	    1.9416000000e+01	    1.9420000000e+01	    0.0000000000e+00
        0.7724700000	    1.0000000000e+01	   -4.0858000000e-02	    1.9219000000e+01	    1.9223000000e+01	    0.0000000000e+00
        0.7879600000	    1.0000000000e+01	   -4.1889000000e-02	    1.9020000000e+01	    1.9025000000e+01	    0.0000000000e+00
        0.8035000000	    1.0000000000e+01	   -4.3186000000e-02	    1.8822000000e+01	    1.8826000000e+01	    0.0000000000e+00
        0.8190700000	    1.0000000000e+01	   -4.4732000000e-02	    1.8623000000e+01	    1.8628000000e+01	    0.0000000000e+00
        0.8346900000	    1.0000000000e+01	   -4.6492000000e-02	    1.8425000000e+01	    1.8429000000e+01	    0.0000000000e+00
        0.8503300000	    1.0000000000e+01	   -4.8444000000e-02	    1.8226000000e+01	    1.8231000000e+01	    0.0000000000e+00
        0.8660100000	    1.0000000000e+01	   -5.0610000000e-02	    1.8027000000e+01	    1.8032000000e+01	    0.0000000000e+00
        0.8817100000	    1.0000000000e+01	   -5.3026000000e-02	    1.7828000000e+01	    1.7833000000e+01	    0.0000000000e+00
        0.8974400000	    1.0000000000e+01	   -5.5702000000e-02	    1.7629000000e+01	    1.7635000000e+01	    0.0000000000e+00
        0.9131900000	    1.0000000000e+01	   -5.8636000000e-02	    1.7431000000e+01	    1.7437000000e+01	    0.0000000000e+00
        0.9289500000	    1.0000000000e+01	   -6.1803000000e-02	    1.7232000000e+01	    1.7238000000e+01	    0.0000000000e+00
        0.9447300000	    1.0000000000e+01	   -6.5181000000e-02	    1.7034000000e+01	    1.7041000000e+01	    0.0000000000e+00
        0.9605100000	    1.0000000000e+01	   -6.8775000000e-02	    1.6836000000e+01	    1.6843000000e+01	    0.0000000000e+00
        0.9763100000	    1.0000000000e+01	   -7.2587000000e-02	    1.6639000000e+01	    1.6646000000e+01	    0.0000000000e+00
        0.9921000000	    1.0000000000e+01	   -7.6626000000e-02	    1.6442000000e+01	    1.6450000000e+01	    0.0000000000e+00
        1.0079000000	    1.0000000000e+01	   -8.0864000000e-02	    1.6246000000e+01	    1.6254000000e+01	    0.0000000000e+00
        1.0237000000	    1.0000000000e+01	   -8.5201000000e-02	    1.6050000000e+01	    1.6059000000e+01	    0.0000000000e+00
        1.0395000000	    1.0000000000e+01	   -8.9539000000e-02	    1.5855000000e+01	    1.5864000000e+01	    0.0000000000e+00
        1.0553000000	    1.0000000000e+01	   -9.3848000000e-02	    1.5661000000e+01	    1.5671000000e+01	    0.0000000000e+00
        1.0711000000	    1.0000000000e+01	   -9.8121000000e-02	    1.5468000000e+01	    1.5478000000e+01	    0.0000000000e+00
        1.0868000000	    1.0000000000e+01	   -1.0234000000e-01	    1.5276000000e+01	    1.5286000000e+01	    0.0000000000e+00
        1.1026000000	    1.0000000000e+01	   -1.0648000000e-01	    1.5084000000e+01	    1.5095000000e+01	    0.0000000000e+00
        1.1183000000	    1.0000000000e+01	   -1.1049000000e-01	    1.4894000000e+01	    1.4905000000e+01	    0.0000000000e+00
        1.1340000000	    1.0000000000e+01	   -1.1434000000e-01	    1.4705000000e+01	    1.4717000000e+01	    0.0000000000e+00
        1.1497000000	    1.0000000000e+01	   -1.1797000000e-01	    1.4518000000e+01	    1.4529000000e+01	    0.0000000000e+00
        1.1653000000	    1.0000000000e+01	   -1.2134000000e-01	    1.4331000000e+01	    1.4343000000e+01	    0.0000000000e+00
        1.1809000000	    1.0000000000e+01	   -1.2440000000e-01	    1.4146000000e+01	    1.4159000000e+01	    0.0000000000e+00
        1.1965000000	    1.0000000000e+01	   -1.2705000000e-01	    1.3962000000e+01	    1.3975000000e+01	    0.0000000000e+00
        1.2120000000	    1.0000000000e+01	   -1.2926000000e-01	    1.3780000000e+01	    1.3793000000e+01	    0.0000000000e+00
        1.2275000000	    1.0000000000e+01	   -1.3104000000e-01	    1.3600000000e+01	    1.3613000000e+01	    0.0000000000e+00
        1.2430000000	    1.0000000000e+01	   -1.3238000000e-01	    1.3421000000e+01	    1.3434000000e+01	    0.0000000000e+00
        1.2584000000	    1.0000000000e+01	   -1.3328000000e-01	    1.3244000000e+01	    1.3257000000e+01	    0.0000000000e+00
        1.2737000000	    1.0000000000e+01	   -1.3376000000e-01	    1.3068000000e+01	    1.3082000000e+01	    0.0000000000e+00
        1.2890000000	    1.0000000000e+01	   -1.3383000000e-01	    1.2894000000e+01	    1.2908000000e+01	    0.0000000000e+00
        1.3042000000	    1.0000000000e+01	   -1.3348000000e-01	    1.2722000000e+01	    1.2736000000e+01	    0.0000000000e+00
        1.3194000000	    1.0000000000e+01	   -1.3266000000e-01	    1.2552000000e+01	    1.2565000000e+01	    0.0000000000e+00
        1.3345000000	    1.0000000000e+01	   -1.3137000000e-01	    1.2383000000e+01	    1.2396000000e+01	    0.0000000000e+00
        1.3495000000	    1.0000000000e+01	   -1.2958000000e-01	    1.2217000000e+01	    1.2230000000e+01	    0.0000000000e+00
        1.3645000000	    1.0000000000e+01	   -1.2724000000e-01	    1.2052000000e+01	    1.2064000000e+01	    0.0000000000e+00
        1.3794000000	    1.0000000000e+01	   -1.2421000000e-01	    1.1889000000e+01	    1.1901000000e+01	    0.0000000000e+00
        1.3942000000	    1.0000000000e+01	   -1.2040000000e-01	    1.1727000000e+01	    1.1739000000e+01	    0.0000000000e+00
        1.4089000000	    1.0000000000e+01	   -1.1582000000e-01	    1.1568000000e+01	    1.1580000000e+01	    0.0000000000e+00
        1.4235000000	    1.0000000000e+01	   -1.1057000000e-01	    1.1410000000e+01	    1.1421000000e+01	    0.0000000000e+00
        1.4380000000	    1.0000000000e+01	   -1.0477000000e-01	    1.1255000000e+01	    1.1265000000e+01	    0.0000000000e+00
        1.4525000000	    1.0000000000e+01	   -9.8506000000e-02	    1.1101000000e+01	    1.1111000000e+01	    0.0000000000e+00
        1.4668000000	    1.0000000000e+01	   -9.1801000000e-02	    1.0949000000e+01	    1.0958000000e+01	    0.0000000000e+00
        1.4811000000	    1.0000000000e+01	   -8.4680000000e-02	    1.0798000000e+01	    1.0807000000e+01	    0.0000000000e+00
        1.4952000000	    1.0000000000e+01	   -7.7176000000e-02	    1.0649000000e+01	    1.0657000000e+01	    0.0000000000e+00
        1.5093000000	    1.0000000000e+01	   -6.9343000000e-02	    1.0502000000e+01	    1.0509000000e+01	    0.0000000000e+00
        1.5232000000	    1.0000000000e+01	   -6.1105000000e-02	    1.0357000000e+01	    1.0363000000e+01	    0.0000000000e+00
        1.5370000000	    1.0000000000e+01	   -5.2305000000e-02	    1.0213000000e+01	    1.0218000000e+01	    0.0000000000e+00
        1.5507000000	    1.0000000000e+01	   -4.2827000000e-02	    1.0071000000e+01	    1.0075000000e+01	    0.0000000000e+00
        1.5643000000	    1.0000000000e+01	   -3.2601000000e-02	    9.9305000000e+00	    9.9338000000e+00	    0.0000000000e+00
        1.5778000000	    1.0000000000e+01	   -2.1578000000e-02	    9.7917000000e+00	    9.7938000000e+00	    0.0000000000e+00
        1.5911000000	    1.0000000000e+01	   -9.6478000000e-03	    9.6544000000e+00	    9.6554000000e+00	    0.0000000000e+00
        1.6043000000	    1.0000000000e+01	    3.3164000000e-03	    9.5187000000e+00	    9.5184000000e+00	    0.0000000000e+00
        1.6174000000	    1.0000000000e+01	    1.7385000000e-02	    9.3846000000e+00	    9.3828000000e+00	    0.0000000000e+00
        1.6303000000	    1.0000000000e+01	    3.2572000000e-02	    9.2519000000e+00	    9.2487000000e+00	    0.0000000000e+00
        1.6431000000	    1.0000000000e+01	    4.8883000000e-02	    9.1208000000e+00	    9.1159000000e+00	    0.0000000000e+00
        1.6558000000	    1.0000000000e+01	    6.6301000000e-02	    8.9910000000e+00	    8.9844000000e+00	    0.0000000000e+00
        1.6683000000	    1.0000000000e+01	    8.4834000000e-02	    8.8627000000e+00	    8.8542000000e+00	    0.0000000000e+00
        1.6806000000	    1.0000000000e+01	    1.0459000000e-01	    8.7357000000e+00	    8.7252000000e+00	    0.0000000000e+00
        1.6928000000	    1.0000000000e+01	    1.2572000000e-01	    8.6100000000e+00	    8.5975000000e+00	    0.0000000000e+00
        1.7049000000	    1.0000000000e+01	    1.4838000000e-01	    8.4857000000e+00	    8.4708000000e+00	    0.0000000000e+00
        1.7167000000	    1.0000000000e+01	    1.7269000000e-01	    8.3626000000e+00	    8.3453000000e+00	    0.0000000000e+00
        1.7285000000	    1.0000000000e+01	    1.9876000000e-01	    8.2407000000e+00	    8.2208000000e+00	    0.0000000000e+00
        1.7400000000	    1.0000000000e+01	    2.2665000000e-01	    8.1200000000e+00	    8.0974000000e+00	    0.0000000000e+00
        1.7514000000	    1.0000000000e+01	    2.5636000000e-01	    8.0005000000e+00	    7.9748000000e+00	    0.0000000000e+00
        1.7626000000	    1.0000000000e+01	    2.8789000000e-01	    7.8820000000e+00	    7.8532000000e+00	    0.0000000000e+00
        1.7737000000	    1.0000000000e+01	    3.2113000000e-01	    7.7645000000e+00	    7.7324000000e+00	    0.0000000000e+00
        1.7845000000	    1.0000000000e+01	    3.5586000000e-01	    7.6479000000e+00	    7.6123000000e+00	    0.0000000000e+00
        1.7952000000	    1.0000000000e+01	    3.9169000000e-01	    7.5321000000e+00	    7.4929000000e+00	    0.0000000000e+00
        1.8057000000	    1.0000000000e+01	    4.2814000000e-01	    7.4170000000e+00	    7.3742000000e+00	    0.0000000000e+00
        1.8160000000	    1.0000000000e+01	    4.6471000000e-01	    7.3025000000e+00	    7.2560000000e+00	    0.0000000000e+00
        1.8261000000	    1.0000000000e+01	    5.0088000000e-01	    7.1884000000e+00	    7.1383000000e+00	    0.0000000000e+00
        1.8360000000	    1.0000000000e+01	    5.3603000000e-01	    7.0747000000e+00	    7.0211000000e+00	    0.0000000000e+00
        1.8457000000	    1.0000000000e+01	    5.6943000000e-01	    6.9612000000e+00	    6.9043000000e+00	    0.0000000000e+00
        1.8552000000	    1.0000000000e+01	    6.0017000000e-01	    6.8478000000e+00	    6.7878000000e+00	    0.0000000000e+00
        1.8645000000	    1.0000000000e+01	    6.2724000000e-01	    6.7344000000e+00	    6.6716000000e+00	    0.0000000000e+00
        1.8736000000	    1.0000000000e+01	    6.4949000000e-01	    6.6208000000e+00	    6.5558000000e+00	    0.0000000000e+00
        1.8825000000	    1.0000000000e+01	    6.6566000000e-01	    6.5069000000e+00	    6.4403000000e+00	    0.0000000000e+00
        1.8912000000	    1.0000000000e+01	    6.7437000000e-01	    6.3925000000e+00	    6.3251000000e+00	    0.0000000000e+00
        1.8996000000	    1.0000000000e+01	    6.7402000000e-01	    6.2776000000e+00	    6.2102000000e+00	    0.0000000000e+00
        1.9078000000	    1.0000000000e+01	    6.6265000000e-01	    6.1620000000e+00	    6.0957000000e+00	    0.0000000000e+00
        1.9158000000	    1.0000000000e+01	    6.3782000000e-01	    6.0454000000e+00	    5.9816000000e+00	    0.0000000000e+00
        1.9236000000	    1.0000000000e+01	    5.9636000000e-01	    5.9277000000e+00	    5.8680000000e+00	    0.0000000000e+00
        1.9311000000	    1.0000000000e+01	    5.3404000000e-01	    5.8084000000e+00	    5.7550000000e+00	    0.0000000000e+00
        1.9384000000	    1.0000000000e+01	    4.4511000000e-01	    5.6872000000e+00	    5.6427000000e+00	    0.0000000000e+00
        1.9455000000	    1.0000000000e+01	    3.2170000000e-01	    5.5634000000e+00	    5.5312000000e+00	    0.0000000000e+00
        1.9523000000	    1.0000000000e+01	    1.5312000000e-01	    5.4362000000e+00	    5.4209000000e+00	    0.0000000000e+00
        1.9589000000	    1.0000000000e+01	   -7.4833000000e-02	    5.3045000000e+00	    5.3120000000e+00	    0.0000000000e+00
        1.9652000000	    1.0000000000e+01	   -3.8042000000e-01	    5.1670000000e+00	    5.2050000000e+00	    0.0000000000e+00
        1.9713000000	    1.0000000000e+01	   -7.8641000000e-01	    5.0220000000e+00	    5.1007000000e+00	    0.0000000000e+00
        1.9771000000	    1.0000000000e+01	   -1.3202000000e+00	    4.8677000000e+00	    4.9997000000e+00	    0.0000000000e+00
        1.9826000000	    1.0000000000e+01	   -2.0141000000e+00	    4.7019000000e+00	    4.9033000000e+00	    0.0000000000e+00
        1.9879000000	    1.0000000000e+01	   -2.9032000000e+00	    4.5225000000e+00	    4.8128000000e+00	    0.0000000000e+00
        1.9929000000	    1.0000000000e+01	   -4.0251000000e+00	    4.3272000000e+00	    4.7297000000e+00	    0.0000000000e+00
        1.9977000000	    1.0000000000e+01	   -5.3855000000e+00	    4.1138000000e+00	    4.6524000000e+00	    0.0000000000e+00
