        0.0023093000	    1.0000000000e+00	    4.0174000000e+00	    3.0431000000e+01	    2.6413000000e+01
        0.0070633000	    1.0000000000e+00	    3.2858000000e+00	    2.9643000000e+01	    2.6357000000e+01
        0.0120870000	    1.0000000000e+00	    2.6547000000e+00	    2.8955000000e+01	    2.6300000000e+01
        0.0173760000	    1.0000000000e+00	    2.1177000000e+00	    2.8357000000e+01	    2.6239000000e+01
        0.0229280000	    1.0000000000e+00	    1.6658000000e+00	    2.7841000000e+01	    2.6175000000e+01
        0.0287390000	    1.0000000000e+00	    1.2903000000e+00	    2.7398000000e+01	    2.6108000000e+01
        0.0348070000	    1.0000000000e+00	    9.8234000000e-01	    2.7020000000e+01	    2.6038000000e+01
        0.0411270000	    1.0000000000e+00	    7.3313000000e-01	    2.6698000000e+01	    2.5965000000e+01
        0.0476960000	    1.0000000000e+00	    5.3402000000e-01	    2.6423000000e+01	    2.5889000000e+01
        0.0545120000	    1.0000000000e+00	    3.7677000000e-01	    2.6188000000e+01	    2.5811000000e+01
        0.0615700000	    1.0000000000e+00	    2.5378000000e-01	    2.5985000000e+01	    2.5731000000e+01
        0.0688680000	    1.0000000000e+00	    1.5839000000e-01	    2.5807000000e+01	    2.5648000000e+01
        0.0764010000	    1.0000000000e+00	    8.4911000000e-02	    2.5649000000e+01	    2.5564000000e+01
        0.0841680000	    1.0000000000e+00	    2.8674000000e-02	    2.5507000000e+01	    2.5478000000e+01
        0.0921640000	    1.0000000000e+00	   -1.4066000000e-02	    2.5376000000e+01	    2.5390000000e+01
        0.1003900000	    1.0000000000e+00	   -4.6249000000e-02	    2.5254000000e+01	    2.5300000000e+01
        0.1088300000	    1.0000000000e+00	   -7.0161000000e-02	    2.5139000000e+01	    2.5209000000e+01
        0.1174900000	    1.0000000000e+00	   -8.7567000000e-02	    2.5029000000e+01	    2.5117000000e+01
        0.1263700000	    1.0000000000e+00	   -9.9841000000e-02	    2.4923000000e+01	    2.5023000000e+01
        0.1354700000	    1.0000000000e+00	   -1.0805000000e-01	    2.4819000000e+01	    2.4927000000e+01
        0.1447700000	    1.0000000000e+00	   -1.1305000000e-01	    2.4718000000e+01	    2.4831000000e+01
        0.1542800000	    1.0000000000e+00	   -1.1547000000e-01	    2.4617000000e+01	    2.4733000000e+01
        0.1639900000	    1.0000000000e+00	   -1.1584000000e-01	    2.4518000000e+01	    2.4634000000e+01
        0.1739000000	    1.0000000000e+00	   -1.1459000000e-01	    2.4419000000e+01	    2.4534000000e+01
        0.1840100000	    1.0000000000e+00	   -1.1208000000e-01	    2.4320000000e+01	    2.4432000000e+01
        0.1943100000	    1.0000000000e+00	   -1.0859000000e-01	    2.4221000000e+01	    2.4330000000e+01
        0.2048000000	    1.0000000000e+00	   -1.0438000000e-01	    2.4122000000e+01	    2.4226000000e+01
        0.2154700000	    1.0000000000e+00	   -9.9646000000e-02	    2.4022000000e+01	    2.4122000000e+01
        0.2263300000	    1.0000000000e+00	   -9.4558000000e-02	    2.3922000000e+01	    2.4016000000e+01
        0.2373700000	    1.0000000000e+00	   -8.9234000000e-02	    2.3821000000e+01	    2.3910000000e+01
        0.2485900000	    1.0000000000e+00	   -8.3766000000e-02	    2.3719000000e+01	    2.3802000000e+01
        0.2599700000	    1.0000000000e+00	   -7.8235000000e-02	    2.3616000000e+01	    2.3694000000e+01
        0.2715300000	    1.0000000000e+00	   -7.2728000000e-02	    2.3512000000e+01	    2.3585000000e+01
        0.2832500000	    1.0000000000e+00	   -6.7312000000e-02	    2.3407000000e+01	    2.3475000000e+01
        0.2951400000	    1.0000000000e+00	   -6.2030000000e-02	    2.3302000000e+01	    2.3364000000e+01
        0.3071900000	    1.0000000000e+00	   -5.6905000000e-02	    2.3195000000e+01	    2.3252000000e+01
        0.3193900000	    1.0000000000e+00	   -5.1942000000e-02	    2.3087000000e+01	    2.3139000000e+01
        0.3317400000	    1.0000000000e+00	   -4.7149000000e-02	    2.2978000000e+01	    2.3026000000e+01
        0.3442500000	    1.0000000000e+00	   -4.2560000000e-02	    2.2869000000e+01	    2.2911000000e+01
        0.3569000000	    1.0000000000e+00	   -3.8219000000e-02	    2.2758000000e+01	    2.2796000000e+01
        0.3696900000	    1.0000000000e+00	   -3.4141000000e-02	    2.2646000000e+01	    2.2680000000e+01
        0.3826200000	    1.0000000000e+00	   -3.0318000000e-02	    2.2533000000e+01	    2.2564000000e+01
        0.3956900000	    1.0000000000e+00	   -2.6755000000e-02	    2.2419000000e+01	    2.2446000000e+01
        0.4089000000	    1.0000000000e+00	   -2.3456000000e-02	    2.2305000000e+01	    2.2328000000e+01
        0.4222300000	    1.0000000000e+00	   -2.0423000000e-02	    2.2189000000e+01	    2.2209000000e+01
        0.4356900000	    1.0000000000e+00	   -1.7643000000e-02	    2.2072000000e+01	    2.2090000000e+01
        0.4492700000	    1.0000000000e+00	   -1.5088000000e-02	    2.1954000000e+01	    2.1969000000e+01
        0.4629700000	    1.0000000000e+00	   -1.2722000000e-02	    2.1836000000e+01	    2.1848000000e+01
        0.4767900000	    1.0000000000e+00	   -1.0534000000e-02	    2.1716000000e+01	    2.1727000000e+01
        0.4907200000	    1.0000000000e+00	   -8.5250000000e-03	    2.1596000000e+01	    2.1604000000e+01
        0.5047600000	    1.0000000000e+00	   -6.6976000000e-03	    2.1475000000e+01	    2.1482000000e+01
        0.5189100000	    1.0000000000e+00	   -5.0420000000e-03	    2.1353000000e+01	    2.1358000000e+01
        0.5331600000	    1.0000000000e+00	   -3.5313000000e-03	    2.1230000000e+01	    2.1234000000e+01
        0.5475100000	    1.0000000000e+00	   -2.1670000000e-03	    2.1107000000e+01	    2.1109000000e+01
        0.5619600000	    1.0000000000e+00	   -9.7359000000e-04	    2.0983000000e+01	    2.0984000000e+01
        0.5764900000	    1.0000000000e+00	    2.7873000000e-05	    2.0858000000e+01	    2.0858000000e+01
        0.5911200000	    1.0000000000e+00	    8.2439000000e-04	    2.0732000000e+01	    2.0732000000e+01
        0.6058400000	    1.0000000000e+00	    1.4020000000e-03	    2.0606000000e+01	    2.0605000000e+01
        0.6206400000	    1.0000000000e+00	    1.7666000000e-03	    2.0479000000e+01	    2.0477000000e+01
        0.6355200000	    1.0000000000e+00	    1.9682000000e-03	    2.0351000000e+01	    2.0349000000e+01
        0.6504700000	    1.0000000000e+00	    2.0289000000e-03	    2.0223000000e+01	    2.0221000000e+01
        0.6655000000	    1.0000000000e+00	    1.9241000000e-03	    2.0094000000e+01	    2.0092000000e+01
        0.6806000000	    1.0000000000e+00	    1.6400000000e-03	    1.9964000000e+01	    1.9963000000e+01
        0.6957600000	    1.0000000000e+00	    1.1798000000e-03	    1.9834000000e+01	    1.9833000000e+01
        0.7109900000	    1.0000000000e+00	    5.7388000000e-04	    1.9703000000e+01	    1.9703000000e+01
        0.7262800000	    1.0000000000e+00	   -1.3991000000e-04	    1.9572000000e+01	    1.9572000000e+01
        0.7416200000	    1.0000000000e+00	   -9.5308000000e-04	    1.9441000000e+01	    1.9442000000e+01
        0.7570200000	    1.0000000000e+00	   -1.8858000000e-03	    1.9308000000e+01	    1.9310000000e+01
        0.7724700000	    1.0000000000e+00	   -2.9546000000e-03	    1.9176000000e+01	    1.9179000000e+01
        0.7879600000	    1.0000000000e+00	   -4.1552000000e-03	    1.9043000000e+01	    1.9047000000e+01
        0.8035000000	    1.0000000000e+00	   -5.4829000000e-03	    1.8909000000e+01	    1.8915000000e+01
        0.8190700000	    1.0000000000e+00	   -6.9368000000e-03	    1.8776000000e+01	    1.8782000000e+01
        0.8346900000	    1.0000000000e+00	   -8.5213000000e-03	    1.8641000000e+01	    1.8650000000e+01
        0.8503300000	    1.0000000000e+00	   -1.0236000000e-02	    1.8507000000e+01	    1.8517000000e+01
        0.8660100000	    1.0000000000e+00	   -1.2074000000e-02	    1.8372000000e+01	    1.8384000000e+01
        0.8817100000	    1.0000000000e+00	   -1.4029000000e-02	    1.8237000000e+01	    1.8251000000e+01
        0.8974400000	    1.0000000000e+00	   -1.6101000000e-02	    1.8101000000e+01	    1.8118000000e+01
        0.9131900000	    1.0000000000e+00	   -1.8290000000e-02	    1.7966000000e+01	    1.7984000000e+01
        0.9289500000	    1.0000000000e+00	   -2.0578000000e-02	    1.7830000000e+01	    1.7851000000e+01
        0.9447300000	    1.0000000000e+00	   -2.2923000000e-02	    1.7694000000e+01	    1.7717000000e+01
        0.9605100000	    1.0000000000e+00	   -2.5269000000e-02	    1.7558000000e+01	    1.7583000000e+01
        0.9763100000	    1.0000000000e+00	   -2.7571000000e-02	    1.7422000000e+01	    1.7450000000e+01
        0.9921000000	    1.0000000000e+00	   -2.9815000000e-02	    1.7286000000e+01	    1.7316000000e+01
        1.0079000000	    1.0000000000e+00	   -3.2002000000e-02	    1.7150000000e+01	    1.7182000000e+01
        1.0237000000	    1.0000000000e+00	   -3.4142000000e-02	    1.7015000000e+01	    1.7049000000e+01
        1.0395000000	    1.0000000000e+00	   -3.6255000000e-02	    1.6879000000e+01	    1.6915000000e+01
        1.0553000000	    1.0000000000e+00	   -3.8361000000e-02	    1.6744000000e+01	    1.6782000000e+01
        1.0711000000	    1.0000000000e+00	   -4.0461000000e-02	    1.6608000000e+01	    1.6648000000e+01
        1.0868000000	    1.0000000000e+00	   -4.2513000000e-02	    1.6473000000e+01	    1.6515000000e+01
        1.1026000000	    1.0000000000e+00	   -4.4468000000e-02	    1.6338000000e+01	    1.6382000000e+01
        1.1183000000	    1.0000000000e+00	   -4.6298000000e-02	    1.6203000000e+01	    1.6249000000e+01
        1.1340000000	    1.0000000000e+00	   -4.7990000000e-02	    1.6068000000e+01	    1.6116000000e+01
        1.1497000000	    1.0000000000e+00	   -4.9555000000e-02	    1.5934000000e+01	    1.5984000000e+01
        1.1653000000	    1.0000000000e+00	   -5.1034000000e-02	    1.5801000000e+01	    1.5852000000e+01
        1.1809000000	    1.0000000000e+00	   -5.2465000000e-02	    1.5667000000e+01	    1.5720000000e+01
        1.1965000000	    1.0000000000e+00	   -5.3847000000e-02	    1.5534000000e+01	    1.5588000000e+01
        1.2120000000	    1.0000000000e+00	   -5.5155000000e-02	    1.5401000000e+01	    1.5456000000e+01
        1.2275000000	    1.0000000000e+00	   -5.6365000000e-02	    1.5269000000e+01	    1.5325000000e+01
        1.2430000000	    1.0000000000e+00	   -5.7459000000e-02	    1.5137000000e+01	    1.5194000000e+01
        1.2584000000	    1.0000000000e+00	   -5.8417000000e-02	    1.5005000000e+01	    1.5064000000e+01
        1.2737000000	    1.0000000000e+00	   -5.9229000000e-02	    1.4875000000e+01	    1.4934000000e+01
        1.2890000000	    1.0000000000e+00	   -5.9901000000e-02	    1.4744000000e+01	    1.4804000000e+01
        1.3042000000	    1.0000000000e+00	   -6.0449000000e-02	    1.4615000000e+01	    1.4675000000e+01
        1.3194000000	    1.0000000000e+00	   -6.0890000000e-02	    1.4485000000e+01	    1.4546000000e+01
        1.3345000000	    1.0000000000e+00	   -6.1227000000e-02	    1.4357000000e+01	    1.4418000000e+01
        1.3495000000	    1.0000000000e+00	   -6.1442000000e-02	    1.4229000000e+01	    1.4290000000e+01
        1.3645000000	    1.0000000000e+00	   -6.1508000000e-02	    1.4101000000e+01	    1.4163000000e+01
        1.3794000000	    1.0000000000e+00	   -6.1395000000e-02	    1.3974000000e+01	    1.4036000000e+01
        1.3942000000	    1.0000000000e+00	   -6.1084000000e-02	    1.3848000000e+01	    1.3909000000e+01
        1.4089000000	    1.0000000000e+00	   -6.0558000000e-02	    1.3723000000e+01	    1.3784000000e+01
        1.4235000000	    1.0000000000e+00	   -5.9804000000e-02	    1.3599000000e+01	    1.3658000000e+01
        1.4380000000	    1.0000000000e+00	   -5.8820000000e-02	    1.3475000000e+01	    1.3534000000e+01
        1.4525000000	    1.0000000000e+00	   -5.7588000000e-02	    1.3352000000e+01	    1.3410000000e+01
        1.4668000000	    1.0000000000e+00	   -5.6107000000e-02	    1.3230000000e+01	    1.3286000000e+01
        1.4811000000	    1.0000000000e+00	   -5.4398000000e-02	    1.3109000000e+01	    1.3164000000e+01
        1.4952000000	    1.0000000000e+00	   -5.2474000000e-02	    1.2989000000e+01	    1.3041000000e+01
        1.5093000000	    1.0000000000e+00	   -5.0309000000e-02	    1.2870000000e+01	    1.2920000000e+01
        1.5232000000	    1.0000000000e+00	   -4.7861000000e-02	    1.2751000000e+01	    1.2799000000e+01
        1.5370000000	    1.0000000000e+00	   -4.5086000000e-02	    1.2634000000e+01	    1.2679000000e+01
        1.5507000000	    1.0000000000e+00	   -4.1937000000e-02	    1.2517000000e+01	    1.2559000000e+01
        1.5643000000	    1.0000000000e+00	   -3.8381000000e-02	    1.2402000000e+01	    1.2441000000e+01
        1.5778000000	    1.0000000000e+00	   -3.4409000000e-02	    1.2288000000e+01	    1.2322000000e+01
        1.5911000000	    1.0000000000e+00	   -3.0028000000e-02	    1.2175000000e+01	    1.2205000000e+01
        1.6043000000	    1.0000000000e+00	   -2.5252000000e-02	    1.2063000000e+01	    1.2088000000e+01
        1.6174000000	    1.0000000000e+00	   -2.0098000000e-02	    1.1952000000e+01	    1.1973000000e+01
        1.6303000000	    1.0000000000e+00	   -1.4589000000e-02	    1.1843000000e+01	    1.1857000000e+01
        1.6431000000	    1.0000000000e+00	   -8.7737000000e-03	    1.1734000000e+01	    1.1743000000e+01
        1.6558000000	    1.0000000000e+00	   -2.7086000000e-03	    1.1627000000e+01	    1.1629000000e+01
        1.6683000000	    1.0000000000e+00	    3.5538000000e-03	    1.1520000000e+01	    1.1516000000e+01
        1.6806000000	    1.0000000000e+00	    9.9641000000e-03	    1.1414000000e+01	    1.1404000000e+01
        1.6928000000	    1.0000000000e+00	    1.6471000000e-02	    1.1309000000e+01	    1.1293000000e+01
        1.7049000000	    1.0000000000e+00	    2.3016000000e-02	    1.1205000000e+01	    1.1182000000e+01
        1.7167000000	    1.0000000000e+00	    2.9531000000e-02	    1.1102000000e+01	    1.1073000000e+01
        1.7285000000	    1.0000000000e+00	    3.5910000000e-02	    1.1000000000e+01	    1.0964000000e+01
        1.7400000000	    1.0000000000e+00	    4.2017000000e-02	    1.0898000000e+01	    1.0856000000e+01
        1.7514000000	    1.0000000000e+00	    4.7697000000e-02	    1.0796000000e+01	    1.0749000000e+01
        1.7626000000	    1.0000000000e+00	    5.2763000000e-02	    1.0695000000e+01	    1.0642000000e+01
        1.7737000000	    1.0000000000e+00	    5.6989000000e-02	    1.0594000000e+01	    1.0537000000e+01
        1.7845000000	    1.0000000000e+00	    6.0094000000e-02	    1.0492000000e+01	    1.0432000000e+01
        1.7952000000	    1.0000000000e+00	    6.1717000000e-02	    1.0391000000e+01	    1.0329000000e+01
        1.8057000000	    1.0000000000e+00	    6.1420000000e-02	    1.0288000000e+01	    1.0226000000e+01
        1.8160000000	    1.0000000000e+00	    5.8691000000e-02	    1.0183000000e+01	    1.0125000000e+01
        1.8261000000	    1.0000000000e+00	    5.2957000000e-02	    1.0077000000e+01	    1.0024000000e+01
        1.8360000000	    1.0000000000e+00	    4.3565000000e-02	    9.9680000000e+00	    9.9244000000e+00
        1.8457000000	    1.0000000000e+00	    2.9748000000e-02	    9.8557000000e+00	    9.8260000000e+00
        1.8552000000	    1.0000000000e+00	    1.0584000000e-02	    9.7393000000e+00	    9.7288000000e+00
        1.8645000000	    1.0000000000e+00	   -1.5044000000e-02	    9.6177000000e+00	    9.6328000000e+00
        1.8736000000	    1.0000000000e+00	   -4.8485000000e-02	    9.4896000000e+00	    9.5381000000e+00
        1.8825000000	    1.0000000000e+00	   -9.1362000000e-02	    9.3534000000e+00	    9.4448000000e+00
        1.8912000000	    1.0000000000e+00	   -1.4561000000e-01	    9.2073000000e+00	    9.3529000000e+00
        1.8996000000	    1.0000000000e+00	   -2.1352000000e-01	    9.0492000000e+00	    9.2627000000e+00
        1.9078000000	    1.0000000000e+00	   -2.9772000000e-01	    8.8764000000e+00	    9.1741000000e+00
        1.9158000000	    1.0000000000e+00	   -4.0120000000e-01	    8.6862000000e+00	    9.0874000000e+00
        1.9236000000	    1.0000000000e+00	   -5.2723000000e-01	    8.4754000000e+00	    9.0026000000e+00
        1.9311000000	    1.0000000000e+00	   -6.7913000000e-01	    8.2407000000e+00	    8.9199000000e+00
        1.9384000000	    1.0000000000e+00	   -8.6004000000e-01	    7.9794000000e+00	    8.8394000000e+00
        1.9455000000	    1.0000000000e+00	   -1.0724000000e+00	    7.6890000000e+00	    8.7614000000e+00
        1.9523000000	    1.0000000000e+00	   -1.3175000000e+00	    7.3685000000e+00	    8.6860000000e+00
        1.9589000000	    1.0000000000e+00	   -1.5949000000e+00	    7.0185000000e+00	    8.6134000000e+00
        1.9652000000	    1.0000000000e+00	   -1.9019000000e+00	    6.6418000000e+00	    8.5437000000e+00
        1.9713000000	    1.0000000000e+00	   -2.2334000000e+00	    6.2437000000e+00	    8.4772000000e+00
        1.9771000000	    1.0000000000e+00	   -2.5828000000e+00	    5.8311000000e+00	    8.4139000000e+00
        1.9826000000	    1.0000000000e+00	   -2.9419000000e+00	    5.4121000000e+00	    8.3540000000e+00
        1.9879000000	    1.0000000000e+00	   -3.3031000000e+00	    4.9946000000e+00	    8.2977000000e+00
        1.9929000000	    1.0000000000e+00	   -3.6590000000e+00	    4.5856000000e+00	    8.2446000000e+00
        1.9977000000	    1.0000000000e+00	   -4.0043000000e+00	    4.1907000000e+00	    8.1951000000e+00
