        0.0023093000	    7.5213000000e-01	    3.1195000000e+00	    3.0474000000e+01	    2.6326000000e+01	    0.0000000000e+00
        0.0070633000	    7.6076000000e-01	    2.6384000000e+00	    2.9752000000e+01	    2.6283000000e+01	    0.0000000000e+00
        0.0120870000	    7.6875000000e-01	    2.2032000000e+00	    2.9105000000e+01	    2.6239000000e+01	    0.0000000000e+00
        0.0173760000	    7.7606000000e-01	    1.8154000000e+00	    2.8531000000e+01	    2.6191000000e+01	    0.0000000000e+00
        0.0229280000	    7.8268000000e-01	    1.4742000000e+00	    2.8024000000e+01	    2.6140000000e+01	    0.0000000000e+00
        0.0287390000	    7.8862000000e-01	    1.1784000000e+00	    2.7582000000e+01	    2.6086000000e+01	    0.0000000000e+00
        0.0348070000	    7.9388000000e-01	    9.2579000000e-01	    2.7197000000e+01	    2.6029000000e+01	    0.0000000000e+00
        0.0411270000	    7.9851000000e-01	    7.1328000000e-01	    2.6865000000e+01	    2.5970000000e+01	    0.0000000000e+00
        0.0476960000	    8.0256000000e-01	    5.3715000000e-01	    2.6579000000e+01	    2.5908000000e+01	    0.0000000000e+00
        0.0545120000	    8.0609000000e-01	    3.9311000000e-01	    2.6334000000e+01	    2.5843000000e+01	    0.0000000000e+00
        0.0615700000	    8.0917000000e-01	    2.7670000000e-01	    2.6121000000e+01	    2.5776000000e+01	    0.0000000000e+00
        0.0688680000	    8.1188000000e-01	    1.8352000000e-01	    2.5937000000e+01	    2.5708000000e+01	    0.0000000000e+00
        0.0764010000	    8.1429000000e-01	    1.0951000000e-01	    2.5774000000e+01	    2.5637000000e+01	    0.0000000000e+00
        0.0841680000	    8.1645000000e-01	    5.1079000000e-02	    2.5630000000e+01	    2.5564000000e+01	    0.0000000000e+00
        0.0921640000	    8.1842000000e-01	    5.1881000000e-03	    2.5500000000e+01	    2.5490000000e+01	    0.0000000000e+00
        0.1003900000	    8.2023000000e-01	   -3.0668000000e-02	    2.5380000000e+01	    2.5414000000e+01	    0.0000000000e+00
        0.1088300000	    8.2193000000e-01	   -5.8495000000e-02	    2.5269000000e+01	    2.5337000000e+01	    0.0000000000e+00
        0.1174900000	    8.2354000000e-01	   -7.9879000000e-02	    2.5164000000e+01	    2.5257000000e+01	    0.0000000000e+00
        0.1263700000	    8.2509000000e-01	   -9.6068000000e-02	    2.5064000000e+01	    2.5177000000e+01	    0.0000000000e+00
        0.1354700000	    8.2658000000e-01	   -1.0805000000e-01	    2.4968000000e+01	    2.5095000000e+01	    0.0000000000e+00
        0.1447700000	    8.2804000000e-01	   -1.1660000000e-01	    2.4875000000e+01	    2.5012000000e+01	    0.0000000000e+00
        0.1542800000	    8.2947000000e-01	   -1.2234000000e-01	    2.4784000000e+01	    2.4928000000e+01	    0.0000000000e+00
        0.1639900000	    8.3088000000e-01	   -1.2578000000e-01	    2.4694000000e+01	    2.4842000000e+01	    0.0000000000e+00
        0.1739000000	    8.3228000000e-01	   -1.2733000000e-01	    2.4606000000e+01	    2.4755000000e+01	    0.0000000000e+00
        0.1840100000	    8.3368000000e-01	   -1.2733000000e-01	    2.4519000000e+01	    2.4667000000e+01	    0.0000000000e+00
        0.1943100000	    8.3508000000e-01	   -1.2605000000e-01	    2.4431000000e+01	    2.4578000000e+01	    0.0000000000e+00
        0.2048000000	    8.3648000000e-01	   -1.2373000000e-01	    2.4345000000e+01	    2.4488000000e+01	    0.0000000000e+00
        0.2154700000	    8.3789000000e-01	   -1.2058000000e-01	    2.4258000000e+01	    2.4397000000e+01	    0.0000000000e+00
        0.2263300000	    8.3932000000e-01	   -1.1681000000e-01	    2.4170000000e+01	    2.4305000000e+01	    0.0000000000e+00
        0.2373700000	    8.4075000000e-01	   -1.1258000000e-01	    2.4083000000e+01	    2.4212000000e+01	    0.0000000000e+00
        0.2485900000	    8.4221000000e-01	   -1.0800000000e-01	    2.3995000000e+01	    2.4118000000e+01	    0.0000000000e+00
        0.2599700000	    8.4368000000e-01	   -1.0318000000e-01	    2.3906000000e+01	    2.4023000000e+01	    0.0000000000e+00
        0.2715300000	    8.4517000000e-01	   -9.8192000000e-02	    2.3816000000e+01	    2.3927000000e+01	    0.0000000000e+00
        0.2832500000	    8.4668000000e-01	   -9.3136000000e-02	    2.3726000000e+01	    2.3830000000e+01	    0.0000000000e+00
        0.2951400000	    8.4822000000e-01	   -8.8106000000e-02	    2.3634000000e+01	    2.3732000000e+01	    0.0000000000e+00
        0.3071900000	    8.4979000000e-01	   -8.3178000000e-02	    2.3542000000e+01	    2.3634000000e+01	    0.0000000000e+00
        0.3193900000	    8.5138000000e-01	   -7.8397000000e-02	    2.3448000000e+01	    2.3534000000e+01	    0.0000000000e+00
        0.3317400000	    8.5300000000e-01	   -7.3780000000e-02	    2.3353000000e+01	    2.3434000000e+01	    0.0000000000e+00
        0.3442500000	    8.5465000000e-01	   -6.9345000000e-02	    2.3258000000e+01	    2.3333000000e+01	    0.0000000000e+00
        0.3569000000	    8.5632000000e-01	   -6.5116000000e-02	    2.3161000000e+01	    2.3231000000e+01	    0.0000000000e+00
        0.3696900000	    8.5803000000e-01	   -6.1116000000e-02	    2.3063000000e+01	    2.3128000000e+01	    0.0000000000e+00
        0.3826200000	    8.5976000000e-01	   -5.7366000000e-02	    2.2964000000e+01	    2.3024000000e+01	    0.0000000000e+00
        0.3956900000	    8.6153000000e-01	   -5.3879000000e-02	    2.2864000000e+01	    2.2919000000e+01	    0.0000000000e+00
        0.4089000000	    8.6333000000e-01	   -5.0656000000e-02	    2.2762000000e+01	    2.2814000000e+01	    0.0000000000e+00
        0.4222300000	    8.6516000000e-01	   -4.7691000000e-02	    2.2660000000e+01	    2.2708000000e+01	    0.0000000000e+00
        0.4356900000	    8.6702000000e-01	   -4.4955000000e-02	    2.2556000000e+01	    2.2601000000e+01	    0.0000000000e+00
        0.4492700000	    8.6891000000e-01	   -4.2423000000e-02	    2.2452000000e+01	    2.2493000000e+01	    0.0000000000e+00
        0.4629700000	    8.7083000000e-01	   -4.0114000000e-02	    2.2346000000e+01	    2.2385000000e+01	    0.0000000000e+00
        0.4767900000	    8.7278000000e-01	   -3.8049000000e-02	    2.2239000000e+01	    2.2275000000e+01	    0.0000000000e+00
        0.4907200000	    8.7477000000e-01	   -3.6220000000e-02	    2.2132000000e+01	    2.2165000000e+01	    0.0000000000e+00
        0.5047600000	    8.7679000000e-01	   -3.4613000000e-02	    2.2023000000e+01	    2.2054000000e+01	    0.0000000000e+00
        0.5189100000	    8.7884000000e-01	   -3.3216000000e-02	    2.1913000000e+01	    2.1943000000e+01	    0.0000000000e+00
        0.5331600000	    8.8093000000e-01	   -3.2006000000e-02	    2.1803000000e+01	    2.1831000000e+01	    0.0000000000e+00
        0.5475100000	    8.8305000000e-01	   -3.0979000000e-02	    2.1691000000e+01	    2.1718000000e+01	    0.0000000000e+00
        0.5619600000	    8.8520000000e-01	   -3.0138000000e-02	    2.1578000000e+01	    2.1604000000e+01	    0.0000000000e+00
        0.5764900000	    8.8738000000e-01	   -2.9492000000e-02	    2.1465000000e+01	    2.1489000000e+01	    0.0000000000e+00
        0.5911200000	    8.8960000000e-01	   -2.9053000000e-02	    2.1350000000e+01	    2.1374000000e+01	    0.0000000000e+00
        0.6058400000	    8.9186000000e-01	   -2.8845000000e-02	    2.1235000000e+01	    2.1258000000e+01	    0.0000000000e+00
        0.6206400000	    8.9415000000e-01	   -2.8881000000e-02	    2.1119000000e+01	    2.1142000000e+01	    0.0000000000e+00
        0.6355200000	    8.9648000000e-01	   -2.9164000000e-02	    2.1001000000e+01	    2.1024000000e+01	    0.0000000000e+00
        0.6504700000	    8.9885000000e-01	   -2.9691000000e-02	    2.0883000000e+01	    2.0907000000e+01	    0.0000000000e+00
        0.6655000000	    9.0125000000e-01	   -3.0447000000e-02	    2.0764000000e+01	    2.0788000000e+01	    0.0000000000e+00
        0.6806000000	    9.0369000000e-01	   -3.1421000000e-02	    2.0644000000e+01	    2.0669000000e+01	    0.0000000000e+00
        0.6957600000	    9.0617000000e-01	   -3.2600000000e-02	    2.0523000000e+01	    2.0549000000e+01	    0.0000000000e+00
        0.7109900000	    9.0869000000e-01	   -3.3973000000e-02	    2.0401000000e+01	    2.0429000000e+01	    0.0000000000e+00
        0.7262800000	    9.1124000000e-01	   -3.5539000000e-02	    2.0279000000e+01	    2.0307000000e+01	    0.0000000000e+00
        0.7416200000	    9.1383000000e-01	   -3.7286000000e-02	    2.0156000000e+01	    2.0186000000e+01	    0.0000000000e+00
        0.7570200000	    9.1647000000e-01	   -3.9204000000e-02	    2.0032000000e+01	    2.0064000000e+01	    0.0000000000e+00
        0.7724700000	    9.1914000000e-01	   -4.1270000000e-02	    1.9907000000e+01	    1.9941000000e+01	    0.0000000000e+00
        0.7879600000	    9.2184000000e-01	   -4.3464000000e-02	    1.9782000000e+01	    1.9818000000e+01	    0.0000000000e+00
        0.8035000000	    9.2459000000e-01	   -4.5792000000e-02	    1.9656000000e+01	    1.9694000000e+01	    0.0000000000e+00
        0.8190700000	    9.2738000000e-01	   -4.8241000000e-02	    1.9529000000e+01	    1.9569000000e+01	    0.0000000000e+00
        0.8346900000	    9.3020000000e-01	   -5.0777000000e-02	    1.9402000000e+01	    1.9444000000e+01	    0.0000000000e+00
        0.8503300000	    9.3306000000e-01	   -5.3379000000e-02	    1.9274000000e+01	    1.9319000000e+01	    0.0000000000e+00
        0.8660100000	    9.3596000000e-01	   -5.6041000000e-02	    1.9146000000e+01	    1.9193000000e+01	    0.0000000000e+00
        0.8817100000	    9.3890000000e-01	   -5.8759000000e-02	    1.9017000000e+01	    1.9067000000e+01	    0.0000000000e+00
        0.8974400000	    9.4188000000e-01	   -6.1512000000e-02	    1.8888000000e+01	    1.8940000000e+01	    0.0000000000e+00
        0.9131900000	    9.4490000000e-01	   -6.4288000000e-02	    1.8759000000e+01	    1.8813000000e+01	    0.0000000000e+00
        0.9289500000	    9.4796000000e-01	   -6.7078000000e-02	    1.8629000000e+01	    1.8686000000e+01	    0.0000000000e+00
        0.9447300000	    9.5105000000e-01	   -6.9867000000e-02	    1.8498000000e+01	    1.8558000000e+01	    0.0000000000e+00
        0.9605100000	    9.5418000000e-01	   -7.2651000000e-02	    1.8368000000e+01	    1.8430000000e+01	    0.0000000000e+00
        0.9763100000	    9.5735000000e-01	   -7.5435000000e-02	    1.8237000000e+01	    1.8301000000e+01	    0.0000000000e+00
        0.9921000000	    9.6057000000e-01	   -7.8236000000e-02	    1.8106000000e+01	    1.8172000000e+01	    0.0000000000e+00
        1.0079000000	    9.6382000000e-01	   -8.1053000000e-02	    1.7974000000e+01	    1.8043000000e+01	    0.0000000000e+00
        1.0237000000	    9.6711000000e-01	   -8.3885000000e-02	    1.7842000000e+01	    1.7914000000e+01	    0.0000000000e+00
        1.0395000000	    9.7045000000e-01	   -8.6716000000e-02	    1.7710000000e+01	    1.7784000000e+01	    0.0000000000e+00
        1.0553000000	    9.7382000000e-01	   -8.9493000000e-02	    1.7578000000e+01	    1.7654000000e+01	    0.0000000000e+00
        1.0711000000	    9.7723000000e-01	   -9.2153000000e-02	    1.7446000000e+01	    1.7524000000e+01	    0.0000000000e+00
        1.0868000000	    9.8068000000e-01	   -9.4664000000e-02	    1.7314000000e+01	    1.7394000000e+01	    0.0000000000e+00
        1.1026000000	    9.8417000000e-01	   -9.7027000000e-02	    1.7181000000e+01	    1.7263000000e+01	    0.0000000000e+00
        1.1183000000	    9.8770000000e-01	   -9.9247000000e-02	    1.7049000000e+01	    1.7132000000e+01	    0.0000000000e+00
        1.1340000000	    9.9126000000e-01	   -1.0133000000e-01	    1.6917000000e+01	    1.7001000000e+01	    0.0000000000e+00
        1.1497000000	    9.9487000000e-01	   -1.0331000000e-01	    1.6784000000e+01	    1.6870000000e+01	    0.0000000000e+00
        1.1653000000	    9.9851000000e-01	   -1.0522000000e-01	    1.6652000000e+01	    1.6739000000e+01	    0.0000000000e+00
        1.1809000000	    1.0022000000e+00	   -1.0709000000e-01	    1.6520000000e+01	    1.6608000000e+01	    0.0000000000e+00
        1.1965000000	    1.0059000000e+00	   -1.0885000000e-01	    1.6387000000e+01	    1.6477000000e+01	    0.0000000000e+00
        1.2120000000	    1.0097000000e+00	   -1.1045000000e-01	    1.6255000000e+01	    1.6345000000e+01	    0.0000000000e+00
        1.2275000000	    1.0135000000e+00	   -1.1189000000e-01	    1.6123000000e+01	    1.6214000000e+01	    0.0000000000e+00
        1.2430000000	    1.0174000000e+00	   -1.1319000000e-01	    1.5991000000e+01	    1.6083000000e+01	    0.0000000000e+00
        1.2584000000	    1.0212000000e+00	   -1.1433000000e-01	    1.5859000000e+01	    1.5951000000e+01	    0.0000000000e+00
        1.2737000000	    1.0252000000e+00	   -1.1528000000e-01	    1.5728000000e+01	    1.5820000000e+01	    0.0000000000e+00
        1.2890000000	    1.0291000000e+00	   -1.1599000000e-01	    1.5597000000e+01	    1.5689000000e+01	    0.0000000000e+00
        1.3042000000	    1.0331000000e+00	   -1.1648000000e-01	    1.5466000000e+01	    1.5557000000e+01	    0.0000000000e+00
        1.3194000000	    1.0372000000e+00	   -1.1672000000e-01	    1.5335000000e+01	    1.5426000000e+01	    0.0000000000e+00
        1.3345000000	    1.0412000000e+00	   -1.1672000000e-01	    1.5205000000e+01	    1.5295000000e+01	    0.0000000000e+00
        1.3495000000	    1.0453000000e+00	   -1.1643000000e-01	    1.5075000000e+01	    1.5165000000e+01	    0.0000000000e+00
        1.3645000000	    1.0495000000e+00	   -1.1584000000e-01	    1.4946000000e+01	    1.5034000000e+01	    0.0000000000e+00
        1.3794000000	    1.0537000000e+00	   -1.1492000000e-01	    1.4817000000e+01	    1.4903000000e+01	    0.0000000000e+00
        1.3942000000	    1.0579000000e+00	   -1.1358000000e-01	    1.4689000000e+01	    1.4773000000e+01	    0.0000000000e+00
        1.4089000000	    1.0621000000e+00	   -1.1175000000e-01	    1.4561000000e+01	    1.4643000000e+01	    0.0000000000e+00
        1.4235000000	    1.0664000000e+00	   -1.0939000000e-01	    1.4434000000e+01	    1.4513000000e+01	    0.0000000000e+00
        1.4380000000	    1.0707000000e+00	   -1.0649000000e-01	    1.4308000000e+01	    1.4383000000e+01	    0.0000000000e+00
        1.4525000000	    1.0750000000e+00	   -1.0309000000e-01	    1.4182000000e+01	    1.4254000000e+01	    0.0000000000e+00
        1.4668000000	    1.0794000000e+00	   -9.9251000000e-02	    1.4057000000e+01	    1.4125000000e+01	    0.0000000000e+00
        1.4811000000	    1.0838000000e+00	   -9.5018000000e-02	    1.3933000000e+01	    1.3996000000e+01	    0.0000000000e+00
        1.4952000000	    1.0882000000e+00	   -9.0402000000e-02	    1.3809000000e+01	    1.3868000000e+01	    0.0000000000e+00
        1.5093000000	    1.0927000000e+00	   -8.5381000000e-02	    1.3686000000e+01	    1.3739000000e+01	    0.0000000000e+00
        1.5232000000	    1.0972000000e+00	   -7.9920000000e-02	    1.3564000000e+01	    1.3611000000e+01	    0.0000000000e+00
        1.5370000000	    1.1017000000e+00	   -7.4000000000e-02	    1.3442000000e+01	    1.3484000000e+01	    0.0000000000e+00
        1.5507000000	    1.1062000000e+00	   -6.7648000000e-02	    1.3321000000e+01	    1.3357000000e+01	    0.0000000000e+00
        1.5643000000	    1.1108000000e+00	   -6.0860000000e-02	    1.3200000000e+01	    1.3230000000e+01	    0.0000000000e+00
        1.5778000000	    1.1154000000e+00	   -5.3546000000e-02	    1.3081000000e+01	    1.3103000000e+01	    0.0000000000e+00
        1.5911000000	    1.1201000000e+00	   -4.5643000000e-02	    1.2962000000e+01	    1.2977000000e+01	    0.0000000000e+00
        1.6043000000	    1.1247000000e+00	   -3.7128000000e-02	    1.2844000000e+01	    1.2851000000e+01	    0.0000000000e+00
        1.6174000000	    1.1294000000e+00	   -2.7968000000e-02	    1.2727000000e+01	    1.2726000000e+01	    0.0000000000e+00
        1.6303000000	    1.1341000000e+00	   -1.8109000000e-02	    1.2611000000e+01	    1.2601000000e+01	    0.0000000000e+00
        1.6431000000	    1.1388000000e+00	   -7.5084000000e-03	    1.2496000000e+01	    1.2477000000e+01	    0.0000000000e+00
        1.6558000000	    1.1436000000e+00	    3.8170000000e-03	    1.2382000000e+01	    1.2352000000e+01	    0.0000000000e+00
        1.6683000000	    1.1483000000e+00	    1.5799000000e-02	    1.2268000000e+01	    1.2229000000e+01	    0.0000000000e+00
        1.6806000000	    1.1531000000e+00	    2.8334000000e-02	    1.2156000000e+01	    1.2105000000e+01	    0.0000000000e+00
        1.6928000000	    1.1580000000e+00	    4.1358000000e-02	    1.2044000000e+01	    1.1983000000e+01	    0.0000000000e+00
        1.7049000000	    1.1628000000e+00	    5.4770000000e-02	    1.1933000000e+01	    1.1860000000e+01	    0.0000000000e+00
        1.7167000000	    1.1677000000e+00	    6.8468000000e-02	    1.1823000000e+01	    1.1738000000e+01	    0.0000000000e+00
        1.7285000000	    1.1726000000e+00	    8.2347000000e-02	    1.1713000000e+01	    1.1617000000e+01	    0.0000000000e+00
        1.7400000000	    1.1776000000e+00	    9.6251000000e-02	    1.1604000000e+01	    1.1496000000e+01	    0.0000000000e+00
        1.7514000000	    1.1827000000e+00	    1.1003000000e-01	    1.1494000000e+01	    1.1375000000e+01	    0.0000000000e+00
        1.7626000000	    1.1878000000e+00	    1.2352000000e-01	    1.1385000000e+01	    1.1255000000e+01	    0.0000000000e+00
        1.7737000000	    1.1930000000e+00	    1.3651000000e-01	    1.1276000000e+01	    1.1135000000e+01	    0.0000000000e+00
        1.7845000000	    1.1982000000e+00	    1.4873000000e-01	    1.1167000000e+01	    1.1016000000e+01	    0.0000000000e+00
        1.7952000000	    1.2036000000e+00	    1.5985000000e-01	    1.1057000000e+01	    1.0897000000e+01	    0.0000000000e+00
        1.8057000000	    1.2091000000e+00	    1.6951000000e-01	    1.0946000000e+01	    1.0779000000e+01	    0.0000000000e+00
        1.8160000000	    1.2147000000e+00	    1.7724000000e-01	    1.0834000000e+01	    1.0661000000e+01	    0.0000000000e+00
        1.8261000000	    1.2204000000e+00	    1.8251000000e-01	    1.0721000000e+01	    1.0544000000e+01	    0.0000000000e+00
        1.8360000000	    1.2264000000e+00	    1.8463000000e-01	    1.0606000000e+01	    1.0428000000e+01	    0.0000000000e+00
        1.8457000000	    1.2326000000e+00	    1.8274000000e-01	    1.0488000000e+01	    1.0312000000e+01	    0.0000000000e+00
        1.8552000000	    1.2391000000e+00	    1.7583000000e-01	    1.0367000000e+01	    1.0197000000e+01	    0.0000000000e+00
        1.8645000000	    1.2459000000e+00	    1.6268000000e-01	    1.0242000000e+01	    1.0082000000e+01	    0.0000000000e+00
        1.8736000000	    1.2532000000e+00	    1.4177000000e-01	    1.0111000000e+01	    9.9683000000e+00	    0.0000000000e+00
        1.8825000000	    1.2610000000e+00	    1.1126000000e-01	    9.9735000000e+00	    9.8552000000e+00	    0.0000000000e+00
        1.8912000000	    1.2694000000e+00	    6.8819000000e-02	    9.8279000000e+00	    9.7430000000e+00	    0.0000000000e+00
        1.8996000000	    1.2786000000e+00	    1.1554000000e-02	    9.6721000000e+00	    9.6316000000e+00	    0.0000000000e+00
        1.9078000000	    1.2888000000e+00	   -6.4171000000e-02	    9.5036000000e+00	    9.5212000000e+00	    0.0000000000e+00
        1.9158000000	    1.3002000000e+00	   -1.6291000000e-01	    9.3194000000e+00	    9.4118000000e+00	    0.0000000000e+00
        1.9236000000	    1.3132000000e+00	   -2.9035000000e-01	    9.1160000000e+00	    9.3036000000e+00	    0.0000000000e+00
        1.9311000000	    1.3281000000e+00	   -4.5345000000e-01	    8.8890000000e+00	    9.1965000000e+00	    0.0000000000e+00
        1.9384000000	    1.3455000000e+00	   -6.6060000000e-01	    8.6336000000e+00	    9.0907000000e+00	    0.0000000000e+00
        1.9455000000	    1.3660000000e+00	   -9.2154000000e-01	    8.3450000000e+00	    8.9863000000e+00	    0.0000000000e+00
        1.9523000000	    1.3904000000e+00	   -1.2470000000e+00	    8.0182000000e+00	    8.8833000000e+00	    0.0000000000e+00
        1.9589000000	    1.4194000000e+00	   -1.6481000000e+00	    7.6500000000e+00	    8.7819000000e+00	    0.0000000000e+00
        1.9652000000	    1.4540000000e+00	   -2.1351000000e+00	    7.2390000000e+00	    8.6821000000e+00	    0.0000000000e+00
        1.9713000000	    1.4952000000e+00	   -2.7162000000e+00	    6.7878000000e+00	    8.5842000000e+00	    0.0000000000e+00
        1.9771000000	    1.5439000000e+00	   -3.3961000000e+00	    6.3028000000e+00	    8.4882000000e+00	    0.0000000000e+00
        1.9826000000	    1.6009000000e+00	   -4.1762000000e+00	    5.7942000000e+00	    8.3943000000e+00	    0.0000000000e+00
        1.9879000000	    1.6671000000e+00	   -5.0547000000e+00	    5.2745000000e+00	    8.3027000000e+00	    0.0000000000e+00
        1.9929000000	    1.7434000000e+00	   -6.0304000000e+00	    4.7556000000e+00	    8.2137000000e+00	    0.0000000000e+00
        1.9977000000	    1.8309000000e+00	   -7.0980000000e+00	    4.2476000000e+00	    8.1245000000e+00	    0.0000000000e+00
