        0.0000000000	        0.0000000000	        1.0000000000	       -0.0001394017	        0.0000000000	        0.0000000000	        0.0000000000	        0.0000000000	        0.0072389654	        0.0000000000	        0.0000000000	        0.0013905250	        0.6000000000	        0.0012217806	        0.0010184745	        0.0000000000	        0.0000000000	        0.0000000000	        0.0000000000	        0.4389574760	        0.0000000000	        0.0000000000
        0.0014313701	        0.0139223986	        0.9934416956	       -0.0012364621	        0.0000000014	        0.0000000018	        0.0000000050	        0.0000333705	        0.0068248480	        0.0000000068	        0.0000106835	        0.0011352982	        0.6015781330	        0.0012238539	        0.0010187817	        0.0000103285	        0.0000000000	        0.0000000000	        0.0000000000	        0.4355119505	        0.0000000000	        0.0000000455
        0.0030125084	        0.0292773688	        0.9861966846	       -0.0024523213	        0.0000000123	        0.0000000146	        0.0000000406	        0.0001066413	        0.0064157170	        0.0000000588	        0.0000346754	        0.0009866532	        0.6033311883	        0.0012239002	        0.0010181400	        0.0000689562	        0.0000000000	        0.0000000000	        0.0000000000	        0.4317266648	        0.0000000000	        0.0000003723
        0.0047588098	        0.0462054026	        0.9781946689	       -0.0037997684	        0.0000000544	        0.0000000539	        0.0000001497	        0.0002292156	        0.0060177078	        0.0000002517	        0.0000741311	        0.0008901965	        0.6052793265	        0.0012238645	        0.0010174162	        0.0002395467	        0.0000000000	        0.0000000000	        0.0000000000	        0.4275714309	        0.0000000000	        0.0000013740
        0.0066871908	        0.0648570722	        0.9693588648	       -0.0052926178	        0.0000001719	        0.0000001429	        0.0000003984	        0.0004119955	        0.0056379519	        0.0000007685	        0.0001319847	        0.0008266190	        0.6074451232	        0.0012236747	        0.0010168771	        0.0006157694	        0.0000000000	        0.0000000000	        0.0000000000	        0.4230143029	        0.0000000000	        0.0000036562
        0.0088162262	        0.0853907131	        0.9596058230	       -0.0069412308	        0.0000004431	        0.0000003200	        0.0000008952	        0.0006674705	        0.0052846497	        0.0000019136	        0.0002120314	        0.0007875333	        0.6098538172	        0.0012232091	        0.0010161066	        0.0013216027	        0.0000000000	        0.0000000000	        0.0000000000	        0.4180218295	        0.0000000000	        0.0000082127
        0.0111662954	        0.1079677412	        0.9488456681	       -0.0087657246	        0.0000009938	        0.0000006538	        0.0000018356	        0.0010096743	        0.0049670868	        0.0000041517	        0.0003191074	        0.0007691985	        0.6125334967	        0.0012222450	        0.0010136332	        0.0025046251	        0.0000000000	        0.0000000000	        0.0000000000	        0.4125595753	        0.0000000000	        0.0000168264
        0.0137597373	        0.1327446866	        0.9369833419	       -0.0108024179	        0.0000020100	        0.0000012758	        0.0000035938	        0.0014538642	        0.0046955125	        0.0000081444	        0.0004593377	        0.0007702858	        0.6155150814	        0.0012203562	        0.0010096147	        0.0043201187	        0.0000000000	        0.0000000000	        0.0000000000	        0.4065931950	        0.0000000000	        0.0000328926
        0.0166210148	        0.1598614169	        0.9239220550	       -0.0130697462	        0.0000037436	        0.0000024415	        0.0000068938	        0.0020157217	        0.0044807548	        0.0000147780	        0.0006404026	        0.0007908784	        0.6188317801	        0.0012167297	        0.0010030956	        0.0069073621	        0.0000000000	        0.0000000000	        0.0000000000	        0.4000906250	        0.0000000000	        0.0000629096
        0.0197768871	        0.1894262115	        0.9095711990	       -0.0156154583	        0.0000065034	        0.0000046339	        0.0000130879	        0.0027098550	        0.0043334221	        0.0000251721	        0.0008716847	        0.0008318686	        0.6225174009	        0.0012098786	        0.0009927730	        0.0103640930	        0.0000000000	        0.0000000000	        0.0000000000	        0.3930263922	        0.0000000000	        0.0001187608
        0.0232565889	        0.2215003682	        0.8938623275	       -0.0184637866	        0.0000106261	        0.0000087199	        0.0000245318	        0.0035475209	        0.0042625847	        0.0000406590	        0.0011639498	        0.0008944233	        0.6266024503	        0.0011972739	        0.0009781126	        0.0147267610	        0.0000000000	        0.0000000000	        0.0000000000	        0.3853895504	        0.0000000000	        0.0002202849
        0.0270920169	        0.2560869035	        0.8767777097	       -0.0216183136	        0.0000164311	        0.0000161585	        0.0000449351	        0.0045338253	        0.0042739991	        0.0000627298	        0.0015278830	        0.0009791926	        0.6311065582	        0.0011750328	        0.0009567077	        0.0199621793	        0.0000000000	        0.0000000000	        0.0000000000	        0.3771969060	        0.0000000000	        0.0003960013
        0.0313179184	        0.2931276655	        0.8583943164	       -0.0250538642	        0.0000241777	        0.0000292430	        0.0000793714	        0.0056651282	        0.0043682161	        0.0000929547	        0.0019704904	        0.0010843606	        0.6360259561	        0.0011379857	        0.0009278745	        0.0259871761	        0.0000000000	        0.0000000000	        0.0000000000	        0.3685120411	        0.0000000000	        0.0006774267
        0.0359720830	        0.3325096682	        0.8389385054	       -0.0286047265	        0.0000340498	        0.0000513565	        0.0001334650	        0.0069276291	        0.0045391569	        0.0001328948	        0.0024886941	        0.0012028238	        0.6413165616	        0.0010806087	        0.0008914536	        0.0327201595	        0.0000000000	        0.0000000000	        0.0000000000	        0.3594668411	        0.0000000000	        0.0010816755
        0.0410955314	        0.3740767010	        0.8188303316	       -0.0319793417	        0.0000461768	        0.0000871979	        0.0002113735	        0.0082978005	        0.0047737375	        0.0001840278	        0.0030615655	        0.0013208179	        0.6468778589	        0.0009992881	        0.0008455797	        0.0401176720	        0.0000000000	        0.0000000000	        0.0000000000	        0.3502751615	        0.0000000000	        0.0015841723
        0.0467326989	        0.4171130944	        0.7986726273	       -0.0347983376	        0.0000682681	        0.0001426609	        0.0003126590	        0.0097297274	        0.0050532715	        0.0002469750	        0.0036469980	        0.0014194479	        0.6525505121	        0.0008956133	        0.0007905625	        0.0481526288	        0.0000000000	        0.0000000000	        0.0000000000	        0.3412194645	        0.0000000000	        0.0021001619
        0.0529316067	        0.4606616454	        0.7791341057	       -0.0366355037	        0.0000973497	        0.0002236705	        0.0004293353	        0.0111346599	        0.0053213690	        0.0003213194	        0.0041907767	        0.0014807071	        0.6581446859	        0.0007777414	        0.0007287820	        0.0567436714	        0.0000000000	        0.0000000000	        0.0000000000	        0.3325922037	        0.0000000000	        0.0025043384
        0.0597440162	        0.5040977036	        0.7607769087	       -0.0371839015	        0.0001334030	        0.0003358394	        0.0005494216	        0.0124346816	        0.0055306418	        0.0004064902	        0.0046467599	        0.0014954049	        0.6634887300	        0.0006575204	        0.0006617544	        0.0658358389	        0.0000000000	        0.0000000000	        0.0000000000	        0.3246202071	        0.0000000000	        0.0027094196
        0.0672255573	        0.5469167471	        0.7439368274	       -0.0364088587	        0.0001771252	        0.0004836988	        0.0006616861	        0.0135668767	        0.0056489292	        0.0005014910	        0.0049927197	        0.0014661593	        0.6684680164	        0.0005457140	        0.0005918787	        0.0753615056	        0.0000000000	        0.0000000000	        0.0000000000	        0.3174200116	        0.0000000000	        0.0027081851
        0.0754358219	        0.5887113134	        0.7287067800	       -0.0344709293	        0.0002292365	        0.0006700956	        0.0007591398	        0.0144879153	        0.0056606010	        0.0006048942	        0.0052314831	        0.0014037821	        0.6730360465	        0.0004488647	        0.0005220977	        0.0852278775	        0.0000000000	        0.0000000000	        0.0000000000	        0.3110006002	        0.0000000000	        0.0025556328
        0.0844384110	        0.6291767452	        0.7150002325	       -0.0316878030	        0.0002904508	        0.0008959350	        0.0008395332	        0.0151758038	        0.0055653086	        0.0007149406	        0.0053812241	        0.0013212799	        0.6772008319	        0.0003689883	        0.0004545522	        0.0953269480	        0.0000000000	        0.0000000000	        0.0000000000	        0.3052978550	        0.0000000000	        0.0023233348
        0.0943009237	        0.6681058843	        0.7026351137	       -0.0284252273	        0.0003614400	        0.0011602469	        0.0009038497	        0.0156277982	        0.0053743982	        0.0008296539	        0.0054647208	        0.0012297132	        0.6810024914	        0.0003050463	        0.0003916919	        0.1055520402	        0.0000000000	        0.0000000000	        0.0000000000	        0.3002134183	        0.0000000000	        0.0020678702
        0.1050948725	        0.7053766105	        0.6913988137	       -0.0249840406	        0.0004427963	        0.0014604670	        0.0009545337	        0.0158560147	        0.0051063302	        0.0009469484	        0.0055028269	        0.0011368098	        0.6844943014	        0.0002546234	        0.0003349646	        0.1158106969	        0.0000000000	        0.0000000000	        0.0000000000	        0.2956423809	        0.0000000000	        0.0018228499
        0.1168955085	        0.7409358671	        0.6810854699	       -0.0216256811	        0.0005349927	        0.0017927875	        0.0009943038	        0.0158823005	        0.0047823483	        0.0010647175	        0.0055120985	        0.0010472553	        0.6877309581	        0.0002150505	        0.0002844644	        0.1260302222	        0.0000000000	        0.0000000000	        0.0000000000	        0.2914878643	        0.0000000000	        0.0016036915
        0.1297815392	        0.7747829789	        0.6715121067	       -0.0185650154	        0.0006383478	        0.0021524648	        0.0010255889	        0.0157335244	        0.0044231670	        0.0011808997	        0.0055047507	        0.0009635289	        0.6907628999	        0.0001839404	        0.0002408892	        0.1361568550	        0.0000000000	        0.0000000000	        0.0000000000	        0.2876664339	        0.0000000000	        0.0014148539
        0.1438347190	        0.8069540835	        0.6625225535	       -0.0158785085	        0.0007529967	        0.0025340338	        0.0010503561	        0.0154378974	        0.0040469122	        0.0012935268	        0.0054894706	        0.0008866987	        0.6936343843	        0.0001593537	        0.0002040365	        0.1461510925	        0.0000000000	        0.0000000000	        0.0000000000	        0.2841085876	        0.0000000000	        0.0012553364
        0.1591392914	        0.8375086145	        0.6539855911	       -0.0136505810	        0.0008788733	        0.0029314259	        0.0010701216	        0.0150224756	        0.0036681760	        0.0014007601	        0.0054723454	        0.0008170054	        0.6963834885	        0.0001397895	        0.0001733841	        0.1559814342	        0.0000000000	        0.0000000000	        0.0000000000	        0.2807571376	        0.0000000000	        0.0011219380
        0.1757812632	        0.8665181350	        0.6457909765	       -0.0118575226	        0.0010157093	        0.0033380216	        0.0010860259	        0.0145117198	        0.0032978767	        0.0015009231	        0.0054576327	        0.0007542402	        0.6990429247	        0.0001241126	        0.0001482916	        0.1656180569	        0.0000000000	        0.0000000000	        0.0000000000	        0.2775649786	        0.0000000000	        0.0010109213
        0.1938474899	        0.8940574066	        0.6378451133	       -0.0105061739	        0.0011630570	        0.0037466812	        0.0010989171	        0.0139268707	        0.0029436027	        0.0015925349	        0.0054483286	        0.0006979719	        0.7016411014	        0.0001114736	        0.0001280139	        0.1750272648	        0.0000000000	        0.0000000000	        0.0000000000	        0.2744929135	        0.0000000000	        0.0009187516
        0.2134245548	        0.9201973666	        0.6300670991	       -0.0095244251	        0.0013203413	        0.0041497977	        0.0011094234	        0.0132858900	        0.0026101836	        0.0016743489	        0.0054465578	        0.0006476776	        0.7042031684	        0.0001012374	        0.0001119035	        0.1841671560	        0.0000000000	        0.0000000000	        0.0000000000	        0.2715077793	        0.0000000000	        0.0008423638
        0.2345974273	        0.9449996138	        0.6223853850	       -0.0088773811	        0.0014869514	        0.0045394149	        0.0011180093	        0.0126037577	        0.0023003178	        0.0017453996	        0.0054538307	        0.0006028124	        0.7067519455	        0.0000929281	        0.0000991850	        0.1929847832	        0.0000000000	        0.0000000000	        0.0000000000	        0.2685809242	        0.0000000000	        0.0007792090
        0.2574478906	        0.9685120335	        0.6147350776	       -0.0084921132	        0.0016623798	        0.0049074467	        0.0011250188	        0.0118929756	        0.0020151587	        0.0018050574	        0.0054712011	        0.0005628459	        0.7093087053	        0.0000861862	        0.0000892189	        0.2014150909	        0.0000000000	        0.0000000000	        0.0000000000	        0.2656870165	        0.0000000000	        0.0007272080
        0.2820527391	        0.9907652972	        0.6070558566	       -0.0083379580	        0.0018464167	        0.0052460291	        0.0011307057	        0.0111641772	        0.0017548155	        0.0018530902	        0.0054993510	        0.0005272772	        0.7118937997	        0.0000807370	        0.0000812407	        0.2093820122	        0.0000000000	        0.0000000000	        0.0000000000	        0.2628031525	        0.0000000000	        0.0006846731
        0.3084817527	        1.0117701454	        0.5992905037	       -0.0083957477	        0.0020394016	        0.0055480244	        0.0011352580	        0.0104267768	        0.0015187549	        0.0018897265	        0.0055386170	        0.0004956399	        0.7145271211	        0.0000763671	        0.0000750387	        0.2168022301	        0.0000000000	        0.0000000000	        0.0000000000	        0.2599082400	        0.0000000000	        0.0006502226
        0.3367954708	        1.0315155994	        0.5913840909	       -0.0086105741	        0.0022425265	        0.0058076819	        0.0011388161	        0.0096896109	        0.0013061070	        0.0019157105	        0.0055889662	        0.0004675001	        0.7172283688	        0.0000729058	        0.0000703134	        0.2235921546	        0.0000000000	        0.0000000000	        0.0000000000	        0.2569826628	        0.0000000000	        0.0006226972
        0.3670428018	        1.0499685604	        0.5832839641	       -0.0089649168	        0.0024581616	        0.0060214256	        0.0011414894	        0.0089615187	        0.0011158825	        0.0019323322	        0.0056499261	        0.0004424527	        0.7200170624	        0.0000702099	        0.0000666006	        0.2296784832	        0.0000000000	        0.0000000000	        0.0000000000	        0.2540082588	        0.0000000000	        0.0006010791
        0.3992585207	        1.0670755827	        0.5749407336	       -0.0094558967	        0.0026901418	        0.0061886901	        0.0011433742	        0.0082517874	        0.0009471058	        0.0019414106	        0.0057204724	        0.0004201161	        0.7229122142	        0.0000681511	        0.0000636661	        0.2350120986	        0.0000000000	        0.0000000000	        0.0000000000	        0.2509686730	        0.0000000000	        0.0005844165
        0.4334607283	        1.0827678355	        0.5663105278	       -0.0100819305	        0.0029439015	        0.0063126482	        0.0011445730	        0.0075703612	        0.0007988696	        0.0019451998	        0.0057988868	        0.0004001282	        0.7259315480	        0.0000666047	        0.0000614188	        0.2395837828	        0.0000000000	        0.0000000000	        0.0000000000	        0.2478501523	        0.0000000000	        0.0005717547
        0.4696483595	        1.0969701170	        0.5573586802	       -0.0108248512	        0.0032262785	        0.0064005988	        0.0011452157	        0.0069276958	        0.0006703131	        0.0019461972	        0.0058826117	        0.0003821460	        0.7290901749	        0.0000654416	        0.0000598012	        0.2434383005	        0.0000000000	        0.0000000000	        0.0000000000	        0.2446428146	        0.0000000000	        0.0005620860
        0.5077988477	        1.1096139222	        0.5480647171	       -0.0116545517	        0.0035447630	        0.0064637370	        0.0011454767	        0.0063341816	        0.0005605409	        0.0019468556	        0.0059681523	        0.0003658494	        0.7323987311	        0.0000645244	        0.0000588349	        0.2466814077	        0.0000000000	        0.0000000000	        0.0000000000	        0.2413423028	        0.0000000000	        0.0005543336
        0.5478660655	        1.1206528434	        0.5384279121	       -0.0124940824	        0.0039059807	        0.0065160983	        0.0011455769	        0.0057991802	        0.0004685123	        0.0019492425	        0.0060511020	        0.0003509509	        0.7358611953	        0.0000637103	        0.0000584187	        0.2494738138	        0.0000000000	        0.0000000000	        0.0000000000	        0.2379515276	        0.0000000000	        0.0005473876
        0.5897786695	        1.1300765381	        0.5284719124	       -0.0132818544	        0.0043133565	        0.0065726947	        0.0011457613	        0.0053299079	        0.0003929508	        0.0019547395	        0.0061263700	        0.0003372102	        0.7394728962	        0.0000628633	        0.0000584697	        0.2520089779	        0.0000000000	        0.0000000000	        0.0000000000	        0.2344819518	        0.0000000000	        0.0005401975
        0.6334389769	        1.1379184737	        0.5182464519	       -0.0139046019	        0.0047642370	        0.0066471964	        0.0011462513	        0.0049305496	        0.0003323218	        0.0019638900	        0.0061886499	        0.0003244490	        0.7432194411	        0.0000618718	        0.0000590657	        0.2544782808	        0.0000000000	        0.0000000000	        0.0000000000	        0.2309537498	        0.0000000000	        0.0005319050
        0.6787224963	        1.1442540004	        0.5078245565	       -0.0142183006	        0.0052472021	        0.0067497807	        0.0011471902	        0.0046019682	        0.0002848993	        0.0019764568	        0.0062330743	        0.0003125621	        0.7470772260	        0.0000606665	        0.0000600751	        0.2570344969	        0.0000000000	        0.0000000000	        0.0000000000	        0.2273943708	        0.0000000000	        0.0005219702
        0.7254782147	        1.1491888291	        0.4972951417	       -0.0141088485	        0.0057406585	        0.0068857724	        0.0011486096	        0.0043421415	        0.0002489027	        0.0019916619	        0.0062558971	        0.0003015165	        0.7510156955	        0.0000592297	        0.0000610777	        0.2597670992	        0.0000000000	        0.0000000000	        0.0000000000	        0.2238356008	        0.0000000000	        0.0005102385
        0.7735297135	        1.1528416167	        0.4867528319	       -0.0135608337	        0.0062138011	        0.0070554160	        0.0011504341	        0.0041471507	        0.0002226566	        0.0020085055	        0.0062550030	        0.0002913396	        0.7550008113	        0.0000575918	        0.0000619398	        0.2626978339	        0.0000000000	        0.0000000000	        0.0000000000	        0.2203098664	        0.0000000000	        0.0004969166
        0.8226771500	        1.1553258411	        0.4762879960	       -0.0125228484	        0.0066304746	        0.0072547225	        0.0011525186	        0.0040123671	        0.0002047248	        0.0020260526	        0.0062301034	        0.0002820991	        0.7589986900	        0.0000558155	        0.0000626827	        0.2657953824	        0.0000000000	        0.0000000000	        0.0000000000	        0.2168468527	        0.0000000000	        0.0004824630
        0.8727000940	        1.1567350572	        0.4659796377	       -0.0110050110	        0.0069554382	        0.0074770474	        0.0011546985	        0.0039335031	        0.0001939951	        0.0020436228	        0.0061826139	        0.0002738816	        0.7629784008	        0.0000539753	        0.0000630165	        0.2690002475	        0.0000000000	        0.0000000000	        0.0000000000	        0.2134712883	        0.0000000000	        0.0004674389
        0.9233611572	        1.1571333901	        0.4558923102	       -0.0091064395	        0.0071614474	        0.0077149453	        0.0011568326	        0.0039073407	        0.0001897152	        0.0020608796	        0.0061153232	        0.0002667763	        0.7669133889	        0.0000521387	        0.0000628206	        0.2722490620	        0.0000000000	        0.0000000000	        0.0000000000	        0.2102021930	        0.0000000000	        0.0004523680
        0.9744103051	        1.1565513023	        0.4460766340	       -0.0069273772	        0.0072349769	        0.0079618666	        0.0011635590	        0.0039320945	        0.0001914937	        0.0020778476	        0.0060319979	        0.0002608677	        0.7707815683	        0.0000505604	        0.0000621662	        0.2754903625	        0.0000000000	        0.0000000000	        0.0000000000	        0.2070533396	        0.0000000000	        0.0004412255
        1.0255896949	        1.1549859386	        0.4364931614	       -0.0046535047	        0.0071788574	        0.0080764045	        0.0011641752	        0.0040072761	        0.0001992668	        0.0020948023	        0.0059348603	        0.0002561139	        0.7745960739	        0.0000496242	        0.0000609687	        0.2787119417	        0.0000000000	        0.0000000000	        0.0000000000	        0.2040094701	        0.0000000000	        0.0004332847
        1.0766388428	        1.1524054604	        0.4270366979	       -0.0025747201	        0.0070107237	        0.0080648197	        0.0011594401	        0.0041334503	        0.0002132629	        0.0021122309	        0.0058244559	        0.0002524264	        0.7783972156	        0.0000492517	        0.0000592558	        0.2818581580	        0.0000000000	        0.0000000000	        0.0000000000	        0.2010353271	        0.0000000000	        0.0004282828
        1.1272999060	        1.1487569189	        0.4176922180	       -0.0008346149	        0.0067579118	        0.0080695259	        0.0011596681	        0.0043120236	        0.0002339738	        0.0021309024	        0.0057014655	        0.0002497505	        0.7821901690	        0.0000489939	        0.0000572490	        0.2848224552	        0.0000000000	        0.0000000000	        0.0000000000	        0.1981249375	        0.0000000000	        0.0004261250
        1.1773228500	        1.1439770569	        0.4085233304	        0.0005446209	        0.0064511704	        0.0080925172	        0.0011601280	        0.0045445482	        0.0002620922	        0.0021517187	        0.0055672473	        0.0002480225	        0.7859479505	        0.0000486404	        0.0000551410	        0.2875070214	        0.0000000000	        0.0000000000	        0.0000000000	        0.1952966730	        0.0000000000	        0.0004232183
        1.2264702865	        1.1380049723	        0.3995894212	        0.0015847462	        0.0061189615	        0.0081324760	        0.0011608289	        0.0048318003	        0.0002984226	        0.0021754356	        0.0054242342	        0.0002472144	        0.7896443217	        0.0000482039	        0.0000531511	        0.2897828626	        0.0000000000	        0.0000000000	        0.0000000000	        0.1925669057	        0.0000000000	        0.0004196740
        1.2745217853	        1.1307946490	        0.3909404823	        0.0023491405	        0.0057834853	        0.0081839815	        0.0011617174	        0.0051731065	        0.0003437971	        0.0022024410	        0.0052756034	        0.0002473348	        0.7932560618	        0.0000477190	        0.0000514567	        0.2914850340	        0.0000000000	        0.0000000000	        0.0000000000	        0.1899485592	        0.0000000000	        0.0004157698
        1.3212775037	        1.1223246546	        0.3826127804	        0.0029144959	        0.0054590796	        0.0082376992	        0.0011626882	        0.0055659451	        0.0003990020	        0.0022325574	        0.0051248571	        0.0002484239	        0.7967650149	        0.0000472385	        0.0000499954	        0.2924229470	        0.0000000000	        0.0000000000	        0.0000000000	        0.1874499948	        0.0000000000	        0.0004119271
        1.3665610231	        1.1126027009	        0.3746265746	        0.0033012578	        0.0051526628	        0.0082814972	        0.0011636090	        0.0060059442	        0.0004647340	        0.0022649349	        0.0049754103	        0.0002505475	        0.8001593599	        0.0000468264	        0.0000486470	        0.2924038107	        0.0000000000	        0.0000000000	        0.0000000000	        0.1850745631	        0.0000000000	        0.0004086568
        1.4102213305	        1.1016642385	        0.3669862737	        0.0035220767	        0.0048654299	        0.0083021503	        0.0011643495	        0.0064872686	        0.0005415979	        0.0022980714	        0.0048302726	        0.0002537892	        0.8034338662	        0.0000465491	        0.0000476284	        0.2912615256	        0.0000000000	        0.0000000000	        0.0000000000	        0.1828208820	        0.0000000000	        0.0004064957
        1.4521339345	        1.0895661107	        0.3596825773	        0.0036477648	        0.0045949680	        0.0082871541	        0.0011648019	        0.0070032528	        0.0006301449	        0.0023299573	        0.0046918675	        0.0002582435	        0.8065892633	        0.0000464690	        0.0000472493	        0.2888815525	        0.0000000000	        0.0000000000	        0.0000000000	        0.1806836653	        0.0000000000	        0.0004059535
        1.4922011523	        1.0763775507	        0.3526956854	        0.0037620577	        0.0043371868	        0.0082262187	        0.0011648886	        0.0075470785	        0.0007309355	        0.0023582967	        0.0045619835	        0.0002640124	        0.8096310753	        0.0000466408	        0.0000474059	        0.2852150318	        0.0000000000	        0.0000000000	        0.0000000000	        0.1786548026	        0.0000000000	        0.0004074848
        1.5303516405	        1.0621709509	        0.3459986664	        0.0038722444	        0.0040877602	        0.0081122046	        0.0011645591	        0.0081123237	        0.0008446085	        0.0023807458	        0.0044418193	        0.0002712030	        0.8125683010	        0.0000471120	        0.0000479284	        0.2802803556	        0.0000000000	        0.0000000000	        0.0000000000	        0.1767244236	        0.0000000000	        0.0004114853
        1.5665392717	        1.0470141215	        0.3395603705	        0.0039896749	        0.0038430218	        0.0079414695	        0.0011637810	        0.0086932963	        0.0009719382	        0.0023951193	        0.0043320787	        0.0002799283	        0.8154122170	        0.0000479250	        0.0000489259	        0.2741545376	        0.0000000000	        0.0000000000	        0.0000000000	        0.1748817780	        0.0000000000	        0.0004183063
        1.6007414793	        1.0309647713	        0.3333476179	        0.0041364747	        0.0036003978	        0.0077137349	        0.0011625302	        0.0092851442	        0.0011138716	        0.0023995392	        0.0042330797	        0.0002903090	        0.8181754433	        0.0000491204	        0.0000503467	        0.2669586164	        0.0000000000	        0.0000000000	        0.0000000000	        0.1731158692	        0.0000000000	        0.0004282795
        1.6329571982	        1.0140671747	        0.3273266438	        0.0042951030	        0.0033585087	        0.0074316399	        0.0011607828	        0.0098837877	        0.0012715420	        0.0023925225	        0.0041448560	        0.0003024763	        0.8208713013	        0.0000507411	        0.0000521070	        0.2588411925	        0.0000000000	        0.0000000000	        0.0000000000	        0.1714158532	        0.0000000000	        0.0004417456
        1.6632045292	        0.9963505776	        0.3214639099	        0.0044563733	        0.0031170686	        0.0071001349	        0.0011585083	        0.0104857302	        0.0014462605	        0.0023730170	        0.0040672398	        0.0003165752	        0.8235134344	        0.0000528361	        0.0000545845	        0.2499630423	        0.0000000000	        0.0000000000	        0.0000000000	        0.1697712463	        0.0000000000	        0.0004590828
        1.6915182473	        0.9778287985	        0.3157264299	        0.0046789735	        0.0028766779	        0.0067258346	        0.0011556642	        0.0110877975	        0.0016394851	        0.0023403990	        0.0039999243	        0.0003327676	        0.8261156391	        0.0000554643	        0.0000578660	        0.2404844254	        0.0000000000	        0.0000000000	        0.0000000000	        0.1681719929	        0.0000000000	        0.0004807356
        1.7179472609	        0.9585005486	        0.3100817405	        0.0049492477	        0.0026385802	        0.0063164050	        0.0011521917	        0.0116868399	        0.0018527667	        0.0022944478	        0.0039425068	        0.0003512358	        0.8286918577	        0.0000586990	        0.0000617442	        0.2305556502	        0.0000000000	        0.0000000000	        0.0000000000	        0.1666084358	        0.0000000000	        0.0005072434
        1.7425521094	        0.9383501294	        0.3044976143	        0.0052615113	        0.0024044225	        0.0058800287	        0.0011480110	        0.0122794120	        0.0020876675	        0.0022353056	        0.0038945143	        0.0003721859	        0.8312562943	        0.0000626326	        0.0000664129	        0.2203108002	        0.0000000000	        0.0000000000	        0.0000000000	        0.1650712202	        0.0000000000	        0.0005392718
        1.7654025727	        0.9173483012	        0.2989415769	        0.0056216334	        0.0021760438	        0.0054249652	        0.0011430151	        0.0128614371	        0.0023456438	        0.0021634323	        0.0038554150	        0.0003958505	        0.8338236323	        0.0000673829	        0.0000721872	        0.2098641822	        0.0000000000	        0.0000000000	        0.0000000000	        0.1635511502	        0.0000000000	        0.0005776474
        1.7865754452	        0.8954532275	        0.2933802533	        0.0060541732	        0.0019553002	        0.0049592136	        0.0011370627	        0.0134278523	        0.0026278818	        0.0020795586	        0.0038246162	        0.0004224915	        0.8364093433	        0.0000731007	        0.0000794324	        0.1993089419	        0.0000000000	        0.0000000000	        0.0000000000	        0.1620390078	        0.0000000000	        0.0006234005
        1.8061525101	        0.8726114904	        0.2877785447	        0.0065885320	        0.0017439312	        0.0044902716	        0.0011299675	        0.0139722339	        0.0029350730	        0.0019846420	        0.0038014497	        0.0004524015	        0.8390300938	        0.0000799806	        0.0000886509	        0.1887173097	        0.0000000000	        0.0000000000	        0.0000000000	        0.1605253360	        0.0000000000	        0.0006778159
        1.8242187368	        0.8487592425	        0.2820986124	        0.0072771688	        0.0015434640	        0.0040249821	        0.0011214842	        0.0144863983	        0.0032671116	        0.0018798268	        0.0037851414	        0.0004859029	        0.8417042635	        0.0000882751	        0.0001002343	        0.1781420249	        0.0000000000	        0.0000000000	        0.0000000000	        0.1590001818	        0.0000000000	        0.0007424938
        1.8408607086	        0.8238236199	        0.2762986248	        0.0081437804	        0.0013551522	        0.0035694565	        0.0011112888	        0.0149599903	        0.0036227008	        0.0017664090	        0.0037747638	        0.0005233435	        0.8444526045	        0.0000983147	        0.0001146064	        0.1676185985	        0.0000000000	        0.0000000000	        0.0000000000	        0.1574527910	        0.0000000000	        0.0008194198
        1.8561652810	        0.7977246030	        0.2703312082	        0.0092271452	        0.0011799427	        0.0031290602	        0.0010989513	        0.0153800774	        0.0039988573	        0.0016458069	        0.0037691625	        0.0005650841	        0.8472990778	        0.0001105342	        0.0001324042	        0.1571681949	        0.0000000000	        0.0000000000	        0.0000000000	        0.1558712438	        0.0000000000	        0.0009110374
        1.8702184608	        0.7703775628	        0.2641415296	        0.0105491613	        0.0010184663	        0.0027084453	        0.0010838983	        0.0157307982	        0.0043903208	        0.0015195382	        0.0037668475	        0.0006114740	        0.8502719168	        0.0001255103	        0.0001541997	        0.1468010125	        0.0000000000	        0.0000000000	        0.0000000000	        0.1542420171	        0.0000000000	        0.0010203029
        1.8831044915	        0.7416967874	        0.2576649438	        0.0121224229	        0.0008710453	        0.0023116136	        0.0010653621	        0.0159931422	        0.0047889038	        0.0013892014	        0.0037658335	        0.0006628037	        0.8534049708	        0.0001440110	        0.0001810832	        0.1365201288	        0.0000000000	        0.0000000000	        0.0000000000	        0.1525494680	        0.0000000000	        0.0011506788
        1.8949051275	        0.7116003224	        0.2508241739	        0.0139773971	        0.0007377150	        0.0019419916	        0.0010423152	        0.0161449878	        0.0051828659	        0.0012564623	        0.0037634086	        0.0007192200	        0.8567393701	        0.0001670597	        0.0002146315	        0.1263258095	        0.0000000000	        0.0000000000	        0.0000000000	        0.1507752398	        0.0000000000	        0.0013059665
        1.9056990763	        0.6800164688	        0.2435261155	        0.0161485832	        0.0006182537	        0.0016024945	        0.0010133893	        0.0161615723	        0.0055564681	        0.0011230432	        0.0037558044	        0.0007805784	        0.8603255132	        0.0001960134	        0.0002544679	        0.1162202589	        0.0000000000	        0.0000000000	        0.0000000000	        0.1488976335	        0.0000000000	        0.0014897838
        1.9155615890	        0.6468922324	        0.2356586304	        0.0185000215	        0.0005122193	        0.0012955566	        0.0009767926	        0.0160166231	        0.0058899562	        0.0009907120	        0.0037377496	        0.0008462000	        0.8642252421	        0.0002326418	        0.0003001776	        0.1062126547	        0.0000000000	        0.0000000000	        0.0000000000	        0.1468910587	        0.0000000000	        0.0017043211
        1.9245641781	        0.6122038767	        0.2270883064	        0.0209204730	        0.0004189898	        0.0010231052	        0.0009302601	        0.0156843974	        0.0061603076	        0.0008612686	        0.0037019162	        0.0009144910	        0.8685137838	        0.0002791747	        0.0003549570	        0.0963240322	        0.0000000000	        0.0000000000	        0.0000000000	        0.1447258323	        0.0000000000	        0.0019477882
        1.9327744427	        0.5759694589	        0.2176612997	        0.0233854151	        0.0003378055	        0.0007864616	        0.0008711213	        0.0151428337	        0.0063431162	        0.0007365223	        0.0036383744	        0.0009824064	        0.8732804309	        0.0003382331	        0.0004162760	        0.0865911271	        0.0000000000	        0.0000000000	        0.0000000000	        0.1423688631	        0.0000000000	        0.0022098157
        1.9402559838	        0.5382628064	        0.2072112656	        0.0255068419	        0.0002678129	        0.0005861693	        0.0007966550	        0.0143778491	        0.0064159047	        0.0006182566	        0.0035344016	        0.0010448258	        0.8786258797	        0.0004124886	        0.0004811463	        0.0770677281	        0.0000000000	        0.0000000000	        0.0000000000	        0.1397861772	        0.0000000000	        0.0024645832
        1.9470683933	        0.4992278554	        0.1955806542	        0.0270606840	        0.0002081075	        0.0004217804	        0.0007049682	        0.0133884666	        0.0063628500	        0.0005081748	        0.0033754059	        0.0010941481	        0.8846526978	        0.0005038242	        0.0005529298	        0.0678217376	        0.0000000000	        0.0000000000	        0.0000000000	        0.1369486587	        0.0000000000	        0.0026638506
        1.9532673011	        0.4590917276	        0.1826622546	        0.0278995288	        0.0001577786	        0.0002916645	        0.0005965612	        0.0121919130	        0.0061803526	        0.0004078237	        0.0031481229	        0.0011208012	        0.8914444927	        0.0006118513	        0.0006254466	        0.0589267684	        0.0000000000	        0.0000000000	        0.0000000000	        0.1338422666	        0.0000000000	        0.0027375504
        1.9589044686	        0.4181745488	        0.1684615973	        0.0276632684	        0.0001159524	        0.0001929323	        0.0004762038	        0.0108271773	        0.0058821583	        0.0003184956	        0.0028468231	        0.0011156086	        0.8990317802	        0.0007321190	        0.0006976403	        0.0504498469	        0.0000000000	        0.0000000000	        0.0000000000	        0.1304821396	        0.0000000000	        0.0026147837
        1.9640279170	        0.3768938593	        0.1531618379	        0.0265102256	        0.0000818351	        0.0001215565	        0.0003537461	        0.0093550564	        0.0055021698	        0.0002411174	        0.0024807270	        0.0010741404	        0.9073521815	        0.0008552757	        0.0007650495	        0.0424418911	        0.0000000000	        0.0000000000	        0.0000000000	        0.1269253993	        0.0000000000	        0.0022691284
        1.9686820816	        0.3357609616	        0.1371476577	        0.0243598457	        0.0000547440	        0.0000727105	        0.0002420347	        0.0078529403	        0.0050932168	        0.0001761450	        0.0020768416	        0.0010007676	        0.9162276799	        0.0009688256	        0.0008220585	        0.0349413653	        0.0000000000	        0.0000000000	        0.0000000000	        0.1232724358	        0.0000000000	        0.0017586705
        1.9729079831	        0.2955668065	        0.1209473802	        0.0216300654	        0.0000373396	        0.0000413281	        0.0001522689	        0.0064122308	        0.0047242417	        0.0001237703	        0.0016727229	        0.0009084734	        0.9253847585	        0.0010617241	        0.0008768481	        0.0280136671	        0.0000000000	        0.0000000000	        0.0000000000	        0.1196490280	        0.0000000000	        0.0012125068
        1.9767434111	        0.2571813661	        0.1050998365	        0.0187794189	        0.0000261026	        0.0000223817	        0.0000885575	        0.0051010391	        0.0044419712	        0.0000834870	        0.0013020394	        0.0008133604	        0.9345213088	        0.0011290448	        0.0009255545	        0.0217232108	        0.0000000000	        0.0000000000	        0.0000000000	        0.1161739018	        0.0000000000	        0.0007498906
        1.9802231129	        0.2210171585	        0.0900226943	        0.0160564395	        0.0000172496	        0.0000115700	        0.0000480009	        0.0039490735	        0.0042627452	        0.0000537926	        0.0009842326	        0.0007284887	        0.9433827614	        0.0011727314	        0.0009600813	        0.0161315527	        0.0000000000	        0.0000000000	        0.0000000000	        0.1129307970	        0.0000000000	        0.0004221914
        1.9833789852	        0.1872105308	        0.0759630412	        0.0134960775	        0.0000106630	        0.0000057342	        0.0000245294	        0.0029674650	        0.0041935491	        0.0000328351	        0.0007242512	        0.0006613723	        0.9517989704	        0.0011985069	        0.0009786763	        0.0113341674	        0.0000000000	        0.0000000000	        0.0000000000	        0.1099614630	        0.0000000000	        0.0002204901
        1.9862402627	        0.1558503665	        0.0630210992	        0.0111037960	        0.0000060964	        0.0000027459	        0.0000119823	        0.0021560084	        0.0042324600	        0.0000187823	        0.0005180049	        0.0006146131	        0.9596799434	        0.0012125385	        0.0009917474	        0.0074355118	        0.0000000000	        0.0000000000	        0.0000000000	        0.1072746104	        0.0000000000	        0.0001089676
        1.9888337046	        0.1269612837	        0.0511990906	        0.0089868112	        0.0000031792	        0.0000012784	        0.0000056541	        0.0015050761	        0.0043708460	        0.0000099158	        0.0003578123	        0.0005884196	        0.9669938624	        0.0012197009	        0.0010073153	        0.0044822997	        0.0000000000	        0.0000000000	        0.0000000000	        0.1048588399	        0.0000000000	        0.0000517223
        1.9911837738	        0.1004993210	        0.0404457074	        0.0071727597	        0.0000014815	        0.0000005749	        0.0000025676	        0.0009988027	        0.0045961699	        0.0000047218	        0.0002356785	        0.0005829352	        0.9737441526	        0.0012231871	        0.0010150786	        0.0024276893	        0.0000000000	        0.0000000000	        0.0000000000	        0.1026931825	        0.0000000000	        0.0000235548
        1.9933128092	        0.0763621018	        0.0306862629	        0.0054968342	        0.0000005959	        0.0000002414	        0.0000010864	        0.0006184551	        0.0048945219	        0.0000019539	        0.0001446718	        0.0005995129	        0.9799526110	        0.0012248181	        0.0010111705	        0.0011402319	        0.0000000000	        0.0000000000	        0.0000000000	        0.1007536940	        0.0000000000	        0.0000099798
        1.9952411902	        0.0544075305	        0.0218394922	        0.0039272393	        0.0000001941	        0.0000000873	        0.0000003955	        0.0003450571	        0.0052523531	        0.0000006574	        0.0000792457	        0.0006424082	        0.9856492802	        0.0012255322	        0.0010066334	        0.0004353750	        0.0000000000	        0.0000000000	        0.0000000000	        0.0990168199	        0.0000000000	        0.0000036354
        1.9969874916	        0.0344731942	        0.0138254982	        0.0024852427	        0.0000000448	        0.0000000228	        0.0000001040	        0.0001609489	        0.0056573558	        0.0000001569	        0.0000351575	        0.0007227332	        0.9908671784	        0.0012257892	        0.0010040170	        0.0001172568	        0.0000000000	        0.0000000000	        0.0000000000	        0.0974607776	        0.0000000000	        0.0000009557
        1.9985686299	        0.0163915998	        0.0065689333	        0.0011644605	        0.0000000051	        0.0000000026	        0.0000000117	        0.0000504552	        0.0060987196	        0.0000000185	        0.0000093442	        0.0008717828	        0.9956398057	        0.0012258207	        0.0010016734	        0.0000144657	        0.0000000000	        0.0000000000	        0.0000000000	        0.0960659423	        0.0000000000	        0.0000001080
        2.0000000000	        0.0000000000	        0.0000000000	       -0.0000428169	        0.0000000000	        0.0000000000	        0.0000000000	        0.0000000000	        0.0065670534	        0.0000000000	        0.0000000000	        0.0012162007	        1.0000000000	        0.0012237964	        0.0010023704	        0.0000000000	        0.0000000000	        0.0000000000	        0.0000000000	        0.0948148148	        0.0000000000	        0.0000000000
