        0.0000000000	        0.0000000000	        1.0000000000	        0.0001281873	        0.0000000000	        0.0000000000	        0.0000000000	        0.0000000000	        0.0065764648	        0.0000000000	        0.0000000000	        0.0011716428	        0.6000000000	        0.0012772682	        0.0008254001	        0.0000000000	        5.5761165821	        5.5761165821	       -0.0405995496	        0.4389574760	        0.0000000000
        0.0014313701	        0.0134287757	        0.9932994615	       -0.0022652896	        0.0000000012	        0.0000000017	        0.0000000046	        0.0000303165	        0.0062077150	        0.0000000059	        0.0000090018	        0.0009546735	        0.6016124509	        0.0012204064	        0.0007854946	        0.0000098644	        5.5956772804	        5.5956772804	       -0.0408823507	        0.4354374256	        0.0000000000
        0.0030125084	        0.0282393651	        0.9862355673	       -0.0047769938	        0.0000000111	        0.0000000137	        0.0000000361	        0.0000969305	        0.0058436191	        0.0000000507	        0.0000291971	        0.0008243439	        0.6033217527	        0.0011639007	        0.0007460131	        0.0000662545	        5.6164258813	        5.6164258813	       -0.0411843643	        0.4317469210	        0.0000000000
        0.0047588098	        0.0445674041	        0.9787998925	       -0.0074712238	        0.0000000493	        0.0000000507	        0.0000001276	        0.0002084790	        0.0054895360	        0.0000002177	        0.0000623280	        0.0007352064	        0.6051315415	        0.0011088312	        0.0006966501	        0.0002325725	        5.6381617721	        5.6381617721	       -0.0415066241	        0.4278847713	        0.0000000000
        0.0066871908	        0.0625584948	        0.9709803655	       -0.0104477440	        0.0000001558	        0.0000001355	        0.0000003255	        0.0003750281	        0.0051516831	        0.0000006660	        0.0001107088	        0.0006706247	        0.6070465071	        0.0010556822	        0.0006425142	        0.0006074185	        5.6605678071	        5.6605678071	       -0.0418503951	        0.4238481652	        0.0000000000
        0.0088162262	        0.0823662455	        0.9627630216	       -0.0137476592	        0.0000004020	        0.0000003060	        0.0000007021	        0.0006081914	        0.0048372228	        0.0000016619	        0.0001772432	        0.0006228484	        0.6090720004	        0.0010046723	        0.0005908279	        0.0013334014	        5.6835805004	        5.6835805004	       -0.0422171129	        0.4196336398	        0.0000000000
        0.0111662954	        0.1041482124	        0.9541320280	       -0.0173879068	        0.0000009027	        0.0000006318	        0.0000013844	        0.0009211468	        0.0045543049	        0.0000036148	        0.0002654944	        0.0005877996	        0.6112140597	        0.0009559959	        0.0005425258	        0.0026046179	        5.7069541654	        5.7069541654	       -0.0426083971	        0.4152371426	        0.0000000000
        0.0137597373	        0.1280588954	        0.9450685345	       -0.0214005603	        0.0000018285	        0.0000012486	        0.0000026135	        0.0013284317	        0.0043120030	        0.0000071116	        0.0003797754	        0.0005631894	        0.6134797364	        0.0009098291	        0.0004972623	        0.0046697715	        5.7305275259	        5.7305275259	       -0.0430261214	        0.4106535052	        0.0000000000
        0.0166210148	        0.1542392291	        0.9355503812	       -0.0258138529	        0.0000034119	        0.0000024267	        0.0000048538	        0.0018453381	        0.0041200476	        0.0000129461	        0.0005252166	        0.0005476700	        0.6158772208	        0.0008660315	        0.0004549711	        0.0078272831	        5.7545592958	        5.7545592958	       -0.0434724510	        0.4058763788	        0.0000000000
        0.0197768871	        0.1828029918	        0.9255573971	       -0.0306614902	        0.0000059408	        0.0000046945	        0.0000089698	        0.0024867052	        0.0039882325	        0.0000221330	        0.0007077125	        0.0005403646	        0.6184145557	        0.0008239116	        0.0004150781	        0.0124089707	        5.7790228638	        5.7790228638	       -0.0439496153	        0.4009009560	        0.0000000000
        0.0232565889	        0.2138223148	        0.9150800972	       -0.0359714206	        0.0000097335	        0.0000090416	        0.0000164682	        0.0032649940	        0.0039253721	        0.0000358982	        0.0009335430	        0.0005405573	        0.6210974128	        0.0007820014	        0.0003786794	        0.0187494018	        5.8039166389	        5.8039166389	       -0.0444594888	        0.3957282373	        0.0000000000
        0.0270920169	        0.2473162849	        0.9041382759	       -0.0417085339	        0.0000150967	        0.0000172155	        0.0000297249	        0.0041878009	        0.0039378299	        0.0000556398	        0.0012082944	        0.0005474163	        0.6239241790	        0.0007379665	        0.0003457259	        0.0271394861	        5.8290049881	        5.8290049881	       -0.0450026221	        0.3903738810	        0.0000000000
        0.0313179184	        0.2832468080	        0.8928048012	       -0.0478110847	        0.0000222834	        0.0000321044	        0.0000519797	        0.0052553575	        0.0040278336	        0.0000828642	        0.0015346041	        0.0005593792	        0.6268793841	        0.0006887389	        0.0003151995	        0.0377872079	        5.8542533495	        5.8542533495	       -0.0455768801	        0.3848790200	        0.0000000000
        0.0359720830	        0.3215231384	        0.8812369921	       -0.0541291083	        0.0000314728	        0.0000581826	        0.0000867354	        0.0064588469	        0.0041920393	        0.0001191093	        0.0019085628	        0.0005733011	        0.6299247009	        0.0006310786	        0.0002877781	        0.0508340521	        5.8797453756	        5.8797453756	       -0.0461754994	        0.3793239686	        0.0000000000
        0.0410955314	        0.3620121181	        0.8696993188	       -0.0603802402	        0.0000427840	        0.0001019654	        0.0001362958	        0.0077801910	        0.0044208505	        0.0001658736	        0.0023159427	        0.0005845427	        0.6329916999	        0.0005631190	        0.0002633703	        0.0663988145	        5.9056514689	        5.9056514689	       -0.0467853611	        0.3738368898	        0.0000000000
        0.0467326989	        0.4042070603	        0.8585463586	       -0.0662073496	        0.0000612877	        0.0001721698	        0.0001997614	        0.0091838473	        0.0046989850	        0.0002241214	        0.0027317192	        0.0005881564	        0.6359849551	        0.0004864928	        0.0002411833	        0.0845686033	        5.9318618040	        5.9318618040	       -0.0473872655	        0.3685833175	        0.0000000000
        0.0529316067	        0.4472367112	        0.8481365211	       -0.0712530828	        0.0000877985	        0.0002786536	        0.0002716242	        0.0105976568	        0.0049844688	        0.0002938363	        0.0031266583	        0.0005809829	        0.6388044249	        0.0004069159	        0.0002214562	        0.1052629607	        5.9585830198	        5.9585830198	       -0.0479602393	        0.3637244145	        0.0000000000
        0.0597440162	        0.4903993764	        0.8387192390	       -0.0752439400	        0.0001206941	        0.0004311770	        0.0003440989	        0.0119411048	        0.0052289955	        0.0003745623	        0.0034784759	        0.0005632373	        0.6413766882	        0.0003318052	        0.0002036471	        0.1282252155	        5.9855806936	        5.9855806936	       -0.0484880301	        0.3593657541	        0.0000000000
        0.0672255573	        0.5331939516	        0.8303748834	       -0.0781134268	        0.0001605939	        0.0006382113	        0.0004110833	        0.0131476646	        0.0053972652	        0.0004655497	        0.0037784514	        0.0005379732	        0.6436732608	        0.0002668508	        0.0001875473	        0.1530139811	        6.0130554972	        6.0130554972	       -0.0489633009	        0.3555329006	        0.0000000000
        0.0754358219	        0.5752005379	        0.8230371404	       -0.0799043949	        0.0002081494	        0.0009054198	        0.0004698656	        0.0141666606	        0.0054682282	        0.0005655831	        0.0040295877	        0.0005091038	        0.6457064220	        0.0002143173	        0.0001729355	        0.1789952930	        6.0411254685	        6.0411254685	       -0.0493872262	        0.3521850231	        0.0000000000
        0.0844384110	        0.6160897745	        0.8165586634	       -0.0807811568	        0.0002640170	        0.0012347888	        0.0005206728	        0.0149669719	        0.0054353992	        0.0006730677	        0.0042407584	        0.0004798211	        0.6475122015	        0.0001736573	        0.0001597170	        0.2054398848	        6.0696067611	        6.0696067611	       -0.0497662210	        0.3492467160	        0.0000000000
        0.0943009237	        0.6556221653	        0.8107670097	       -0.0808893733	        0.0003288241	        0.0016244746	        0.0005653302	        0.0155367480	        0.0053046014	        0.0007861374	        0.0044218812	        0.0004521018	        0.6491351113	        0.0001429627	        0.0001478335	        0.2316351799	        6.0987104362	        6.0987104362	       -0.0501088156	        0.3466337929	        0.0000000000
        0.1050948725	        0.6936401536	        0.8054976438	       -0.0804043083	        0.0004031317	        0.0020692278	        0.0006060300	        0.0158802806	        0.0050901934	        0.0009027630	        0.0045815778	        0.0004268983	        0.6506187521	        0.0001200405	        0.0001372269	        0.2569646267	        6.1283826782	        6.1283826782	       -0.0504236431	        0.3442678534	        0.0000000000
        0.1168955085	        0.7300557874	        0.8006075721	       -0.0794348310	        0.0004873975	        0.0025611097	        0.0006443194	        0.0160135083	        0.0048109929	        0.0010208458	        0.0047265810	        0.0004045066	        0.6520016791	        0.0001028947	        0.0001277405	        0.2809431054	        6.1587601703	        6.1587601703	       -0.0507184973	        0.3420818703	        0.0000000000
        0.1297815392	        0.7648364981	        0.7959824970	       -0.0781067076	        0.0005819409	        0.0030902374	        0.0006811239	        0.0159594501	        0.0044868209	        0.0011382937	        0.0048619507	        0.0003848761	        0.6533150849	        0.0000899664	        0.0001190060	        0.3032159995	        6.1898641982	        6.1898641982	       -0.0509997726	        0.3400228806	        0.0000000000
        0.1438347190	        0.7979908528	        0.7915283311	       -0.0765042042	        0.0006869144	        0.0036454054	        0.0007172731	        0.0157442554	        0.0041360486	        0.0012530760	        0.0049914801	        0.0003678050	        0.6545849683	        0.0000801570	        0.0001113684	        0.3235388107	        6.2216732757	        6.2216732757	       -0.0512728747	        0.3380478019	        0.0000000000
        0.1591392914	        0.8295554558	        0.7871664332	       -0.0746739197	        0.0008022861	        0.0042145660	        0.0007528807	        0.0153943118	        0.0037742298	        0.0013632678	        0.0051180306	        0.0003530391	        0.6558333395	        0.0000726354	        0.0001045469	        0.3417541156	        6.2543926899	        6.2543926899	       -0.0515424457	        0.3361210637	        0.0000000000
        0.1757812632	        0.8595836119	        0.7828345048	       -0.0726846798	        0.0009278362	        0.0047851689	        0.0007878028	        0.0149344223	        0.0034136103	        0.0014670919	        0.0052438236	        0.0003403264	        0.6570778551	        0.0000668147	        0.0000984199	        0.3577670110	        6.2881698452	        6.2881698452	       -0.0518122609	        0.3342148233	        0.0000000000
        0.1938474899	        0.8881358701	        0.7784773764	       -0.0705637607	        0.0010631760	        0.0053444200	        0.0008220517	        0.0143867756	        0.0030631898	        0.0015629547	        0.0053706489	        0.0003294394	        0.6583343840	        0.0000623047	        0.0000932745	        0.3715237756	        6.3229278534	        6.3229278534	       -0.0520857672	        0.3323047778	        0.0000000000
        0.2134245548	        0.9152723071	        0.7740461312	       -0.0683162389	        0.0012077945	        0.0058795515	        0.0008551112	        0.0137706163	        0.0027291332	        0.0016494902	        0.0054999830	        0.0003201802	        0.6596172256	        0.0000587970	        0.0000887935	        0.3829985581	        6.3591437835	        6.3591437835	       -0.0523661226	        0.3303697197	        0.0000000000
        0.2345974273	        0.9410462946	        0.7694986273	       -0.0659830714	        0.0013611411	        0.0063781254	        0.0008865677	        0.0131023603	        0.0024153155	        0.0017256132	        0.0056330998	        0.0003123833	        0.6609389325	        0.0000560824	        0.0000848908	        0.3921822874	        6.3967002597	        6.3967002597	       -0.0526561523	        0.3283917186	        0.0000000000
        0.2574478906	        0.9654994300	        0.7647932205	       -0.0635631850	        0.0015227542	        0.0068284310	        0.0009160920	        0.0123959459	        0.0021238693	        0.0017905751	        0.0057711355	        0.0003059132	        0.6623121203	        0.0000540162	        0.0000816845	        0.3990768022	        6.4358297344	        6.4358297344	       -0.0529587423	        0.3263533629	        0.0000000000
        0.2820527391	        0.9886574109	        0.7598910176	       -0.0610618518	        0.0016924399	        0.0072200237	        0.0009433465	        0.0116633975	        0.0018556952	        0.0018440316	        0.0059151193	        0.0003006605	        0.6637488217	        0.0000524925	        0.0000789564	        0.4036949631	        6.4769128764	        6.4769128764	       -0.0532767000	        0.3242387461	        0.0000000000
        0.3084817527	        1.0105267713	        0.7547516628	       -0.0585007897	        0.0018705075	        0.0075443960	        0.0009680104	        0.0109154339	        0.0016108815	        0.0018861091	        0.0060659843	        0.0002965379	        0.6652617336	        0.0000514318	        0.0000767437	        0.4060645830	        6.5200906660	        6.5200906660	       -0.0536130336	        0.3220316601	        0.0000000000
        0.3367954708	        1.0310926409	        0.7493363773	       -0.0558674334	        0.0020580524	        0.0077957837	        0.0009898396	        0.0101621343	        0.0013890444	        0.0019174677	        0.0062245593	        0.0002934776	        0.6668633536	        0.0000507735	        0.0000750401	        0.4062372209	        6.5655431759	        6.5655431759	       -0.0539707667	        0.3197169373	        0.0000000000
        0.3670428018	        1.0503179920	        0.7436042945	       -0.0531730258	        0.0022572637	        0.0079720388	        0.0010088655	        0.0094135243	        0.0011895709	        0.0019393344	        0.0063915353	        0.0002914276	        0.6685670925	        0.0000504763	        0.0000737087	        0.4043004478	        6.6136351784	        6.6136351784	       -0.0543531938	        0.3172789146	        0.0000000000
        0.3992585207	        1.0681451942	        0.7375146866	       -0.0504263506	        0.0024716985	        0.0080754834	        0.0010252965	        0.0086800613	        0.0010117818	        0.0019534914	        0.0065673819	        0.0002903480	        0.6703866611	        0.0000505038	        0.0000727096	        0.4003947612	        6.6645802279	        6.6645802279	       -0.0547637536	        0.3147024378	        0.0000000000
        0.4334607283	        1.0845009419	        0.7310260145	       -0.0476425440	        0.0027064172	        0.0081135295	        0.0010393711	        0.0079728594	        0.0008550040	        0.0019621828	        0.0067522188	        0.0002902061	        0.6723364005	        0.0000508093	        0.0000719742	        0.3947304169	        6.7186431200	        6.7186431200	       -0.0552061145	        0.3119725093	        0.0000000000
        0.4696483595	        1.0993054872	        0.7241022547	       -0.0448393034	        0.0029678111	        0.0080987874	        0.0010513672	        0.0073035639	        0.0007185646	        0.0019679226	        0.0069456710	        0.0002909736	        0.6744294229	        0.0000513295	        0.0000714605	        0.3875980634	        6.7759769181	        6.7759769181	       -0.0556837622	        0.3090769901	        0.0000000000
        0.5077988477	        1.1124862058	        0.7167148286	       -0.0420297881	        0.0032629121	        0.0080483408	        0.0010616034	        0.0066837386	        0.0006017112	        0.0019731944	        0.0071467440	        0.0002926274	        0.6766770270	        0.0000519808	        0.0000711689	        0.3793644008	        6.8368550791	        6.8368550791	       -0.0561998661	        0.3060073815	        0.0000000000
        0.5478660655	        1.1239937168	        0.7088516262	       -0.0392097174	        0.0035979790	        0.0079820284	        0.0010707895	        0.0061238485	        0.0005035005	        0.0019800982	        0.0073537892	        0.0002951553	        0.6790859025	        0.0000526787	        0.0000711564	        0.3704473121	        6.9014379172	        6.9014379172	       -0.0567566270	        0.3027624814	        0.0000000000
        0.5897786695	        1.1338165842	        0.7005145680	       -0.0363473277	        0.0039763148	        0.0079198676	        0.0010798843	        0.0056320315	        0.0004227003	        0.0019900250	        0.0075645604	        0.0002985629	        0.6816587456	        0.0000533410	        0.0000714204	        0.3612716938	        6.9701158567	        6.9701158567	       -0.0573553911	        0.2993471773	        0.0000000000
        0.6334389769	        1.1419895215	        0.6917271835	       -0.0334055619	        0.0043955578	        0.0078791920	        0.0010898311	        0.0052131447	        0.0003577680	        0.0020034948	        0.0077764143	        0.0003028815	        0.6843917488	        0.0000538941	        0.0000718691	        0.3522169116	        7.0430590716	        7.0430590716	       -0.0579960284	        0.2957753014	        0.0000000000
        0.6787224963	        1.1485914069	        0.6825294657	       -0.0303488558	        0.0048451476	        0.0078722447	        0.0011017434	        0.0048684222	        0.0003069241	        0.0020202077	        0.0079866854	        0.0003081757	        0.6872759445	        0.0000543025	        0.0000724270	        0.3435705547	        7.1204150822	        7.1204150822	       -0.0586771919	        0.2920671886	        0.0000000000
        0.7254782147	        1.1537331564	        0.6729737133	       -0.0271462229	        0.0053049851	        0.0079049735	        0.0011164279	        0.0045959356	        0.0002683051	        0.0020392932	        0.0081930711	        0.0003145454	        0.6902982723	        0.0000545585	        0.0000731118	        0.3355088525	        7.2022293198	        7.2022293198	       -0.0593965191	        0.2882476936	        0.0000000000
        0.7735297135	        1.1575393739	        0.6631195886	       -0.0237482548	        0.0057463175	        0.0079772502	        0.0011345674	        0.0043916607	        0.0002401406	        0.0020596483	        0.0083939964	        0.0003221230	        0.6934429367	        0.0000546934	        0.0000739514	        0.3281066408	        7.2886172384	        7.2886172384	       -0.0601509107	        0.2843439640	        0.0000000000
        0.8226771500	        1.1601292659	        0.6530237692	       -0.0201217004	        0.0061353563	        0.0080842873	        0.0011571484	        0.0042507513	        0.0002209042	        0.0020802381	        0.0085887845	        0.0003310645	        0.6966945844	        0.0000547865	        0.0000748044	        0.3213701247	        7.3795867734	        7.3795867734	       -0.0609372656	        0.2803812040	        0.0000000000
        0.8727000940	        1.1616011554	        0.6427293619	       -0.0162980683	        0.0064391616	        0.0082187466	        0.0011849862	        0.0041686659	        0.0002094083	        0.0021002912	        0.0087774430	        0.0003415275	        0.7000417443	        0.0000549228	        0.0000756327	        0.3152786196	        7.4749364413	        7.4749364413	       -0.0617533188	        0.2763785828	        0.0000000000
        0.9233611572	        1.1620225458	        0.6322700540	       -0.0122960415	        0.0066322753	        0.0083729538	        0.0012182952	        0.0041419672	        0.0002048467	        0.0021194013	        0.0089602825	        0.0003536482	        0.7034756208	        0.0000551561	        0.0000763179	        0.3098183908	        7.5741738655	        7.5741738655	       -0.0625973763	        0.2723510450	        0.0000000000
        0.9744103051	        1.1614257494	        0.6216745164	       -0.0082199398	        0.0067020726	        0.0085407068	        0.0012624346	        0.0041687180	        0.0002067971	        0.0021375482	        0.0091376374	        0.0003675285	        0.7069887433	        0.0000557534	        0.0000768869	        0.3049985699	        7.6769734131	        7.6769734131	       -0.0634680021	        0.2683111393	        0.0000000000
        1.0255896949	        1.1598083183	        0.6108784642	       -0.0041874801	        0.0066512252	        0.0085579969	        0.0013042852	        0.0042483247	        0.0002151840	        0.0021549801	        0.0093093828	        0.0003832620	        0.7106046252	        0.0000571928	        0.0000773809	        0.3008067828	        7.7827171120	        7.7827171120	       -0.0643714705	        0.2642360755	        0.0000000000
        1.0766388428	        1.1571376533	        0.5997306631	       -0.0004741223	        0.0064962637	        0.0084365201	        0.0013435145	        0.0043812260	        0.0002302355	        0.0021721504	        0.0094747585	        0.0004010080	        0.7143773372	        0.0000594457	        0.0000777347	        0.2971437423	        7.8908822269	        7.8908822269	       -0.0653219775	        0.2600717586	        0.0000000000
        1.1272999060	        1.1533593202	        0.5881861587	        0.0027940304	        0.0062627505	        0.0083432461	        0.0013920605	        0.0045686947	        0.0002524518	        0.0021898113	        0.0096293088	        0.0004206958	        0.7183267611	        0.0000619398	        0.0000779904	        0.2939521036	        8.0006153770	        8.0006153770	       -0.0663254582	        0.2558056081	        0.0000000000
        1.1773228500	        1.1484083960	        0.5763254226	        0.0055909326	        0.0059793432	        0.0082808624	        0.0014426942	        0.0048121533	        0.0002825392	        0.0022088908	        0.0097653850	        0.0004419238	        0.7224301083	        0.0000643090	        0.0000781695	        0.2912495708	        8.1113514445	        8.1113514445	       -0.0673770497	        0.2514714510	        0.0000000000
        1.2264702865	        1.1422226953	        0.5642518957	        0.0079525672	        0.0056725015	        0.0082483843	        0.0014939513	        0.0051121765	        0.0003213103	        0.0022301919	        0.0098766832	        0.0004642634	        0.7266555032	        0.0000664672	        0.0000785341	        0.2890035404	        8.2225608112	        8.2225608112	       -0.0684693356	        0.2471101017	        0.0000000000
        1.2745217853	        1.1347557909	        0.5520808624	        0.0099924350	        0.0053628037	        0.0082405036	        0.0015442614	        0.0054677850	        0.0003695927	        0.0022541584	        0.0099590218	        0.0004873148	        0.7309653472	        0.0000683658	        0.0000791296	        0.2871219336	        8.3341179228	        8.3341179228	       -0.0695931149	        0.2427648658	        0.0000000000
        1.3212775037	        1.1259870052	        0.5399298797	        0.0117819171	        0.0050634800	        0.0082478911	        0.0015923426	        0.0058760494	        0.0004281515	        0.0022806698	        0.0100107489	        0.0005107615	        0.7353193925	        0.0000700142	        0.0000799675	        0.2854596616	        8.4456458607	        8.4456458607	       -0.0707381443	        0.2384779013	        0.0000000000
        1.3665610231	        1.1159259987	        0.5279012968	        0.0134298022	        0.0047808563	        0.0082583305	        0.0016369937	        0.0063320942	        0.0004976428	        0.0023089200	        0.0100325849	        0.0005344027	        0.7396809709	        0.0000714626	        0.0000811257	        0.2838386017	        8.5570622352	        8.5570622352	       -0.0718947714	        0.2342841250	        0.0000000000
        1.4102213305	        1.1046111372	        0.5160819605	        0.0150065890	        0.0045159392	        0.0082583754	        0.0016773870	        0.0068295492	        0.0005786175	        0.0023374473	        0.0100271143	        0.0005581642	        0.7440173710	        0.0000727988	        0.0000828244	        0.2820743444	        8.6682892275	        8.6682892275	       -0.0730540872	        0.2302114785	        0.0000000000
        1.4521339345	        1.0921027571	        0.5045301660	        0.0166483997	        0.0042664056	        0.0082350294	        0.0017135003	        0.0073612026	        0.0006715610	        0.0023642723	        0.0099980517	        0.0005820833	        0.7483050270	        0.0000741496	        0.0000847981	        0.2800001431	        8.7796917036	        8.7796917036	       -0.0742093873	        0.2262768957	        0.0000000000
        1.4922011523	        1.0784737490	        0.4932787366	        0.0182812954	        0.0040283969	        0.0081771638	        0.0017451000	        0.0079197200	        0.0007769618	        0.0023871307	        0.0099493850	        0.0006062679	        0.7525289727	        0.0000756246	        0.0000866262	        0.2774854218	        8.8905250505	        8.8905250505	       -0.0753561335	        0.2224879656	        0.0000000000
        1.5303516405	        1.0637999720	        0.4823427036	        0.0198761411	        0.0037978547	        0.0080763986	        0.0017713098	        0.0084982325	        0.0008953852	        0.0024037232	        0.0098848392	        0.0006308645	        0.7566804656	        0.0000772917	        0.0000886005	        0.2744425238	        9.0001919712	        9.0001919712	       -0.0764914002	        0.2188460100	        0.0000000000
        1.5665392717	        1.0481522506	        0.4717289997	        0.0214342977	        0.0035713467	        0.0079274279	        0.0017913732	        0.0090907019	        0.0010275366	        0.0024119328	        0.0098077368	        0.0006560483	        0.7607536331	        0.0000792097	        0.0000910231	        0.2708228507	        9.1085610716	        9.1085610716	       -0.0776130142	        0.2153496127	        0.0000000000
        1.6007414793	        1.0315907089	        0.4614332305	        0.0229945893	        0.0033464754	        0.0077279203	        0.0018049454	        0.0096919966	        0.0011742941	        0.0024099656	        0.0097209628	        0.0006820186	        0.7647469089	        0.0000814428	        0.0000938037	        0.2666080825	        9.2159602770	        9.2159602770	       -0.0787199851	        0.2119937267	        0.0000000000
        1.6329571982	        1.0141613967	        0.4514451962	        0.0245128549	        0.0031219692	        0.0074782029	        0.0018118219	        0.0102978154	        0.0013367198	        0.0023964387	        0.0096269359	        0.0007089929	        0.7686610943	        0.0000840528	        0.0000973055	        0.2618016463	        9.3217992174	        9.3217992174	       -0.0798120023	        0.2087716390	        0.0000000000
        1.6632045292	        0.9958947250	        0.4417478376	        0.0260984102	        0.0028975883	        0.0071808068	        0.0018120255	        0.0109044575	        0.0015160430	        0.0023704075	        0.0095276269	        0.0007372048	        0.7724998947	        0.0000871087	        0.0001013884	        0.2564201979	        9.4273862090	        9.4273862090	       -0.0808896056	        0.2056747195	        0.0000000000
        1.6915182473	        0.9768051458	        0.4323204013	        0.0276479763	        0.0026739284	        0.0068399921	        0.0018056014	        0.0115085437	        0.0017136212	        0.0023313605	        0.0094245797	        0.0007669030	        0.7762687797	        0.0000906824	        0.0001059114	        0.2504870916	        9.5316684698	        9.5316684698	       -0.0819538843	        0.2026935087	        0.0000000000
        1.7179472609	        0.9568915763	        0.4231383425	        0.0292236557	        0.0024521919	        0.0064612822	        0.0017925795	        0.0121066859	        0.0019308752	        0.0022791870	        0.0093189566	        0.0007983541	        0.7799750891	        0.0000948523	        0.0001114107	        0.2440270470	        9.6354613922	        9.6354613922	       -0.0830065183	        0.1998177219	        0.0000000000
        1.7425521094	        0.9361382184	        0.4141756419	        0.0308155267	        0.0022339603	        0.0060510489	        0.0017729789	        0.0126951557	        0.0021691967	        0.0022141355	        0.0092115967	        0.0008318497	        0.7836271485	        0.0000997085	        0.0001176674	        0.2370623805	        9.7389725784	        9.7389725784	       -0.0840495357	        0.1970369969	        0.0000000000
        1.7654025727	        0.9145155647	        0.4054036637	        0.0324179274	        0.0020209954	        0.0056161520	        0.0017470759	        0.0132695205	        0.0024298154	        0.0021367634	        0.0091030746	        0.0008677165	        0.7872347621	        0.0001053750	        0.0001255920	        0.2296103465	        9.8421416563	        9.8421416563	       -0.0850854585	        0.1943405426	        0.0000000000
        1.7865754452	        0.8919815095	        0.3967900481	        0.0341510907	        0.0018150743	        0.0051636527	        0.0017153838	        0.0138242670	        0.0027136164	        0.0020478874	        0.0089937122	        0.0009063225	        0.7908097164	        0.0001120214	        0.0001348230	        0.2216822382	        9.9466071293	        9.9466071293	       -0.0861174558	        0.1917168171	        0.0000000000
        1.8061525101	        0.8684825699	        0.3882971413	        0.0358999095	        0.0016178629	        0.0047005937	        0.0016782637	        0.0143524042	        0.0030208926	        0.0019485374	        0.0088835461	        0.0009480789	        0.7943665047	        0.0001198548	        0.0001455307	        0.2132837803	       10.0512958369	       10.0512958369	       -0.0871495663	        0.1891530856	        0.0000000000
        1.8242187368	        0.8439552863	        0.3798839640	        0.0377728012	        0.0014308233	        0.0042338340	        0.0016360405	        0.0148450820	        0.0033510294	        0.0018399192	        0.0087723079	        0.0009934452	        0.7979215892	        0.0001291424	        0.0001587971	        0.2044159871	       10.1587844227	       10.1587844227	       -0.0881865004	        0.1866360580	        0.0000000000
        1.8408607086	        0.8183279441	        0.3715025596	        0.0397564179	        0.0012551561	        0.0037699300	        0.0015892535	        0.0152911715	        0.0037020893	        0.0017233772	        0.0086593860	        0.0010429328	        0.8014950299	        0.0001402580	        0.0001746759	        0.1950764126	       10.2681675046	       10.2681675046	       -0.0892341320	        0.1841508380	        0.0000000000
        1.8561652810	        0.7915228264	        0.3630963030	        0.0418923184	        0.0010917689	        0.0033150715	        0.0015382201	        0.0156768901	        0.0040703097	        0.0016003671	        0.0085437168	        0.0010970952	        0.8051113609	        0.0001536874	        0.0001931738	        0.1852618890	       10.3812989057	       10.3812989057	       -0.0902997847	        0.1816805079	        0.0000000000
        1.8702184608	        0.7634592392	        0.3545992536	        0.0440993250	        0.0009412663	        0.0028750486	        0.0014834119	        0.0159855267	        0.0044495309	        0.0014724343	        0.0084236534	        0.0011565102	        0.8088000667	        0.0001701156	        0.0002161471	        0.1749718109	       10.4983482019	       10.4983482019	       -0.0913924114	        0.1792060491	        0.0000000000
        1.8831044915	        0.7340576172	        0.3459285546	        0.0465377282	        0.0008039583	        0.0024552410	        0.0014250712	        0.0161972924	        0.0048305804	        0.0013411933	        0.0082967194	        0.0012217275	        0.8125991638	        0.0001904736	        0.0002440263	        0.1642127468	       10.6212897925	       10.6212897925	       -0.0925237098	        0.1767042875	        0.0000000000
        1.8949051275	        0.7032450259	        0.3369852850	        0.0490515910	        0.0006798796	        0.0020606116	        0.0013628559	        0.0162895656	        0.0052007660	        0.0012083189	        0.0081592597	        0.0012931685	        0.8165552616	        0.0002159916	        0.0002755948	        0.1530044304	       10.7502251797	       10.7502251797	       -0.0937082271	        0.1741483868	        0.0000000000
        1.9056990763	        0.6709623451	        0.3276484520	        0.0515821489	        0.0005688188	        0.0016956707	        0.0012963568	        0.0162375903	        0.0055436090	        0.0010755329	        0.0080060023	        0.0013709582	        0.8207267641	        0.0002484009	        0.0003125039	        0.1413858355	       10.8858143824	       10.8858143824	       -0.0949644305	        0.1715064321	        0.0000000000
        1.9155615890	        0.6371733663	        0.3177665203	        0.0540112393	        0.0004703548	        0.0013643993	        0.0012246074	        0.0160158813	        0.0058390817	        0.0009445903	        0.0078293737	        0.0014546060	        0.8251884845	        0.0002900487	        0.0003567173	        0.1294227655	       11.0288303813	       11.0288303813	       -0.0963162717	        0.1687394869	        0.0000000000
        1.9245641781	        0.6018758030	        0.3071544339	        0.0562927598	        0.0003838953	        0.0010701026	        0.0011454898	        0.0156006180	        0.0060647042	        0.0008172633	        0.0076186222	        0.0015424712	        0.8300342084	        0.0003439051	        0.0004096764	        0.1172151868	       11.1811486296	       11.1811486296	       -0.0977942292	        0.1658014126	        0.0000000000
        1.9327744427	        0.5651138535	        0.2955962718	        0.0582512673	        0.0003087178	        0.0008151738	        0.0010561815	        0.0149731332	        0.0061978127	        0.0006953160	        0.0073590393	        0.0016309918	        0.8353770965	        0.0004135943	        0.0004673046	        0.1049009170	       11.3441277983	       11.3441277983	       -0.0994358091	        0.1626404280	        0.0000000000
        1.9402559838	        0.5269915201	        0.2828486226	        0.0594491711	        0.0002440122	        0.0006007984	        0.0009536168	        0.0141243201	        0.0062191117	        0.0005804609	        0.0070317625	        0.0017137201	        0.8413501747	        0.0005030801	        0.0005291511	        0.0926534695	       11.5153837081	       11.5153837081	       -0.1012862275	        0.1592010152	        0.0000000000
        1.9470683933	        0.4876853438	        0.2686662354	        0.0596468593	        0.0001889233	        0.0004266580	        0.0008352858	        0.0130595883	        0.0061173750	        0.0004743000	        0.0066153541	        0.0017805462	        0.8480967013	        0.0006155716	        0.0006052356	        0.0806711394	       11.6967867713	       11.6967867713	       -0.1033961502	        0.1554318723	        0.0000000000
        1.9532673011	        0.4474547254	        0.2528546837	        0.0589455490	        0.0001425927	        0.0002907358	        0.0007012719	        0.0118033031	        0.0058945190	        0.0003782459	        0.0060911443	        0.0018181663	        0.8557469218	        0.0007516426	        0.0006849380	        0.0691545340	       11.8904938205	       11.8904938205	       -0.1058152506	        0.1513004305	        0.0000000000
        1.9589044686	        0.4066478694	        0.2353512164	        0.0566903140	        0.0001042019	        0.0001893434	        0.0005565773	        0.0104011186	        0.0055696599	        0.0002934253	        0.0054534271	        0.0018132746	        0.8643783379	        0.0009068597	        0.0007547226	        0.0582773175	       12.0902583587	       12.0902583587	       -0.1085802882	        0.1468130216	        0.0000000000
        1.9640279170	        0.3657015075	        0.2163131645	        0.0528152486	        0.0000730123	        0.0001174440	        0.0004120919	        0.0089183822	        0.0051804496	        0.0002205769	        0.0047211937	        0.0017588309	        0.8739663781	        0.0010706247	        0.0008351803	        0.0481642009	       12.2941896913	       12.2941896913	       -0.1116991411	        0.1420339040	        0.0000000000
        1.9686820816	        0.3251321892	        0.1961527713	        0.0480700618	        0.0000483924	        0.0000692298	        0.0002820511	        0.0074332731	        0.0047803685	        0.0001599593	        0.0039416021	        0.0016600974	        0.8843543019	        0.0012285060	        0.0009257075	        0.0388940222	       12.5059252316	       12.5059252316	       -0.1151392512	        0.1370873315	        0.0000000000
        1.9729079831	        0.2857891619	        0.1754640650	        0.0427468829	        0.0000341919	        0.0000388910	        0.0001786015	        0.0060358625	        0.0044356866	        0.0001116523	        0.0031769219	        0.0015346133	        0.8952743489	        0.0013678817	        0.0010088876	        0.0305584171	       12.7225929741	       12.7225929741	       -0.1188310504	        0.1321319294	        0.0000000000
        1.9767434111	        0.2484492122	        0.1548636766	        0.0372339348	        0.0000237799	        0.0000208668	        0.0001051965	        0.0047787860	        0.0041755342	        0.0000748761	        0.0024809928	        0.0014046275	        0.9064190732	        0.0014831518	        0.0010869795	        0.0231993992	       12.9407362842	       12.9407362842	       -0.1226878260	        0.1273177908	        0.0000000000
        1.9802231129	        0.2133530769	        0.1348403404	        0.0318956713	        0.0000156346	        0.0000107157	        0.0000581112	        0.0036833456	        0.0040123660	        0.0000479647	        0.0018839818	        0.0012888225	        0.9175207896	        0.0015761341	        0.0011623066	        0.0168561524	       13.1579786983	       13.1579786983	       -0.1266303456	        0.1227519671	        0.0000000000
        1.9833789852	        0.1806141539	        0.1157042420	        0.0269522908	        0.0000096208	        0.0000052946	        0.0000304597	        0.0027567890	        0.0039497981	        0.0000291123	        0.0013929462	        0.0011986634	        0.9283877340	        0.0016524592	        0.0012248046	        0.0115929091	       13.3739441803	       13.3739441803	       -0.1305993932	        0.1184917243	        0.0000000000
        1.9862402627	        0.1502970474	        0.0976114910	        0.0222608865	        0.0000054810	        0.0000025374	        0.0000153493	        0.0019957755	        0.0039837007	        0.0000165627	        0.0010005473	        0.0011388966	        0.9389016093	        0.0017181123	        0.0012713073	        0.0074569765	       13.5823900454	       13.5823900454	       -0.1345564084	        0.1145555014	        0.0000000000
        1.9888337046	        0.1224046178	        0.0806148427	        0.0178270898	        0.0000028513	        0.0000011854	        0.0000074992	        0.0013886717	        0.0041044882	        0.0000086993	        0.0006935472	        0.0011112414	        0.9489977947	        0.0017776750	        0.0013318038	        0.0044189697	       13.7817887523	       13.7817887523	       -0.1384781590	        0.1109380662	        0.0000000000
        1.9911837738	        0.0968771510	        0.0647085807	        0.0140082755	        0.0000013269	        0.0000005352	        0.0000035289	        0.0009187339	        0.0042997025	        0.0000041225	        0.0004580256	        0.0011175381	        0.9586449633	        0.0018340845	        0.0014084695	        0.0023603472	       13.9786874128	       13.9786874128	       -0.1423506663	        0.1076224356	        0.0000000000
        1.9933128092	        0.0736037871	        0.0498572756	        0.0106895322	        0.0000005335	        0.0000002253	        0.0000015447	        0.0005671921	        0.0045561789	        0.0000016980	        0.0002816829	        0.0011617842	        0.9678310536	        0.0018889713	        0.0014715546	        0.0010971189	       14.1710726177	       14.1710726177	       -0.1461648801	        0.1045869608	        0.0000000000
        1.9952411902	        0.0524402477	        0.0360132117	        0.0076672964	        0.0000001738	        0.0000000815	        0.0000005803	        0.0003155206	        0.0048614506	        0.0000005688	        0.0001544737	        0.0012533290	        0.9765541003	        0.0019431337	        0.0015242486	        0.0004159650	       14.3549477289	       14.3549477289	       -0.1499137281	        0.1018092592	        0.0000000000
        1.9969874916	        0.0332262162	        0.0231238125	        0.0049265481	        0.0000000401	        0.0000000213	        0.0000001570	        0.0001467225	        0.0052044069	        0.0000001352	        0.0000685671	        0.0014144798	        0.9848181662	        0.0019969136	        0.0015740033	        0.0001115631	       14.5305160277	       14.5305160277	       -0.1535909190	        0.0992677202	        0.0000000000
        1.9985686299	        0.0157986111	        0.0111361867	        0.0023987900	        0.0000000046	        0.0000000024	        0.0000000182	        0.0000458402	        0.0055754491	        0.0000000158	        0.0000182181	        0.0017060750	        0.9926305870	        0.0020502443	        0.0016164361	        0.0000137367	       14.6963532594	       14.6963532594	       -0.1571901378	        0.0969422825	        0.0000000000
        2.0000000000	        0.0000000000	        0.0000000000	        0.0000338150	        0.0000000000	        0.0000000000	        0.0000000000	        0.0000000000	        0.0059663850	        0.0000000000	        0.0000000000	        0.0023711956	        1.0000000000	        0.0021012465	        0.0016645745	        0.0000000000	       14.8516049291	       14.8516049291	       -0.1607044545	        0.0948148148	        0.0000000000
