        0.0000000000	        0.0000000000	        1.0000000000	        0.0001524961	        0.0000000000	        0.0000000000	        0.0000000000	        0.0000000000	        0.0060783323	        0.0000000000	        0.0000000000	        0.0000046368	        0.6000000000	        0.0009995286	        0.0008916128	        0.0000000000	        5.6578628993	        2.5576097466	       -0.0040416358	        0.4389574760	        0.0000000000	        0.0000000000
        0.0014313701	        0.0131218007	        0.9948236444	       -0.0004190173	        0.0000000011	        0.0000000016	        0.0000000033	        0.0000280202	        0.0057491114	        0.0000000052	        0.0000000356	        0.0000038924	        0.6012449030	        0.0009292117	        0.0008366253	        0.0000092051	        5.6367447715	        2.5596919435	       -0.0040641538	        0.4362364777	        0.0000354336	        0.0000000227
        0.0030125084	        0.0275933704	        0.9895198253	       -0.0008917463	        0.0000000102	        0.0000000124	        0.0000000240	        0.0000896800	        0.0054237452	        0.0000000449	        0.0000001173	        0.0000035677	        0.6025258304	        0.0008592053	        0.0007865878	        0.0000591346	        5.6089453687	        2.5618855174	       -0.0040874268	        0.4334601644	        0.0002250862	        0.0000001547
        0.0047588098	        0.0435471833	        0.9841198905	       -0.0013236672	        0.0000000453	        0.0000000438	        0.0000000783	        0.0001930871	        0.0051070332	        0.0000001932	        0.0000002553	        0.0000034707	        0.6038355901	        0.0007895667	        0.0007223699	        0.0001942435	        5.5748025347	        2.5641579179	       -0.0041113322	        0.4306456659	        0.0007299374	        0.0000004636
        0.0066871908	        0.0611255995	        0.9786570365	       -0.0018162333	        0.0000001432	        0.0000001105	        0.0000001809	        0.0003477361	        0.0048045660	        0.0000005921	        0.0000004648	        0.0000035236	        0.6051664179	        0.0007210478	        0.0006527968	        0.0004673153	        5.5348591261	        2.5664601298	       -0.0041357344	        0.4278107972	        0.0017308585	        0.0000009782
        0.0088162262	        0.0804791594	        0.9731664516	       -0.0023604673	        0.0000003696	        0.0000002339	        0.0000003480	        0.0005646467	        0.0045228115	        0.0000014808	        0.0000007654	        0.0000036896	        0.6065099254	        0.0006543384	        0.0005855837	        0.0009366561	        5.4898451055	        2.5687858579	       -0.0041604840	        0.4249741012	        0.0034135451	        0.0000017081
        0.0111662954	        0.1017629783	        0.9676837923	       -0.0029692489	        0.0000008304	        0.0000004495	        0.0000006048	        0.0008564233	        0.0042691702	        0.0000032285	        0.0000011843	        0.0000039545	        0.6078574592	        0.0005901678	        0.0005216166	        0.0016651936	        5.4406373876	        2.5710875622	       -0.0041854235	        0.4221540402	        0.0059609707	        0.0000026768
        0.0137597373	        0.1251304527	        0.9622430615	       -0.0036292777	        0.0000016832	        0.0000008243	        0.0000009967	        0.0012371299	        0.0040519526	        0.0000063684	        0.0000017579	        0.0000043209	        0.6092006201	        0.0005293250	        0.0004611058	        0.0027188597	        5.3882017749	        2.5733477834	       -0.0042103975	        0.4193679059	        0.0095436850	        0.0000039570
        0.0166210148	        0.1507237152	        0.9568732675	       -0.0043625056	        0.0000031440	        0.0000014850	        0.0000016062	        0.0017218201	        0.0038801877	        0.0000116278	        0.0000025360	        0.0000048028	        0.6105321018	        0.0004724480	        0.0004043749	        0.0041629573	        5.3147263530	        2.5755417766	       -0.0042352679	        0.4166301441	        0.0142541465	        0.0000056915
        0.0197768871	        0.1786610968	        0.9515991107	       -0.0051629208	        0.0000054820	        0.0000026676	        0.0000025703	        0.0023255316	        0.0037631574	        0.0000199452	        0.0000035841	        0.0000054217	        0.6118455474	        0.0004199495	        0.0003521275	        0.0060571002	        5.1795631929	        2.5776606657	       -0.0042599123	        0.4139527666	        0.0199669904	        0.0000080955
        0.0232565889	        0.2090234065	        0.9464395208	       -0.0060475594	        0.0000089981	        0.0000047908	        0.0000040984	        0.0030616056	        0.0037095266	        0.0000324693	        0.0000049844	        0.0000062019	        0.6131359419	        0.0003720631	        0.0003043524	        0.0084492578	        4.9985845718	        2.5796882703	       -0.0042842312	        0.4113446715	        0.0265271817	        0.0000114364
        0.0270920169	        0.2418425442	        0.9414082527	       -0.0070175263	        0.0000139864	        0.0000085569	        0.0000064831	        0.0039394050	        0.0037260543	        0.0000505298	        0.0000068308	        0.0000071657	        0.6143994960	        0.0003288406	        0.0002620635	        0.0113678457	        4.7892433223	        2.5816206427	       -0.0043081471	        0.4088120129	        0.0337204198	        0.0000159893
        0.0313179184	        0.2770963821	        0.9365135678	       -0.0080632053	        0.0000206942	        0.0000150721	        0.0000100969	        0.0049618430	        0.0038160264	        0.0000755850	        0.0000092162	        0.0000083260	        0.6156337563	        0.0002901752	        0.0002252506	        0.0148147494	        4.5669863239	        2.5834681845	       -0.0043316067	        0.4063581051	        0.0412993789	        0.0000219739
        0.0359720830	        0.3147116678	        0.9317596253	       -0.0091763385	        0.0000292988	        0.0000259716	        0.0000153654	        0.0061234148	        0.0039777710	        0.0001091508	        0.0000122104	        0.0000096719	        0.6168372829	        0.0002557659	        0.0001933633	        0.0187701382	        4.3450832764	        2.5852261265	       -0.0043545755	        0.4039841767	        0.0490453098	        0.0000294745
        0.0410955314	        0.3545727505	        0.9271492911	       -0.0103479341	        0.0000399169	        0.0000435224	        0.0000227118	        0.0074093819	        0.0042037165	        0.0001527278	        0.0000158273	        0.0000111584	        0.6180089562	        0.0002251711	        0.0001667491	        0.0231979596	        4.1347355513	        2.5868695648	       -0.0043770249	        0.4016908087	        0.0568127449	        0.0000383553
        0.0467326989	        0.3963381607	        0.9226864530	       -0.0115304265	        0.0000554568	        0.0000706195	        0.0000324490	        0.0087910509	        0.0044804422	        0.0002074999	        0.0000199917	        0.0000127001	        0.6191473924	        0.0001979028	        0.0001452794	        0.0280424654	        3.9452489005	        2.5885310650	       -0.0043989211	        0.3994790946	        0.0645340955	        0.0000481632
        0.0529316067	        0.4392093654	        0.9183776534	       -0.0126803586	        0.0000798198	        0.0001103944	        0.0000445729	        0.0102087104	        0.0047769256	        0.0002737147	        0.0000245269	        0.0000141780	        0.6202505212	        0.0001735905	        0.0001280717	        0.0332098730	        3.7841476505	        2.5900901959	       -0.0044202167	        0.3973514369	        0.0721822387	        0.0000580308
        0.0597440162	        0.4824174536	        0.9142281962	       -0.0137483438	        0.0001101299	        0.0001656057	        0.0000586755	        0.0115793988	        0.0050440263	        0.0003509628	        0.0000291980	        0.0000154708	        0.6213165774	        0.0001520679	        0.0001147331	        0.0385865614	        3.6570499366	        2.5916299590	       -0.0044408701	        0.3953096151	        0.0797963585	        0.0000669200
        0.0672255573	        0.5254579334	        0.9102374115	       -0.0146789001	        0.0001469700	        0.0002385131	        0.0000742182	        0.0128337558	        0.0052442730	        0.0004386379	        0.0000338084	        0.0000165052	        0.6223453311	        0.0001333324	        0.0001044241	        0.0440894798	        3.5676921367	        2.5931231576	       -0.0044608691	        0.3933524813	        0.0875351526	        0.0000742177
        0.0754358219	        0.5678938640	        0.9063926139	       -0.0154472085	        0.0001909589	        0.0003305042	        0.0000906948	        0.0139158002	        0.0053530093	        0.0005356515	        0.0000382689	        0.0000172756	        0.6233396792	        0.0001173949	        0.0000961764	        0.0496500596	        3.5133023580	        2.5946300338	       -0.0044802631	        0.3914730614	        0.0954752540	        0.0000798533
        0.0844384110	        0.6093692488	        0.9026694080	       -0.0160467791	        0.0002427247	        0.0004417304	        0.0001077919	        0.0147879030	        0.0053596571	        0.0006405080	        0.0000426154	        0.0000178363	        0.6243056140	        0.0001042318	        0.0000898565	        0.0552037961	        3.4671104744	        2.5961167722	       -0.0044991628	        0.3896587928	        0.1030544458	        0.0000842651
        0.0943009237	        0.6496128851	        0.8990278886	       -0.0164629265	        0.0003028716	        0.0005712242	        0.0001255298	        0.0154316835	        0.0052663088	        0.0007514029	        0.0000469865	        0.0000182743	        0.6252532566	        0.0000937245	        0.0000850122	        0.0606865893	        3.4243340725	        2.5977700787	       -0.0045177621	        0.3878897598	        0.1101158634	        0.0000882391
        0.1050948725	        0.6884344097	        0.8954179504	       -0.0167208486	        0.0003719447	        0.0007170598	        0.0001440688	        0.0158457962	        0.0050845352	        0.0008663291	        0.0000515565	        0.0000186712	        0.6261955246	        0.0000855605	        0.0000814672	        0.0660420287	        3.3843275093	        2.5993944035	       -0.0045363123	        0.3861413615	        0.1166085380	        0.0000924495
        0.1168955085	        0.7257148607	        0.8917866117	       -0.0168093572	        0.0004503956	        0.0008765278	        0.0001634749	        0.0160419549	        0.0048315358	        0.0009831743	        0.0000564802	        0.0000190822	        0.6271462482	        0.0000793022	        0.0000787248	        0.0712279548	        3.3465475427	        2.6012313368	       -0.0045550858	        0.3843879070	        0.1225065206	        0.0000972293
        0.1297815392	        0.7613941769	        0.8880845132	       -0.0167742388	        0.0005385496	        0.0010464367	        0.0001837457	        0.0160404731	        0.0045265937	        0.0010998053	        0.0000618853	        0.0000195383	        0.6281184739	        0.0000745472	        0.0000764247	        0.0762189076	        3.3106312930	        2.6030543906	       -0.0045743430	        0.3826057576	        0.1278119262	        0.0001027329
        0.1438347190	        0.7954576680	        0.8842634476	       -0.0166198820	        0.0006365801	        0.0012232344	        0.0002049030	        0.0158661722	        0.0041883683	        0.0012141325	        0.0000678770	        0.0000200542	        0.6291251084	        0.0000710020	        0.0000745187	        0.0810042512	        3.2763743445	        2.6051565699	       -0.0045943447	        0.3807721244	        0.1325501732	        0.0001091139
        0.1591392914	        0.8279229022	        0.8802753645	       -0.0163874502	        0.0007444934	        0.0014032946	        0.0002268603	        0.0155451936	        0.0038332193	        0.0013241635	        0.0000745330	        0.0000206297	        0.6301791895	        0.0000684092	        0.0000728650	        0.0855869504	        3.2437358824	        2.6072496934	       -0.0046153577	        0.3788646016	        0.1367620036	        0.0001163949
        0.1757812632	        0.8588278800	        0.8760754688	       -0.0160865606	        0.0008621283	        0.0015829001	        0.0002493937	        0.0151028439	        0.0034744389	        0.0014280524	        0.0000819036	        0.0000212537	        0.6312930796	        0.0000665533	        0.0000716657	        0.0899810905	        3.2128825344	        2.6095664708	       -0.0046376392	        0.3768626662	        0.1405057537	        0.0001244848
        0.1938474899	        0.8882208455	        0.8716203036	       -0.0157225940	        0.0009891792	        0.0017584285	        0.0002723214	        0.0145623158	        0.0031221278	        0.0015241455	        0.0000900266	        0.0000219107	        0.6324789840	        0.0000652950	        0.0000706913	        0.0942071052	        3.1841914492	        2.6120646030	       -0.0046614471	        0.3747467747	        0.1438468435	        0.0001333591
        0.2134245548	        0.9161517366	        0.8668653036	       -0.0153253812	        0.0011252485	        0.0019264017	        0.0002953847	        0.0139441227	        0.0027834749	        0.0016110319	        0.0000989176	        0.0000225794	        0.6337496256	        0.0000645197	        0.0000699890	        0.0982904415	        3.1582660962	        2.6147178368	       -0.0046870545	        0.3724972359	        0.1468584658	        0.0001429359
        0.2345974273	        0.9426651102	        0.8617676578	       -0.0148873924	        0.0012699359	        0.0020835699	        0.0003180666	        0.0132660821	        0.0024632466	        0.0016876028	        0.0001085589	        0.0000232314	        0.6351175125	        0.0000640951	        0.0000695190	        0.1022622567	        3.1359947220	        2.6176077122	       -0.0047147351	        0.3700956136	        0.1496267276	        0.0001528988
        0.2574478906	        0.9677943258	        0.8562903910	       -0.0144304934	        0.0014229747	        0.0022270821	        0.0003400247	        0.0125436435	        0.0021643314	        0.0017531218	        0.0001189382	        0.0000238420	        0.6365938620	        0.0000639559	        0.0000692381	        0.1061558748	        3.1186009569	        2.6206513010	       -0.0047447426	        0.3675266714	        0.1522481309	        0.0001630993
        0.2820527391	        0.9915567716	        0.8503921268	       -0.0139478736	        0.0015844253	        0.0023542317	        0.0003609196	        0.0117903496	        0.0018882376	        0.0018072911	        0.0001300428	        0.0000243884	        0.6381913821	        0.0000640588	        0.0000691706	        0.1100067014	        3.1049867024	        2.6240540988	       -0.0047773670	        0.3647735970	        0.1547260524	        0.0001734007
        0.3084817527	        1.0139501502	        0.8440362577	       -0.0134526412	        0.0017549217	        0.0024627471	        0.0003804158	        0.0110185210	        0.0016355530	        0.0018503311	        0.0001418679	        0.0000248514	        0.6399218421	        0.0000643696	        0.0000692255	        0.1138542846	        3.0926278953	        2.6277236259	       -0.0048128867	        0.3618223583	        0.1570088998	        0.0001836539
        0.3367954708	        1.0349500835	        0.8371824507	       -0.0129513500	        0.0019359706	        0.0025514846	        0.0003984940	        0.0102398783	        0.0014062930	        0.0018830353	        0.0001544512	        0.0000252205	        0.6417984182	        0.0000648932	        0.0000694582	        0.1177437975	        3.0814761747	        2.6316602634	       -0.0048516174	        0.3586577954	        0.1591329021	        0.0001939465
        0.3670428018	        1.0545096650	        0.8297889005	       -0.0124503879	        0.0021302651	        0.0026204760	        0.0004149509	        0.0094661692	        0.0012001702	        0.0019067988	        0.0001678114	        0.0000254830	        0.6438351559	        0.0000655859	        0.0000699101	        0.1217341828	        3.0713443469	        2.6359292857	       -0.0048939027	        0.3552647681	        0.1611380932	        0.0002041120
        0.3992585207	        1.0725620051	        0.8218220485	       -0.0119386259	        0.0023419421	        0.0026713009	        0.0004297592	        0.0087096477	        0.0010167685	        0.0019235905	        0.0001819676	        0.0000256280	        0.6460443431	        0.0000664062	        0.0000704333	        0.1259023603	        3.0618392688	        2.6405058378	       -0.0049400608	        0.3516326696	        0.1630635466	        0.0002140401
        0.4334607283	        1.0890269306	        0.8132500343	       -0.0114474213	        0.0025766689	        0.0027071809	        0.0004428818	        0.0079831657	        0.0008556024	        0.0019358162	        0.0001969208	        0.0000256469	        0.6484383347	        0.0000672776	        0.0000710480	        0.1303463064	        3.0522590806	        2.6454950923	       -0.0049904229	        0.3477524165	        0.1649494175	        0.0002234703
        0.4696483595	        1.1038226496	        0.8040623635	       -0.0109433409	        0.0028413494	        0.0027330529	        0.0004546178	        0.0072998990	        0.0007161000	        0.0019460847	        0.0002127131	        0.0000255445	        0.6510240451	        0.0000681350	        0.0000718772	        0.1351790291	        3.0415113099	        2.6508917286	       -0.0050452178	        0.3436252860	        0.1668236011	        0.0002323153
        0.5077988477	        1.1168817590	        0.7942532918	       -0.0104040440	        0.0031432528	        0.0027553149	        0.0004653884	        0.0066724174	        0.0005974920	        0.0019568415	        0.0002294270	        0.0000253410	        0.6538074960	        0.0000688911	        0.0000727931	        0.1405129470	        3.0287929324	        2.6567783814	       -0.0051046658	        0.3392552017	        0.1687092838	        0.0002404584
        0.5478660655	        1.1281687223	        0.7838504404	       -0.0097985487	        0.0034883353	        0.0027814694	        0.0004758137	        0.0061115094	        0.0004987053	        0.0019700054	        0.0002472416	        0.0000250798	        0.6567855642	        0.0000694557	        0.0000737793	        0.1464285238	        3.0150384183	        2.6630643935	       -0.0051687999	        0.3346612324	        0.1706660010	        0.0002478598
        0.5897786695	        1.1376936581	        0.7728936008	       -0.0090743918	        0.0038788306	        0.0028187735	        0.0004868775	        0.0056248237	        0.0004182783	        0.0019866546	        0.0002664889	        0.0000248322	        0.6599517019	        0.0000697937	        0.0000749158	        0.1529225465	        3.0015979771	        2.6697699530	       -0.0052375827	        0.3298676622	        0.1726927854	        0.0002548573
        0.6334389769	        1.1455170209	        0.7614440676	       -0.0081541735	        0.0043104550	        0.0028730055	        0.0004995431	        0.0052160818	        0.0003543924	        0.0020069429	        0.0002875636	        0.0000246847	        0.6632929912	        0.0000699036	        0.0000761945	        0.1598568774	        2.9902488963	        2.6769965096	       -0.0053108371	        0.3249076800	        0.1747184147	        0.0002618991
        0.6787224963	        1.1517425729	        0.7495659368	       -0.0069750516	        0.0047700997	        0.0029475816	        0.0005147110	        0.0048850536	        0.0003050031	        0.0020302392	        0.0003108415	        0.0000247288	        0.6667953028	        0.0000698351	        0.0000775246	        0.1669263199	        2.9830691401	        2.6847858879	       -0.0053883535	        0.3198148360	        0.1765903292	        0.0002695867
        0.7254782147	        1.1565006932	        0.7373263610	       -0.0054985999	        0.0052350695	        0.0030418149	        0.0005328459	        0.0046284212	        0.0002680423	        0.0020554563	        0.0003365339	        0.0000250478	        0.6704430905	        0.0000696748	        0.0000789310	        0.1736715077	        2.9781496866	        2.6931102150	       -0.0054698829	        0.3146229826	        0.1779558357	        0.0002784445
        0.7735297135	        1.1599275478	        0.7247782354	       -0.0036820538	        0.0056748170	        0.0031520559	        0.0005543347	        0.0044410980	        0.0002416136	        0.0020814009	        0.0003648884	        0.0000257337	        0.6742245030	        0.0000695572	        0.0000804442	        0.1795380466	        2.9739481462	        2.7019811043	       -0.0055552490	        0.3093588941	        0.1784738181	        0.0002891849
        0.8226771500	        1.1621459459	        0.7119546971	       -0.0015274627	        0.0060553561	        0.0032730839	        0.0005797122	        0.0043176116	        0.0002241391	        0.0021070555	        0.0003964272	        0.0000269015	        0.6781332375	        0.0000696481	        0.0000820949	        0.1839761887	        2.9709998016	        2.7113833634	       -0.0056443948	        0.3040402694	        0.1779386314	        0.0003028187
        0.8727000940	        1.1632514927	        0.6988568974	        0.0009503645	        0.0063455359	        0.0033989536	        0.0006096208	        0.0042531709	        0.0002144340	        0.0021317294	        0.0004320552	        0.0000286963	        0.6821726333	        0.0000701115	        0.0000838675	        0.1865620954	        2.9698887032	        2.7213427328	       -0.0057374825	        0.2986711839	        0.1762422762	        0.0003205605
        0.9233611572	        1.1633050019	        0.6854616230	        0.0036705271	        0.0065233969	        0.0035267181	        0.0006443802	        0.0042443306	        0.0002117275	        0.0021551185	        0.0004731713	        0.0000313022	        0.6863538505	        0.0000709892	        0.0000856711	        0.1871122629	        2.9767005621	        2.7318464039	       -0.0058348627	        0.2932459202	        0.1735925158	        0.0003430801
        0.9744103051	        1.1623305171	        0.6717580630	        0.0065549410	        0.0065805674	        0.0036546873	        0.0006873160	        0.0042892809	        0.0002156490	        0.0021773281	        0.0005219629	        0.0000349670	        0.6906846695	        0.0000726098	        0.0000874989	        0.1857493651	        2.9940035119	        2.7429389160	       -0.0059368191	        0.2877641928	        0.1701981383	        0.0003742940
        1.0255896949	        1.1603179311	        0.6576025332	        0.0093832325	        0.0065236018	        0.0037115269	        0.0007315655	        0.0043874121	        0.0002261646	        0.0021986752	        0.0005795501	        0.0000398894	        0.6952160914	        0.0000756048	        0.0000893065	        0.1828482621	        3.0171250978	        2.7544978254	       -0.0060446804	        0.2821738442	        0.1660909664	        0.0004148242
        1.0766388428	        1.1572295883	        0.6427498290	        0.0118120270	        0.0063714700	        0.0037021262	        0.0007767280	        0.0045388909	        0.0002435187	        0.0022196255	        0.0006468344	        0.0000463016	        0.7000350576	        0.0000799221	        0.0000911216	        0.1788237669	        3.0410790039	        2.7664797376	       -0.0061607039	        0.2763865038	        0.1612824037	        0.0004655828
        1.1272999060	        1.1530103041	        0.6270937249	        0.0136584349	        0.0061501765	        0.0037034381	        0.0008297043	        0.0047444367	        0.0002681936	        0.0022409083	        0.0007236196	        0.0000543874	        0.7051875441	        0.0000847193	        0.0000928993	        0.1741238574	        3.0696196887	        2.7789867366	       -0.0062862493	        0.2703723676	        0.1561172665	        0.0005271898
        1.1773228500	        1.1475998047	        0.6107368781	        0.0149029924	        0.0058869196	        0.0037191148	        0.0008863150	        0.0050047076	        0.0003008408	        0.0022634257	        0.0008070025	        0.0000641072	        0.7106522919	        0.0000894252	        0.0000946076	        0.1692041813	        3.1033379540	        2.7918009667	       -0.0064210749	        0.2641829096	        0.1508857026	        0.0005944419
        1.2264702865	        1.1409460572	        0.5938117934	        0.0155871857	        0.0056055582	        0.0037487057	        0.0009455152	        0.0053191909	        0.0003421630	        0.0022878633	        0.0008943020	        0.0000753901	        0.7163967672	        0.0000938863	        0.0000964113	        0.1643788859	        3.1385954265	        2.8049191921	       -0.0065646420	        0.2578786273	        0.1456755157	        0.0006657821
        1.2745217853	        1.1330171877	        0.5764909527	        0.0158239972	        0.0053237017	        0.0037898613	        0.0010056799	        0.0056856905	        0.0003928333	        0.0023144877	        0.0009828020	        0.0000880974	        0.7223725189	        0.0000979589	        0.0000982856	        0.1598263184	        3.1740023274	        2.8182755595	       -0.0067159732	        0.2515316007	        0.1405885480	        0.0007388648
        1.3212775037	        1.1238092661	        0.5589616523	        0.0157034046	        0.0050519297	        0.0038385858	        0.0010653315	        0.0061001144	        0.0004534317	        0.0023429633	        0.0010700139	        0.0001020364	        0.7285225533	        0.0001015873	        0.0001002278	        0.1556169851	        3.2105650168	        2.8319463453	       -0.0068738114	        0.2452150939	        0.1357378116	        0.0008116808
        1.3665610231	        1.1133482335	        0.5414075721	        0.0153545143	        0.0047946115	        0.0038890185	        0.0011230971	        0.0065567018	        0.0005244252	        0.0023722873	        0.0011536540	        0.0001169645	        0.7347871246	        0.0001048056	        0.0001020874	        0.1517462375	        3.2478486658	        2.8456642317	       -0.0070367525	        0.2389965264	        0.1311429568	        0.0008828014
        1.4102213305	        1.1016860046	        0.5239867972	        0.0147963105	        0.0045515992	        0.0039343180	        0.0011775487	        0.0070485663	        0.0006061891	        0.0024008504	        0.0012315433	        0.0001325901	        0.7411115537	        0.0001076948	        0.0001038590	        0.1481639199	        3.2851088143	        2.8594514346	       -0.0072034448	        0.2329300128	        0.1267876639	        0.0009511187
        1.4521339345	        1.0888924689	        0.5068335426	        0.0141231049	        0.0043200809	        0.0039681133	        0.0012269479	        0.0075684424	        0.0006990696	        0.0024266280	        0.0013015782	        0.0001485786	        0.7474461475	        0.0001103141	        0.0001056005	        0.1448007582	        3.3225024586	        2.8732268778	       -0.0073725952	        0.2270578278	        0.1226565603	        0.0010151220
        1.4922011523	        1.0750458773	        0.4900619392	        0.0133467542	        0.0040961758	        0.0039848808	        0.0012695898	        0.0081093795	        0.0008034623	        0.0024474235	        0.0013618904	        0.0001645767	        0.7537453837	        0.0001127177	        0.0001073423	        0.1415863043	        3.3608105442	        2.8869465647	       -0.0075429563	        0.2214125359	        0.1187453725	        0.0010732895
        1.5303516405	        1.0602238559	        0.4737633534	        0.0125460038	        0.0038760852	        0.0039800118	        0.0013039128	        0.0086652053	        0.0009198827	        0.0024610931	        0.0014110041	        0.0001802407	        0.7599695259	        0.0001149573	        0.0001090670	        0.1384580965	        3.3996920972	        2.9004451489	       -0.0077133798	        0.2160168697	        0.1150211972	        0.0011242076
        1.5665392717	        1.0444963806	        0.4580106342	        0.0117044613	        0.0036567730	        0.0039502052	        0.0013288236	        0.0092307639	        0.0010490203	        0.0024657292	        0.0014480413	        0.0001952746	        0.7660836840	        0.0001170955	        0.0001108525	        0.1353653991	        3.4389118481	        2.9137830040	       -0.0078828026	        0.2108859097	        0.1114574431	        0.0011669944
        1.6007414793	        1.0279211033	        0.4428529405	        0.0108979989	        0.0034362789	        0.0038938792	        0.0013437646	        0.0098018863	        0.0011917623	        0.0024597693	        0.0014727640	        0.0002094499	        0.7720604935	        0.0001191950	        0.0001126320	        0.1322700214	        3.4793684348	        2.9268658101	       -0.0080503326	        0.2060260859	        0.1080516983	        0.0012012753
        1.6329571982	        1.0105407753	        0.4283244032	        0.0100698930	        0.0032137541	        0.0038104929	        0.0013485295	        0.0103752607	        0.0013492013	        0.0024420612	        0.0014854245	        0.0002226014	        0.7778774139	        0.0001213212	        0.0001146619	        0.1291444668	        3.5212441152	        2.9395880815	       -0.0082151866	        0.2014386104	        0.1047908556	        0.0012270396
        1.6632045292	        0.9923822339	        0.4144391708	        0.0093383587	        0.0029893495	        0.0037003449	        0.0013430633	        0.0109481416	        0.0015226115	        0.0024118652	        0.0014866611	        0.0002346261	        0.7835192796	        0.0001235302	        0.0001168476	        0.1259677728	        3.5636580578	        2.9520163639	       -0.0083767726	        0.1971183884	        0.1016404809	        0.0012443170
        1.6915182473	        0.9734564056	        0.4012032143	        0.0086027169	        0.0027640074	        0.0035650965	        0.0013274679	        0.0115180965	        0.0017134204	        0.0023688470	        0.0014775095	        0.0002454991	        0.7889740501	        0.0001258516	        0.0001191997	        0.1227225346	        3.6076434779	        2.9640004218	       -0.0085345791	        0.1930581074	        0.0986005517	        0.0012529797
        1.7179472609	        0.9537588669	        0.3886123799	        0.0079732755	        0.0025392385	        0.0034068264	        0.0013023416	        0.0120826660	        0.0019231479	        0.0023130355	        0.0014593788	        0.0002552871	        0.7942339127	        0.0001283498	        0.0001223010	        0.1193916851	        3.6540572797	        2.9757370552	       -0.0086882126	        0.1892478356	        0.0956698870	        0.0012536646
        1.7425521094	        0.9332707005	        0.3766505444	        0.0074456111	        0.0023169040	        0.0032280946	        0.0012687747	        0.0126390080	        0.0021533172	        0.0022447735	        0.0014339591	        0.0002641501	        0.7992963871	        0.0001311291	        0.0001256105	        0.1159567709	        3.7028743008	        2.9870609878	       -0.0088374370	        0.1856746664	        0.0928246911	        0.0012477999
        1.7654025727	        0.9119594741	        0.3652890620	        0.0069917113	        0.0020990195	        0.0030316863	        0.0012279312	        0.0131835385	        0.0024053303	        0.0021646685	        0.0014030484	        0.0002723234	        0.8041649043	        0.0001343116	        0.0001300085	        0.1123976458	        3.7533796399	        2.9981517942	       -0.0089821979	        0.1823227469	        0.0900259237	        0.0012369401
        1.7865754452	        0.8897802644	        0.3544907603	        0.0067356619	        0.0018875910	        0.0028209321	        0.0011811280	        0.0137115908	        0.0026803043	        0.0020735518	        0.0013684756	        0.0002801137	        0.8088473839	        0.0001380405	        0.0001351744	        0.1086926651	        3.8068226394	        3.0089779857	       -0.0091225866	        0.1791746011	        0.0872662652	        0.0012228261
        1.8061525101	        0.8666767351	        0.3442092277	        0.0065540337	        0.0016844888	        0.0025992421	        0.0011296872	        0.0142170285	        0.0029788421	        0.0019724365	        0.0013319924	        0.0002878843	        0.8133567371	        0.0001424948	        0.0001411463	        0.1048194354	        3.8642101717	        3.0195118641	       -0.0092588599	        0.1762109923	        0.0845287918	        0.0012073094
        1.8242187368	        0.8425823561	        0.3343911852	        0.0065454453	        0.0014913563	        0.0023700208	        0.0010749184	        0.0146918648	        0.0033007326	        0.0018624853	        0.0012952121	        0.0002960480	        0.8177099913	        0.0001479084	        0.0001486357	        0.1007559924	        3.9262957899	        3.0298809439	       -0.0093914184	        0.1734116574	        0.0817897643	        0.0011924208
        1.8408607086	        0.8174219011	        0.3249741810	        0.0066486200	        0.0013095524	        0.0021368116	        0.0010182339	        0.0151258386	        0.0036445520	        0.0017449796	        0.0012595767	        0.0003050621	        0.8219294364	        0.0001546021	        0.0001577846	        0.0964827705	        3.9952357623	        3.0400818692	       -0.0095208445	        0.1707546733	        0.0790417353	        0.0011806586
        1.8561652810	        0.7911134283	        0.3158866617	        0.0069263559	        0.0011401189	        0.0019030906	        0.0009607346	        0.0155060254	        0.0040071732	        0.0016212970	        0.0012262695	        0.0003154062	        0.8260427435	        0.0001629709	        0.0001688517	        0.0919855226	        4.0736477989	        3.0503289665	       -0.0096479103	        0.1682165186	        0.0762780947	        0.0011742887
        1.8702184608	        0.7635709787	        0.3070498279	        0.0072954135	        0.0009837711	        0.0016721147	        0.0009035184	        0.0158165317	        0.0043831961	        0.0014928972	        0.0011961877	        0.0003275712	        0.8300822572	        0.0001735875	        0.0001830947	        0.0872575311	        4.1605552872	        3.0604675612	       -0.0097735602	        0.1657726228	        0.0734433888	        0.0011762964
        1.8831044915	        0.7347083154	        0.2983685325	        0.0078858067	        0.0008409078	        0.0014471606	        0.0008474310	        0.0160382492	        0.0047642956	        0.0013613032	        0.0011698813	        0.0003420287	        0.8340893276	        0.0001872164	        0.0002013723	        0.0823021708	        4.2555699708	        3.0708719928	       -0.0098990502	        0.1633949045	        0.0704895694	        0.0011898972
        1.8949051275	        0.7044440371	        0.2897370706	        0.0086044789	        0.0007116303	        0.0012314942	        0.0007927275	        0.0161490191	        0.0051386632	        0.0012280999	        0.0011474548	        0.0003591783	        0.8381119353	        0.0002048133	        0.0002228913	        0.0771351298	        4.3589321419	        3.0814692326	       -0.0100258821	        0.1610534846	        0.0673849793	        0.0012177088
        1.9056990763	        0.6727083759	        0.2810344863	        0.0094158050	        0.0005957741	        0.0010282263	        0.0007395230	        0.0161241760	        0.0054906261	        0.0010949250	        0.0011284811	        0.0003792767	        0.8422071619	        0.0002277261	        0.0002493908	        0.0717844604	        4.4715444042	        3.0924026405	       -0.0101558895	        0.1587155254	        0.0641119625	        0.0012630651
        1.9155615890	        0.6394519992	        0.2721179158	        0.0102806756	        0.0004929472	        0.0008403288	        0.0006874261	        0.0159377640	        0.0058007131	        0.0009634586	        0.0011117699	        0.0004022830	        0.8464448029	        0.0002577192	        0.0002836479	        0.0662903790	        4.6008149934	        3.1038261429	       -0.0102913655	        0.1563436595	        0.0607219655	        0.0013287221
        1.9245641781	        0.6046569110	        0.2628247772	        0.0112478493	        0.0004025702	        0.0006703362	        0.0006351766	        0.0155647589	        0.0060465460	        0.0008354141	        0.0010950160	        0.0004275952	        0.8509070325	        0.0002969535	        0.0003273704	        0.0607033165	        4.7572791779	        3.1160678333	       -0.0104350719	        0.1538968968	        0.0572842239	        0.0014146341
        1.9327744427	        0.5683492455	        0.2529744573	        0.0122415368	        0.0003239206	        0.0005201662	        0.0005808907	        0.0149843709	        0.0062048660	        0.0007125151	        0.0010744981	        0.0004537207	        0.8556884521	        0.0003480210	        0.0003782907	        0.0550794882	        4.9437251781	        3.1291394337	       -0.0105902655	        0.1513314483	        0.0537766921	        0.0015162161
        1.9402559838	        0.5306133372	        0.2423725316	        0.0130267214	        0.0002561779	        0.0003911399	        0.0005224088	        0.0141844051	        0.0062549194	        0.0005964572	        0.0010449870	        0.0004779373	        0.8608951144	        0.0004137108	        0.0004376521	        0.0494765228	        5.1635598381	        3.1431230297	       -0.0107606993	        0.1486022797	        0.0501801209	        0.0016209462
        1.9470683933	        0.4916058793	        0.2308283860	        0.0135231200	        0.0001984688	        0.0002838124	        0.0004577940	        0.0131663328	        0.0061831363	        0.0004888508	        0.0010001479	        0.0004961230	        0.8666370463	        0.0004963296	        0.0005142080	        0.0439501983	        5.4197847885	        3.1580712811	       -0.0109504175	        0.1456680987	        0.0464709491	        0.0017041251
        1.9532673011	        0.4515684045	        0.2181887011	        0.0138978564	        0.0001499118	        0.0001978350	        0.0003864864	        0.0119501027	        0.0059884305	        0.0003911416	        0.0009339813	        0.0005031863	        0.8730123758	        0.0005967320	        0.0006000538	        0.0385521687	        5.7171401492	        3.1746391201	       -0.0111632683	        0.1425000448	        0.0426420351	        0.0017297160
        1.9589044686	        0.4108359600	        0.2043794611	        0.0136703539	        0.0001096613	        0.0001319190	        0.0003104272	        0.0105770970	        0.0056867496	        0.0003045113	        0.0008434354	        0.0004944943	        0.8800857052	        0.0007130111	        0.0006832895	        0.0333293936	        6.0747432870	        3.1922263540	       -0.0114021967	        0.1390917273	        0.0387641315	        0.0016600354
        1.9640279170	        0.3698396288	        0.1894582286	        0.0127002388	        0.0000769487	        0.0000838388	        0.0002344233	        0.0091094686	        0.0053131986	        0.0002297723	        0.0007311838	        0.0004681010	        0.8878585896	        0.0008398089	        0.0007815744	        0.0283261181	        6.5139855476	        3.2106451106	       -0.0116682098	        0.1354705206	        0.0348833755	        0.0014765306
        1.9686820816	        0.3290999400	        0.1736318019	        0.0115382317	        0.0000511086	        0.0000506750	        0.0001651438	        0.0076242529	        0.0049201840	        0.0001672722	        0.0006064171	        0.0004264751	        0.8962544798	        0.0009696292	        0.0008947264	        0.0235901112	        7.0570245550	        3.2305209682	       -0.0119597403	        0.1316989108	        0.0310197517	        0.0012009622
        1.9729079831	        0.2894532579	        0.1572170501	        0.0102096406	        0.0000355244	        0.0000292219	        0.0001086507	        0.0062121797	        0.0045747857	        0.0001171649	        0.0004819073	        0.0003759712	        0.9051318896	        0.0010954200	        0.0010053582	        0.0191948395	        7.7218956346	        3.2514446652	       -0.0122729139	        0.1278617378	        0.0271841861	        0.0008926361
        1.9767434111	        0.2517243261	        0.1405668790	        0.0088197412	        0.0000247340	        0.0000161389	        0.0000671217	        0.0049327933	        0.0043131344	        0.0000788104	        0.0003688172	        0.0003240196	        0.9143181050	        0.0012129959	        0.0011148181	        0.0151893790	        8.5434719565	        3.2730918704	       -0.0126025482	        0.1240464222	        0.0234068634	        0.0006106374
        1.9802231129	        0.2162266388	        0.1239929328	        0.0075205383	        0.0000162822	        0.0000085645	        0.0000392056	        0.0038117318	        0.0041492756	        0.0000506277	        0.0002734139	        0.0002765083	        0.9236493397	        0.0013216300	        0.0012240903	        0.0115991761	        9.5596191233	        3.2952814451	       -0.0129434758	        0.1203247115	        0.0196662333	        0.0003886146
        1.9833789852	        0.1830849515	        0.1077306614	        0.0063963445	        0.0000100318	        0.0000043911	        0.0000218564	        0.0028589165	        0.0040883059	        0.0000308072	        0.0001970984	        0.0002368263	        0.9329920962	        0.0014226372	        0.0013202231	        0.0084548819	       10.9788616600	        3.3178366209	       -0.0132913128	        0.1167460801	        0.0161755925	        0.0002332035
        1.9862402627	        0.1523745539	        0.0919418250	        0.0052132133	        0.0000057214	        0.0000021903	        0.0000117464	        0.0020732268	        0.0041270764	        0.0000175666	        0.0001381824	        0.0002060965	        0.9422454869	        0.0015177911	        0.0013988719	        0.0058004177	       12.8017301694	        3.3401773980	       -0.0136426002	        0.1133402075	        0.0127197357	        0.0001337144
        1.9888337046	        0.1241070981	        0.0767324666	        0.0039676306	        0.0000029792	        0.0000010662	        0.0000061184	        0.0014444882	        0.0042563896	        0.0000092447	        0.0000937479	        0.0001842223	        0.9513345046	        0.0016084983	        0.0014918241	        0.0036747694	       14.6947087544	        3.3621017389	       -0.0139946188	        0.1101225996	        0.0091090454	        0.0000738113
        1.9911837738	        0.0982288472	        0.0621701976	        0.0030536942	        0.0000013874	        0.0000005011	        0.0000030594	        0.0009566562	        0.0044636855	        0.0000043884	        0.0000608232	        0.0001708435	        0.9602026734	        0.0016956673	        0.0016018774	        0.0020921980	       16.5409708905	        3.3840218416	       -0.0143451647	        0.1070995063	        0.0057506700	        0.0000389078
        1.9933128092	        0.0746319694	        0.0482961543	        0.0023947758	        0.0000005581	        0.0000002186	        0.0000014137	        0.0005910852	        0.0047353956	        0.0000018102	        0.0000368969	        0.0001658562	        0.9688069016	        0.0017797267	        0.0016948406	        0.0010276291	       18.6147079874	        3.4057401467	       -0.0146923899	        0.1042712379	        0.0031259640	        0.0000188705
        1.9952411902	        0.0531728159	        0.0351343643	        0.0017641899	        0.0000001819	        0.0000000814	        0.0000005552	        0.0003290248	        0.0050585255	        0.0000006071	        0.0000200367	        0.0001699162	        0.9771131667	        0.0018606739	        0.0017739865	        0.0004064061	       20.4843826175	        3.4268176290	       -0.0150346608	        0.1016346053	        0.0013354401	        0.0000077481
        1.9969874916	        0.0336901232	        0.0226971660	        0.0012021378	        0.0000000420	        0.0000000217	        0.0000001553	        0.0001530827	        0.0054214378	        0.0000001444	        0.0000088386	        0.0001854560	        0.9850941037	        0.0019383088	        0.0018487784	        0.0001120365	       21.7757423738	        3.4472322428	       -0.0153704816	        0.0991843251	        0.0003835150	        0.0000022570
        1.9985686299	        0.0160190273	        0.0109874234	        0.0006488441	        0.0000000048	        0.0000000025	        0.0000000184	        0.0000478486	        0.0058140596	        0.0000000169	        0.0000023415	        0.0002199949	        0.9927283158	        0.0020124162	        0.0019116705	        0.0000139882	       22.4128436571	        3.4667038643	       -0.0156984846	        0.0969136549	        0.0000482541	        0.0000002782
        2.0000000000	        0.0000000000	        0.0000000000	        0.0000658716	        0.0000000000	        0.0000000000	        0.0000000000	        0.0000000000	        0.0062277862	        0.0000000000	        0.0000000000	        0.0003047560	        1.0000000000	        0.0020823412	        0.0019844589	        0.0000000000	       22.9049775913	        3.4850518723	       -0.0160174363	        0.0948148148	        0.0000000000	        0.0000000000
