        0.0000000000	        0.0000000000	        1.0000000000	       -0.0000111274	        0.0000000000	        0.0000000000	        0.0000000000	        0.0000000000	        0.0047555798	        0.0000000000	        0.0000000000	        0.0000004916	        0.3333333333	        0.0009328259	        0.0009333078	        0.0000000000	        1.1020606193	        1.1020606193	       -0.0051081994	        1.8543558045	        0.0000000000
        0.0014313701	        0.0099717276	        0.9954588305	        0.0000231129	        0.0000000003	        0.0000000009	        0.0000000009	        0.0000153325	        0.0045622507	        0.0000000017	        0.0000000035	        0.0000004749	        0.3343455465	        0.0008639907	        0.0008721139	        0.0000055607	        1.1132667525	        1.1132667525	       -0.0051631573	        1.8375648527	        0.0000170123
        0.0030125084	        0.0210093794	        0.9908040836	        0.0000753323	        0.0000000025	        0.0000000065	        0.0000000061	        0.0000494460	        0.0043657631	        0.0000000150	        0.0000000102	        0.0000004857	        0.3353894757	        0.0007956167	        0.0008043970	        0.0000281630	        1.1248503765	        1.1248503765	       -0.0052200649	        1.8204594597	        0.0000866534
        0.0047588098	        0.0332237364	        0.9860658610	        0.0001267727	        0.0000000113	        0.0000000216	        0.0000000189	        0.0001072973	        0.0041682126	        0.0000000657	        0.0000000211	        0.0000005133	        0.3364588429	        0.0007275116	        0.0007357751	        0.0000808274	        1.1366434969	        1.1366434969	       -0.0052785982	        1.8031566711	        0.0002500651
        0.0066871908	        0.0467354952	        0.9812779050	        0.0001835372	        0.0000000362	        0.0000000527	        0.0000000421	        0.0001948138	        0.0039721602	        0.0000002061	        0.0000000373	        0.0000005487	        0.3375463836	        0.0006603381	        0.0006687964	        0.0001801998	        1.1487112448	        1.1487112448	       -0.0053383737	        1.7857839916	        0.0005604835
        0.0088162262	        0.0616752435	        0.9764769090	        0.0002495972	        0.0000000953	        0.0000001084	        0.0000000786	        0.0003190411	        0.0037806947	        0.0000005291	        0.0000000602	        0.0000005849	        0.3386439686	        0.0005947597	        0.0006038709	        0.0003493035	        1.1611812342	        1.1611812342	       -0.0053989535	        1.7684764007	        0.0010921716
        0.0111662954	        0.0781827899	        0.9717016473	        0.0003302372	        0.0000002191	        0.0000002020	        0.0000001319	        0.0004882919	        0.0035974992	        0.0000011867	        0.0000000913	        0.0000006170	        0.3397427739	        0.0005314928	        0.0005405029	        0.0006211865	        1.1734815883	        1.1734815883	       -0.0054598538	        1.7513728736	        0.0019514989
        0.0137597373	        0.0964054568	        0.9669905342	        0.0004104144	        0.0000004565	        0.0000003554	        0.0000002073	        0.0007122705	        0.0034269092	        0.0000024131	        0.0000001322	        0.0000006427	        0.3408338284	        0.0004712809	        0.0004804195	        0.0010428153	        1.1857446067	        1.1857446067	       -0.0055205744	        1.7346075225	        0.0032903924
        0.0166210148	        0.1164948258	        0.9623797351	        0.0005109992	        0.0000008806	        0.0000006063	        0.0000003136	        0.0010021251	        0.0032739541	        0.0000045513	        0.0000001848	        0.0000006621	        0.3419084578	        0.0004147183	        0.0004241570	        0.0016786464	        1.1981742605	        1.1981742605	       -0.0055806237	        1.7183030912	        0.0053181799
        0.0197768871	        0.1386013499	        0.9579029492	        0.0006172411	        0.0000015952	        0.0000010224	        0.0000004653	        0.0013703481	        0.0031443520	        0.0000080817	        0.0000002517	        0.0000006775	        0.3429583569	        0.0003623430	        0.0003714156	        0.0026125073	        1.2103258423	        1.2103258423	       -0.0056395231	        1.7025706176	        0.0083051943
        0.0232565889	        0.1628664543	        0.9535873421	        0.0007311504	        0.0000027372	        0.0000017239	        0.0000006861	        0.0018303975	        0.0030443857	        0.0000136483	        0.0000003360	        0.0000006923	        0.3439765782	        0.0003146683	        0.0003239633	        0.0039452585	        1.2220033224	        1.2220033224	       -0.0056968639	        1.6874957515	        0.0125747950
        0.0270920169	        0.1894123126	        0.9494515381	        0.0008668889	        0.0000044739	        0.0000029211	        0.0000010117	        0.0023958978	        0.0029806103	        0.0000220778	        0.0000004419	        0.0000007104	        0.3449580664	        0.0002719797	        0.0002813479	        0.0057850729	        1.2334538974	        1.2334538974	       -0.0057523392	        1.6731327072	        0.0184741446
        0.0313179184	        0.2183304532	        0.9455061405	        0.0010095027	        0.0000069912	        0.0000049673	        0.0000014916	        0.0030793100	        0.0029593202	        0.0000343836	        0.0000005741	        0.0000007355	        0.3458996029	        0.0002343073	        0.0002434873	        0.0082288032	        1.2446591819	        1.2446591819	       -0.0058057433	        1.6595070943	        0.0263059594
        0.0359720830	        0.2496715039	        0.9417541773	        0.0011684656	        0.0000104738	        0.0000084289	        0.0000021905	        0.0038900899	        0.0029857352	        0.0000517510	        0.0000007374	        0.0000007708	        0.3467997581	        0.0002015519	        0.0002108205	        0.0113368117	        1.2554006589	        1.2554006589	       -0.0058569711	        1.6466183309	        0.0362459539
        0.0410955314	        0.2834388845	        0.9381898173	        0.0013459552	        0.0000150836	        0.0000141653	        0.0000031877	        0.0048325768	        0.0030629586	        0.0000754997	        0.0000009364	        0.0000008186	        0.3476592547	        0.0001735172	        0.0001829628	        0.0151097186	        1.2656661074	        1.2656661074	       -0.0059060406	        1.6344359989	        0.0482660180
        0.0467326989	        0.3195881478	        0.9347988957	        0.0015470851	        0.0000209457	        0.0000234077	        0.0000045743	        0.0059040884	        0.0031908931	        0.0001070285	        0.0000011743	        0.0000008800	        0.3484808927	        0.0001498471	        0.0001596726	        0.0194830230	        1.2755912332	        1.2755912332	       -0.0059530903	        1.6229023602	        0.0621307930
        0.0529316067	        0.3580311931	        0.9315617496	        0.0017805582	        0.0000281504	        0.0000378161	        0.0000064436	        0.0070937464	        0.0033653849	        0.0001477487	        0.0000014516	        0.0000009543	        0.3492689017	        0.0001299647	        0.0001402440	        0.0243416422	        1.2854788631	        1.2854788631	       -0.0059983442	        1.6119425077	        0.0774509874
        0.0597440162	        0.3986424232	        0.9284599900	        0.0020484492	        0.0000367688	        0.0000595017	        0.0000088803	        0.0083823796	        0.0035778846	        0.0001990142	        0.0000017646	        0.0000010389	        0.3500273046	        0.0001132554	        0.0001242804	        0.0295467178	        1.2950434166	        1.2950434166	       -0.0060420178	        1.6014874234	        0.0937408626
        0.0672255573	        0.4408513555	        0.9254752927	        0.0023730498	        0.0000514640	        0.0000908532	        0.0000119382	        0.0097329121	        0.0038160532	        0.0002614823	        0.0000021041	        0.0000011286	        0.3507602009	        0.0000992261	        0.0001113527	        0.0349451864	        1.3044694901	        1.3044694901	       -0.0060843341	        1.5914696950	        0.1105099153
        0.0754358219	        0.4838329446	        0.9225892388	        0.0027659236	        0.0000708595	        0.0001339040	        0.0000155757	        0.0110722061	        0.0040460901	        0.0003348776	        0.0000024541	        0.0000012153	        0.3514717997	        0.0000874204	        0.0001008798	        0.0403703267	        1.3138328156	        1.3138328156	       -0.0061255254	        1.5818228613	        0.1272379838
        0.0844384110	        0.5270097674	        0.9197859124	        0.0032489959	        0.0000944237	        0.0001901614	        0.0000196964	        0.0123292584	        0.0042355459	        0.0004186813	        0.0000027973	        0.0000012909	        0.3521657707	        0.0000774834	        0.0000922457	        0.0457162421	        1.3233485165	        1.3233485165	       -0.0061657955	        1.5724899493	        0.1436091417
        0.0943009237	        0.5699203647	        0.9170475542	        0.0038217355	        0.0001225338	        0.0002603790	        0.0000241801	        0.0134438711	        0.0043604977	        0.0005119874	        0.0000031211	        0.0000013500	        0.3528463096	        0.0000691555	        0.0000850328	        0.0509320448	        1.3329717447	        1.3329717447	       -0.0062053812	        1.5634088455	        0.1594794152
        0.1050948725	        0.6121644148	        0.9143558130	        0.0044956806	        0.0001555687	        0.0003443678	        0.0000288978	        0.0143701656	        0.0044069739	        0.0006134326	        0.0000034203	        0.0000013911	        0.3535178315	        0.0000622123	        0.0000790503	        0.0560012318	        1.3429832396	        1.3429832396	       -0.0062445344	        1.5545164767	        0.1748461951
        0.1168955085	        0.6534139257	        0.9116903104	        0.0052716945	        0.0001938876	        0.0004410753	        0.0000337667	        0.0150797134	        0.0043712082	        0.0007212823	        0.0000037006	        0.0000014171	        0.3541853311	        0.0000565047	        0.0000739921	        0.0609288900	        1.3531428446	        1.3531428446	       -0.0062835436	        1.5457440792	        0.1896913978
        0.1297815392	        0.6934162847	        0.9090256988	        0.0061452742	        0.0002378079	        0.0005486183	        0.0000387789	        0.0155613477	        0.0042581313	        0.0008335361	        0.0000039768	        0.0000014341	        0.3548551318	        0.0000519404	        0.0000696110	        0.0657274768	        1.3636537922	        1.3636537922	       -0.0063227778	        1.5370076626	        0.2040951217
        0.1438347190	        0.7319904477	        0.9063297323	        0.0070954102	        0.0002875837	        0.0006645481	        0.0000439512	        0.0158185667	        0.0040788028	        0.0009480347	        0.0000042638	        0.0000014471	        0.3555353972	        0.0000483805	        0.0000658462	        0.0704080775	        1.3746070196	        1.3746070196	       -0.0063627177	        1.5282020081	        0.2180903706
        0.1591392914	        0.7690182111	        0.9035698298	        0.0081148811	        0.0003433867	        0.0007860422	        0.0000492165	        0.0158657979	        0.0038476166	        0.0010625629	        0.0000045672	        0.0000014577	        0.3562345025	        0.0000455917	        0.0000625255	        0.0749838667	        1.3861001467	        1.3861001467	       -0.0064038609	        1.5192224278	        0.2317122150
        0.1757812632	        0.8044327066	        0.9007197734	        0.0091790831	        0.0004052921	        0.0009100608	        0.0000545253	        0.0157244801	        0.0035798577	        0.0011749415	        0.0000048912	        0.0000014664	        0.3569593358	        0.0000434185	        0.0000595270	        0.0794688575	        1.3980848554	        1.3980848554	       -0.0064466222	        1.5099865137	        0.2450075093
        0.1938474899	        0.8382059518	        0.8977490865	        0.0102744091	        0.0004732750	        0.0010335251	        0.0000598602	        0.0154194617	        0.0032898653	        0.0012830954	        0.0000052420	        0.0000014746	        0.3577179945	        0.0000417635	        0.0000567995	        0.0838728706	        1.4106569431	        1.4106569431	       -0.0064914921	        1.5003996058	        0.2579899825
        0.2134245548	        0.8703366909	        0.8946295587	        0.0113717323	        0.0005472171	        0.0011533821	        0.0000652066	        0.0149764295	        0.0029900033	        0.0013851257	        0.0000056245	        0.0000014828	        0.3585181433	        0.0000405525	        0.0000544166	        0.0881992419	        1.4237754396	        1.4237754396	       -0.0065389410	        1.4903761330	        0.2706531406
        0.2345974273	        0.9008392568	        0.8913275821	        0.0124697972	        0.0006269347	        0.0012666495	        0.0000705002	        0.0144200867	        0.0026901993	        0.0014793660	        0.0000060366	        0.0000014898	        0.3593689987	        0.0000397021	        0.0000523569	        0.0924468714	        1.4376607573	        1.4376607573	       -0.0065895376	        1.4798151678	        0.2830069426
        0.2574478906	        0.9297338305	        0.8878153729	        0.0135437117	        0.0007122245	        0.0013706265	        0.0000755584	        0.0137733309	        0.0023979884	        0.0015644585	        0.0000064648	        0.0000014920	        0.3602784706	        0.0000390899	        0.0000504600	        0.0966196486	        1.4522712690	        1.4522712690	       -0.0066437799	        1.4686366829	        0.2950208783
        0.2820527391	        0.9570382141	        0.8840701078	        0.0145807811	        0.0008029384	        0.0014628552	        0.0000802741	        0.0130569211	        0.0021187740	        0.0016394247	        0.0000069001	        0.0000014873	        0.3612533767	        0.0000386649	        0.0000487718	        0.1007263063	        1.4675750084	        1.4675750084	       -0.0067021083	        1.4567786144	        0.3067045687
        0.3084817527	        0.9827610960	        0.8800665719	        0.0155692336	        0.0008990927	        0.0015412593	        0.0000845606	        0.0122895339	        0.0018561997	        0.0017037314	        0.0000073352	        0.0000014746	        0.3623013630	        0.0000383953	        0.0000472838	        0.1047785109	        1.4838118166	        1.4838118166	       -0.0067650202	        1.4441735922	        0.3180874509
        0.3367954708	        1.0068968822	        0.8757830032	        0.0164992415	        0.0010010070	        0.0016043209	        0.0000883155	        0.0114882383	        0.0016125830	        0.0017573692	        0.0000077619	        0.0000014529	        0.3634294063	        0.0000382437	        0.0000459860	        0.1087960554	        1.5009131896	        1.5009131896	       -0.0068329821	        1.4307676400	        0.3292003360
        0.3670428018	        1.0294223632	        0.8711984835	        0.0173645489	        0.0011094714	        0.0016512393	        0.0000915014	        0.0106690317	        0.0013892903	        0.0018009089	        0.0000081757	        0.0000014223	        0.3646445106	        0.0000381966	        0.0000448725	        0.1128102418	        1.5189764377	        1.5189764377	       -0.0069064717	        1.4165120150	        0.3401051940
        0.3992585207	        1.0502957817	        0.8662920762	        0.0181580420	        0.0012259228	        0.0016821122	        0.0000940299	        0.0098474034	        0.0011870489	        0.0018355273	        0.0000085672	        0.0000013821	        0.3659539631	        0.0000382085	        0.0000438854	        0.1168722230	        1.5381917953	        1.5381917953	       -0.0069859948	        1.4013607157	        0.3509242153
        0.4334607283	        1.0694592144	        0.8610535243	        0.0188718718	        0.0013525828	        0.0016981178	        0.0000959573	        0.0090388343	        0.0010061806	        0.0018629873	        0.0000089415	        0.0000013342	        0.3673624814	        0.0000382770	        0.0000429689	        0.1210549068	        1.5585229676	        1.5585229676	       -0.0070719123	        1.3853034093	        0.3618191429
        0.4696483595	        1.0868452021	        0.8554640682	        0.0194853149	        0.0014925055	        0.0017016783	        0.0000974544	        0.0082587726	        0.0008466966	        0.0018854871	        0.0000093159	        0.0000012823	        0.3688773548	        0.0000384195	        0.0000422045	        0.1254457196	        1.5799476746	        1.5799476746	       -0.0071647536	        1.3683062730	        0.3729371736
        0.5077988477	        1.1023881861	        0.8495104990	        0.0200090508	        0.0016493986	        0.0016962180	        0.0000985543	        0.0075223973	        0.0007083407	        0.0019054394	        0.0000096900	        0.0000012269	        0.3705047129	        0.0000385771	        0.0000416145	        0.1301480301	        1.6027698918	        1.6027698918	       -0.0072649911	        1.3503554223	        0.3845356240
        0.5478660655	        1.1160399683	        0.8431949429	        0.0204513443	        0.0018271014	        0.0016862073	        0.0000994686	        0.0068438057	        0.0005905441	        0.0019251460	        0.0000100811	        0.0000011715	        0.3722467857	        0.0000387367	        0.0000411122	        0.1352642049	        1.6267796742	        1.6267796742	       -0.0073728699	        1.3314854766	        0.3967510624
        0.5897786695	        1.1277861058	        0.8365147915	        0.0208059916	        0.0020286412	        0.0016763893	        0.0001003799	        0.0062346655	        0.0004923323	        0.0019463972	        0.0000104994	        0.0000011182	        0.3741073449	        0.0000388626	        0.0000407065	        0.1408609040	        1.6522290580	        1.6522290580	       -0.0074887411	        1.3117183626	        0.4097136988
        0.6334389769	        1.1376583220	        0.8294924399	        0.0211015027	        0.0022548289	        0.0016713932	        0.0001012841	        0.0057031354	        0.0004123081	        0.0019702211	        0.0000109285	        0.0000010672	        0.3760833721	        0.0000388459	        0.0000404626	        0.1469394579	        1.6791432038	        1.6791432038	       -0.0076125423	        1.2911506131	        0.4233353013
        0.6787224963	        1.1457378639	        0.8221757961	        0.0214027293	        0.0025026702	        0.0016749584	        0.0001024828	        0.0052530966	        0.0003486963	        0.0019967888	        0.0000113991	        0.0000010234	        0.3781645387	        0.0000387166	        0.0000403377	        0.1533826257	        1.7076012688	        1.7076012688	       -0.0077437513	        1.2699508043	        0.4372598585
        0.7254782147	        1.1521474256	        0.8145920722	        0.0217253754	        0.0027641073	        0.0016893415	        0.0001042359	        0.0048840651	        0.0002994729	        0.0020254864	        0.0000119484	        0.0000009921	        0.3803461245	        0.0000385194	        0.0000403259	        0.1599133048	        1.7377074923	        1.7377074923	       -0.0078821927	        1.2482233893	        0.4508313976
        0.7735297135	        1.1570339282	        0.8067853869	        0.0221244859	        0.0030256034	        0.0017152075	        0.0001068316	        0.0045923009	        0.0002625897	        0.0020552796	        0.0000126290	        0.0000009790	        0.3826182976	        0.0000383428	        0.0000404105	        0.1661003077	        1.7694515490	        1.7694515490	       -0.0080273607	        1.2261175180	        0.4630624595
        0.8226771500	        1.1605475453	        0.7987579982	        0.0225792260	        0.0032692774	        0.0017516434	        0.0001106118	        0.0043720259	        0.0002361547	        0.0020849770	        0.0000135076	        0.0000009900	        0.3849831922	        0.0000383149	        0.0000405797	        0.1714079778	        1.8030270965	        1.8030270965	       -0.0081795099	        1.2036604611	        0.4728439885
        0.8727000940	        1.1628226769	        0.7905062567	        0.0230867379	        0.0034755119	        0.0017965571	        0.0001155562	        0.0042170225	        0.0002185925	        0.0021135650	        0.0000145887	        0.0000010269	        0.3874448476	        0.0000384467	        0.0000408583	        0.1752930290	        1.8382738383	        1.8382738383	       -0.0083390268	        1.1808633199	        0.4791184146
        0.9233611572	        1.1639643561	        0.7820296024	        0.0236285250	        0.0036266476	        0.0018471528	        0.0001214769	        0.0041217940	        0.0002087222	        0.0021403906	        0.0000158490	        0.0000010904	        0.3900065951	        0.0000387055	        0.0000412424	        0.1773084968	        1.8754346735	        1.8754346735	       -0.0085062644	        1.1577464264	        0.4811810738
        0.9744103051	        1.1640409453	        0.7733411569	        0.0242118167	        0.0037107007	        0.0019008173	        0.0001288260	        0.0040822765	        0.0002057791	        0.0021652439	        0.0000173808	        0.0000011906	        0.3926677444	        0.0000392558	        0.0000417817	        0.1772147405	        1.9143799189	        1.9143799189	       -0.0086813217	        1.1343670917	        0.4786938945
        1.0255896949	        1.1630824735	        0.7643701093	        0.0247647918	        0.0037240587	        0.0019107321	        0.0001358200	        0.0040957670	        0.0002093739	        0.0021881921	        0.0000191770	        0.0000013322	        0.3954538282	        0.0000404939	        0.0000424979	        0.1750434685	        1.9553131745	        1.9553131745	       -0.0088660477	        1.1105598028	        0.4717798044
        1.0766388428	        1.1610837602	        0.7549500184	        0.0251219727	        0.0036720066	        0.0018801485	        0.0001426680	        0.0041607291	        0.0002194457	        0.0022095038	        0.0000213467	        0.0000015296	        0.3984222421	        0.0000424744	        0.0000433237	        0.1710366102	        1.9982061293	        1.9982061293	       -0.0090644922	        1.0859218632	        0.4608075193
        1.1272999060	        1.1580116525	        0.7449827782	        0.0251524250	        0.0035668145	        0.0018568961	        0.0001516261	        0.0042768357	        0.0002362363	        0.0022298483	        0.0000240904	        0.0000018074	        0.4016119811	        0.0000448582	        0.0000442073	        0.1656195787	        2.0431396004	        2.0431396004	       -0.0092796042	        1.0602525385	        0.4465713368
        1.1773228500	        1.1538157207	        0.7344623798	        0.0248247314	        0.0034245777	        0.0018427245	        0.0001623341	        0.0044443630	        0.0002602216	        0.0022502252	        0.0000273942	        0.0000021778	        0.4050346193	        0.0000474399	        0.0000452422	        0.1593302755	        2.0899985328	        2.0899985328	       -0.0095125767	        1.0336008725	        0.4301069308
        1.2264702865	        1.1484416289	        0.7233966624	        0.0241524522	        0.0032618470	        0.0018385970	        0.0001749570	        0.0046631253	        0.0002919988	        0.0022716539	        0.0000313484	        0.0000026640	        0.4086981887	        0.0000501706	        0.0000464446	        0.1526746705	        2.1390531440	        2.1390531440	       -0.0097644189	        1.0060537014	        0.4124759041
        1.2745217853	        1.1418455453	        0.7118150323	        0.0231428060	        0.0030927694	        0.0018442716	        0.0001894737	        0.0049317193	        0.0003321861	        0.0022949556	        0.0000360227	        0.0000032909	        0.4126042232	        0.0000529689	        0.0000477096	        0.1460554986	        2.1905259221	        2.1905259221	       -0.0100357423	        0.9777510606	        0.3946164149
        1.3212775037	        1.1340068113	        0.6997744948	        0.0218069987	        0.0029274593	        0.0018582877	        0.0002058384	        0.0052470073	        0.0003813289	        0.0023205231	        0.0000415040	        0.0000040880	        0.4167449818	        0.0000557851	        0.0000491259	        0.1397304575	        2.2449502059	        2.2449502059	       -0.0103265442	        0.9488950150	        0.3771892446
        1.3665610231	        1.1249359192	        0.6873371448	        0.0202208018	        0.0027716905	        0.0018780947	        0.0002241627	        0.0056039000	        0.0004398255	        0.0023480977	        0.0000479578	        0.0000050972	        0.4211103832	        0.0000586565	        0.0000508387	        0.1338229209	        2.3025547616	        2.3025547616	       -0.0106366663	        0.9196899756	        0.3605652311
        1.4102213305	        1.1146759874	        0.6745518825	        0.0184453088	        0.0026275275	        0.0019006677	        0.0002445668	        0.0059955884	        0.0005078965	        0.0023766774	        0.0000555941	        0.0000063719	        0.4256942647	        0.0000616470	        0.0000525684	        0.1283600420	        2.3628008113	        2.3628008113	       -0.0109662359	        0.8902990397	        0.3447774851
        1.4521339345	        1.1032979193	        0.6614599253	        0.0164099080	        0.0024944007	        0.0019228860	        0.0002668842	        0.0064142226	        0.0005856155	        0.0024046193	        0.0000645585	        0.0000079668	        0.4304926835	        0.0000647665	        0.0000543589	        0.1233098945	        2.4243923911	        2.4243923911	       -0.0113155573	        0.8608589085	        0.3296529721
        1.4922011523	        1.0908912742	        0.6481120054	        0.0141965734	        0.0023702282	        0.0019415252	        0.0002906317	        0.0068518054	        0.0006729906	        0.0024298851	        0.0000748818	        0.0000099296	        0.4354975801	        0.0000679804	        0.0000563082	        0.1186048220	        2.4868162777	        2.4868162777	       -0.0116846521	        0.8315187831	        0.3150821354
        1.5303516405	        1.0775537191	        0.6345676574	        0.0117924946	        0.0022523639	        0.0019536838	        0.0003152188	        0.0073009312	        0.0007700558	        0.0024503054	        0.0000865306	        0.0000123052	        0.4406965039	        0.0000712575	        0.0000583831	        0.1141629701	        2.5504126630	        2.5504126630	       -0.0120732186	        0.8024361521	        0.3009804953
        1.5665392717	        1.0633815378	        0.6208915125	        0.0092785556	        0.0021382533	        0.0019569280	        0.0003401438	        0.0077552779	        0.0008769534	        0.0024638213	        0.0000994657	        0.0000151424	        0.4460734999	        0.0000746076	        0.0000606333	        0.1099085336	        2.6155324569	        2.6155324569	       -0.0124806762	        0.7737666924	        0.2873118317
        1.6007414793	        1.0484625677	        0.6071383658	        0.0066548607	        0.0020258199	        0.0019496525	        0.0003649617	        0.0082097451	        0.0009939789	        0.0024686388	        0.0001136322	        0.0000184929	        0.4516147353	        0.0000780523	        0.0000629905	        0.1057830262	        2.6822073807	        2.6822073807	       -0.0129065794	        0.7456327779	        0.2740024944
        1.6329571982	        1.0328718093	        0.5933626864	        0.0039662914	        0.0019136080	        0.0019309011	        0.0003890817	        0.0086605194	        0.0011216243	        0.0024633609	        0.0001288862	        0.0000223982	        0.4573047958	        0.0000815827	        0.0000654358	        0.1017461503	        2.7505428445	        2.7505428445	       -0.0133503356	        0.7181448239	        0.2610207095
        1.6632045292	        1.0166692531	        0.5796191697	        0.0012082427	        0.0018007929	        0.0019003888	        0.0004119950	        0.0091049439	        0.0012605942	        0.0024470324	        0.0001450574	        0.0000268974	        0.4631262708	        0.0000852033	        0.0000681569	        0.0977737940	        2.8201103311	        2.8201103311	       -0.0138111594	        0.6914026681	        0.2483244610
        1.6915182473	        0.9998993148	        0.5659561441	       -0.0015168613	        0.0016871150	        0.0018582060	        0.0004332798	        0.0095412490	        0.0014117942	        0.0024191206	        0.0001619327	        0.0000320207	        0.4690624495	        0.0000889371	        0.0000711500	        0.0938554217	        2.8913345930	        2.8913345930	       -0.0142882759	        0.6654835134	        0.2359586169
        1.7179472609	        0.9825912634	        0.5524156970	       -0.0042323494	        0.0015727687	        0.0018049953	        0.0004523796	        0.0099682986	        0.0015763155	        0.0023794774	        0.0001791874	        0.0000377728	        0.4750974367	        0.0000927659	        0.0000741898	        0.0899896998	        2.9637792195	        2.9637792195	       -0.0147809296	        0.6404441167	        0.2239081556
        1.7425521094	        0.9647601026	        0.5390459717	       -0.0069055374	        0.0014582732	        0.0017415774	        0.0004686849	        0.0103854591	        0.0017554410	        0.0023283138	        0.0001964110	        0.0000441292	        0.4812106621	        0.0000966609	        0.0000775074	        0.0861798977	        3.0373026752	        3.0373026752	       -0.0152879263	        0.6163445756	        0.2122040046
        1.7654025727	        0.9464076053	        0.5258902401	       -0.0094884123	        0.0013443689	        0.0016689718	        0.0004818202	        0.0107922811	        0.0019506019	        0.0022661156	        0.0002132115	        0.0000510540	        0.4873815741	        0.0001006339	        0.0000811524	        0.0824310848	        3.1119324361	        3.1119324361	       -0.0158079951	        0.5932284677	        0.2008767785
        1.7865754452	        0.9275233697	        0.5129851724	       -0.0119505771	        0.0012319199	        0.0015883331	        0.0004913971	        0.0111882636	        0.0021633349	        0.0021935823	        0.0002291759	        0.0000584871	        0.4935906404	        0.0001046838	        0.0000851584	        0.0787487185	        3.1876748186	        3.1876748186	       -0.0163398684	        0.5711215592	        0.1899493345
        1.8061525101	        0.9080857525	        0.5003659603	       -0.0142491365	        0.0011218293	        0.0015008780	        0.0004970983	        0.0115727053	        0.0023952476	        0.0021115848	        0.0002439251	        0.0000663556	        0.4998170868	        0.0001088157	        0.0000896860	        0.0751363815	        3.2644906264	        3.2644906264	       -0.0168820827	        0.5500421942	        0.1794355378
        1.8242187368	        0.8880626638	        0.4880597635	       -0.0163324318	        0.0010149808	        0.0014078116	        0.0004988192	        0.0119444371	        0.0026479289	        0.0020211055	        0.0002571968	        0.0000745969	        0.5060422643	        0.0001130733	        0.0000949055	        0.0715947149	        3.3427732998	        3.3427732998	       -0.0174332633	        0.5299915330	        0.1693568730
        1.8408607086	        0.8674122648	        0.4760841543	       -0.0181505713	        0.0009121918	        0.0013103898	        0.0004966490	        0.0123015938	        0.0029228372	        0.0019231980	        0.0002688785	        0.0000831771	        0.5122509138	        0.0001175345	        0.0001006966	        0.0681218481	        3.4225774627	        3.4225774627	       -0.0179922468	        0.5109531455	        0.1597045987
        1.8561652810	        0.8460835994	        0.4644442444	       -0.0197155571	        0.0008141819	        0.0012098926	        0.0004907865	        0.0126413568	        0.0032211362	        0.0018189522	        0.0002790009	        0.0000921000	        0.5184332872	        0.0001222976	        0.0001073607	        0.0647137573	        3.5039012088	        3.5039012088	       -0.0185582968	        0.4928907485	        0.1504478701
        1.8702184608	        0.8240172104	        0.4531356212	       -0.0209534207	        0.0007215496	        0.0011074758	        0.0004815763	        0.0129597525	        0.0035434985	        0.0017094789	        0.0002877402	        0.0001014232	        0.5245843182	        0.0001275162	        0.0001151545	        0.0613642349	        3.5874042451	        3.5874042451	       -0.0191310625	        0.4757550329	        0.1415905144
        1.8831044915	        0.8011458348	        0.4421366095	       -0.0218781171	        0.0006347643	        0.0010043893	        0.0004694936	        0.0132512996	        0.0038897836	        0.0015958815	        0.0002954148	        0.0001112746	        0.5307085989	        0.0001333878	        0.0001244001	        0.0580656174	        3.6731565237	        3.6731565237	       -0.0197110884	        0.4594739874	        0.1330777312
        1.8949051275	        0.7773952774	        0.4314154823	       -0.0224169337	        0.0005541594	        0.0009017427	        0.0004549346	        0.0135088455	        0.0042587063	        0.0014792615	        0.0003024168	        0.0001218460	        0.5368173597	        0.0001401440	        0.0001353385	        0.0548096723	        3.7623902554	        3.7623902554	       -0.0202995966	        0.4439659341	        0.1249016068
        1.9056990763	        0.7526855694	        0.4209261430	       -0.0226054227	        0.0004799371	        0.0008006994	        0.0004384182	        0.0137232667	        0.0046473562	        0.0013607080	        0.0003092513	        0.0001334267	        0.5429317039	        0.0001481046	        0.0001486229	        0.0515882770	        3.8551732270	        3.8551732270	       -0.0208988642	        0.4291347611	        0.1170053172
        1.9155615890	        0.7269325936	        0.4106082206	       -0.0223441073	        0.0004121754	        0.0007023087	        0.0004203923	        0.0138832721	        0.0050506541	        0.0012412999	        0.0003164786	        0.0001464009	        0.5490835561	        0.0001576801	        0.0001642289	        0.0483949506	        3.9534051074	        3.9534051074	       -0.0215124081	        0.4148718707	        0.1093822573
        1.9245641781	        0.7000503327	        0.4003855445	       -0.0217523309	        0.0003508392	        0.0006076880	        0.0004013471	        0.0139752840	        0.0054607431	        0.0011221088	        0.0003247177	        0.0001612688	        0.5553176670	        0.0001694211	        0.0001827753	        0.0452261525	        4.0567976268	        4.0567976268	       -0.0221452989	        0.4010558277	        0.1019650201
        1.9327744427	        0.6719539207	        0.3901626724	       -0.0207325421	        0.0002957940	        0.0005178227	        0.0003816250	        0.0139834652	        0.0058663733	        0.0010042018	        0.0003345488	        0.0001786172	        0.5616950873	        0.0001840475	        0.0002048430	        0.0420820807	        4.1677175933	        4.1677175933	       -0.0228046656	        0.3875497191	        0.0947538538
        1.9402559838	        0.6425636387	        0.3798238253	       -0.0194290617	        0.0002468206	        0.0004337059	        0.0003615486	        0.0138900662	        0.0062524421	        0.0008886479	        0.0003464639	        0.0001991005	        0.5682955901	        0.0002025454	        0.0002296524	        0.0389665038	        4.2863327547	        4.2863327547	       -0.0235001571	        0.3742022934	        0.0877058045
        1.9470683933	        0.6118099124	        0.3692232044	       -0.0179301715	        0.0002036304	        0.0003562351	        0.0003412224	        0.0136760492	        0.0065997753	        0.0007765150	        0.0003606671	        0.0002233145	        0.5752262451	        0.0002261937	        0.0002633082	        0.0358858636	        4.4139283379	        4.4139283379	       -0.0242451468	        0.3608387956	        0.0807907663
        1.9532673011	        0.5796392122	        0.3581873844	       -0.0158788967	        0.0001658809	        0.0002861029	        0.0003203278	        0.0133224445	        0.0068856146	        0.0006688745	        0.0003768037	        0.0002515799	        0.5826233397	        0.0002565732	        0.0003042924	        0.0328461819	        4.5573467177	        4.5573467177	       -0.0250573963	        0.3472687214	        0.0740682760
        1.9589044686	        0.5460205415	        0.3465098220	       -0.0137057882	        0.0001331904	        0.0002239785	        0.0002983871	        0.0128122274	        0.0070849189	        0.0005667903	        0.0003937948	        0.0002837084	        0.5906606007	        0.0002956174	        0.0003476942	        0.0298513303	        4.7151607557	        4.7151607557	       -0.0259606087	        0.3332846368	        0.0674461457
        1.9640279170	        0.5109519665	        0.3339519419	       -0.0116095179	        0.0001051533	        0.0001702618	        0.0002745264	        0.0121329475	        0.0071728822	        0.0004713013	        0.0004094381	        0.0003185153	        0.5995549322	        0.0003454375	        0.0004019144	        0.0269026317	        4.8894549999	        4.8894549999	       -0.0269860632	        0.3186708678	        0.0608827274
        1.9686820816	        0.4744665154	        0.3202532310	       -0.0094130023	        0.0000813543	        0.0001250647	        0.0002477500	        0.0112799772	        0.0071288042	        0.0003833929	        0.0004202548	        0.0003533885	        0.6095678519	        0.0004082044	        0.0004699757	        0.0239976078	        5.0875177512	        5.0875177512	       -0.0281742378	        0.3032236977	        0.0543988378
        1.9729079831	        0.4366368346	        0.3051361312	       -0.0072489840	        0.0000613828	        0.0000882606	        0.0002173731	        0.0102597949	        0.0069409090	        0.0003039490	        0.0004218015	        0.0003841422	        0.6210129947	        0.0004857947	        0.0005499181	        0.0211319242	        5.3143963572	        5.3143963572	       -0.0295778376	        0.2867657233	        0.0479621118
        1.9767434111	        0.3975785483	        0.2883309642	       -0.0051993629	        0.0000448469	        0.0000594217	        0.0001833571	        0.0090930610	        0.0066118068	        0.0002336996	        0.0004095106	        0.0004053657	        0.6342513776	        0.0005792142	        0.0006444788	        0.0183031923	        5.5766459259	        5.5766459259	       -0.0312643603	        0.2691813989	        0.0415634886
        1.9802231129	        0.3574535700	        0.2696012883	       -0.0032449957	        0.0000313881	        0.0000378337	        0.0001467793	        0.0078164366	        0.0061633946	        0.0001731605	        0.0003802749	        0.0004117085	        0.6496870621	        0.0006882273	        0.0007394669	        0.0155155017	        5.8838443366	        5.8838443366	       -0.0333198973	        0.2504474698	        0.0352291379
        1.9833789852	        0.3164760767	        0.2487675301	       -0.0022538050	        0.0000206968	        0.0000225516	        0.0001099264	        0.0064823535	        0.0056401369	        0.0001225785	        0.0003342190	        0.0003999226	        0.6677639987	        0.0008107033	        0.0008424050	        0.0127842443	        6.2322973459	        6.2322973459	       -0.0358545966	        0.2306536332	        0.0289322391
        1.9862402627	        0.2749249700	        0.2257461967	       -0.0015300879	        0.0000125241	        0.0000124269	        0.0000758329	        0.0051561209	        0.0051102299	        0.0000818947	        0.0002754923	        0.0003705342	        0.6889460837	        0.0009431095	        0.0009710937	        0.0101437002	        6.6435751017	        6.6435751017	       -0.0390071775	        0.2100262588	        0.0228516848
        1.9888337046	        0.2333860564	        0.2005278146	       -0.0008224212	        0.0000078036	        0.0000062639	        0.0000476617	        0.0039157875	        0.0046670184	        0.0000508881	        0.0002115662	        0.0003282924	        0.7137475337	        0.0010821667	        0.0011004735	        0.0076621144	        7.1357830613	        7.1357830613	       -0.0429575731	        0.1888841176	        0.0171783367
        1.9911837738	        0.1924666826	        0.1731287788	       -0.0006399708	        0.0000045565	        0.0000028416	        0.0000268923	        0.0028118091	        0.0043572320	        0.0000287962	        0.0001503740	        0.0002802806	        0.7427999155	        0.0012255128	        0.0012371674	        0.0054053799	        7.7165176571	        7.7165176571	       -0.0479465283	        0.1675767512	        0.0120411981
        1.9933128092	        0.1523357005	        0.1435513321	       -0.0002805764	        0.0000022914	        0.0000011315	        0.0000133255	        0.0018731711	        0.0042083937	        0.0000142799	        0.0000977714	        0.0002338625	        0.7769388005	        0.0013722503	        0.0013935005	        0.0034379018	        8.4247992154	        8.4247992154	       -0.0542960656	        0.1464430857	        0.0076156251
        1.9952411902	        0.1130648382	        0.1117228729	        0.0003109378	        0.0000009224	        0.0000003810	        0.0000056108	        0.0011187146	        0.0042394090	        0.0000057915	        0.0000565844	        0.0001956350	        0.8173635844	        0.0015229754	        0.0015482042	        0.0018380768	        9.3008045623	        9.3008045623	       -0.0624231895	        0.1257718500	        0.0040542474
        1.9969874916	        0.0746782680	        0.0774554786	        0.0008143304	        0.0000002577	        0.0000000984	        0.0000018298	        0.0005567376	        0.0044572514	        0.0000016665	        0.0000270401	        0.0001722598	        0.8658676184	        0.0016789345	        0.0016810248	        0.0007037245	       10.3922864903	       10.3922864903	       -0.0727801669	        0.1057973547	        0.0015457367
        1.9985686299	        0.0370815329	        0.0404046379	        0.0003997307	        0.0000000341	        0.0000000125	        0.0000002983	        0.0001859465	        0.0048585064	        0.0000002313	        0.0000082310	        0.0001762252	        0.9252326218	        0.0018415834	        0.0017697039	        0.0001210134	       11.7644741528	       11.7644741528	       -0.0854756797	        0.0867114590	        0.0002638240
        2.0000000000	        0.0000000000	        0.0000000000	       -0.0022088618	        0.0000000000	        0.0000000000	        0.0000000000	        0.0000000000	        0.0054346017	        0.0000000000	        0.0000000000	        0.0002586726	        1.0000000000	        0.0020029831	        0.0018044756	        0.0000000000	       13.3716335364	       13.3716335364	       -0.0985204216	        0.0686798446	        0.0000000000
