        0.0000000000	        0.0000000000	        1.0000000000	       -0.0000125467	        0.0000000000	        0.0000000000	        0.0000000000	        0.0000000000	        0.0073482000	        0.0000000000	        0.0000000000	        0.0015979579	        0.3333333333	        0.0008393668	        0.0007094424	        0.0000000000	        0.0000000000	        0.0000000000	        0.0000000000	        1.8543558045	        0.0000000000	        0.0000000000
        0.0014313701	        0.0112304608	        0.9957573302	       -0.0006701210	        0.0000000005	        0.0000000013	        0.0000000013	        0.0000236914	        0.0070232344	        0.0000000037	        0.0000115386	        0.0014027496	        0.3342788231	        0.0008409851	        0.0007109321	        0.0000076072	        0.0000000000	        0.0000000000	       -0.0000000000	        1.8386654290	        0.0000000000	        0.0000000078
        0.0030125084	        0.0236598905	        0.9910513554	       -0.0013963982	        0.0000000043	        0.0000000099	        0.0000000100	        0.0000762840	        0.0066933480	        0.0000000320	        0.0000322502	        0.0012557398	        0.3353338557	        0.0008410674	        0.0007115781	        0.0000426190	        0.0000000000	        0.0000000000	       -0.0000000000	        1.8213654599	        0.0000000000	        0.0000000596
        0.0047588098	        0.0374166546	        0.9858299972	       -0.0021985159	        0.0000000194	        0.0000000354	        0.0000000358	        0.0001652559	        0.0063623106	        0.0000001398	        0.0000639371	        0.0011416770	        0.3365122531	        0.0008411335	        0.0007117300	        0.0001367861	        0.0000000000	        0.0000000000	       -0.0000000000	        1.8022982327	        0.0000000000	        0.0000002149
        0.0066871908	        0.0526421898	        0.9800350292	       -0.0030911959	        0.0000000622	        0.0000000923	        0.0000000941	        0.0002994966	        0.0060347642	        0.0000004363	        0.0001088391	        0.0010519611	        0.3378298420	        0.0008411673	        0.0007110643	        0.0003402005	        0.0000000000	        0.0000000000	       -0.0000000000	        1.7812926411	        0.0000000000	        0.0000005683
        0.0088162262	        0.0694912986	        0.9736013259	       -0.0040899183	        0.0000001631	        0.0000002034	        0.0000002096	        0.0004894989	        0.0057163443	        0.0000011131	        0.0001697215	        0.0009815769	        0.3393047979	        0.0008411423	        0.0007106278	        0.0007268453	        0.0000000000	        0.0000000000	       -0.0000000000	        1.7581636696	        0.0000000000	        0.0000012728
        0.0111662954	        0.0881314812	        0.9664560616	       -0.0051981546	        0.0000003731	        0.0000004067	        0.0000004237	        0.0007475250	        0.0054138032	        0.0000024791	        0.0002499970	        0.0009276047	        0.3409580506	        0.0008410127	        0.0007101625	        0.0014000332	        0.0000000000	        0.0000000000	       -0.0000000000	        1.7327122905	        0.0000000000	        0.0000025897
        0.0137597373	        0.1087406178	        0.9585179363	       -0.0064366896	        0.0000007727	        0.0000007691	        0.0000008114	        0.0010876887	        0.0051351070	        0.0000050025	        0.0003538874	        0.0008884728	        0.3428137478	        0.0008406942	        0.0007085765	        0.0024958979	        0.0000000000	        0.0000000000	       -0.0000000000	        1.7047261123	        0.0000000000	        0.0000049937
        0.0166210148	        0.1315021135	        0.9496966333	       -0.0078319497	        0.0000014803	        0.0000014168	        0.0000015149	        0.0015258383	        0.0048894559	        0.0000093560	        0.0004866307	        0.0008635619	        0.3448997456	        0.0008400251	        0.0007062670	        0.0041822870	        0.0000000000	        0.0000000000	       -0.0000000000	        1.6739816063	        0.0000000000	        0.0000093925
        0.0197768871	        0.1565966274	        0.9398930053	       -0.0094023582	        0.0000026585	        0.0000025917	        0.0000028112	        0.0020790588	        0.0046871317	        0.0000164595	        0.0006547303	        0.0008529766	        0.3472480234	        0.0008386912	        0.0007026477	        0.0066498569	        0.0000000000	        0.0000000000	       -0.0000000000	        1.6402496611	        0.0000000000	        0.0000175627
        0.0232565889	        0.1841900153	        0.9290010728	       -0.0111889616	        0.0000045125	        0.0000047571	        0.0000052366	        0.0027645485	        0.0045390338	        0.0000275093	        0.0008662063	        0.0008573873	        0.3498947688	        0.0008360904	        0.0006964880	        0.0100927612	        0.0000000000	        0.0000000000	       -0.0000000000	        1.6033079836	        0.0000000000	        0.0000329495
        0.0270920169	        0.2144184069	        0.9169140074	       -0.0132391719	        0.0000072771	        0.0000087734	        0.0000097938	        0.0035976417	        0.0044557420	        0.0000439822	        0.0011307186	        0.0008778851	        0.3528795660	        0.0008311142	        0.0006875206	        0.0146784224	        0.0000000000	        0.0000000000	       -0.0000000000	        1.5629668673	        0.0000000000	        0.0000619639
        0.0313179184	        0.2473732057	        0.9035379628	       -0.0155882824	        0.0000111893	        0.0000161670	        0.0000182484	        0.0045889389	        0.0044460003	        0.0000676011	        0.0014592279	        0.0009157788	        0.3562425907	        0.0008218493	        0.0006744062	        0.0205088948	        0.0000000000	        0.0000000000	       -0.0000000000	        1.5191189531	        0.0000000000	        0.0001156384
        0.0359720830	        0.2830900035	        0.8888194342	       -0.0182794522	        0.0000164549	        0.0000294913	        0.0000334357	        0.0057409234	        0.0045146975	        0.0001002580	        0.0018625022	        0.0009719678	        0.3600180035	        0.0008052931	        0.0006559849	        0.0275860413	        0.0000000000	        0.0000000000	       -0.0000000000	        1.4718265941	        0.0000000000	        0.0002105867
        0.0410955314	        0.3215441385	        0.8727917660	       -0.0212888883	        0.0000232254	        0.0000527563	        0.0000593336	        0.0070449405	        0.0046607056	        0.0001439050	        0.0023473706	        0.0010451865	        0.3642212988	        0.0007773533	        0.0006318746	        0.0358162517	        0.0000000000	        0.0000000000	       -0.0000000000	        1.4214555623	        0.0000000000	        0.0003664305
        0.0467326989	        0.3626515806	        0.8556394412	       -0.0244889619	        0.0000316000	        0.0000918582	        0.0001004263	        0.0084796322	        0.0048751813	        0.0002004372	        0.0029098094	        0.0011298718	        0.3688296348	        0.0007336506	        0.0006011404	        0.0450585763	        0.0000000000	        0.0000000000	       -0.0000000000	        1.3688374473	        0.0000000000	        0.0005953616
        0.0529316067	        0.4060944857	        0.8377568589	       -0.0276168101	        0.0000434239	        0.0001547854	        0.0001598411	        0.0100061222	        0.0051408944	        0.0002713225	        0.0035263752	        0.0012148337	        0.3737599973	        0.0006716855	        0.0005638320	        0.0551693893	        0.0000000000	        0.0000000000	       -0.0000000000	        1.3153788341	        0.0000000000	        0.0008832512
        0.0597440162	        0.4508785547	        0.8197398614	       -0.0302534058	        0.0000632785	        0.0002507267	        0.0002362664	        0.0115463617	        0.0054215677	        0.0003564773	        0.0041510752	        0.0012844924	        0.3788625430	        0.0005937041	        0.0005212315	        0.0659789261	        0.0000000000	        0.0000000000	       -0.0000000000	        1.2629445791	        0.0000000000	        0.0011753080
        0.0672255573	        0.4959348361	        0.8022519581	       -0.0319508425	        0.0000882240	        0.0003879388	        0.0003222809	        0.0129877961	        0.0056532711	        0.0004546250	        0.0047270424	        0.0013244694	        0.3839502770	        0.0005072544	        0.0004745244	        0.0772803181	        0.0000000000	        0.0000000000	       -0.0000000000	        1.2134009970	        0.0000000000	        0.0013946365
        0.0754358219	        0.5405708598	        0.7858319711	       -0.0324412681	        0.0001187497	        0.0005729919	        0.0004080004	        0.0142450553	        0.0057917689	        0.0005643792	        0.0052092174	        0.0013283432	        0.3888532959	        0.0004220035	        0.0004256336	        0.0889299120	        0.0000000000	        0.0000000000	       -0.0000000000	        1.1680782838	        0.0000000000	        0.0014942280
        0.0844384110	        0.5842050345	        0.7707725150	       -0.0316800547	        0.0001553495	        0.0008093692	        0.0004852280	        0.0152574694	        0.0058129661	        0.0006837548	        0.0055793842	        0.0012993500	        0.3934614528	        0.0003456047	        0.0003764741	        0.1007754997	        0.0000000000	        0.0000000000	       -0.0000000000	        1.1275160412	        0.0000000000	        0.0014786752
        0.0943009237	        0.6263974825	        0.7571227205	       -0.0298769534	        0.0001985043	        0.0010970391	        0.0005498973	        0.0159939270	        0.0057130407	        0.0008103396	        0.0058441230	        0.0012465328	        0.3977336435	        0.0002817203	        0.0003285920	        0.1126540456	        0.0000000000	        0.0000000000	       -0.0000000000	        1.0915718238	        0.0000000000	        0.0013860494
        0.1050948725	        0.6668528202	        0.7447704298	       -0.0273539064	        0.0002486570	        0.0014327990	        0.0006016272	        0.0164506737	        0.0055042683	        0.0009414844	        0.0060231019	        0.0011797849	        0.4016804931	        0.0002305807	        0.0002835813	        0.1244121597	        0.0000000000	        0.0000000000	       -0.0000000000	        1.0597101121	        0.0000000000	        0.0012578212
        0.1168955085	        0.7054031614	        0.7335303338	       -0.0244540800	        0.0003061849	        0.0018110563	        0.0006420417	        0.0166447615	        0.0052087335	        0.0010744729	        0.0061386083	        0.0011070304	        0.4053406603	        0.0001905700	        0.0002425223	        0.1359260729	        0.0000000000	        0.0000000000	       -0.0000000000	        1.0312614679	        0.0000000000	        0.0011230637
        0.1297815392	        0.7419817951	        0.7232028063	       -0.0214742391	        0.0003713702	        0.0022246609	        0.0006733637	        0.0166061580	        0.0048521819	        0.0012066484	        0.0062101700	        0.0010335983	        0.4087629602	        0.0001595248	        0.0002059846	        0.1471092101	        0.0000000000	        0.0000000000	       -0.0000000000	        1.0055755291	        0.0000000000	        0.0009972269
        0.1438347190	        0.7765954502	        0.7136028599	       -0.0186504384	        0.0004443740	        0.0026655529	        0.0006976798	        0.0163706922	        0.0044594097	        0.0013354970	        0.0062530484	        0.0009626614	        0.4119963923	        0.0001354160	        0.0001741966	        0.1579084402	        0.0000000000	        0.0000000000	       -0.0000000000	        0.9820849674	        0.0000000000	        0.0008864651
        0.1591392914	        0.8092994876	        0.7045700334	       -0.0161381549	        0.0005252173	        0.0031251588	        0.0007166906	        0.0159748490	        0.0040515740	        0.0014586981	        0.0062785548	        0.0008959048	        0.4150858698	        0.0001165832	        0.0001471733	        0.1682944571	        0.0000000000	        0.0000000000	       -0.0000000000	        0.9603188515	        0.0000000000	        0.0007919238
        0.1757812632	        0.8401776712	        0.6959687800	       -0.0140234541	        0.0006137718	        0.0035945813	        0.0007316936	        0.0154525286	        0.0036451353	        0.0015741574	        0.0062949029	        0.0008340860	        0.4180711139	        0.0001017522	        0.0001246861	        0.1782508365	        0.0000000000	        0.0000000000	       -0.0000000000	        0.9398938724	        0.0000000000	        0.0007125085
        0.1938474899	        0.8693266081	        0.6876850757	       -0.0123324546	        0.0007097650	        0.0040646708	        0.0007436495	        0.0148334237	        0.0032518931	        0.0016800340	        0.0063080452	        0.0007774208	        0.4209870194	        0.0000899730	        0.0001062993	        0.1877642666	        0.0000000000	        0.0000000000	       -0.0000000000	        0.9204987167	        0.0000000000	        0.0006463571
        0.2134245548	        0.8968442291	        0.6796220575	       -0.0110572095	        0.0008128036	        0.0045260652	        0.0007532608	        0.0141425336	        0.0028796083	        0.0017747698	        0.0063223313	        0.0007258251	        0.4238645732	        0.0000805455	        0.0000914503	        0.1968169320	        0.0000000000	        0.0000000000	       -0.0000000000	        0.9018783133	        0.0000000000	        0.0005915246
        0.2345974273	        0.9228214440	        0.6716958699	       -0.0101677407	        0.0009224191	        0.0049692720	        0.0007610397	        0.0134003858	        0.0025328432	        0.0018571266	        0.0063409777	        0.0006790592	        0.4267318959	        0.0000729543	        0.0000797494	        0.2053812672	        0.0000000000	        0.0000000000	       -0.0000000000	        0.8838203295	        0.0000000000	        0.0005462567
        0.2574478906	        0.9473361395	        0.6638321233	       -0.0095864940	        0.0010381425	        0.0053848434	        0.0007673604	        0.0126236439	        0.0022138016	        0.0019262320	        0.0063663837	        0.0006368097	        0.4296152254	        0.0000668174	        0.0000707202	        0.2134170623	        0.0000000000	        0.0000000000	       -0.0000000000	        0.8661444164	        0.0000000000	        0.0005090682
        0.2820527391	        0.9704488483	        0.6559630512	       -0.0092487998	        0.0011596128	        0.0057636822	        0.0007724972	        0.0118258932	        0.0019230623	        0.0019816351	        0.0064003299	        0.0005987345	        0.4325397767	        0.0000618495	        0.0000636185	        0.2208709624	        0.0000000000	        0.0000000000	       -0.0000000000	        0.8486940308	        0.0000000000	        0.0004787378
        0.3084817527	        0.9921996450	        0.6480253549	       -0.0091343989	        0.0012867224	        0.0060974975	        0.0007766525	        0.0110184783	        0.0016601692	        0.0020233657	        0.0064440881	        0.0005644867	        0.4355304505	        0.0000578339	        0.0000576546	        0.2276785776	        0.0000000000	        0.0000000000	       -0.0000000000	        0.8313305285	        0.0000000000	        0.0004542692
        0.3367954708	        1.0126060962	        0.6399587400	       -0.0092984008	        0.0014198001	        0.0063794143	        0.0007799765	        0.0102113191	        0.0014240788	        0.0020519928	        0.0064984586	        0.0005337242	        0.4386123659	        0.0000546023	        0.0000525855	        0.2337695953	        0.0000000000	        0.0000000000	       -0.0000000000	        0.8139293091	        0.0000000000	        0.0004348419
        0.3670428018	        1.0316624117	        0.6317052107	       -0.0097372149	        0.0015598215	        0.0066047144	        0.0007825839	        0.0094136541	        0.0012134815	        0.0020686664	        0.0065637462	        0.0005061135	        0.4418111672	        0.0000520201	        0.0000484109	        0.2390763181	        0.0000000000	        0.0000000000	       -0.0000000000	        0.7963779668	        0.0000000000	        0.0004197600
        0.3992585207	        1.0493402906	        0.6232092763	       -0.0104604813	        0.0017086214	        0.0067716452	        0.0007845670	        0.0086346533	        0.0010270116	        0.0020751251	        0.0066396799	        0.0004813296	        0.4451530187	        0.0000499735	        0.0000451147	        0.2435457701	        0.0000000000	        0.0000000000	       -0.0000000000	        0.7785765770	        0.0000000000	        0.0004084008
        0.4334607283	        1.0655922724	        0.6144193019	       -0.0114178598	        0.0018690551	        0.0068821723	        0.0007860100	        0.0078838238	        0.0008633613	        0.0020736417	        0.0067252844	        0.0004590541	        0.4486641600	        0.0000483602	        0.0000428666	        0.2471546963	        0.0000000000	        0.0000000000	       -0.0000000000	        0.7604403727	        0.0000000000	        0.0004001651
        0.4696483595	        1.0803585153	        0.6052902451	       -0.0124960374	        0.0020450185	        0.0069424763	        0.0007870032	        0.0071711063	        0.0007213080	        0.0020668810	        0.0068187204	        0.0004389746	        0.4523698659	        0.0000470817	        0.0000414748	        0.2499252602	        0.0000000000	        0.0000000000	       -0.0000000000	        0.7419050048	        0.0000000000	        0.0003944346
        0.5077988477	        1.0935775377	        0.5957878729	       -0.0136366625	        0.0022411955	        0.0069629312	        0.0007876569	        0.0065065682	        0.0005996680	        0.0020576543	        0.0069171310	        0.0004207880	        0.4562926935	        0.0000460387	        0.0000405264	        0.2519372001	        0.0000000000	        0.0000000000	       -0.0000000000	        0.7229341805	        0.0000000000	        0.0003905427
        0.5478660655	        1.1052002940	        0.5858941333	       -0.0148183968	        0.0024623787	        0.0069573113	        0.0007881090	        0.0058996675	        0.0004972018	        0.0020485889	        0.0070165586	        0.0004042071	        0.4604500427	        0.0000451301	        0.0000397814	        0.2533305864	        0.0000000000	        0.0000000000	       -0.0000000000	        0.7035285879	        0.0000000000	        0.0003877739
        0.5897786695	        1.1152050799	        0.5756126557	       -0.0160277961	        0.0027122505	        0.0069411222	        0.0007885206	        0.0053582171	        0.0004125114	        0.0020417789	        0.0071120175	        0.0003889740	        0.4648513546	        0.0000442584	        0.0000391469	        0.2542939026	        0.0000000000	        0.0000000000	       -0.0000000000	        0.6837337218	        0.0000000000	        0.0003854005
        0.6334389769	        1.1236090286	        0.5649726051	       -0.0172346747	        0.0029916568	        0.0069292606	        0.0007890525	        0.0048873585	        0.0003439795	        0.0020385242	        0.0071978018	        0.0003748764	        0.4694956449	        0.0000433397	        0.0000387100	        0.2550365754	        0.0000000000	        0.0000000000	       -0.0000000000	        0.6636431228	        0.0000000000	        0.0003827572
        0.6787224963	        1.1304718050	        0.5540288688	       -0.0183334559	        0.0032966715	        0.0069335508	        0.0007898297	        0.0044889387	        0.0002897876	        0.0020392557	        0.0072680416	        0.0003617620	        0.4743703088	        0.0000423158	        0.0000386079	        0.2557524791	        0.0000000000	        0.0000000000	       -0.0000000000	        0.6433937044	        0.0000000000	        0.0003793357
        0.7254782147	        1.1358894089	        0.5428573889	       -0.0191725160	        0.0036170554	        0.0069608812	        0.0007909081	        0.0041615699	        0.0002480174	        0.0020436775	        0.0073174139	        0.0003495467	        0.4794519417	        0.0000411634	        0.0000387067	        0.2565869786	        0.0000000000	        0.0000000000	       -0.0000000000	        0.6231520914	        0.0000000000	        0.0003748631
        0.7735297135	        1.1399797818	        0.5315462950	       -0.0196752547	        0.0039358945	        0.0070125079	        0.0007922633	        0.0039013602	        0.0002167980	        0.0020510620	        0.0073418146	        0.0003382097	        0.4847092200	        0.0000398947	        0.0000389461	        0.2576196334	        0.0000000000	        0.0000000000	       -0.0000000000	        0.6030946276	        0.0000000000	        0.0003693298
        0.8226771500	        1.1428648085	        0.5201853692	       -0.0197116174	        0.0042310662	        0.0070846838	        0.0007938056	        0.0037030387	        0.0001944515	        0.0020605790	        0.0073387920	        0.0003277784	        0.4901070091	        0.0000385488	        0.0000394681	        0.2588671569	        0.0000000000	        0.0000000000	       -0.0000000000	        0.5833867509	        0.0000000000	        0.0003629501
        0.8727000940	        1.1446536653	        0.5088570546	       -0.0191341715	        0.0044786505	        0.0071703551	        0.0007954143	        0.0035611039	        0.0001795966	        0.0020715603	        0.0073076440	        0.0003183070	        0.4956103520	        0.0000371769	        0.0000404841	        0.2603017587	        0.0000000000	        0.0000000000	       -0.0000000000	        0.5641676698	        0.0000000000	        0.0003560703
        0.9233611572	        1.1454307255	        0.4976313227	       -0.0177052542	        0.0046576107	        0.0072614055	        0.0007969739	        0.0034707193	        0.0001712007	        0.0020836590	        0.0072492262	        0.0003098572	        0.5011871506	        0.0000358281	        0.0000418137	        0.2618746038	        0.0000000000	        0.0000000000	       -0.0000000000	        0.5455436660	        0.0000000000	        0.0003490580
        0.9744103051	        1.1452490520	        0.4865649670	       -0.0154099821	        0.0047543853	        0.0073508641	        0.0008004304	        0.0034282401	        0.0001685872	        0.0020969148	        0.0071656214	        0.0003024862	        0.5068089956	        0.0000346259	        0.0000427934	        0.2635345611	        0.0000000000	        0.0000000000	       -0.0000000000	        0.5275897600	        0.0000000000	        0.0003439493
        1.0255896949	        1.1441291415	        0.4756486055	       -0.0125200441	        0.0047659918	        0.0073565330	        0.0008009610	        0.0034311800	        0.0001713991	        0.0021116364	        0.0070581743	        0.0002961465	        0.5124795928	        0.0000337286	        0.0000427991	        0.2652535391	        0.0000000000	        0.0000000000	       -0.0000000000	        0.5102694566	        0.0000000000	        0.0003403321
        1.0766388428	        1.1420622951	        0.4648278436	       -0.0095643538	        0.0047002885	        0.0072928174	        0.0007992931	        0.0034780956	        0.0001795600	        0.0021283824	        0.0069272659	        0.0002907440	        0.5182271670	        0.0000330742	        0.0000416605	        0.2669780148	        0.0000000000	        0.0000000000	       -0.0000000000	        0.4934791106	        0.0000000000	        0.0003380856
        1.1272999060	        1.1390179874	        0.4541199042	       -0.0069310335	        0.0045732891	        0.0072459029	        0.0007998638	        0.0035685505	        0.0001932458	        0.0021481132	        0.0067736638	        0.0002862068	        0.5240431499	        0.0000324498	        0.0000399590	        0.2686230123	        0.0000000000	        0.0000000000	       -0.0000000000	        0.4772304613	        0.0000000000	        0.0003369788
        1.1773228500	        1.1349544831	        0.4436018226	       -0.0046524400	        0.0044050861	        0.0072186983	        0.0008005797	        0.0037024909	        0.0002128182	        0.0021720273	        0.0065992196	        0.0002824665	        0.5298845212	        0.0000317629	        0.0000385766	        0.2701010426	        0.0000000000	        0.0000000000	       -0.0000000000	        0.4616210475	        0.0000000000	        0.0003351190
        1.2264702865	        1.1298316253	        0.4333477453	       -0.0024750712	        0.0042156249	        0.0072115975	        0.0008014601	        0.0038793715	        0.0002387331	        0.0022012233	        0.0064072829	        0.0002794974	        0.5357060137	        0.0000310223	        0.0000373251	        0.2712879146	        0.0000000000	        0.0000000000	       -0.0000000000	        0.4467347508	        0.0000000000	        0.0003325338
        1.2745217853	        1.1236237705	        0.4234228420	       -0.0005526587	        0.0040213122	        0.0072214364	        0.0008024806	        0.0040975568	        0.0002714608	        0.0022364430	        0.0062023238	        0.0002773181	        0.5414637555	        0.0000302499	        0.0000356810	        0.2720146414	        0.0000000000	        0.0000000000	       -0.0000000000	        0.4326344796	        0.0000000000	        0.0003293868
        1.3212775037	        1.1163299786	        0.4138775239	        0.0010206514	        0.0038332676	        0.0072413733	        0.0008035768	        0.0043539704	        0.0003114168	        0.0022778282	        0.0059893905	        0.0002759870	        0.5471192659	        0.0000294791	        0.0000339832	        0.2720760213	        0.0000000000	        0.0000000000	       -0.0000000000	        0.4193564024	        0.0000000000	        0.0003259732
        1.3665610231	        1.1079788681	        0.4047437663	        0.0023013283	        0.0036571912	        0.0072617078	        0.0008046608	        0.0046441119	        0.0003589235	        0.0023247688	        0.0057735268	        0.0002755926	        0.5526426582	        0.0000287495	        0.0000325076	        0.2712555376	        0.0000000000	        0.0000000000	       -0.0000000000	        0.4069078679	        0.0000000000	        0.0003226804
        1.4102213305	        1.0986271184	        0.3960344419	        0.0033530868	        0.0034943527	        0.0072713464	        0.0008056445	        0.0049624345	        0.0004142124	        0.0023758943	        0.0055592861	        0.0002762414	        0.5580142644	        0.0000281004	        0.0000311781	        0.2693588571	        0.0000000000	        0.0000000000	       -0.0000000000	        0.3952695864	        0.0000000000	        0.0003199313
        1.4521339345	        1.0883527033	        0.3877453899	        0.0041630840	        0.0033430637	        0.0072594450	        0.0008064567	        0.0053029459	        0.0004774652	        0.0024292093	        0.0053504280	        0.0002780479	        0.5632245526	        0.0000275662	        0.0000298447	        0.2662448215	        0.0000000000	        0.0000000000	       -0.0000000000	        0.3844010505	        0.0000000000	        0.0003181318
        1.4922011523	        1.0772454078	        0.3798591573	        0.0046900700	        0.0032001233	        0.0072167920	        0.0008070510	        0.0056598343	        0.0005488772	        0.0024823250	        0.0051498089	        0.0002811267	        0.5682727694	        0.0000271737	        0.0000285992	        0.2618450999	        0.0000000000	        0.0000000000	       -0.0000000000	        0.3742473761	        0.0000000000	        0.0003176369
        1.5303516405	        1.0653973316	        0.3723492026	        0.0049707321	        0.0030619501	        0.0071366847	        0.0008074038	        0.0060279592	        0.0006287247	        0.0025327133	        0.0049594231	        0.0002855899	        0.5731649648	        0.0000269425	        0.0000277351	        0.2561692813	        0.0000000000	        0.0000000000	       -0.0000000000	        0.3647458793	        0.0000000000	        0.0003187392
        1.5665392717	        1.0528952294	        0.3651836760	        0.0051218007	        0.0029253215	        0.0070152636	        0.0008075077	        0.0064031338	        0.0007174220	        0.0025779314	        0.0047805294	        0.0002915467	        0.5779119670	        0.0000268861	        0.0000271981	        0.2492973983	        0.0000000000	        0.0000000000	       -0.0000000000	        0.3558313752	        0.0000000000	        0.0003216753
        1.6007414793	        1.0398153993	        0.3583283518	        0.0051334424	        0.0027877683	        0.0068514144	        0.0008073646	        0.0067822057	        0.0008155599	        0.0026157870	        0.0046138070	        0.0002991060	        0.5825276527	        0.0000270145	        0.0000268010	        0.2413645222	        0.0000000000	        0.0000000000	       -0.0000000000	        0.3474398775	        0.0000000000	        0.0003266425
        1.6329571982	        1.0262209597	        0.3517486465	        0.0050156213	        0.0026477053	        0.0066463964	        0.0008069794	        0.0071629932	        0.0009239298	        0.0026444346	        0.0044595073	        0.0003083798	        0.5870276426	        0.0000273356	        0.0000265928	        0.2325422460	        0.0000000000	        0.0000000000	       -0.0000000000	        0.3395108401	        0.0000000000	        0.0003338182
        1.6632045292	        1.0121609163	        0.3454108549	        0.0047824280	        0.0025043968	        0.0064033453	        0.0008063560	        0.0075441365	        0.0010435348	        0.0026624146	        0.0043175812	        0.0003194874	        0.5914284127	        0.0000278580	        0.0000267274	        0.2230206869	        0.0000000000	        0.0000000000	       -0.0000000000	        0.3319882769	        0.0000000000	        0.0003433796
        1.6915182473	        0.9976703616	        0.3392827974	        0.0045096943	        0.0023578331	        0.0061267511	        0.0008054954	        0.0079249187	        0.0011755964	        0.0026686531	        0.0041877788	        0.0003325593	        0.5957467513	        0.0000285916	        0.0000272109	        0.2129931388	        0.0000000000	        0.0000000000	       -0.0000000000	        0.3248211156	        0.0000000000	        0.0003555202
        1.7179472609	        0.9827712649	        0.3333340627	        0.0041992244	        0.0022085710	        0.0058219756	        0.0008043940	        0.0083050839	        0.0013215565	        0.0026624380	        0.0040697234	        0.0003477412	        0.5999994748	        0.0000295491	        0.0000278102	        0.2026442720	        0.0000000000	        0.0000000000	       -0.0000000000	        0.3179630771	        0.0000000000	        0.0003704643
        1.7425521094	        0.9674734798	        0.3275359912	        0.0038184297	        0.0020575713	        0.0054948362	        0.0008030425	        0.0086846723	        0.0014830813	        0.0026433862	        0.0039629628	        0.0003651978	        0.6042033281	        0.0000307471	        0.0000285782	        0.1921419540	        0.0000000000	        0.0000000000	       -0.0000000000	        0.3113722913	        0.0000000000	        0.0003884804
        1.7654025727	        0.9517757462	        0.3218614971	        0.0033899454	        0.0019060519	        0.0051512677	        0.0008014257	        0.0090638718	        0.0016620639	        0.0026114074	        0.0038670050	        0.0003851165	        0.6083750142	        0.0000322068	        0.0000297624	        0.1816323052	        0.0000000000	        0.0000000000	       -0.0000000000	        0.3050107834	        0.0000000000	        0.0004098935
        1.7865754452	        0.9356665757	        0.3162847957	        0.0029644974	        0.0017553630	        0.0047970588	        0.0007995219	        0.0094428875	        0.0018606261	        0.0025666713	        0.0037813394	        0.0004077116	        0.6125313158	        0.0000339551	        0.0000312376	        0.1712373964	        0.0000000000	        0.0000000000	       -0.0000000000	        0.2988439107	        0.0000000000	        0.0004350983
        1.8061525101	        0.9191249562	        0.3107810706	        0.0025031664	        0.0016068818	        0.0044376564	        0.0007973014	        0.0098218211	        0.0020811168	        0.0025095698	        0.0037054503	        0.0004332280	        0.6166892866	        0.0000360258	        0.0000329466	        0.1610549503	        0.0000000000	        0.0000000000	       -0.0000000000	        0.2928397928	        0.0000000000	        0.0004645741
        1.8242187368	        0.9021208393	        0.3053260983	        0.0020278513	        0.0014619312	        0.0040780302	        0.0007947258	        0.0102005548	        0.0023261029	        0.0024406818	        0.0036388220	        0.0004619458	        0.6208665050	        0.0000384611	        0.0000350500	        0.1511594528	        0.0000000000	        0.0000000000	       -0.0000000000	        0.2869687524	        0.0000000000	        0.0004989028
        1.8408607086	        0.8846154097	        0.2998958345	        0.0015377665	        0.0013217208	        0.0037225871	        0.0007917461	        0.0105786313	        0.0025983476	        0.0023607405	        0.0035809386	        0.0004941846	        0.6250813899	        0.0000413134	        0.0000376249	        0.1416041615	        0.0000000000	        0.0000000000	       -0.0000000000	        0.2812027701	        0.0000000000	        0.0005387911
        1.8561652810	        0.8665611460	        0.2944659531	        0.0010582565	        0.0011873070	        0.0033751269	        0.0007883003	        0.0109551218	        0.0029007669	        0.0022706033	        0.0035312789	        0.0005303088	        0.6293535903	        0.0000446477	        0.0000410008	        0.1324236025	        0.0000000000	        0.0000000000	       -0.0000000000	        0.2755149438	        0.0000000000	        0.0005850979
        1.8702184608	        0.8479016929	        0.2890113242	        0.0006486800	        0.0010595695	        0.0030388325	        0.0007843102	        0.0113284743	        0.0032363552	        0.0021712247	        0.0034893065	        0.0005707325	        0.6337044662	        0.0000485454	        0.0000452228	        0.1236362543	        0.0000000000	        0.0000000000	       -0.0000000000	        0.2698789416	        0.0000000000	        0.0006388696
        1.8831044915	        0.8285715636	        0.2835054048	        0.0003080994	        0.0009392013	        0.0027162859	        0.0007796772	        0.0116963316	        0.0036080625	        0.0020636326	        0.0034544547	        0.0006159246	        0.6381576910	        0.0000531079	        0.0000504991	        0.1152472098	        0.0000000000	        0.0000000000	       -0.0000000000	        0.2642684267	        0.0000000000	        0.0007013846
        1.8949051275	        0.8084957056	        0.2779195118	        0.0001038178	        0.0008267089	        0.0024095065	        0.0007742762	        0.0120553114	        0.0040186031	        0.0019489078	        0.0034261044	        0.0006664128	        0.6427400167	        0.0000584636	        0.0000570505	        0.1072506875	        0.0000000000	        0.0000000000	       -0.0000000000	        0.2586564323	        0.0000000000	        0.0007742092
        1.9056990763	        0.7875889660	        0.2722219296	        0.0000353714	        0.0007224207	        0.0021200030	        0.0007679471	        0.0124007399	        0.0044701683	        0.0018281671	        0.0034035537	        0.0007227860	        0.6474822598	        0.0000647754	        0.0000654271	        0.0996323251	        0.0000000000	        0.0000000000	       -0.0000000000	        0.2530146573	        0.0000000000	        0.0008592673
        1.9155615890	        0.7657555137	        0.2663767962	        0.0002199545	        0.0006265000	        0.0018488379	        0.0007604843	        0.0127263299	        0.0049640080	        0.0017025505	        0.0033859750	        0.0007856917	        0.6524205880	        0.0000722524	        0.0000758869	        0.0923712380	        0.0000000000	        0.0000000000	       -0.0000000000	        0.2473126496	        0.0000000000	        0.0009589237
        1.9245641781	        0.7428882980	        0.2603426897	        0.0006329408	        0.0005389625	        0.0015966970	        0.0007516206	        0.0130238024	        0.0054998379	        0.0015732122	        0.0033723537	        0.0008558249	        0.6575982209	        0.0000811651	        0.0000891206	        0.0854418590	        0.0000000000	        0.0000000000	       -0.0000000000	        0.2415168377	        0.0000000000	        0.0010760790
        1.9327744427	        0.7188686574	        0.2540708150	        0.0014261438	        0.0004596951	        0.0013639623	        0.0007410058	        0.0132824548	        0.0060750276	        0.0014413160	        0.0033614011	        0.0009339011	        0.6630676987	        0.0000918669	        0.0001056363	        0.0788156044	        0.0000000000	        0.0000000000	       -0.0000000000	        0.2355893679	        0.0000000000	        0.0012142637
        1.9402559838	        0.6935662376	        0.2475026689	        0.0025574668	        0.0003884755	        0.0011507837	        0.0007281782	        0.0134886964	        0.0066835293	        0.0013080357	        0.0033514283	        0.0010206002	        0.6688939328	        0.0001048226	        0.0001248448	        0.0724624279	        0.0000000000	        0.0000000000	       -0.0000000000	        0.2294867060	        0.0000000000	        0.0013776991
        1.9470683933	        0.6668394325	        0.2405670373	        0.0040055042	        0.0003249916	        0.0009571457	        0.0007125244	        0.0136255975	        0.0073145299	        0.0011745588	        0.0033401630	        0.0011164591	        0.6751583244	        0.0001206477	        0.0001504788	        0.0663523340	        0.0000000000	        0.0000000000	       -0.0000000000	        0.2231579804	        0.0000000000	        0.0015712517
        1.9532673011	        0.6385366245	        0.2331761813	        0.0060998023	        0.0002688600	        0.0007829245	        0.0006932288	        0.0136725412	        0.0079508722	        0.0010420953	        0.0033244847	        0.0012216775	        0.6819643255	        0.0001401578	        0.0001815256	        0.0604569174	        0.0000000000	        0.0000000000	       -0.0000000000	        0.2165430913	        0.0000000000	        0.0018001206
        1.9589044686	        0.6084985508	        0.2252211335	        0.0085348658	        0.0002196432	        0.0006279297	        0.0006692116	        0.0136051278	        0.0085674048	        0.0009118894	        0.0033000493	        0.0013357757	        0.6894448837	        0.0001644292	        0.0002146904	        0.0547509668	        0.0000000000	        0.0000000000	       -0.0000000000	        0.2095707383	        0.0000000000	        0.0020689322
        1.9640279170	        0.5765621550	        0.2165662423	        0.0111769750	        0.0001768655	        0.0004919251	        0.0006390658	        0.0133955706	        0.0091296206	        0.0007852327	        0.0032607775	        0.0014570211	        0.6977721954	        0.0001948589	        0.0002544519	        0.0492140968	        0.0000000000	        0.0000000000	       -0.0000000000	        0.2021567855	        0.0000000000	        0.0023796254
        1.9686820816	        0.5425662597	        0.2070436694	        0.0140940195	        0.0001400281	        0.0003746186	        0.0006010222	        0.0130139233	        0.0095932377	        0.0006634766	        0.0031982210	        0.0015815125	        0.7071698986	        0.0002331959	        0.0003020307	        0.0438322293	        0.0000000000	        0.0000000000	       -0.0000000000	        0.1942039254	        0.0000000000	        0.0027270810
        1.9729079831	        0.5063593294	        0.1964497881	        0.0171149452	        0.0001086222	        0.0002756193	        0.0005530133	        0.0124305825	        0.0099057531	        0.0005480395	        0.0031009446	        0.0017018558	        0.7179268464	        0.0002814739	        0.0003549557	        0.0385985146	        0.0000000000	        0.0000000000	       -0.0000000000	        0.1856045940	        0.0000000000	        0.0030910881
        1.9767434111	        0.4678095728	        0.1845478726	        0.0199667892	        0.0000821431	        0.0001943586	        0.0004929816	        0.0116205584	        0.0100113704	        0.0004404017	        0.0029543654	        0.0018055854	        0.7304091066	        0.0003417016	        0.0004131279	        0.0335129985	        0.0000000000	        0.0000000000	       -0.0000000000	        0.1762506654	        0.0000000000	        0.0034239027
        1.9802231129	        0.4268180346	        0.1710854464	        0.0224168855	        0.0000601036	        0.0001299890	        0.0004196639	        0.0105699308	        0.0098608710	        0.0003420807	        0.0027420783	        0.0018741484	        0.7450616053	        0.0004150914	        0.0004656193	        0.0285802188	        0.0000000000	        0.0000000000	       -0.0000000000	        0.1660553038	        0.0000000000	        0.0036369239
        1.9833789852	        0.3833371515	        0.1558391008	        0.0234614228	        0.0000420503	        0.0000812856	        0.0003340680	        0.0092845585	        0.0094276587	        0.0002545751	        0.0024503842	        0.0018845502	        0.7623821138	        0.0005006288	        0.0005148231	        0.0238045893	        0.0000000000	        0.0000000000	       -0.0000000000	        0.1549926867	        0.0000000000	        0.0036017476
        1.9862402627	        0.3374023769	        0.1386987959	        0.0233351367	        0.0000275867	        0.0000465855	        0.0002414345	        0.0078002967	        0.0087299789	        0.0001792691	        0.0020773784	        0.0018169086	        0.7828416199	        0.0005932196	        0.0005689438	        0.0191863212	        0.0000000000	        0.0000000000	       -0.0000000000	        0.1431553498	        0.0000000000	        0.0031967154
        1.9888337046	        0.2891945607	        0.1197839085	        0.0219859685	        0.0000164061	        0.0000237895	        0.0001522935	        0.0061923245	        0.0078569611	        0.0001172882	        0.0016439787	        0.0016689297	        0.8067327873	        0.0006827812	        0.0006100805	        0.0147278243	        0.0000000000	        0.0000000000	       -0.0000000000	        0.1308097692	        0.0000000000	        0.0024170049
        1.9911837738	        0.2392294840	        0.0995321143	        0.0191647761	        0.0000085889	        0.0000104289	        0.0000800033	        0.0045806075	        0.0069950478	        0.0000693751	        0.0011964693	        0.0014690204	        0.8339836818	        0.0007567469	        0.0006406570	        0.0104734281	        0.0000000000	        0.0000000000	       -0.0000000000	        0.1184013473	        0.0000000000	        0.0014718055
        1.9933128092	        0.1887456636	        0.0786486592	        0.0156755530	        0.0000046032	        0.0000037631	        0.0000334449	        0.0031143821	        0.0064184834	        0.0000357110	        0.0007896190	        0.0012716399	        0.8640821888	        0.0008066419	        0.0006668723	        0.0065840483	        0.0000000000	        0.0000000000	       -0.0000000000	        0.1064545293	        0.0000000000	        0.0006880016
        1.9952411902	        0.1389729490	        0.0578658345	        0.0119451134	        0.0000019476	        0.0000010482	        0.0000104861	        0.0018832900	        0.0062528085	        0.0000149538	        0.0004603725	        0.0011349353	        0.8962728474	        0.0008332073	        0.0006791256	        0.0033446488	        0.0000000000	        0.0000000000	       -0.0000000000	        0.0953912598	        0.0000000000	        0.0002340937
        1.9969874916	        0.0905482429	        0.0376973220	        0.0081025861	        0.0000005558	        0.0000002063	        0.0000022794	        0.0009422148	        0.0066122891	        0.0000044005	        0.0002198223	        0.0011110982	        0.9298911851	        0.0008440659	        0.0006723745	        0.0011538462	        0.0000000000	        0.0000000000	       -0.0000000000	        0.0854147573	        0.0000000000	        0.0000541770
        1.9985686299	        0.0440994723	        0.0183867522	        0.0039146728	        0.0000000726	        0.0000000205	        0.0000002479	        0.0003152006	        0.0075763270	        0.0000006166	        0.0000658017	        0.0012872281	        0.9645308215	        0.0008473479	        0.0006541997	        0.0001724363	        0.0000000000	        0.0000000000	       -0.0000000000	        0.0765386810	        0.0000000000	        0.0000062138
        2.0000000000	        0.0000000000	        0.0000000000	       -0.0004903054	        0.0000000000	        0.0000000000	        0.0000000000	        0.0000000000	        0.0092122693	        0.0000000000	        0.0000000000	        0.0020679202	        1.0000000000	        0.0008468970	        0.0006527762	        0.0000000000	        0.0000000000	        0.0000000000	        0.0000000000	        0.0686798446	        0.0000000000	        0.0000000000
