        0.0000000000	        0.0000000000	        1.0000000000	       -0.0001179005	        0.0000000000	        0.0000000000	        0.0000000000	        0.0000000000	        0.0070156685	        0.0000000000	        0.0000000000	        0.0003882415	        1.0000000000	        0.0014704424	        0.0013885439	        0.0000000000	        0.1000000000	        0.1000000000	        0.0000000000	        0.5676174259	        0.0000000000
        0.0014313701	        0.0151224499	        0.9939321579	       -0.0004590108	        0.0000000035	        0.0000000019	        0.0000000082	        0.0000416842	        0.0065616201	        0.0000000115	        0.0000023068	        0.0002858341	        1.0000000000	        0.0014547616	        0.0013733647	        0.0000098999	        0.1000000000	        0.1000000000	        0.0000000000	        0.5634943937	        0.0000008763
        0.0030125084	        0.0318028097	        0.9873114387	       -0.0008278517	        0.0000000309	        0.0000000174	        0.0000000724	        0.0001330130	        0.0061225820	        0.0000000985	        0.0000088017	        0.0002404882	        1.0000000000	        0.0014360972	        0.0013558805	        0.0000801999	        0.1000000000	        0.1000000000	        0.0000000000	        0.5590185187	        0.0000070424
        0.0047588098	        0.0501930334	        0.9800968213	       -0.0012318174	        0.0000001354	        0.0000000660	        0.0000002712	        0.0002853812	        0.0057064115	        0.0000004173	        0.0000200274	        0.0002163088	        1.0000000000	        0.0014159638	        0.0013357009	        0.0002971778	        0.1000000000	        0.1000000000	        0.0000000000	        0.5541682000	        0.0000258684
        0.0066871908	        0.0704536354	        0.9722463601	       -0.0016818051	        0.0000004225	        0.0000001782	        0.0000007205	        0.0005119512	        0.0053221295	        0.0000012573	        0.0000368622	        0.0002042890	        1.0000000000	        0.0013942193	        0.0013133729	        0.0007757179	        0.1000000000	        0.1000000000	        0.0000000000	        0.5489223731	        0.0000668826
        0.0088162262	        0.0927485581	        0.9637179390	       -0.0021815768	        0.0000010717	        0.0000004061	        0.0000016144	        0.0008276828	        0.0049800020	        0.0000030854	        0.0000605289	        0.0002012673	        1.0000000000	        0.0013706474	        0.0012892437	        0.0016439000	        0.1000000000	        0.1000000000	        0.0000000000	        0.5432611529	        0.0001402680
        0.0111662954	        0.1172361386	        0.9544707261	       -0.0027375119	        0.0000023576	        0.0000008503	        0.0000033164	        0.0012490763	        0.0046914788	        0.0000065880	        0.0000926634	        0.0002061569	        1.0000000000	        0.0013448607	        0.0012610683	        0.0030182723	        0.1000000000	        0.1000000000	        0.0000000000	        0.5371669250	        0.0002546268
        0.0137597373	        0.1440555631	        0.9444681490	       -0.0033809481	        0.0000046578	        0.0000017109	        0.0000065300	        0.0017933881	        0.0044688244	        0.0000127029	        0.0001354002	        0.0002188284	        1.0000000000	        0.0013161250	        0.0012291455	        0.0049785917	        0.1000000000	        0.1000000000	        0.0000000000	        0.5306263863	        0.0004148371
        0.0166210148	        0.1733098355	        0.9336838965	       -0.0041112632	        0.0000084347	        0.0000033750	        0.0000125583	        0.0024770500	        0.0043242313	        0.0000226281	        0.0001914159	        0.0002396252	        1.0000000000	        0.0012831036	        0.0011918410	        0.0075538176	        0.1000000000	        0.1000000000	        0.0000000000	        0.5236344353	        0.0006210201
        0.0197768871	        0.2050490173	        0.9221130123	       -0.0049709893	        0.0000141812	        0.0000065470	        0.0000236110	        0.0033131895	        0.0042682686	        0.0000377974	        0.0002637935	        0.0002690230	        1.0000000000	        0.0012435715	        0.0011476887	        0.0107238684	        0.1000000000	        0.1000000000	        0.0000000000	        0.5162010720	        0.0008689477
        0.0232565889	        0.2392597842	        0.9097903432	       -0.0059535232	        0.0000223411	        0.0000124166	        0.0000430032	        0.0043085696	        0.0043077434	        0.0000598211	        0.0003554629	        0.0003071950	        1.0000000000	        0.0011942635	        0.0010971012	        0.0144311300	        0.1000000000	        0.1000000000	        0.0000000000	        0.5083624601	        0.0011513159
        0.0270920169	        0.2758662653	        0.8968164782	       -0.0070290526	        0.0000332418	        0.0000228483	        0.0000749504	        0.0054607905	        0.0044434186	        0.0000904000	        0.0004679009	        0.0003530967	        1.0000000000	        0.0011311551	        0.0010372124	        0.0186055082	        0.1000000000	        0.1000000000	        0.0000000000	        0.5001957980	        0.0014601139
        0.0313179184	        0.3147416108	        0.8833859792	       -0.0081464117	        0.0000470814	        0.0000405683	        0.0001235947	        0.0067567771	        0.0046683037	        0.0001312364	        0.0005989874	        0.0004033477	        1.0000000000	        0.0010505452	        0.0009685580	        0.0231932422	        0.1000000000	        0.1000000000	        0.0000000000	        0.4918343242	        0.0017891982
        0.0359720830	        0.3555914649	        0.8698026153	       -0.0091372829	        0.0000665036	        0.0000692643	        0.0001910641	        0.0081692667	        0.0049672680	        0.0001838049	        0.0007407571	        0.0004518018	        1.0000000000	        0.0009512001	        0.0008927997	        0.0281561321	        0.1000000000	        0.1000000000	        0.0000000000	        0.4834729903	        0.0021344497
        0.0410955314	        0.3975796347	        0.8564538815	       -0.0097999506	        0.0000993297	        0.0001132537	        0.0002748119	        0.0096391014	        0.0053072284	        0.0002485922	        0.0008791339	        0.0004904697	        1.0000000000	        0.0008367299	        0.0008102667	        0.0334360300	        0.1000000000	        0.1000000000	        0.0000000000	        0.4753489370	        0.0024912751
        0.0467326989	        0.4398294380	        0.8437291658	       -0.0099619045	        0.0001408983	        0.0001766342	        0.0003665506	        0.0110742704	        0.0056239014	        0.0003252413	        0.0009977435	        0.0005122888	        1.0000000000	        0.0007155850	        0.0007229574	        0.0389417293	        0.1000000000	        0.1000000000	       -0.0000000000	        0.4676898738	        0.0028537445
        0.0529316067	        0.4817980412	        0.8319261917	       -0.0095472511	        0.0001920824	        0.0002630887	        0.0004561715	        0.0123987905	        0.0058684643	        0.0004132474	        0.0010843030	        0.0005142309	        1.0000000000	        0.0005978992	        0.0006345289	        0.0446103619	        0.1000000000	        0.1000000000	       -0.0000000000	        0.4606595664	        0.0032188488
        0.0597440162	        0.5230316915	        0.8211997651	       -0.0085816623	        0.0002538515	        0.0003753543	        0.0005353359	        0.0135521018	        0.0060090026	        0.0005116263	        0.0011345981	        0.0004980793	        1.0000000000	        0.0004917983	        0.0005484663	        0.0503849122	        0.1000000000	        0.1000000000	       -0.0000000000	        0.4543319169	        0.0035842505
        0.0672255573	        0.5631760683	        0.8115673266	       -0.0072013774	        0.0003272418	        0.0005149704	        0.0005996544	        0.0144946236	        0.0060318989	        0.0006190036	        0.0011518376	        0.0004687062	        1.0000000000	        0.0004015326	        0.0004673956	        0.0562144060	        0.1000000000	        0.1000000000	       -0.0000000000	        0.4486992410	        0.0039478973
        0.0754358219	        0.6019753444	        0.8029514359	       -0.0055884030	        0.0004133095	        0.0006822552	        0.0006484767	        0.0152083036	        0.0059396343	        0.0007337221	        0.0011432390	        0.0004316555	        1.0000000000	        0.0003277552	        0.0003934749	        0.0620574241	        0.1000000000	        0.1000000000	       -0.0000000000	        0.4437006169	        0.0043080875
        0.0844384110	        0.6392634341	        0.7952274683	       -0.0039249962	        0.0005130784	        0.0008764609	        0.0006834599	        0.0156935518	        0.0057463357	        0.0008539468	        0.0011167630	        0.0003915568	        1.0000000000	        0.0002688949	        0.0003280786	        0.0678860347	        0.1000000000	        0.1000000000	       -0.0000000000	        0.4392511341	        0.0046637177
        0.0943009237	        0.6749505649	        0.7882586084	       -0.0023545137	        0.0006274850	        0.0010960184	        0.0007071660	        0.0159643671	        0.0054726863	        0.0009777538	        0.0010792879	        0.0003516180	        1.0000000000	        0.0002224875	        0.0002718909	        0.0736878145	        0.1000000000	        0.1000000000	       -0.0000000000	        0.4352622551	        0.0050144636
        0.1050948725	        0.7090079064	        0.7819154287	       -0.0009690550	        0.0007573229	        0.0013387827	        0.0007221881	        0.0160431939	        0.0051414541	        0.0011031981	        0.0010360449	        0.0003137614	        1.0000000000	        0.0001860126	        0.0002248302	        0.0794654085	        0.1000000000	        0.1000000000	       -0.0000000000	        0.4316525666	        0.0053608016
        0.1168955085	        0.7414523309	        0.7760841206	        0.0001860960	        0.0009031883	        0.0016022228	        0.0007307598	        0.0159564812	        0.0047742712	        0.0012283598	        0.0009907225	        0.0002789717	        1.0000000000	        0.0001572729	        0.0001856744	        0.0852342331	        0.1000000000	        0.1000000000	       -0.0000000000	        0.4283518233	        0.0057038965
        0.1297815392	        0.7723326267	        0.7706682678	        0.0010620432	        0.0010654302	        0.0018835335	        0.0007346543	        0.0157313602	        0.0043897514	        0.0013513753	        0.0009457972	        0.0002476291	        1.0000000000	        0.0001344967	        0.0001538019	        0.0910192011	        0.1000000000	        0.1000000000	       -0.0000000000	        0.4253013543	        0.0060454121
        0.1438347190	        0.8017178130	        0.7655875459	        0.0016927388	        0.0012441067	        0.0021796750	        0.0007352207	        0.0153934660	        0.0040027142	        0.0014704597	        0.0009028736	        0.0002197577	        1.0000000000	        0.0001163129	        0.0001281627	        0.0968511345	        0.1000000000	        0.1000000000	       -0.0000000000	        0.4224528450	        0.0063872936
        0.1591392914	        0.8296877090	        0.7607752676	        0.0020699262	        0.0014389533	        0.0024873581	        0.0007334617	        0.0149657214	        0.0036241666	        0.0015839246	        0.0008629586	        0.0001951887	        1.0000000000	        0.0001016813	        0.0001076772	        0.1027632298	        0.1000000000	        0.1000000000	       -0.0000000000	        0.4197665940	        0.0067315497
        0.1757812632	        0.8563255940	        0.7561757988	        0.0022477232	        0.0016493662	        0.0028029975	        0.0007301140	        0.0144678307	        0.0032617174	        0.0016901970	        0.0008266609	        0.0001736613	        1.0000000000	        0.0000898194	        0.0000915765	        0.1087876861	        0.1000000000	        0.1000000000	       -0.0000000000	        0.4172098011	        0.0070800448
        0.1938474899	        0.8817126327	        0.7517421599	        0.0022466409	        0.0018744087	        0.0031226570	        0.0007257204	        0.0139162491	        0.0029201805	        0.0017878419	        0.0007943287	        0.0001548805	        1.0000000000	        0.0000801396	        0.0000789487	        0.1149524706	        0.1000000000	        0.1000000000	       -0.0000000000	        0.4147550389	        0.0074343003
        0.2134245548	        0.9059236842	        0.7474339858	        0.0021178175	        0.0021128455	        0.0034420055	        0.0007206817	        0.0133244367	        0.0026022070	        0.0018755905	        0.0007661433	        0.0001385496	        1.0000000000	        0.0000721995	        0.0000690053	        0.1212781687	        0.1000000000	        0.1000000000	       -0.0000000000	        0.4123789848	        0.0077953045
        0.2345974273	        0.9290241273	        0.7432158441	        0.0018694258	        0.0023632155	        0.0037563044	        0.0007152925	        0.0127032668	        0.0023088627	        0.0019523754	        0.0007421791	        0.0001243869	        1.0000000000	        0.0000656636	        0.0000611073	        0.1277749016	        0.1000000000	        0.1000000000	       -0.0000000000	        0.4100613947	        0.0081633297
        0.2574478906	        0.9510673865	        0.7390559200	        0.0015364689	        0.0026239507	        0.0040604458	        0.0007097673	        0.0120615023	        0.0020401145	        0.0020173726	        0.0007224451	        0.0001121328	        1.0000000000	        0.0000602760	        0.0000548470	        0.1344393788	        0.1000000000	        0.1000000000	       -0.0000000000	        0.4077843117	        0.0085377637
        0.2820527391	        0.9720929163	        0.7349249347	        0.0011226713	        0.0028935491	        0.0043490598	        0.0007042617	        0.0114062920	        0.0017952184	        0.0020700507	        0.0007069098	        0.0001015534	        1.0000000000	        0.0000558394	        0.0000497551	        0.1412522800	        0.1000000000	        0.1000000000	       -0.0000000000	        0.4055314269	        0.0089169659
        0.3084817527	        0.9921244982	        0.7307953325	        0.0006363912	        0.0031708096	        0.0046167092	        0.0006988777	        0.0107436643	        0.0015730169	        0.0021102235	        0.0006955184	        0.0000924399	        1.0000000000	        0.0000522000	        0.0000457221	        0.1481763233	        0.1000000000	        0.1000000000	       -0.0000000000	        0.4032876053	        0.0092981733
        0.3367954708	        1.0111688146	        0.7266407632	        0.0000946271	        0.0034551255	        0.0048581877	        0.0006936749	        0.0100790045	        0.0013721619	        0.0021381041	        0.0006882015	        0.0000846079	        1.0000000000	        0.0000492361	        0.0000425420	        0.1551554573	        0.1000000000	        0.1000000000	       -0.0000000000	        0.4010385851	        0.0096774819
        0.3670428018	        1.0292144129	        0.7224357263	       -0.0005001750	        0.0037468287	        0.0050689240	        0.0006886940	        0.0094175086	        0.0011912741	        0.0021543528	        0.0006848801	        0.0000778953	        1.0000000000	        0.0000468503	        0.0000400997	        0.1621156896	        0.1000000000	        0.1000000000	       -0.0000000000	        0.3987707753	        0.0100499331
        0.3992585207	        1.0462313536	        0.7181553845	       -0.0011280237	        0.0040475498	        0.0052454831	        0.0006839686	        0.0087645965	        0.0010290527	        0.0021601068	        0.0006854652	        0.0000721606	        1.0000000000	        0.0000449627	        0.0000383522	        0.1689680867	        0.1000000000	        0.1000000000	       -0.0000000000	        0.3964711498	        0.0104097346
        0.4334607283	        1.0621720489	        0.7137757573	       -0.0017733782	        0.0043605328	        0.0053861244	        0.0006795340	        0.0081262527	        0.0008843401	        0.0021569788	        0.0006898528	        0.0000672815	        1.0000000000	        0.0000435048	        0.0000371067	        0.1756142071	        0.1000000000	        0.1000000000	       -0.0000000000	        0.3941273514	        0.0107506288
        0.4696483595	        1.0769739790	        0.7092742557	       -0.0024341388	        0.0046907907	        0.0054913363	        0.0006754502	        0.0075092380	        0.0007561452	        0.0021470032	        0.0006979154	        0.0000631530	        1.0000000000	        0.0000424148	        0.0000362846	        0.1819536006	        0.1000000000	        0.1000000000	       -0.0000000000	        0.3917279759	        0.0110663820
        0.5077988477	        1.0905650156	        0.7046305613	       -0.0030951287	        0.0050449348	        0.0055642219	        0.0006718047	        0.0069210987	        0.0006436259	        0.0021325114	        0.0007094905	        0.0000596869	        1.0000000000	        0.0000416333	        0.0000357671	        0.1878921106	        0.1000000000	        0.1000000000	       -0.0000000000	        0.3892630340	        0.0113513113
        0.5478660655	        1.1028717680	        0.6998281702	       -0.0037651083	        0.0054304554	        0.0056105667	        0.0006687198	        0.0063698977	        0.0005460346	        0.0021159298	        0.0007243717	        0.0000568121	        1.0000000000	        0.0000410998	        0.0000355188	        0.1933483822	        0.1000000000	        0.1000000000	       -0.0000000000	        0.3867247528	        0.0116006998
        0.5897786695	        1.1138305363	        0.6948560879	       -0.0044224183	        0.0058542314	        0.0056384265	        0.0006663675	        0.0058636411	        0.0004626354	        0.0020995135	        0.0007423071	        0.0000544749	        1.0000000000	        0.0000407528	        0.0000356258	        0.1982551337	        0.1000000000	        0.1000000000	       -0.0000000000	        0.3841084331	        0.0118108903
        0.6334389769	        1.1233991395	        0.6897105119	       -0.0050379809	        0.0063201531	        0.0056571573	        0.0006649788	        0.0054094712	        0.0003926178	        0.0020850673	        0.0007630134	        0.0000526412	        1.0000000000	        0.0000405333	        0.0000360322	        0.2025525785	        0.1000000000	        0.1000000000	       -0.0000000000	        0.3814132735	        0.0119789190
        0.6787224963	        1.1315666108	        0.6843956539	       -0.0055840174	        0.0068260236	        0.0056759881	        0.0006648469	        0.0050128260	        0.0003350344	        0.0020737284	        0.0007862101	        0.0000512977	        1.0000000000	        0.0000403908	        0.0000366974	        0.2061747862	        0.1000000000	        0.1000000000	       -0.0000000000	        0.3786427140	        0.0121017390
        0.7254782147	        1.1383574370	        0.6789232522	       -0.0060243855	        0.0073603532	        0.0057024568	        0.0006662936	        0.0046768382	        0.0002887903	        0.0020658855	        0.0008116719	        0.0000504534	        1.0000000000	        0.0000402908	        0.0000376145	        0.2090352136	        0.1000000000	        0.1000000000	       -0.0000000000	        0.3758040822	        0.0121754063
        0.7735297135	        1.1438283220	        0.6733107237	       -0.0063203278	        0.0079001362	        0.0057411606	        0.0006696461	        0.0044022058	        0.0002526923	        0.0020612638	        0.0008392916	        0.0000501389	        1.0000000000	        0.0000402205	        0.0000386856	        0.2110215820	        0.1000000000	        0.1000000000	       -0.0000000000	        0.3729075375	        0.0121948065
        0.8226771500	        1.1480579845	        0.6675778217	       -0.0064573552	        0.0084109307	        0.0057932261	        0.0006752096	        0.0041875889	        0.0002255424	        0.0020591388	        0.0008691380	        0.0000504046	        1.0000000000	        0.0000401902	        0.0000398503	        0.2120091200	        0.1000000000	        0.1000000000	       -0.0000000000	        0.3699642750	        0.0121544006
        0.8727000940	        1.1511328263	        0.6617433364	       -0.0064181630	        0.0088502481	        0.0058566732	        0.0006832686	        0.0040303917	        0.0002062465	        0.0020586005	        0.0009014931	        0.0000513184	        1.0000000000	        0.0000402293	        0.0000412979	        0.2118930684	        0.1000000000	        0.1000000000	       -0.0000000000	        0.3669848026	        0.0120500068
        0.9233611572	        1.1531321441	        0.6558220110	       -0.0061450992	        0.0091742835	        0.0059275562	        0.0006941276	        0.0039276819	        0.0001939092	        0.0020587877	        0.0009368599	        0.0000529633	        1.0000000000	        0.0000403799	        0.0000428135	        0.2106306426	        0.1000000000	        0.1000000000	       -0.0000000000	        0.3639773832	        0.0118810214
        0.9744103051	        1.1541157978	        0.6498229341	       -0.0056997689	        0.0093466539	        0.0060015388	        0.0007109821	        0.0038770131	        0.0001879019	        0.0020590527	        0.0009759354	        0.0000554350	        1.0000000000	        0.0000408506	        0.0000440272	        0.2082760787	        0.1000000000	        0.1000000000	       -0.0000000000	        0.3609472752	        0.0116521734
        1.0255896949	        1.1541157978	        0.6437010639	       -0.0052025582	        0.0093466539	        0.0059705807	        0.0007274595	        0.0038770131	        0.0001879019	        0.0020590527	        0.0010193445	        0.0000588303	        1.0000000000	        0.0000420140	        0.0000448420	        0.2049851489	        0.1000000000	        0.1000000000	       -0.0000000000	        0.3578725299	        0.0113727816
        1.0766388428	        1.1531321441	        0.6373567736	       -0.0048606622	        0.0091742835	        0.0058371776	        0.0007433424	        0.0039276819	        0.0001939092	        0.0020587877	        0.0010678062	        0.0000632872	        1.0000000000	        0.0000439125	        0.0000455341	        0.2009084378	        0.1000000000	        0.1000000000	       -0.0000000000	        0.3547045493	        0.0110508330
        1.1272999060	        1.1511328263	        0.6307378322	       -0.0047238491	        0.0088502481	        0.0057118488	        0.0007653970	        0.0040303917	        0.0002062465	        0.0020586005	        0.0011214054	        0.0000689342	        1.0000000000	        0.0000462075	        0.0000463309	        0.1962254176	        0.1000000000	        0.1000000000	       -0.0000000000	        0.3514194090	        0.0106965116
        1.1773228500	        1.1480579845	        0.6238540267	       -0.0048245950	        0.0084109307	        0.0056006506	        0.0007905973	        0.0041875889	        0.0002255424	        0.0020591388	        0.0011792235	        0.0000758329	        1.0000000000	        0.0000486764	        0.0000470084	        0.1911940249	        0.1000000000	        0.1000000000	       -0.0000000000	        0.3480243937	        0.0103249024
        1.2264702865	        1.1438283220	        0.6167279643	       -0.0052039331	        0.0079001362	        0.0055084101	        0.0008188248	        0.0044022058	        0.0002526923	        0.0020612638	        0.0012403657	        0.0000840440	        1.0000000000	        0.0000512586	        0.0000474783	        0.1860508937	        0.1000000000	        0.1000000000	       -0.0000000000	        0.3445330073	        0.0099496642
        1.2745217853	        1.1383574370	        0.6093949669	       -0.0058909439	        0.0073603532	        0.0054373383	        0.0008498478	        0.0046768382	        0.0002887903	        0.0020658855	        0.0013040622	        0.0000936289	        1.0000000000	        0.0000538960	        0.0000478137	        0.1809748517	        0.1000000000	        0.1000000000	       -0.0000000000	        0.3409646924	        0.0095811010
        1.3212775037	        1.1315666108	        0.6018999128	       -0.0068773201	        0.0068260236	        0.0053861758	        0.0008833148	        0.0050128260	        0.0003350344	        0.0020737284	        0.0013697960	        0.0001046573	        1.0000000000	        0.0000565506	        0.0000483782	        0.1760682577	        0.1000000000	        0.1000000000	       -0.0000000000	        0.3373430673	        0.0092252429
        1.3665610231	        1.1233991395	        0.5942918736	       -0.0080735633	        0.0063201531	        0.0053500872	        0.0009188141	        0.0054094712	        0.0003926178	        0.0020850673	        0.0014374114	        0.0001172215	        1.0000000000	        0.0000592201	        0.0000494580	        0.1713581527	        0.1000000000	        0.1000000000	       -0.0000000000	        0.3336931685	        0.0088840027
        1.4102213305	        1.1138305363	        0.5866169711	       -0.0093966109	        0.0058542314	        0.0053213360	        0.0009559347	        0.0058636411	        0.0004626354	        0.0020995135	        0.0015071601	        0.0001314512	        1.0000000000	        0.0000619455	        0.0000511891	        0.1668138964	        0.1000000000	        0.1000000000	       -0.0000000000	        0.3300379637	        0.0085561757
        1.4521339345	        1.1028717680	        0.5789127455	       -0.0107440356	        0.0054304554	        0.0052905417	        0.0009942887	        0.0063698977	        0.0005460346	        0.0021159298	        0.0015796637	        0.0001475263	        1.0000000000	        0.0000648059	        0.0000534350	        0.1623734324	        0.1000000000	        0.1000000000	       -0.0000000000	        0.3263957375	        0.0082388587
        1.4922011523	        1.0905650156	        0.5712046423	       -0.0121008615	        0.0050449348	        0.0052481554	        0.0010335024	        0.0069210987	        0.0006436259	        0.0021325114	        0.0016558172	        0.0001656845	        1.0000000000	        0.0000679058	        0.0000557702	        0.1579689185	        0.1000000000	        0.1000000000	       -0.0000000000	        0.3227785940	        0.0079287910
        1.5303516405	        1.0769739790	        0.5635057467	       -0.0134974454	        0.0046907907	        0.0051857646	        0.0010731753	        0.0075092380	        0.0007561452	        0.0021470032	        0.0017366767	        0.0001862238	        1.0000000000	        0.0000713608	        0.0000584707	        0.1535449167	        0.1000000000	        0.1000000000	       -0.0000000000	        0.3191925462	        0.0076232875
        1.5665392717	        1.0621720489	        0.5558182928	       -0.0148801512	        0.0043605328	        0.0050969728	        0.0011129364	        0.0081262527	        0.0008843401	        0.0021569788	        0.0018233706	        0.0002095042	        1.0000000000	        0.0000752939	        0.0000621708	        0.1490668169	        0.1000000000	        0.1000000000	       -0.0000000000	        0.3156384277	        0.0073206551
        1.6007414793	        1.0462313536	        0.5481351260	       -0.0161764221	        0.0040475498	        0.0049777857	        0.0011524950	        0.0087645965	        0.0010290527	        0.0021601068	        0.0019170357	        0.0002359491	        1.0000000000	        0.0000798371	        0.0000668437	        0.1445211743	        0.1000000000	        0.1000000000	       -0.0000000000	        0.3121127503	        0.0070201910
        1.6329571982	        1.0292144129	        0.5404414013	       -0.0173827197	        0.0037468287	        0.0048265848	        0.0011916068	        0.0094175086	        0.0011912741	        0.0021543528	        0.0020187704	        0.0002660456	        1.0000000000	        0.0000851324	        0.0000722143	        0.1399111923	        0.1000000000	        0.1000000000	       -0.0000000000	        0.3086086351	        0.0067219467
        1.6632045292	        1.0111688146	        0.5327162124	       -0.0185161115	        0.0034551255	        0.0046438303	        0.0012300216	        0.0100790045	        0.0013721619	        0.0021381041	        0.0021296025	        0.0003003465	        1.0000000000	        0.0000913352	        0.0000787611	        0.1352503307	        0.1000000000	        0.1000000000	       -0.0000000000	        0.3051166771	        0.0064264153
        1.6915182473	        0.9921244982	        0.5249339456	       -0.0195176414	        0.0031708096	        0.0044316331	        0.0012674780	        0.0107436643	        0.0015730169	        0.0021102235	        0.0022504726	        0.0003394738	        1.0000000000	        0.0000986231	        0.0000865527	        0.1305561301	        0.1000000000	        0.1000000000	       -0.0000000000	        0.3016256533	        0.0061342422
        1.7179472609	        0.9720929163	        0.5170646728	       -0.0204316930	        0.0028935491	        0.0041933039	        0.0013036945	        0.0114062920	        0.0017952184	        0.0020700507	        0.0023822210	        0.0003841233	        1.0000000000	        0.0001072066	        0.0000956380	        0.1258453660	        0.1000000000	        0.1000000000	       -0.0000000000	        0.2981227801	        0.0058460034
        1.7425521094	        0.9510673865	        0.5090743637	       -0.0212290350	        0.0026239507	        0.0039329405	        0.0013383439	        0.0120615023	        0.0020401145	        0.0020173726	        0.0025255715	        0.0004350702	        1.0000000000	        0.0001173417	        0.0001071653	        0.1211308031	        0.1000000000	        0.1000000000	        0.0000000000	        0.2945938858	        0.0055620688
        1.7654025727	        0.9290241273	        0.5009244229	       -0.0218314455	        0.0023632155	        0.0036550834	        0.0013710655	        0.0127032668	        0.0023088627	        0.0019523754	        0.0026811062	        0.0004931739	        1.0000000000	        0.0001293490	        0.0001216893	        0.1164193712	        0.1000000000	        0.1000000000	        0.0000000000	        0.2910232917	        0.0052825336
        1.7865754452	        0.9059236842	        0.4925706458	       -0.0222063300	        0.0021128455	        0.0033644490	        0.0014014430	        0.0133244367	        0.0026022070	        0.0018755905	        0.0028492217	        0.0005593794	        1.0000000000	        0.0001436361	        0.0001396186	        0.1117114697	        0.1000000000	        0.1000000000	        0.0000000000	        0.2873934576	        0.0050072008
        1.8061525101	        0.8817126327	        0.4839618805	       -0.0223058854	        0.0018744087	        0.0030657363	        0.0014289594	        0.0139162491	        0.0029201805	        0.0017878419	        0.0030300553	        0.0006347127	        1.0000000000	        0.0001607263	        0.0001622535	        0.1070010558	        0.1000000000	        0.1000000000	        0.0000000000	        0.2836845366	        0.0047356023
        1.8242187368	        0.8563255940	        0.4750382383	       -0.0220397482	        0.0016493662	        0.0027634999	        0.0014529584	        0.0144678307	        0.0032617174	        0.0016901970	        0.0032233736	        0.0007202631	        1.0000000000	        0.0001812991	        0.0001909072	        0.1022762542	        0.1000000000	        0.1000000000	        0.0000000000	        0.2798737830	        0.0044670419
        1.8408607086	        0.8296877090	        0.4657286789	       -0.0213396057	        0.0014389533	        0.0024620773	        0.0014725900	        0.0149657214	        0.0036241666	        0.0015839246	        0.0034284006	        0.0008171442	        1.0000000000	        0.0002062444	        0.0002268001	        0.0975203526	        0.1000000000	        0.1000000000	        0.0000000000	        0.2759347611	        0.0042006548
        1.8561652810	        0.8017178130	        0.4559480026	       -0.0201370918	        0.0012441067	        0.0021655605	        0.0014867279	        0.0153934660	        0.0040027142	        0.0014704597	        0.0036435596	        0.0009264169	        1.0000000000	        0.0002367354	        0.0002717994	        0.0927131298	        0.1000000000	        0.1000000000	        0.0000000000	        0.2718363992	        0.0039354815
        1.8702184608	        0.7723326267	        0.4455931431	       -0.0183572334	        0.0010654302	        0.0018777984	        0.0014938645	        0.0157313602	        0.0043897514	        0.0013513753	        0.0038660858	        0.0010489453	        1.0000000000	        0.0002743243	        0.0003274243	        0.0878325278	        0.1000000000	        0.1000000000	        0.0000000000	        0.2675418798	        0.0036705562
        1.8831044915	        0.7414523309	        0.4345388166	       -0.0159929870	        0.0009031883	        0.0016024145	        0.0014919740	        0.0159564812	        0.0047742712	        0.0012283598	        0.0040914566	        0.0011851473	        1.0000000000	        0.0003210616	        0.0003960130	        0.0828567296	        0.1000000000	        0.1000000000	        0.0000000000	        0.2630074424	        0.0034050137
        1.8949051275	        0.7090079064	        0.4226328443	       -0.0129971832	        0.0007573229	        0.0013428219	        0.0014783661	        0.0160431939	        0.0051414541	        0.0011031981	        0.0043125782	        0.0013345729	        1.0000000000	        0.0003796344	        0.0004815391	        0.0777667063	        0.1000000000	        0.1000000000	        0.0000000000	        0.2581812888	        0.0031382169
        1.9056990763	        0.6749505649	        0.4096918140	       -0.0093233444	        0.0006274850	        0.0011022132	        0.0014495559	        0.0159643671	        0.0054726863	        0.0009777538	        0.0045186847	        0.0014952321	        1.0000000000	        0.0004534938	        0.0005828997	        0.0725492450	        0.1000000000	        0.1000000000	        0.0000000000	        0.2530029311	        0.0028699073
        1.9155615890	        0.6392634341	        0.3954990586	       -0.0052544728	        0.0005130784	        0.0008835023	        0.0014011951	        0.0156935518	        0.0057463357	        0.0008539468	        0.0046939994	        0.0016625930	        1.0000000000	        0.0005468811	        0.0006987478	        0.0672003144	        0.1000000000	        0.1000000000	        0.0000000000	        0.2474038265	        0.0026003732
        1.9245641781	        0.6019753444	        0.3798093902	       -0.0010251158	        0.0004133095	        0.0006891966	        0.0013282984	        0.0152083036	        0.0059396343	        0.0007337221	        0.0048164928	        0.0018282702	        1.0000000000	        0.0006645911	        0.0008360358	        0.0617283290	        0.1000000000	        0.1000000000	        0.0000000000	        0.2413110100	        0.0023306203
        1.9327744427	        0.5631760683	        0.3623666308	        0.0032927071	        0.0003272418	        0.0005211944	        0.0012260954	        0.0144946236	        0.0060318989	        0.0006190036	        0.0048576579	        0.0019787165	        1.0000000000	        0.0008111974	        0.0009884691	        0.0561565521	        0.1000000000	        0.1000000000	        0.0000000000	        0.2346557701	        0.0020625105
        1.9402559838	        0.5230316915	        0.3429431486	        0.0070312991	        0.0002538515	        0.0003805274	        0.0010917844	        0.0135521018	        0.0060090026	        0.0005116263	        0.0047850933	        0.0020948482	        1.0000000000	        0.0009893569	        0.0011475128	        0.0505236558	        0.1000000000	        0.1000000000	        0.0000000000	        0.2273900766	        0.0017988172
        1.9470683933	        0.4817980412	        0.3214104408	        0.0098398505	        0.0001920824	        0.0002671057	        0.0009273261	        0.0123987905	        0.0058684643	        0.0004132474	        0.0045702402	        0.0021543375	        1.0000000000	        0.0011971576	        0.0013201852	        0.0448816235	        0.1000000000	        0.1000000000	        0.0000000000	        0.2195124508	        0.0015431386
        1.9532673011	        0.4398294380	        0.2978331292	        0.0116670946	        0.0001408983	        0.0001795555	        0.0007422579	        0.0110742704	        0.0056239014	        0.0003252413	        0.0042018358	        0.0021382198	        1.0000000000	        0.0014254700	        0.0014911723	        0.0392914352	        0.1000000000	        0.1000000000	        0.0000000000	        0.2110978599	        0.0012996126
        1.9589044686	        0.3975796347	        0.2725504356	        0.0120918902	        0.0000993297	        0.0001152425	        0.0005539495	        0.0096391014	        0.0053072284	        0.0002485922	        0.0036995919	        0.0020406294	        1.0000000000	        0.0016575225	        0.0016583160	        0.0338190619	        0.1000000000	        0.1000000000	        0.0000000000	        0.2023165904	        0.0010724496
        1.9640279170	        0.3555914649	        0.2461828541	        0.0116918217	        0.0000665036	        0.0000705294	        0.0003830581	        0.0081692667	        0.0049672680	        0.0001838049	        0.0031161834	        0.0018753737	        1.0000000000	        0.0018728217	        0.0018126905	        0.0285351618	        0.1000000000	        0.1000000000	       -0.0000000000	        0.1934215468	        0.0008653971
        1.9686820816	        0.3147416108	        0.2195237205	        0.0103893470	        0.0000470814	        0.0000413207	        0.0002462108	        0.0067567771	        0.0046683037	        0.0001312364	        0.0025203060	        0.0016722292	        1.0000000000	        0.0020546684	        0.0019417511	        0.0235386132	        0.1000000000	        0.1000000000	       -0.0000000000	        0.1846971555	        0.0006818827
        1.9729079831	        0.2758662653	        0.1933488313	        0.0087882514	        0.0000332418	        0.0000232658	        0.0001481948	        0.0054607905	        0.0044434186	        0.0000904000	        0.0019702844	        0.0014640304	        1.0000000000	        0.0021964263	        0.0020670119	        0.0188955774	        0.1000000000	        0.1000000000	       -0.0000000000	        0.1763904185	        0.0005229164
        1.9767434111	        0.2392597842	        0.1682529080	        0.0073684483	        0.0000223411	        0.0000126319	        0.0000843044	        0.0043085696	        0.0043077434	        0.0000598211	        0.0014987046	        0.0012755276	        1.0000000000	        0.0023013469	        0.0021811846	        0.0146536680	        0.1000000000	        0.1000000000	       -0.0000000000	        0.1686635998	        0.0003878665
        1.9802231129	        0.2050490173	        0.1446023863	        0.0062430094	        0.0000141812	        0.0000066499	        0.0000458515	        0.0033131895	        0.0042682686	        0.0000377974	        0.0011139314	        0.0011199646	        1.0000000000	        0.0023775943	        0.0022670405	        0.0108775457	        0.1000000000	        0.1000000000	       -0.0000000000	        0.1615914737	        0.0002759106
        1.9833789852	        0.1733098355	        0.1225706321	        0.0052443061	        0.0000084347	        0.0000034205	        0.0000241419	        0.0024770500	        0.0043242313	        0.0000226281	        0.0008096172	        0.0010010979	        1.0000000000	        0.0024338290	        0.0023193974	        0.0076475818	        0.1000000000	        0.1000000000	       -0.0000000000	        0.1551838517	        0.0001863284
        1.9862402627	        0.1440555631	        0.1021984996	        0.0042493014	        0.0000046578	        0.0000017294	        0.0000124226	        0.0017933881	        0.0044688244	        0.0000127029	        0.0005735714	        0.0009178840	        1.0000000000	        0.0024770146	        0.0023633448	        0.0050279441	        0.1000000000	        0.1000000000	       -0.0000000000	        0.1494117167	        0.0001179658
        1.9888337046	        0.1172361386	        0.0834487546	        0.0034490100	        0.0000023576	        0.0000008571	        0.0000062437	        0.0012490763	        0.0046914788	        0.0000065880	        0.0003930542	        0.0008682287	        1.0000000000	        0.0025119079	        0.0024169625	        0.0030399496	        0.1000000000	        0.1000000000	       -0.0000000000	        0.1442273859	        0.0000688573
        1.9911837738	        0.0927485581	        0.0662440708	        0.0028902924	        0.0000010717	        0.0000004083	        0.0000030093	        0.0008276828	        0.0049800020	        0.0000030854	        0.0002570220	        0.0008507236	        1.0000000000	        0.0025414104	        0.0024539008	        0.0016514573	        0.1000000000	        0.1000000000	        0.0000000000	        0.1395770495	        0.0000362039
        1.9933128092	        0.0704536354	        0.0504897447	        0.0023141171	        0.0000004225	        0.0000001788	        0.0000013308	        0.0005119512	        0.0053221295	        0.0000012573	        0.0001566513	        0.0008660168	        1.0000000000	        0.0025671619	        0.0024649859	        0.0007776346	        0.1000000000	        0.1000000000	        0.0000000000	        0.1354073965	        0.0000165393
        1.9952411902	        0.0501930334	        0.0360858002	        0.0016899589	        0.0000001354	        0.0000000661	        0.0000004967	        0.0002853812	        0.0057064115	        0.0000004173	        0.0000851553	        0.0009188285	        1.0000000000	        0.0025900675	        0.0024732284	        0.0002974703	        0.1000000000	        0.1000000000	        0.0000000000	        0.1316685695	        0.0000061523
        1.9969874916	        0.0318028097	        0.0229328457	        0.0010710128	        0.0000000309	        0.0000000174	        0.0000001317	        0.0001330130	        0.0061225820	        0.0000000985	        0.0000374358	        0.0010226902	        1.0000000000	        0.0026106572	        0.0024835985	        0.0000802129	        0.1000000000	        0.1000000000	        0.0000000000	        0.1283151553	        0.0000016167
        1.9985686299	        0.0151224499	        0.0109347724	        0.0004658774	        0.0000000035	        0.0000000019	        0.0000000149	        0.0000416842	        0.0065616201	        0.0000000115	        0.0000098122	        0.0012159807	        1.0000000000	        0.0026292833	        0.0024927933	        0.0000098987	        0.1000000000	        0.1000000000	        0.0000000000	        0.1253062814	        0.0000001948
        2.0000000000	        0.0000000000	        0.0000000000	       -0.0001194652	        0.0000000000	        0.0000000000	        0.0000000000	        0.0000000000	        0.0070156685	        0.0000000000	        0.0000000000	        0.0016514389	        1.0000000000	        0.0026427049	        0.0025065922	        0.0000000000	        0.1000000000	        0.1000000000	        0.0000000000	        0.1226053640	        0.0000000000
