        0.0000000000	        0.0000000000	        1.0000000000	        0.0000664196	        0.0000000000	        0.0000000000	        0.0000000000	        0.0000000000	        0.0070156685	        0.0000000000	        0.0000000000	        0.0008905257	        1.0000000000	        0.0019326975	        0.0013762070	        0.0000000000	        1.0000000000	        1.0000000000	        0.0000000000	        0.5676174259	        0.0000000000
        0.0014313701	        0.0151224499	        0.9921265727	       -0.0021937853	        0.0000000035	        0.0000000020	        0.0000000105	        0.0000416842	        0.0065616201	        0.0000000115	        0.0000052911	        0.0006520780	        1.0000000000	        0.0018616961	        0.0013290793	        0.0000099538	        1.0000000000	        1.0000000000	        0.0000000000	        0.5622713845	        0.0000000000
        0.0030125084	        0.0318028097	        0.9837621187	       -0.0045791124	        0.0000000309	        0.0000000175	        0.0000000909	        0.0001330130	        0.0061225820	        0.0000000985	        0.0000201360	        0.0005418057	        1.0000000000	        0.0017876619	        0.0012745502	        0.0000814387	        1.0000000000	        1.0000000000	        0.0000000000	        0.5566288233	        0.0000000000
        0.0047588098	        0.0501930334	        0.9749042674	       -0.0071370953	        0.0000001354	        0.0000000672	        0.0000003337	        0.0002853812	        0.0057064115	        0.0000004173	        0.0000456460	        0.0004767924	        1.0000000000	        0.0017113382	        0.0012068924	        0.0003072835	        1.0000000000	        1.0000000000	        0.0000000000	        0.5506947134	        0.0000000000
        0.0066871908	        0.0704536354	        0.9655544178	       -0.0099461397	        0.0000004225	        0.0000001842	        0.0000008725	        0.0005119512	        0.0053221295	        0.0000012573	        0.0000835652	        0.0004355436	        1.0000000000	        0.0016331738	        0.0011283231	        0.0008248246	        1.0000000000	        1.0000000000	        0.0000000000	        0.5444769148	        0.0000000000
        0.0088162262	        0.0927485581	        0.9557182175	       -0.0130679342	        0.0000010717	        0.0000004287	        0.0000019316	        0.0008276828	        0.0049800020	        0.0000030854	        0.0001362027	        0.0004097351	        1.0000000000	        0.0015535646	        0.0010484891	        0.0018170547	        1.0000000000	        1.0000000000	        0.0000000000	        0.5379863910	        0.0000000000
        0.0111662954	        0.1172361386	        0.9454065696	       -0.0164963556	        0.0000023576	        0.0000009219	        0.0000039375	        0.0012490763	        0.0046914788	        0.0000065880	        0.0002064589	        0.0003955097	        1.0000000000	        0.0014727831	        0.0009676956	        0.0035052952	        1.0000000000	        1.0000000000	        0.0000000000	        0.5312377365	        0.0000000000
        0.0137597373	        0.1440555631	        0.9346373979	       -0.0202975526	        0.0000046578	        0.0000019142	        0.0000077201	        0.0017933881	        0.0044688244	        0.0000127029	        0.0002978475	        0.0003908686	        1.0000000000	        0.0013907434	        0.0008864587	        0.0061313188	        1.0000000000	        1.0000000000	        0.0000000000	        0.5242501462	        0.0000000000
        0.0166210148	        0.1733098355	        0.9234412191	       -0.0244610106	        0.0000084347	        0.0000039100	        0.0000148166	        0.0024770500	        0.0043242313	        0.0000226281	        0.0004143928	        0.0003945810	        1.0000000000	        0.0013066926	        0.0008063680	        0.0099310924	        1.0000000000	        1.0000000000	        0.0000000000	        0.5170507407	        0.0000000000
        0.0197768871	        0.2050490173	        0.9118712768	       -0.0290145617	        0.0000141812	        0.0000078679	        0.0000278108	        0.0033131895	        0.0042682686	        0.0000377974	        0.0005601871	        0.0004055739	        1.0000000000	        0.0012188711	        0.0007266984	        0.0151056651	        1.0000000000	        1.0000000000	        0.0000000000	        0.5096805611	        0.0000000000
        0.0232565889	        0.2392597842	        0.9000222506	       -0.0339174464	        0.0000223411	        0.0000154821	        0.0000504832	        0.0043085696	        0.0043077434	        0.0000598211	        0.0007382651	        0.0004224134	        1.0000000000	        0.0011243928	        0.0006487478	        0.0217969021	        1.0000000000	        1.0000000000	        0.0000000000	        0.5022055384	        0.0000000000
        0.0270920169	        0.2758662653	        0.8880547230	       -0.0390895321	        0.0000332418	        0.0000295378	        0.0000873548	        0.0054607905	        0.0044434186	        0.0000904000	        0.0009484890	        0.0004424295	        1.0000000000	        0.0010197910	        0.0005724187	        0.0301002107	        1.0000000000	        1.0000000000	        0.0000000000	        0.4947303086	        0.0000000000
        0.0313179184	        0.3147416108	        0.8762174404	       -0.0443603822	        0.0000470814	        0.0000543216	        0.0001421836	        0.0067567771	        0.0046683037	        0.0001312364	        0.0011847063	        0.0004611312	        1.0000000000	        0.0009025665	        0.0004996141	        0.0401244982	        1.0000000000	        1.0000000000	        0.0000000000	        0.4874097707	        0.0000000000
        0.0359720830	        0.3555914649	        0.8648460061	       -0.0494511050	        0.0000665036	        0.0000959960	        0.0002154406	        0.0081692667	        0.0049672680	        0.0001838049	        0.0014329048	        0.0004729436	        1.0000000000	        0.0007738851	        0.0004313882	        0.0520299188	        1.0000000000	        1.0000000000	        0.0000000000	        0.4804456775	        0.0000000000
        0.0410955314	        0.3975796347	        0.8543058064	       -0.0540577740	        0.0000993297	        0.0001624145	        0.0003017645	        0.0096391014	        0.0053072284	        0.0002485922	        0.0016734775	        0.0004732136	        1.0000000000	        0.0006406862	        0.0003688957	        0.0659681838	        1.0000000000	        1.0000000000	        0.0000000000	        0.4740501787	        0.0000000000
        0.0467326989	        0.4398294380	        0.8448815003	       -0.0579204027	        0.0001408983	        0.0002620226	        0.0003904870	        0.0110742704	        0.0056239014	        0.0003252413	        0.0018885818	        0.0004606069	        1.0000000000	        0.0005138896	        0.0003130155	        0.0819816340	        1.0000000000	        1.0000000000	        0.0000000000	        0.4683800563	        0.0000000000
        0.0529316067	        0.4817980412	        0.8366915131	       -0.0609430176	        0.0001920824	        0.0004033212	        0.0004717161	        0.0123987905	        0.0058684643	        0.0004132474	        0.0020692424	        0.0004377005	        1.0000000000	        0.0004033032	        0.0002640149	        0.1000178761	        1.0000000000	        1.0000000000	        0.0000000000	        0.4634894328	        0.0000000000
        0.0597440162	        0.5230316915	        0.8296846566	       -0.0631689170	        0.0002538515	        0.0005935300	        0.0005401734	        0.0135521018	        0.0060090026	        0.0005116263	        0.0022162073	        0.0004090788	        1.0000000000	        0.0003138286	        0.0002229326	        0.1198285631	        1.0000000000	        1.0000000000	        0.0000000000	        0.4593324330	        0.0000000000
        0.0672255573	        0.5631760683	        0.8237000177	       -0.0647058226	        0.0003272418	        0.0008375321	        0.0005957245	        0.0144946236	        0.0060318989	        0.0006190036	        0.0023358591	        0.0003789879	        1.0000000000	        0.0002452709	        0.0001893252	        0.1409867657	        1.0000000000	        1.0000000000	        0.0000000000	        0.4558016335	        0.0000000000
        0.0754358219	        0.6019753444	        0.8185379054	       -0.0657114651	        0.0004133095	        0.0011373155	        0.0006412720	        0.0152083036	        0.0059396343	        0.0007337221	        0.0024358208	        0.0003502189	        1.0000000000	        0.0001944300	        0.0001621974	        0.1629670406	        1.0000000000	        1.0000000000	        0.0000000000	        0.4527706793	        0.0000000000
        0.0844384110	        0.6392634341	        0.8140069319	       -0.0663127430	        0.0005130784	        0.0014919680	        0.0006804870	        0.0156935518	        0.0057463357	        0.0008539468	        0.0025226369	        0.0003241520	        1.0000000000	        0.0001572760	        0.0001406933	        0.1852338219	        1.0000000000	        1.0000000000	        0.0000000000	        0.4501213991	        0.0000000000
        0.0943009237	        0.6749505649	        0.8099441056	       -0.0666175676	        0.0006274850	        0.0018980520	        0.0007165414	        0.0159643671	        0.0054726863	        0.0009777538	        0.0026012059	        0.0003012300	        1.0000000000	        0.0001301773	        0.0001242244	        0.2073031706	        1.0000000000	        1.0000000000	        0.0000000000	        0.4477546524	        0.0000000000
        0.1050948725	        0.7090079064	        0.8062180658	       -0.0666689198	        0.0007573229	        0.0023501272	        0.0007517214	        0.0160431939	        0.0051414541	        0.0011031981	        0.0026749929	        0.0002813970	        1.0000000000	        0.0001102980	        0.0001116410	        0.2287716777	        1.0000000000	        1.0000000000	        0.0000000000	        0.4455914027	        0.0000000000
        0.1168955085	        0.7414523309	        0.8027251232	       -0.0665296642	        0.0009031883	        0.0028412497	        0.0007874612	        0.0159564812	        0.0047742712	        0.0012283598	        0.0027464194	        0.0002643808	        1.0000000000	        0.0000955700	        0.0001017475	        0.2493211369	        1.0000000000	        1.0000000000	        0.0000000000	        0.4435698214	        0.0000000000
        0.1297815392	        0.7723326267	        0.7993835000	       -0.0662271452	        0.0010654302	        0.0033633626	        0.0008245083	        0.0157313602	        0.0043897514	        0.0013513753	        0.0028172000	        0.0002498451	        1.0000000000	        0.0000845324	        0.0000942462	        0.2687098732	        1.0000000000	        1.0000000000	        0.0000000000	        0.4416415496	        0.0000000000
        0.1438347190	        0.8017178130	        0.7961279293	       -0.0657715656	        0.0012441067	        0.0039075698	        0.0008631129	        0.0153934660	        0.0040027142	        0.0014704597	        0.0028885852	        0.0002374598	        1.0000000000	        0.0000761663	        0.0000885858	        0.2867588418	        1.0000000000	        1.0000000000	        0.0000000000	        0.4397683163	        0.0000000000
        0.1591392914	        0.8296877090	        0.7929051725	       -0.0651708043	        0.0014389533	        0.0044643202	        0.0009031509	        0.0149657214	        0.0036241666	        0.0015839246	        0.0029615210	        0.0002269297	        1.0000000000	        0.0000697601	        0.0000842905	        0.3033373158	        1.0000000000	        1.0000000000	        0.0000000000	        0.4379191885	        0.0000000000
        0.1757812632	        0.8563255940	        0.7896708501	       -0.0644266092	        0.0016493662	        0.0050235468	        0.0009442301	        0.0144678307	        0.0032617174	        0.0016901970	        0.0030367527	        0.0002180015	        1.0000000000	        0.0000648141	        0.0000811424	        0.3183502923	        1.0000000000	        1.0000000000	        0.0000000000	        0.4360686433	        0.0000000000
        0.1938474899	        0.8817126327	        0.7863868388	       -0.0635286660	        0.0018744087	        0.0055748031	        0.0009857899	        0.0139162491	        0.0029201805	        0.0017878419	        0.0031148910	        0.0002104626	        1.0000000000	        0.0000609757	        0.0000788355	        0.3317283457	        1.0000000000	        1.0000000000	        0.0000000000	        0.4341950097	        0.0000000000
        0.2134245548	        0.9059236842	        0.7830194770	       -0.0624784240	        0.0021128455	        0.0061074301	        0.0010271508	        0.0133244367	        0.0026022070	        0.0018755905	        0.0031964538	        0.0002041366	        1.0000000000	        0.0000579933	        0.0000771113	        0.3434200199	        1.0000000000	        1.0000000000	        0.0000000000	        0.4322794029	        0.0000000000
        0.2345974273	        0.9290241273	        0.7795381863	       -0.0612709447	        0.0023632155	        0.0066107786	        0.0010675692	        0.0127032668	        0.0023088627	        0.0019523754	        0.0032818923	        0.0001988775	        1.0000000000	        0.0000556859	        0.0000759990	        0.3533864446	        1.0000000000	        1.0000000000	        0.0000000000	        0.4303049168	        0.0000000000
        0.2574478906	        0.9510673865	        0.7759144736	       -0.0598866593	        0.0026239507	        0.0070745021	        0.0011062879	        0.0120615023	        0.0020401145	        0.0020173726	        0.0033716072	        0.0001945653	        1.0000000000	        0.0000539230	        0.0000754515	        0.3615979314	        1.0000000000	        1.0000000000	        0.0000000000	        0.4282560493	        0.0000000000
        0.2820527391	        0.9720929163	        0.7721211197	       -0.0583097261	        0.0028935491	        0.0074889280	        0.0011426031	        0.0114062920	        0.0017952184	        0.0020700507	        0.0034659559	        0.0001911009	        1.0000000000	        0.0000526111	        0.0000751174	        0.3680324404	        1.0000000000	        1.0000000000	        0.0000000000	        0.4261182441	        0.0000000000
        0.3084817527	        0.9921244982	        0.7681314566	       -0.0565571993	        0.0031708096	        0.0078455110	        0.0011759115	        0.0107436643	        0.0015730169	        0.0021102235	        0.0035652531	        0.0001884034	        1.0000000000	        0.0000516839	        0.0000750705	        0.3726761119	        1.0000000000	        1.0000000000	        0.0000000000	        0.4238774945	        0.0000000000
        0.3367954708	        1.0111688146	        0.7639188544	       -0.0545982575	        0.0034551255	        0.0081373653	        0.0012057024	        0.0100790045	        0.0013721619	        0.0021381041	        0.0036697610	        0.0001864061	        1.0000000000	        0.0000510926	        0.0000753149	        0.3755261532	        1.0000000000	        1.0000000000	       -0.0000000000	        0.4215200745	        0.0000000000
        0.3670428018	        1.0292144129	        0.7594566366	       -0.0524446000	        0.0037468287	        0.0083598569	        0.0012315680	        0.0094175086	        0.0011912741	        0.0021543528	        0.0037796720	        0.0001850546	        1.0000000000	        0.0000507997	        0.0000756027	        0.3765961393	        1.0000000000	        1.0000000000	       -0.0000000000	        0.4190325169	        0.0000000000
        0.3992585207	        1.0462313536	        0.7547181667	       -0.0501060276	        0.0040475498	        0.0085112233	        0.0012532313	        0.0087645965	        0.0010290527	        0.0021601068	        0.0038950815	        0.0001843047	        1.0000000000	        0.0000507740	        0.0000759921	        0.3759237076	        1.0000000000	        1.0000000000	       -0.0000000000	        0.4164016917	        0.0000000000
        0.4334607283	        1.0621720489	        0.7496774007	       -0.0475874986	        0.0043605328	        0.0085931539	        0.0012705523	        0.0081262527	        0.0008843401	        0.0021569788	        0.0040159512	        0.0001841210	        1.0000000000	        0.0000509849	        0.0000766392	        0.3735802585	        1.0000000000	        1.0000000000	       -0.0000000000	        0.4136151424	        0.0000000000
        0.4696483595	        1.0769739790	        0.7443100219	       -0.0448689235	        0.0046907907	        0.0086112223	        0.0012836164	        0.0075092380	        0.0007561452	        0.0021470032	        0.0041420663	        0.0001844765	        1.0000000000	        0.0000514011	        0.0000774780	        0.3696812459	        1.0000000000	        1.0000000000	       -0.0000000000	        0.4106617367	        0.0000000000
        0.5077988477	        1.0905650156	        0.7385946345	       -0.0419649721	        0.0050449348	        0.0085750181	        0.0012928075	        0.0069210987	        0.0006436259	        0.0021325114	        0.0042729860	        0.0001853533	        1.0000000000	        0.0000519877	        0.0000783687	        0.3643948151	        1.0000000000	        1.0000000000	       -0.0000000000	        0.4075323310	        0.0000000000
        0.5478660655	        1.1028717680	        0.7325146385	       -0.0388833919	        0.0054304554	        0.0084977936	        0.0012987403	        0.0063698977	        0.0005460346	        0.0021159298	        0.0044079945	        0.0001867430	        1.0000000000	        0.0000527009	        0.0000793301	        0.3579451467	        1.0000000000	        1.0000000000	       -0.0000000000	        0.4042207827	        0.0000000000
        0.5897786695	        1.1138305363	        0.7260611442	       -0.0356319383	        0.0058542314	        0.0083954594	        0.0013021766	        0.0058636411	        0.0004626354	        0.0020995135	        0.0045460747	        0.0001886493	        1.0000000000	        0.0000534844	        0.0000804206	        0.3506054733	        1.0000000000	        1.0000000000	       -0.0000000000	        0.4007254824	        0.0000000000
        0.6334389769	        1.1233991395	        0.7192361214	       -0.0321959791	        0.0063201531	        0.0082849004	        0.0013040786	        0.0054094712	        0.0003926178	        0.0020850673	        0.0046859424	        0.0001910920	        1.0000000000	        0.0000542773	        0.0000816103	        0.3426774174	        1.0000000000	        1.0000000000	       -0.0000000000	        0.3970509420	        0.0000000000
        0.6787224963	        1.1315666108	        0.7120537720	       -0.0285781034	        0.0068260236	        0.0081818368	        0.0013054923	        0.0050128260	        0.0003350344	        0.0020737284	        0.0048261549	        0.0001941123	        1.0000000000	        0.0000550206	        0.0000829570	        0.3344591442	        1.0000000000	        1.0000000000	       -0.0000000000	        0.3932083508	        0.0000000000
        0.7254782147	        1.1383574370	        0.7045416347	       -0.0247349476	        0.0073603532	        0.0080987031	        0.0013075642	        0.0046768382	        0.0002887903	        0.0020658855	        0.0049653068	        0.0001977781	        1.0000000000	        0.0000556736	        0.0000844566	        0.3262103079	        1.0000000000	        1.0000000000	       -0.0000000000	        0.3892159317	        0.0000000000
        0.7735297135	        1.1438283220	        0.6967366615	       -0.0206592379	        0.0079001362	        0.0080431420	        0.0013115790	        0.0044022058	        0.0002526923	        0.0020612638	        0.0051022635	        0.0002021863	        1.0000000000	        0.0000562303	        0.0000860179	        0.3181264908	        1.0000000000	        1.0000000000	       -0.0000000000	        0.3850966026	        0.0000000000
        0.8226771500	        1.1480579845	        0.6886801420	       -0.0163324447	        0.0084109307	        0.0080175662	        0.0013187235	        0.0041875889	        0.0002255424	        0.0020591388	        0.0052363411	        0.0002074604	        1.0000000000	        0.0000567170	        0.0000877145	        0.3103332075	        1.0000000000	        1.0000000000	       -0.0000000000	        0.3808751039	        0.0000000000
        0.8727000940	        1.1511328263	        0.6804125942	       -0.0117376601	        0.0088502481	        0.0080198781	        0.0013301766	        0.0040303917	        0.0002062465	        0.0020586005	        0.0053673848	        0.0002137426	        1.0000000000	        0.0000571931	        0.0000894904	        0.3028997001	        1.0000000000	        1.0000000000	       -0.0000000000	        0.3765752201	        0.0000000000
        0.9233611572	        1.1531321441	        0.6719671726	       -0.0068945324	        0.0091742835	        0.0080450965	        0.0013469665	        0.0039276819	        0.0001939092	        0.0020587877	        0.0054956841	        0.0002211816	        1.0000000000	        0.0000577335	        0.0000911541	        0.2958656198	        1.0000000000	        1.0000000000	       -0.0000000000	        0.3722163653	        0.0000000000
        0.9744103051	        1.1541157978	        0.6633693284	       -0.0018716739	        0.0093466539	        0.0080874029	        0.0013751211	        0.0038770131	        0.0001879019	        0.0020590527	        0.0056217648	        0.0002299183	        1.0000000000	        0.0000586319	        0.0000927103	        0.2892686116	        1.0000000000	        1.0000000000	       -0.0000000000	        0.3678135271	        0.0000000000
        1.0255896949	        1.1541157978	        0.6545702526	        0.0032170072	        0.0093466539	        0.0080012018	        0.0014018212	        0.0038770131	        0.0001879019	        0.0020590527	        0.0057460716	        0.0002400931	        1.0000000000	        0.0000604143	        0.0000943696	        0.2831350294	        1.0000000000	        1.0000000000	       -0.0000000000	        0.3633437307	        0.0000000000
        1.0766388428	        1.1531321441	        0.6454435560	        0.0082033633	        0.0091742835	        0.0077903091	        0.0014264613	        0.0039276819	        0.0001939092	        0.0020587877	        0.0058688077	        0.0002519012	        1.0000000000	        0.0000631404	        0.0000961276	        0.2774223004	        1.0000000000	        1.0000000000	       -0.0000000000	        0.3587459218	        0.0000000000
        1.1272999060	        1.1511328263	        0.6359308246	        0.0129550402	        0.0088502481	        0.0076014873	        0.0014617598	        0.0040303917	        0.0002062465	        0.0020586005	        0.0059876697	        0.0002654145	        1.0000000000	        0.0000663101	        0.0000979272	        0.2721200004	        1.0000000000	        1.0000000000	       -0.0000000000	        0.3539950937	        0.0000000000
        1.1773228500	        1.1480579845	        0.6260664225	        0.0174425160	        0.0084109307	        0.0074409458	        0.0015014260	        0.0041875889	        0.0002255424	        0.0020591388	        0.0060975767	        0.0002804745	        1.0000000000	        0.0000695789	        0.0000996270	        0.2673002899	        1.0000000000	        1.0000000000	       -0.0000000000	        0.3491131268	        0.0000000000
        1.2264702865	        1.1438283220	        0.6159048828	        0.0216033630	        0.0079001362	        0.0073133374	        0.0015446652	        0.0044022058	        0.0002526923	        0.0020612638	        0.0061933484	        0.0002968484	        1.0000000000	        0.0000728318	        0.0001010642	        0.2630144301	        1.0000000000	        1.0000000000	       -0.0000000000	        0.3441312526	        0.0000000000
        1.2745217853	        1.1383574370	        0.6055219930	        0.0254063393	        0.0073603532	        0.0072200775	        0.0015900369	        0.0046768382	        0.0002887903	        0.0020658855	        0.0062702532	        0.0003142421	        1.0000000000	        0.0000759394	        0.0001023385	        0.2592689092	        1.0000000000	        1.0000000000	       -0.0000000000	        0.3390900446	        0.0000000000
        1.3212775037	        1.1315666108	        0.5950121795	        0.0288663502	        0.0068260236	        0.0071582359	        0.0016357016	        0.0050128260	        0.0003350344	        0.0020737284	        0.0063246653	        0.0003323372	        1.0000000000	        0.0000787953	        0.0001035746	        0.2560079537	        1.0000000000	        1.0000000000	       -0.0000000000	        0.3340375958	        0.0000000000
        1.3665610231	        1.1233991395	        0.5844779582	        0.0320242204	        0.0063201531	        0.0071203184	        0.0016797361	        0.0054094712	        0.0003926178	        0.0020850673	        0.0063545913	        0.0003508398	        1.0000000000	        0.0000813474	        0.0001049095	        0.2531102509	        1.0000000000	        1.0000000000	       -0.0000000000	        0.3290240277	        0.0000000000
        1.4102213305	        1.1138305363	        0.5740188252	        0.0349470361	        0.0058542314	        0.0070950349	        0.0017202773	        0.0058636411	        0.0004626354	        0.0020995135	        0.0063598566	        0.0003695267	        1.0000000000	        0.0000836076	        0.0001062946	        0.2504026026	        1.0000000000	        1.0000000000	       -0.0000000000	        0.3240960777	        0.0000000000
        1.4521339345	        1.1028717680	        0.5637207914	        0.0376566776	        0.0054304554	        0.0070688459	        0.0017556617	        0.0063698977	        0.0005460346	        0.0021159298	        0.0063419254	        0.0003882753	        1.0000000000	        0.0000856435	        0.0001076169	        0.2476858207	        1.0000000000	        1.0000000000	       -0.0000000000	        0.3192923489	        0.0000000000
        1.4922011523	        1.0905650156	        0.5536508336	        0.0401728217	        0.0050449348	        0.0070278498	        0.0017843656	        0.0069210987	        0.0006436259	        0.0021325114	        0.0063034689	        0.0004070743	        1.0000000000	        0.0000875515	        0.0001088785	        0.2447637147	        1.0000000000	        1.0000000000	       -0.0000000000	        0.3146411425	        0.0000000000
        1.5303516405	        1.0769739790	        0.5438564301	        0.0424955259	        0.0046907907	        0.0069595160	        0.0018052143	        0.0075092380	        0.0007561452	        0.0021470032	        0.0062478853	        0.0004260187	        1.0000000000	        0.0000894441	        0.0001102584	        0.2414659466	        1.0000000000	        1.0000000000	       -0.0000000000	        0.3101607585	        0.0000000000
        1.5665392717	        1.0621720489	        0.5343654875	        0.0446606569	        0.0043605328	        0.0068539259	        0.0018175764	        0.0081262527	        0.0008843401	        0.0021569788	        0.0061788723	        0.0004452977	        1.0000000000	        0.0000914440	        0.0001119626	        0.2376607948	        1.0000000000	        1.0000000000	       -0.0000000000	        0.3058599629	        0.0000000000
        1.6007414793	        1.0462313536	        0.5251889096	        0.0466842129	        0.0040475498	        0.0067044145	        0.0018212818	        0.0087645965	        0.0010290527	        0.0021601068	        0.0061000907	        0.0004651772	        1.0000000000	        0.0000936738	        0.0001139048	        0.2332584838	        1.0000000000	        1.0000000000	       -0.0000000000	        0.3017396028	        0.0000000000
        1.6329571982	        1.0292144129	        0.5163236001	        0.0485572089	        0.0037468287	        0.0065076787	        0.0018165014	        0.0094175086	        0.0011912741	        0.0021543528	        0.0060149481	        0.0004859853	        1.0000000000	        0.0000962524	        0.0001157679	        0.2282077456	        1.0000000000	        1.0000000000	       -0.0000000000	        0.2977943084	        0.0000000000
        1.6632045292	        1.0111688146	        0.5077559804	        0.0502187990	        0.0034551255	        0.0062635121	        0.0018035809	        0.0100790045	        0.0013721619	        0.0021381041	        0.0059264949	        0.0005081032	        1.0000000000	        0.0000992932	        0.0001180232	        0.2224889284	        1.0000000000	        1.0000000000	       -0.0000000000	        0.2940143161	        0.0000000000
        1.6915182473	        0.9921244982	        0.4994649869	        0.0517373010	        0.0031708096	        0.0059743279	        0.0017830564	        0.0107436643	        0.0015730169	        0.0021102235	        0.0058374119	        0.0005319649	        1.0000000000	        0.0001029148	        0.0001208865	        0.2161061805	        1.0000000000	        1.0000000000	       -0.0000000000	        0.2903869556	        0.0000000000
        1.7179472609	        0.9720929163	        0.4914233384	        0.0530709088	        0.0028935491	        0.0056446036	        0.0017557602	        0.0114062920	        0.0017952184	        0.0020700507	        0.0057500425	        0.0005580630	        1.0000000000	        0.0001072590	        0.0001241515	        0.2090805803	        1.0000000000	        1.0000000000	       -0.0000000000	        0.2868973063	        0.0000000000
        1.7425521094	        0.9510673865	        0.4835976520	        0.0542362959	        0.0026239507	        0.0052803330	        0.0017227642	        0.0120615023	        0.0020401145	        0.0020173726	        0.0056664291	        0.0005869579	        1.0000000000	        0.0001125036	        0.0001284165	        0.2014451430	        1.0000000000	        1.0000000000	       -0.0000000000	        0.2835283233	        0.0000000000
        1.7654025727	        0.9290241273	        0.4759485601	        0.0552597088	        0.0023632155	        0.0048885257	        0.0016852859	        0.0127032668	        0.0023088627	        0.0019523754	        0.0055883420	        0.0006192897	        1.0000000000	        0.0001188770	        0.0001342701	        0.1932415258	        1.0000000000	        1.0000000000	       -0.0000000000	        0.2802609542	        0.0000000000
        1.7865754452	        0.9059236842	        0.4684300626	        0.0562003163	        0.0021128455	        0.0044767728	        0.0016446567	        0.0133244367	        0.0026022070	        0.0018755905	        0.0055173009	        0.0006557918	        1.0000000000	        0.0001266812	        0.0001419005	        0.1845179886	        1.0000000000	        1.0000000000	       -0.0000000000	        0.2770739272	        0.0000000000
        1.8061525101	        0.8817126327	        0.4609882823	        0.0570570179	        0.0018744087	        0.0040528847	        0.0016022187	        0.0139162491	        0.0029201805	        0.0017878419	        0.0054545777	        0.0006973067	        1.0000000000	        0.0001363200	        0.0001517028	        0.1753282985	        1.0000000000	        1.0000000000	       -0.0000000000	        0.2739433036	        0.0000000000
        1.8242187368	        0.8563255940	        0.4535599579	        0.0578783060	        0.0016493662	        0.0036245989	        0.0015591806	        0.0144678307	        0.0032617174	        0.0016901970	        0.0054011736	        0.0007447992	        1.0000000000	        0.0001483332	        0.0001647249	        0.1657311921	        1.0000000000	        1.0000000000	       -0.0000000000	        0.2708419475	        0.0000000000
        1.8408607086	        0.8296877090	        0.4460704519	        0.0587055228	        0.0014389533	        0.0031993544	        0.0015165031	        0.0149657214	        0.0036241666	        0.0015839246	        0.0053577654	        0.0007993670	        1.0000000000	        0.0001634493	        0.0001815705	        0.1557901096	        1.0000000000	        1.0000000000	       -0.0000000000	        0.2677388347	        0.0000000000
        1.8561652810	        0.8017178130	        0.4384308936	        0.0595556329	        0.0012441067	        0.0027841265	        0.0014748126	        0.0153934660	        0.0040027142	        0.0014704597	        0.0053246011	        0.0008622389	        1.0000000000	        0.0001826627	        0.0002028764	        0.1455731445	        1.0000000000	        1.0000000000	       -0.0000000000	        0.2645980634	        0.0000000000
        1.8702184608	        0.7723326267	        0.4305340698	        0.0604247975	        0.0010654302	        0.0023853120	        0.0014342565	        0.0157313602	        0.0043897514	        0.0013513753	        0.0053013074	        0.0009347449	        1.0000000000	        0.0002073403	        0.0002300904	        0.1351532925	        1.0000000000	        1.0000000000	       -0.0000000000	        0.2613774426	        0.0000000000
        1.8831044915	        0.7414523309	        0.4222493640	        0.0613311323	        0.0009031883	        0.0020086514	        0.0013942993	        0.0159564812	        0.0047742712	        0.0012283598	        0.0052865574	        0.0010182295	        1.0000000000	        0.0002393610	        0.0002653772	        0.1246090082	        1.0000000000	        1.0000000000	        0.0000000000	        0.2580268323	        0.0000000000
        1.8949051275	        0.7090079064	        0.4134164807	        0.0622853092	        0.0007573229	        0.0016591675	        0.0013535365	        0.0160431939	        0.0051414541	        0.0011031981	        0.0052775285	        0.0011138575	        1.0000000000	        0.0002813078	        0.0003116985	        0.1140249678	        1.0000000000	        1.0000000000	        0.0000000000	        0.2544861925	        0.0000000000
        1.9056990763	        0.6749505649	        0.4038378212	        0.0633202006	        0.0006274850	        0.0013410973	        0.0013094821	        0.0159643671	        0.0054726863	        0.0009777538	        0.0052690491	        0.0012222255	        1.0000000000	        0.0003366986	        0.0003696469	        0.1034928494	        1.0000000000	        1.0000000000	        0.0000000000	        0.2506833811	        0.0000000000
        1.9155615890	        0.6392634341	        0.3932708758	        0.0642566967	        0.0005130784	        0.0010577944	        0.0012582480	        0.0156935518	        0.0057463357	        0.0008539468	        0.0052523417	        0.0013426519	        1.0000000000	        0.0004101729	        0.0004399636	        0.0931115954	        1.0000000000	        1.0000000000	        0.0000000000	        0.2465323728	        0.0000000000
        1.9245641781	        0.6019753444	        0.3814253436	        0.0649480084	        0.0004133095	        0.0008115841	        0.0011944539	        0.0152083036	        0.0059396343	        0.0007337221	        0.0052134284	        0.0014720157	        1.0000000000	        0.0005075021	        0.0005292290	        0.0829860239	        1.0000000000	        1.0000000000	        0.0000000000	        0.2419338646	        0.0000000000
        1.9327744427	        0.5631760683	        0.3679699400	        0.0653398684	        0.0003272418	        0.0006035798	        0.0011117799	        0.0144946236	        0.0060318989	        0.0006190036	        0.0051316905	        0.0016031443	        1.0000000000	        0.0006351643	        0.0006359564	        0.0732225590	        1.0000000000	        1.0000000000	        0.0000000000	        0.2367801780	        0.0000000000
        1.9402559838	        0.5230316915	        0.3525592237	        0.0649840057	        0.0002538515	        0.0004334965	        0.0010043128	        0.0135521018	        0.0060090026	        0.0005116263	        0.0049799545	        0.0017232015	        1.0000000000	        0.0007988871	        0.0007565661	        0.0639213952	        1.0000000000	        1.0000000000	        0.0000000000	        0.2309680965	        0.0000000000
        1.9470683933	        0.4817980412	        0.3348985857	        0.0635879161	        0.0001920824	        0.0002995339	        0.0008693957	        0.0123987905	        0.0058684643	        0.0004132474	        0.0047287375	        0.0018135145	        1.0000000000	        0.0010008606	        0.0008972909	        0.0551654833	        1.0000000000	        1.0000000000	        0.0000000000	        0.2244253396	        0.0000000000
        1.9532673011	        0.4398294380	        0.3148458602	        0.0610814042	        0.0001408983	        0.0001984157	        0.0007113894	        0.0110742704	        0.0056239014	        0.0003252413	        0.0043571046	        0.0018531828	        1.0000000000	        0.0012363271	        0.0010493025	        0.0470100702	        1.0000000000	        1.0000000000	        0.0000000000	        0.2171475475	        0.0000000000
        1.9589044686	        0.3975796347	        0.2925217207	        0.0571773805	        0.0000993297	        0.0001256452	        0.0005434958	        0.0096391014	        0.0053072284	        0.0002485922	        0.0038678010	        0.0018275076	        1.0000000000	        0.0014915997	        0.0012115183	        0.0394799679	        1.0000000000	        1.0000000000	        0.0000000000	        0.2092324180	        0.0000000000
        1.9640279170	        0.3555914649	        0.2683659281	        0.0523537538	        0.0000665036	        0.0000759633	        0.0003847647	        0.0081692667	        0.0049672680	        0.0001838049	        0.0032959204	        0.0017372704	        1.0000000000	        0.0017466006	        0.0013761698	        0.0325802513	        1.0000000000	        1.0000000000	        0.0000000000	        0.2008871277	        0.0000000000
        1.9686820816	        0.3147416108	        0.2430688068	        0.0466890757	        0.0000470814	        0.0000440121	        0.0002529911	        0.0067567771	        0.0046683037	        0.0001312364	        0.0026995294	        0.0016006705	        1.0000000000	        0.0019821437	        0.0015326572	        0.0263396203	        1.0000000000	        1.0000000000	       -0.0000000000	        0.1923885788	        0.0000000000
        1.9729079831	        0.2758662653	        0.2173968158	        0.0407955978	        0.0000332418	        0.0000245281	        0.0001555946	        0.0054607905	        0.0044434186	        0.0000904000	        0.0021355774	        0.0014446218	        1.0000000000	        0.0021874217	        0.0016954594	        0.0207559439	        1.0000000000	        1.0000000000	       -0.0000000000	        0.1840126389	        0.0000000000
        1.9767434111	        0.2392597842	        0.1920081872	        0.0352052821	        0.0000223411	        0.0000131902	        0.0000903364	        0.0043085696	        0.0043077434	        0.0000598211	        0.0016409943	        0.0012935781	        1.0000000000	        0.0023616435	        0.0018569966	        0.0158210225	        1.0000000000	        1.0000000000	       -0.0000000000	        0.1759717990	        0.0000000000
        1.9802231129	        0.2050490173	        0.1673731862	        0.0301063173	        0.0000141812	        0.0000068819	        0.0000500915	        0.0033131895	        0.0042682686	        0.0000377974	        0.0012296238	        0.0011635995	        1.0000000000	        0.0025098981	        0.0019998976	        0.0115570090	        1.0000000000	        1.0000000000	       -0.0000000000	        0.1683969157	        0.0000000000
        1.9833789852	        0.1733098355	        0.1437838727	        0.0254063090	        0.0000084347	        0.0000035109	        0.0000268663	        0.0024770500	        0.0043242313	        0.0000226281	        0.0008992401	        0.0010620033	        1.0000000000	        0.0026387343	        0.0021169375	        0.0080070183	        1.0000000000	        1.0000000000	       -0.0000000000	        0.1613503231	        0.0000000000
        1.9862402627	        0.1440555631	        0.1213992938	        0.0210152042	        0.0000046578	        0.0000017622	        0.0000140729	        0.0017933881	        0.0044688244	        0.0000127029	        0.0006399539	        0.0009908524	        1.0000000000	        0.0027537115	        0.0022271213	        0.0051967341	        1.0000000000	        1.0000000000	       -0.0000000000	        0.1548480113	        0.0000000000
        1.9888337046	        0.1172361386	        0.1002918547	        0.0170893636	        0.0000023576	        0.0000008681	        0.0000071968	        0.0012490763	        0.0046914788	        0.0000065880	        0.0004399527	        0.0009504536	        1.0000000000	        0.0028586677	        0.0023466491	        0.0031083018	        1.0000000000	        1.0000000000	       -0.0000000000	        0.1488789434	        0.0000000000
        1.9911837738	        0.0927485581	        0.0804814856	        0.0136863775	        0.0000010717	        0.0000004116	        0.0000035281	        0.0008276828	        0.0049800020	        0.0000030854	        0.0002883211	        0.0009412236	        1.0000000000	        0.0029559001	        0.0024492498	        0.0016744386	        1.0000000000	        1.0000000000	       -0.0000000000	        0.1434180892	        0.0000000000
        1.9933128092	        0.0704536354	        0.0619574159	        0.0105187239	        0.0000004225	        0.0000001796	        0.0000015864	        0.0005119512	        0.0053221295	        0.0000012573	        0.0001759807	        0.0009653426	        1.0000000000	        0.0030465940	        0.0025240687	        0.0007837031	        1.0000000000	        1.0000000000	       -0.0000000000	        0.1384341575	        0.0000000000
        1.9952411902	        0.0501930334	        0.0446909865	        0.0075479024	        0.0000001354	        0.0000000663	        0.0000006018	        0.0002853812	        0.0057064115	        0.0000004173	        0.0000957483	        0.0010291684	        1.0000000000	        0.0031312966	        0.0025927557	        0.0002986146	        1.0000000000	        1.0000000000	       -0.0000000000	        0.1338938196	        0.0000000000
        1.9969874916	        0.0318028097	        0.0286421358	        0.0047889434	        0.0000000309	        0.0000000174	        0.0000001621	        0.0001330130	        0.0061225820	        0.0000000985	        0.0000421145	        0.0011486915	        1.0000000000	        0.0032103070	        0.0026562219	        0.0000803395	        1.0000000000	        1.0000000000	       -0.0000000000	        0.1297636859	        0.0000000000
        1.9985686299	        0.0151224499	        0.0137629424	        0.0022098556	        0.0000000035	        0.0000000019	        0.0000000186	        0.0000416842	        0.0065616201	        0.0000000115	        0.0000110416	        0.0013676634	        1.0000000000	        0.0032838615	        0.0027107024	        0.0000099036	        1.0000000000	        1.0000000000	       -0.0000000000	        0.1260112448	        0.0000000000
        2.0000000000	        0.0000000000	        0.0000000000	       -0.0002102019	        0.0000000000	        0.0000000000	        0.0000000000	        0.0000000000	        0.0070156685	        0.0000000000	        0.0000000000	        0.0018583610	        1.0000000000	        0.0033497561	        0.0027654578	        0.0000000000	        1.0000000000	        1.0000000000	       -0.0000000000	        0.1226053640	        0.0000000000
