        0.0000000000	        0.0000000000	        1.0000000000	        0.0005644933	        0.0000000000	        0.0000000000	        0.0000000000	        0.0000000000	        0.0070156685	        0.0000000000	        0.0000000000	        0.0023733467	        1.0000000000	        0.0017734685	        0.0006716170	        0.0000000000	       10.0000000000	       10.0000000000	       -0.0000000000	        0.5676174259	        0.0000000000
        0.0014313701	        0.0151224499	        0.9928748602	       -0.0038319149	        0.0000000035	        0.0000000020	        0.0000000094	        0.0000416842	        0.0065616201	        0.0000000115	        0.0000141014	        0.0017315665	        1.0000000000	        0.0016623146	        0.0006394331	        0.0000099899	       10.0000000000	       10.0000000000	       -0.0000000000	        0.5627780204	        0.0000000000
        0.0030125084	        0.0318028097	        0.9855011424	       -0.0083571710	        0.0000000309	        0.0000000176	        0.0000000796	        0.0001330130	        0.0061225820	        0.0000000985	        0.0000535793	        0.0014276495	        1.0000000000	        0.0015581484	        0.0005938320	        0.0000822386	       10.0000000000	       10.0000000000	       -0.0000000000	        0.5577988249	        0.0000000000
        0.0047588098	        0.0501930334	        0.9778636849	       -0.0131221231	        0.0000001354	        0.0000000679	        0.0000002884	        0.0002853812	        0.0057064115	        0.0000004173	        0.0001212119	        0.0012401680	        1.0000000000	        0.0014637460	        0.0005277530	        0.0003137120	       10.0000000000	       10.0000000000	       -0.0000000000	        0.5526725900	        0.0000000000
        0.0066871908	        0.0704536354	        0.9699276866	       -0.0183156240	        0.0000004225	        0.0000001877	        0.0000007516	        0.0005119512	        0.0053221295	        0.0000012573	        0.0002213180	        0.0011111793	        1.0000000000	        0.0013808658	        0.0004448342	        0.0008562498	       10.0000000000	       10.0000000000	       -0.0000000000	        0.5473793492	        0.0000000000
        0.0088162262	        0.0927485581	        0.9616416750	       -0.0241183503	        0.0000010717	        0.0000004420	        0.0000016785	        0.0008276828	        0.0049800020	        0.0000030854	        0.0003595082	        0.0010177377	        1.0000000000	        0.0013095504	        0.0003691584	        0.0019308943	       10.0000000000	       10.0000000000	       -0.0000000000	        0.5418888328	        0.0000000000
        0.0111662954	        0.1172361386	        0.9529444066	       -0.0305113673	        0.0000023576	        0.0000009650	        0.0000034960	        0.0012490763	        0.0046914788	        0.0000065880	        0.0005426796	        0.0009487504	        1.0000000000	        0.0012492229	        0.0003113343	        0.0038409589	       10.0000000000	       10.0000000000	       -0.0000000000	        0.5361654317	        0.0000000000
        0.0137597373	        0.1440555631	        0.9437608059	       -0.0375429062	        0.0000046578	        0.0000020422	        0.0000070964	        0.0017933881	        0.0044688244	        0.0000127029	        0.0007790096	        0.0008981427	        1.0000000000	        0.0011982474	        0.0002638895	        0.0069789198	       10.0000000000	       10.0000000000	       -0.0000000000	        0.5301658858	        0.0000000000
        0.0166210148	        0.1733098355	        0.9340193314	       -0.0452685818	        0.0000084347	        0.0000042656	        0.0000142699	        0.0024770500	        0.0043242313	        0.0000226281	        0.0010777059	        0.0008622074	        1.0000000000	        0.0011535562	        0.0002264055	        0.0118197836	       10.0000000000	       10.0000000000	       -0.0000000000	        0.5238509829	        0.0000000000
        0.0197768871	        0.2050490173	        0.9236627353	       -0.0536963797	        0.0000141812	        0.0000087982	        0.0000283309	        0.0033131895	        0.0042682686	        0.0000377974	        0.0014480544	        0.0008383983	        1.0000000000	        0.0011103741	        0.0001976371	        0.0188890988	       10.0000000000	       10.0000000000	       -0.0000000000	        0.5171925377	        0.0000000000
        0.0232565889	        0.2392597842	        0.9126849880	       -0.0628055934	        0.0000223411	        0.0000177631	        0.0000546894	        0.0043085696	        0.0043077434	        0.0000598211	        0.0018969748	        0.0008245344	        1.0000000000	        0.0010616604	        0.0001759073	        0.0286928007	       10.0000000000	       10.0000000000	       -0.0000000000	        0.5101965994	        0.0000000000
        0.0270920169	        0.2758662653	        0.9011749612	       -0.0724581384	        0.0000332418	        0.0000347434	        0.0001006387	        0.0054607905	        0.0044434186	        0.0000904000	        0.0024242136	        0.0008173243	        1.0000000000	        0.0009988384	        0.0001605894	        0.0416445198	       10.0000000000	       10.0000000000	        0.0000000000	        0.5029295013	        0.0000000000
        0.0313179184	        0.3147416108	        0.8893692706	       -0.0823726991	        0.0000470814	        0.0000653366	        0.0001732073	        0.0067567771	        0.0046683037	        0.0001312364	        0.0030155065	        0.0008113453	        1.0000000000	        0.0009141382	        0.0001494694	        0.0580467525	       10.0000000000	       10.0000000000	        0.0000000000	        0.4955477579	        0.0000000000
        0.0359720830	        0.3555914649	        0.8776686878	       -0.0921209349	        0.0000665036	        0.0001176048	        0.0002747327	        0.0081692667	        0.0049672680	        0.0001838049	        0.0036378382	        0.0008000022	        1.0000000000	        0.0008055403	        0.0001412593	        0.0780903442	       10.0000000000	       10.0000000000	        0.0000000000	        0.4883033558	        0.0000000000
        0.0410955314	        0.3975796347	        0.8665613557	       -0.1011810244	        0.0000993297	        0.0002017286	        0.0003982367	        0.0096391014	        0.0053072284	        0.0002485922	        0.0042448816	        0.0007780682	        1.0000000000	        0.0006807316	        0.0001355208	        0.1017700009	       10.0000000000	       10.0000000000	        0.0000000000	        0.4814919150	        0.0000000000
        0.0467326989	        0.4398294380	        0.8564563217	       -0.1091103183	        0.0001408983	        0.0003283887	        0.0005281215	        0.0110742704	        0.0056239014	        0.0003252413	        0.0047948025	        0.0007445032	        1.0000000000	        0.0005545589	        0.0001316995	        0.1287701861	       10.0000000000	       10.0000000000	        0.0000000000	        0.4753504138	        0.0000000000
        0.0529316067	        0.4817980412	        0.8475530646	       -0.1156751284	        0.0001920824	        0.0005078268	        0.0006495641	        0.0123987905	        0.0058684643	        0.0004132474	        0.0052662620	        0.0007026497	        1.0000000000	        0.0004410708	        0.0001287493	        0.1585648321	       10.0000000000	       10.0000000000	        0.0000000000	        0.4699827815	        0.0000000000
        0.0597440162	        0.5230316915	        0.8398363594	       -0.1208788847	        0.0002538515	        0.0007480919	        0.0007544737	        0.0135521018	        0.0060090026	        0.0005116263	        0.0056594320	        0.0006575742	        1.0000000000	        0.0003477692	        0.0001260691	        0.1903640693	       10.0000000000	       10.0000000000	        0.0000000000	        0.4653633202	        0.0000000000
        0.0672255573	        0.5631760683	        0.8331565393	       -0.1248527970	        0.0003272418	        0.0010538637	        0.0008419540	        0.0144946236	        0.0060318989	        0.0006190036	        0.0059867350	        0.0006134833	        1.0000000000	        0.0002754900	        0.0001241636	        0.2232257903	       10.0000000000	       10.0000000000	        0.0000000000	        0.4613890969	        0.0000000000
        0.0754358219	        0.6019753444	        0.8273162471	       -0.1277561736	        0.0004133095	        0.0014260325	        0.0009152040	        0.0152083036	        0.0059396343	        0.0007337221	        0.0062637069	        0.0005728339	        1.0000000000	        0.0002213046	        0.0001224348	        0.2562103659	       10.0000000000	       10.0000000000	        0.0000000000	        0.4579329538	        0.0000000000
        0.0844384110	        0.6392634341	        0.8221236511	       -0.1297818369	        0.0005130784	        0.0018619567	        0.0009785542	        0.0156935518	        0.0057463357	        0.0008539468	        0.0065042682	        0.0005366266	        1.0000000000	        0.0001812247	        0.0001206052	        0.2884964219	       10.0000000000	       10.0000000000	        0.0000000000	        0.4548746336	        0.0000000000
        0.0943009237	        0.6749505649	        0.8174138532	       -0.1310685161	        0.0006274850	        0.0023561055	        0.0010359145	        0.0159643671	        0.0054726863	        0.0009777538	        0.0067194020	        0.0005049877	        1.0000000000	        0.0001516112	        0.0001191594	        0.3194325963	       10.0000000000	       10.0000000000	        0.0000000000	        0.4521124740	        0.0000000000
        0.1050948725	        0.7090079064	        0.8130523369	       -0.1317235176	        0.0007573229	        0.0029007911	        0.0010902838	        0.0160431939	        0.0051414541	        0.0011031981	        0.0069173604	        0.0004776249	        1.0000000000	        0.0001296060	        0.0001178266	        0.3485398381	       10.0000000000	       10.0000000000	        0.0000000000	        0.4495645644	        0.0000000000
        0.1168955085	        0.7414523309	        0.8089311642	       -0.1318394786	        0.0009031883	        0.0034868039	        0.0011437365	        0.0159564812	        0.0047742712	        0.0012283598	        0.0071042833	        0.0004540954	        1.0000000000	        0.0001131099	        0.0001165933	        0.3754873778	       10.0000000000	       10.0000000000	        0.0000000000	        0.4471658714	        0.0000000000
        0.1297815392	        0.7723326267	        0.8049634338	       -0.1314744014	        0.0010654302	        0.0041038770	        0.0011975491	        0.0157313602	        0.0043897514	        0.0013513753	        0.0072847957	        0.0004339395	        1.0000000000	        0.0001006239	        0.0001154634	        0.4000597948	       10.0000000000	       10.0000000000	        0.0000000000	        0.4448645644	        0.0000000000
        0.1438347190	        0.8017178130	        0.8010781401	       -0.1306813524	        0.0012441067	        0.0047409879	        0.0012523932	        0.0153934660	        0.0040027142	        0.0014704597	        0.0074624715	        0.0004167384	        1.0000000000	        0.0000910907	        0.0001142857	        0.4221249384	       10.0000000000	       10.0000000000	        0.0000000000	        0.4426187357	        0.0000000000
        0.1591392914	        0.8296877090	        0.7972157144	       -0.1295015440	        0.0014389533	        0.0053865470	        0.0013084545	        0.0149657214	        0.0036241666	        0.0015839246	        0.0076401662	        0.0004021325	        1.0000000000	        0.0000837626	        0.0001133592	        0.4416071447	       10.0000000000	       10.0000000000	        0.0000000000	        0.4403936300	        0.0000000000
        0.1757812632	        0.8563255940	        0.7933249702	       -0.1279418538	        0.0016493662	        0.0060285347	        0.0013655053	        0.0144678307	        0.0032617174	        0.0016901970	        0.0078202494	        0.0003898235	        1.0000000000	        0.0000781059	        0.0001126290	        0.4584667936	       10.0000000000	       10.0000000000	        0.0000000000	        0.4381597624	        0.0000000000
        0.1938474899	        0.8817126327	        0.7893606306	       -0.1260295588	        0.0018744087	        0.0066546384	        0.0014230586	        0.0139162491	        0.0029201805	        0.0017878419	        0.0080047685	        0.0003795693	        1.0000000000	        0.0000737395	        0.0001119914	        0.4726856660	       10.0000000000	       10.0000000000	        0.0000000000	        0.4358914230	        0.0000000000
        0.2134245548	        0.9059236842	        0.7852812899	       -0.1237692504	        0.0021128455	        0.0072524350	        0.0014804919	        0.0133244367	        0.0026022070	        0.0018755905	        0.0081955635	        0.0003711766	        1.0000000000	        0.0000703921	        0.0001114930	        0.4842574164	       10.0000000000	       10.0000000000	        0.0000000000	        0.4335654683	        0.0000000000
        0.2345974273	        0.9290241273	        0.7810477483	       -0.1211757966	        0.0023632155	        0.0078096480	        0.0015371101	        0.0127032668	        0.0023088627	        0.0019523754	        0.0083943461	        0.0003644942	        1.0000000000	        0.0000678696	        0.0001111310	        0.4931824141	       10.0000000000	       10.0000000000	        0.0000000000	        0.4311603562	        0.0000000000
        0.2574478906	        0.9510673865	        0.7766217585	       -0.1182495051	        0.0026239507	        0.0083144970	        0.0015921618	        0.0120615023	        0.0020401145	        0.0020173726	        0.0086027540	        0.0003594063	        1.0000000000	        0.0000660318	        0.0001110048	        0.4994662398	       10.0000000000	       10.0000000000	        0.0000000000	        0.4286554402	        0.0000000000
        0.2820527391	        0.9720929163	        0.7719651285	       -0.1149898005	        0.0028935491	        0.0087561448	        0.0016448609	        0.0114062920	        0.0017952184	        0.0020700507	        0.0088223851	        0.0003558272	        1.0000000000	        0.0000647766	        0.0001109763	        0.5031212525	       10.0000000000	       10.0000000000	        0.0000000000	        0.4260304854	        0.0000000000
        0.3084817527	        0.9921244982	        0.7670390454	       -0.1114149706	        0.0031708096	        0.0091252412	        0.0016945047	        0.0107436643	        0.0015730169	        0.0021102235	        0.0090548166	        0.0003536973	        1.0000000000	        0.0000640325	        0.0001111336	        0.5041709115	       10.0000000000	       10.0000000000	        0.0000000000	        0.4232653269	        0.0000000000
        0.3367954708	        1.0111688146	        0.7618031363	       -0.1075148290	        0.0034551255	        0.0094145515	        0.0017406272	        0.0100790045	        0.0013721619	        0.0021381041	        0.0093016040	        0.0003529786	        1.0000000000	        0.0000637541	        0.0001115171	        0.5026571228	       10.0000000000	       10.0000000000	        0.0000000000	        0.4203393990	        0.0000000000
        0.3670428018	        1.0292144129	        0.7562144849	       -0.1033054711	        0.0037468287	        0.0096196509	        0.0017829849	        0.0094175086	        0.0011912741	        0.0021543528	        0.0095642465	        0.0003536516	        1.0000000000	        0.0000639132	        0.0001120473	        0.4986511279	       10.0000000000	       10.0000000000	        0.0000000000	        0.4172312628	        0.0000000000
        0.3992585207	        1.0462313536	        0.7502273878	       -0.0987969374	        0.0040475498	        0.0097396362	        0.0018213688	        0.0087645965	        0.0010290527	        0.0021601068	        0.0098441113	        0.0003557090	        1.0000000000	        0.0000644848	        0.0001127471	        0.4922675546	       10.0000000000	       10.0000000000	        0.0000000000	        0.4139185707	        0.0000000000
        0.4334607283	        1.0621720489	        0.7437945062	       -0.0940099974	        0.0043605328	        0.0097777640	        0.0018555750	        0.0081262527	        0.0008843401	        0.0021569788	        0.0101423173	        0.0003591519	        1.0000000000	        0.0000654396	        0.0001136227	        0.4836796743	       10.0000000000	       10.0000000000	        0.0000000000	        0.4103788160	        0.0000000000
        0.4696483595	        1.0769739790	        0.7368684381	       -0.0889607730	        0.0046907907	        0.0097418806	        0.0018855019	        0.0075092380	        0.0007561452	        0.0021470032	        0.0104595797	        0.0003639840	        1.0000000000	        0.0000667400	        0.0001147289	        0.4731332011	       10.0000000000	       10.0000000000	        0.0000000000	        0.4065903044	        0.0000000000
        0.5077988477	        1.0905650156	        0.7294044702	       -0.0836629538	        0.0050449348	        0.0096444656	        0.0019112664	        0.0069210987	        0.0006436259	        0.0021325114	        0.0107960175	        0.0003702084	        1.0000000000	        0.0000683353	        0.0001160513	        0.4609548938	       10.0000000000	       10.0000000000	        0.0000000000	        0.4025337469	        0.0000000000
        0.5478660655	        1.1028717680	        0.7213639906	       -0.0781345972	        0.0054304554	        0.0095020908	        0.0019333803	        0.0063698977	        0.0005460346	        0.0021159298	        0.0111509404	        0.0003778234	        1.0000000000	        0.0000701617	        0.0001176223	        0.4475509367	       10.0000000000	       10.0000000000	        0.0000000000	        0.3981941500	        0.0000000000
        0.5897786695	        1.1138305363	        0.7127184022	       -0.0723757429	        0.0058542314	        0.0093341500	        0.0019526932	        0.0058636411	        0.0004626354	        0.0020995135	        0.0115226451	        0.0003868211	        1.0000000000	        0.0000721375	        0.0001194092	        0.4333904284	       10.0000000000	       10.0000000000	        0.0000000000	        0.3935628856	        0.0000000000
        0.6334389769	        1.1233991395	        0.7034544932	       -0.0663985160	        0.0063201531	        0.0091608685	        0.0019702881	        0.0054094712	        0.0003926178	        0.0020850673	        0.0119082976	        0.0003971883	        1.0000000000	        0.0000741643	        0.0001213683	        0.4189712344	       10.0000000000	       10.0000000000	        0.0000000000	        0.3886404050	        0.0000000000
        0.6787224963	        1.1315666108	        0.6935787842	       -0.0601937948	        0.0068260236	        0.0090008691	        0.0019873669	        0.0050128260	        0.0003350344	        0.0020737284	        0.0123040011	        0.0004089130	        1.0000000000	        0.0000761370	        0.0001235625	        0.4047718878	       10.0000000000	       10.0000000000	        0.0000000000	        0.3834382238	        0.0000000000
        0.7254782147	        1.1383574370	        0.6831204126	       -0.0537324635	        0.0073603532	        0.0088688383	        0.0020053178	        0.0046768382	        0.0002887903	        0.0020658855	        0.0127051220	        0.0004219961	        1.0000000000	        0.0000779684	        0.0001258958	        0.3912012163	       10.0000000000	       10.0000000000	        0.0000000000	        0.3779799508	        0.0000000000
        0.7735297135	        1.1438283220	        0.6721278709	       -0.0470078404	        0.0079001362	        0.0087739370	        0.0020252705	        0.0044022058	        0.0002526923	        0.0020612638	        0.0131068205	        0.0004364643	        1.0000000000	        0.0000795959	        0.0001283443	        0.3785623183	       10.0000000000	       10.0000000000	        0.0000000000	        0.3722989894	        0.0000000000
        0.8226771500	        1.1480579845	        0.6606679562	       -0.0399814798	        0.0084109307	        0.0087193869	        0.0020480970	        0.0041875889	        0.0002255424	        0.0020591388	        0.0135047234	        0.0004523830	        1.0000000000	        0.0000809966	        0.0001309513	        0.3670413932	       10.0000000000	       10.0000000000	        0.0000000000	        0.3664373945	        0.0000000000
        0.8727000940	        1.1511328263	        0.6488157524	       -0.0326300679	        0.0088502481	        0.0087033047	        0.0020748650	        0.0040303917	        0.0002062465	        0.0020586005	        0.0138955408	        0.0004698627	        1.0000000000	        0.0000822068	        0.0001336744	        0.3567234726	       10.0000000000	       10.0000000000	        0.0000000000	        0.3604402067	        0.0000000000
        0.9233611572	        1.1531321441	        0.6366454814	       -0.0249415963	        0.0091742835	        0.0087204920	        0.0021067306	        0.0039276819	        0.0001939092	        0.0020587877	        0.0142773291	        0.0004890517	        1.0000000000	        0.0000833048	        0.0001364078	        0.3476273692	       10.0000000000	       10.0000000000	        0.0000000000	        0.3543505401	        0.0000000000
        0.9744103051	        1.1541157978	        0.6242236709	       -0.0169537254	        0.0093466539	        0.0087646541	        0.0021538557	        0.0038770131	        0.0001879019	        0.0020590527	        0.0146493469	        0.0005101146	        1.0000000000	        0.0000847391	        0.0001391402	        0.3397447149	       10.0000000000	       10.0000000000	        0.0000000000	        0.3482061401	        0.0000000000
        1.0255896949	        1.1541157978	        0.6115021796	       -0.0088000077	        0.0093466539	        0.0086777784	        0.0021977062	        0.0038770131	        0.0001879019	        0.0020590527	        0.0150121418	        0.0005332669	        1.0000000000	        0.0000873299	        0.0001417691	        0.3330429603	       10.0000000000	       10.0000000000	        0.0000000000	        0.3419875494	        0.0000000000
        1.0766388428	        1.1531321441	        0.5983116339	       -0.0008008394	        0.0091742835	        0.0084633870	        0.0022380725	        0.0039276819	        0.0001939092	        0.0020587877	        0.0153664818	        0.0005588250	        1.0000000000	        0.0000911868	        0.0001442331	        0.3274314440	       10.0000000000	       10.0000000000	        0.0000000000	        0.3356183195	        0.0000000000
        1.1272999060	        1.1511328263	        0.5845832848	        0.0068595744	        0.0088502481	        0.0082800881	        0.0022948424	        0.0040303917	        0.0002062465	        0.0020586005	        0.0157065886	        0.0005867808	        1.0000000000	        0.0000955696	        0.0001465676	        0.3228741110	       10.0000000000	       10.0000000000	        0.0000000000	        0.3290739060	        0.0000000000
        1.1773228500	        1.1480579845	        0.5703842670	        0.0141017781	        0.0084109307	        0.0081341776	        0.0023578508	        0.0041875889	        0.0002255424	        0.0020591388	        0.0160198021	        0.0006166267	        1.0000000000	        0.0000999550	        0.0001486187	        0.3194261302	       10.0000000000	       10.0000000000	        0.0000000000	        0.3223952015	        0.0000000000
        1.2264702865	        1.1438283220	        0.5558146112	        0.0208657717	        0.0079001362	        0.0080304095	        0.0024252963	        0.0044022058	        0.0002526923	        0.0020612638	        0.0162933255	        0.0006477013	        1.0000000000	        0.0001041428	        0.0001504029	        0.3171200810	       10.0000000000	       10.0000000000	        0.0000000000	        0.3156367319	        0.0000000000
        1.2745217853	        1.1383574370	        0.5410076047	        0.0271508738	        0.0073603532	        0.0079701736	        0.0024947592	        0.0046768382	        0.0002887903	        0.0020658855	        0.0165157973	        0.0006792459	        1.0000000000	        0.0001079351	        0.0001520997	        0.3159383030	       10.0000000000	       10.0000000000	        0.0000000000	        0.3088656144	        0.0000000000
        1.3212775037	        1.1315666108	        0.5261191438	        0.0330164755	        0.0068260236	        0.0079502201	        0.0025637420	        0.0050128260	        0.0003350344	        0.0020737284	        0.0166789138	        0.0007104981	        1.0000000000	        0.0001111980	        0.0001538404	        0.3157910037	       10.0000000000	       10.0000000000	        0.0000000000	        0.3021555897	        0.0000000000
        1.3665610231	        1.1233991395	        0.5113096807	        0.0385394606	        0.0063201531	        0.0079622967	        0.0026297431	        0.0054094712	        0.0003926178	        0.0020850673	        0.0167784612	        0.0007407907	        1.0000000000	        0.0001138877	        0.0001556845	        0.3165101329	       10.0000000000	       10.0000000000	        0.0000000000	        0.2955782848	        0.0000000000
        1.4102213305	        1.1138305363	        0.4967280910	        0.0438029842	        0.0058542314	        0.0079938283	        0.0026899211	        0.0058636411	        0.0004626354	        0.0020995135	        0.0168144647	        0.0007696282	        1.0000000000	        0.0001160344	        0.0001576536	        0.3178625698	       10.0000000000	       10.0000000000	        0.0000000000	        0.2891961297	        0.0000000000
        1.4521339345	        1.1028717680	        0.4825019613	        0.0488722065	        0.0054304554	        0.0080294516	        0.0027414697	        0.0063698977	        0.0005460346	        0.0021159298	        0.0167906345	        0.0007967298	        1.0000000000	        0.0001177334	        0.0001599478	        0.3195772729	       10.0000000000	       10.0000000000	        0.0000000000	        0.2830587405	        0.0000000000
        1.4922011523	        1.0905650156	        0.4687283857	        0.0538425491	        0.0050449348	        0.0080529782	        0.0027825375	        0.0069210987	        0.0006436259	        0.0021325114	        0.0167133337	        0.0008220326	        1.0000000000	        0.0001191479	        0.0001625512	        0.3213772628	       10.0000000000	       10.0000000000	        0.0000000000	        0.2771999211	        0.0000000000
        1.5303516405	        1.0769739790	        0.4554687431	        0.0587198897	        0.0046907907	        0.0080492959	        0.0028122902	        0.0075092380	        0.0007561452	        0.0021470032	        0.0165902568	        0.0008456507	        1.0000000000	        0.0001204770	        0.0001653763	        0.3230082467	       10.0000000000	       10.0000000000	        0.0000000000	        0.2716366265	        0.0000000000
        1.5665392717	        1.0621720489	        0.4427519266	        0.0635234322	        0.0043605328	        0.0080058143	        0.0028301574	        0.0081262527	        0.0008843401	        0.0021569788	        0.0164292070	        0.0008678119	        1.0000000000	        0.0001219009	        0.0001686481	        0.3242572990	       10.0000000000	       10.0000000000	        0.0000000000	        0.2663714887	        0.0000000000
        1.6007414793	        1.0462313536	        0.4305836978	        0.0682629270	        0.0040475498	        0.0079132730	        0.0028354306	        0.0087645965	        0.0010290527	        0.0021601068	        0.0162373160	        0.0008888035	        1.0000000000	        0.0001235563	        0.0001723665	        0.3249586066	       10.0000000000	       10.0000000000	        0.0000000000	        0.2613976006	        0.0000000000
        1.6329571982	        1.0292144129	        0.4189545788	        0.0729244310	        0.0037468287	        0.0077659574	        0.0028274062	        0.0094175086	        0.0011912741	        0.0021543528	        0.0160207240	        0.0009089407	        1.0000000000	        0.0001255438	        0.0001763508	        0.3249886476	       10.0000000000	       10.0000000000	        0.0000000000	        0.2567023111	        0.0000000000
        1.6632045292	        1.0111688146	        0.4078456099	        0.0774649386	        0.0034551255	        0.0075614946	        0.0028056829	        0.0100790045	        0.0013721619	        0.0021381041	        0.0157845397	        0.0009285525	        1.0000000000	        0.0001279478	        0.0001812186	        0.3242558806	       10.0000000000	       10.0000000000	        0.0000000000	        0.2522698646	        0.0000000000
        1.6915182473	        0.9921244982	        0.3972308147	        0.0819690711	        0.0031708096	        0.0073004196	        0.0027702767	        0.0107436643	        0.0015730169	        0.0021102235	        0.0155329102	        0.0009479773	        1.0000000000	        0.0001308511	        0.0001867307	        0.3226894165	       10.0000000000	       10.0000000000	        0.0000000000	        0.2480825415	        0.0000000000
        1.7179472609	        0.9720929163	        0.3870794712	        0.0863330718	        0.0028935491	        0.0069856527	        0.0027213931	        0.0114062920	        0.0017952184	        0.0020700507	        0.0152691123	        0.0009675621	        1.0000000000	        0.0001343341	        0.0001921762	        0.3202290888	       10.0000000000	       10.0000000000	        0.0000000000	        0.2441216313	        0.0000000000
        1.7425521094	        0.9510673865	        0.3773581304	        0.0905259298	        0.0026239507	        0.0066219725	        0.0026593560	        0.0120615023	        0.0020401145	        0.0020173726	        0.0149956662	        0.0009876684	        1.0000000000	        0.0001384813	        0.0001983797	        0.3168173259	       10.0000000000	       10.0000000000	        0.0000000000	        0.2403682361	        0.0000000000
        1.7654025727	        0.9290241273	        0.3680314874	        0.0945720513	        0.0023632155	        0.0062155322	        0.0025847281	        0.0127032668	        0.0023088627	        0.0019523754	        0.0147144469	        0.0010086813	        1.0000000000	        0.0001433965	        0.0002057025	        0.3123930069	       10.0000000000	       10.0000000000	        0.0000000000	        0.2368035835	        0.0000000000
        1.7865754452	        0.9059236842	        0.3590620769	        0.0984755888	        0.0021128455	        0.0057734494	        0.0024984494	        0.0133244367	        0.0026022070	        0.0018755905	        0.0144267662	        0.0010310215	        1.0000000000	        0.0001492235	        0.0002137450	        0.3068875868	       10.0000000000	       10.0000000000	        0.0000000000	        0.2334088766	        0.0000000000
        1.8061525101	        0.8817126327	        0.3504091043	        0.1021916472	        0.0018744087	        0.0053034772	        0.0024019835	        0.0139162491	        0.0029201805	        0.0017878419	        0.0141334049	        0.0010551558	        1.0000000000	        0.0001561749	        0.0002230157	        0.3002236629	       10.0000000000	       10.0000000000	        0.0000000000	        0.2301648301	        0.0000000000
        1.8242187368	        0.8563255940	        0.3420261493	        0.1057667408	        0.0016493662	        0.0048137583	        0.0022972551	        0.0144678307	        0.0032617174	        0.0016901970	        0.0138345793	        0.0010816042	        1.0000000000	        0.0001645610	        0.0002339522	        0.2923162160	       10.0000000000	       10.0000000000	        0.0000000000	        0.2270508157	        0.0000000000
        1.8408607086	        0.8296877090	        0.3338592512	        0.1091703018	        0.0014389533	        0.0043126507	        0.0021863836	        0.0149657214	        0.0036241666	        0.0015839246	        0.0135298455	        0.0011109423	        1.0000000000	        0.0001748172	        0.0002459310	        0.2830764590	       10.0000000000	       10.0000000000	        0.0000000000	        0.2240441944	        0.0000000000
        1.8561652810	        0.8017178130	        0.3258448567	        0.1123491253	        0.0012441067	        0.0038086082	        0.0020714641	        0.0153934660	        0.0040027142	        0.0014704597	        0.0132179535	        0.0011438000	        1.0000000000	        0.0001875483	        0.0002591314	        0.2724180799	       10.0000000000	       10.0000000000	        0.0000000000	        0.2211196359	        0.0000000000
        1.8702184608	        0.7723326267	        0.3179073247	        0.1152588018	        0.0010654302	        0.0033100966	        0.0019543412	        0.0157313602	        0.0043897514	        0.0013513753	        0.0128966405	        0.0011808528	        1.0000000000	        0.0002035925	        0.0002734560	        0.2602660876	       10.0000000000	       10.0000000000	        0.0000000000	        0.2182483211	        0.0000000000
        1.8831044915	        0.7414523309	        0.3099558167	        0.1178015088	        0.0009031883	        0.0028255228	        0.0018363923	        0.0159564812	        0.0047742712	        0.0012283598	        0.0125623430	        0.0012227985	        1.0000000000	        0.0002241138	        0.0002893651	        0.2465686888	       10.0000000000	       10.0000000000	        0.0000000000	        0.2153969816	        0.0000000000
        1.8949051275	        0.7090079064	        0.3018801188	        0.1199251588	        0.0007573229	        0.0023631430	        0.0017183103	        0.0160431939	        0.0051414541	        0.0011031981	        0.0122097881	        0.0012703039	        1.0000000000	        0.0002507342	        0.0003079780	        0.2313127184	       10.0000000000	       10.0000000000	        0.0000000000	        0.2125266387	        0.0000000000
        1.9056990763	        0.6749505649	        0.2935453088	        0.1215481063	        0.0006274850	        0.0019309108	        0.0015996653	        0.0159643671	        0.0054726863	        0.0009777538	        0.0118314221	        0.0013238911	        1.0000000000	        0.0002856728	        0.0003276528	        0.2145429047	       10.0000000000	       10.0000000000	        0.0000000000	        0.2095910581	        0.0000000000
        1.9155615890	        0.6392634341	        0.2847875259	        0.1224369382	        0.0005130784	        0.0015362158	        0.0014788782	        0.0156935518	        0.0057463357	        0.0008539468	        0.0114166752	        0.0013837199	        1.0000000000	        0.0003319573	        0.0003477956	        0.1963838123	       10.0000000000	       10.0000000000	        0.0000000000	        0.2065357609	        0.0000000000
        1.9245641781	        0.6019753444	        0.2754066539	        0.1224135380	        0.0004133095	        0.0011854799	        0.0013531515	        0.0152083036	        0.0059396343	        0.0007337221	        0.0109511044	        0.0014491912	        1.0000000000	        0.0003935992	        0.0003718989	        0.1770623456	       10.0000000000	       10.0000000000	        0.0000000000	        0.2032961822	        0.0000000000
        1.9327744427	        0.5631760683	        0.2651650871	        0.1213550949	        0.0003272418	        0.0008836053	        0.0012184676	        0.0144946236	        0.0060318989	        0.0006190036	        0.0104157253	        0.0015182892	        1.0000000000	        0.0004755078	        0.0003982363	        0.1569249863	       10.0000000000	       10.0000000000	        0.0000000000	        0.1997982502	        0.0000000000
        1.9402559838	        0.5230316915	        0.2537963945	        0.1189018010	        0.0002538515	        0.0006333318	        0.0010703904	        0.0135521018	        0.0060090026	        0.0005116263	        0.0097874886	        0.0015866843	        1.0000000000	        0.0005827911	        0.0004257428	        0.1364387341	       10.0000000000	       10.0000000000	        0.0000000000	        0.1959626086	        0.0000000000
        1.9470683933	        0.4817980412	        0.2410394130	        0.1148538016	        0.0001920824	        0.0004346546	        0.0009060962	        0.0123987905	        0.0058684643	        0.0004132474	        0.0090428848	        0.0016469717	        1.0000000000	        0.0007188397	        0.0004595989	        0.1161620115	       10.0000000000	       10.0000000000	        0.0000000000	        0.1917173870	        0.0000000000
        1.9532673011	        0.4398294380	        0.2267098415	        0.1091333666	        0.0001408983	        0.0002845400	        0.0007278982	        0.0110742704	        0.0056239014	        0.0003252413	        0.0081672975	        0.0016891333	        1.0000000000	        0.0008821234	        0.0004969194	        0.0966775432	       10.0000000000	       10.0000000000	        0.0000000000	        0.1870224691	        0.0000000000
        1.9589044686	        0.3975796347	        0.2108033841	        0.1016503887	        0.0000993297	        0.0001771747	        0.0005462579	        0.0096391014	        0.0053072284	        0.0002485922	        0.0071699209	        0.0017037179	        1.0000000000	        0.0010631583	        0.0005402629	        0.0785034183	       10.0000000000	       10.0000000000	        0.0000000000	        0.1819013806	        0.0000000000
        1.9640279170	        0.3555914649	        0.1935806270	        0.0928393539	        0.0000665036	        0.0001048159	        0.0003785191	        0.0081692667	        0.0049672680	        0.0001838049	        0.0060953620	        0.0016874992	        1.0000000000	        0.0012452679	        0.0005894473	        0.0620298967	       10.0000000000	       10.0000000000	        0.0000000000	        0.1764628645	        0.0000000000
        1.9686820816	        0.3147416108	        0.1755451078	        0.0830816096	        0.0000470814	        0.0000591429	        0.0002420505	        0.0067567771	        0.0046683037	        0.0001312364	        0.0050169139	        0.0016473629	        1.0000000000	        0.0014112540	        0.0006416626	        0.0475631659	       10.0000000000	       10.0000000000	        0.0000000000	        0.1708850484	        0.0000000000
        1.9729079831	        0.2758662653	        0.1572914494	        0.0730499762	        0.0000332418	        0.0000319560	        0.0001438234	        0.0054607905	        0.0044434186	        0.0000904000	        0.0040090062	        0.0015977139	        1.0000000000	        0.0015519552	        0.0007043716	        0.0352305218	       10.0000000000	       10.0000000000	        0.0000000000	        0.1653607230	        0.0000000000
        1.9767434111	        0.2392597842	        0.1393180762	        0.0632966059	        0.0000223411	        0.0000165976	        0.0000803237	        0.0043085696	        0.0043077434	        0.0000598211	        0.0031212012	        0.0015538778	        1.0000000000	        0.0016687840	        0.0007766498	        0.0250509995	       10.0000000000	       10.0000000000	        0.0000000000	        0.1600388333	        0.0000000000
        1.9802231129	        0.2050490173	        0.1219437626	        0.0541530553	        0.0000141812	        0.0000083435	        0.0000428074	        0.0033131895	        0.0042682686	        0.0000377974	        0.0023723148	        0.0015272990	        1.0000000000	        0.0017691748	        0.0008525852	        0.0169873252	       10.0000000000	       10.0000000000	        0.0000000000	        0.1550040584	        0.0000000000
        1.9833789852	        0.1733098355	        0.1053257628	        0.0456855689	        0.0000084347	        0.0000040989	        0.0000221243	        0.0024770500	        0.0043242313	        0.0000226281	        0.0017591700	        0.0015242061	        1.0000000000	        0.0018612272	        0.0009265442	        0.0109140289	       10.0000000000	       10.0000000000	        0.0000000000	        0.1502883166	        0.0000000000
        1.9862402627	        0.1440555631	        0.0895161494	        0.0378683492	        0.0000046578	        0.0000019844	        0.0000112274	        0.0017933881	        0.0044688244	        0.0000127029	        0.0012677739	        0.0015479686	        1.0000000000	        0.0019509522	        0.0010075513	        0.0065897723	       10.0000000000	       10.0000000000	        0.0000000000	        0.1458916808	        0.0000000000
        1.9888337046	        0.1172361386	        0.0745124950	        0.0307855298	        0.0000023576	        0.0000009462	        0.0000056028	        0.0012490763	        0.0046914788	        0.0000065880	        0.0008810160	        0.0016020561	        1.0000000000	        0.0020417947	        0.0011021894	        0.0036927863	       10.0000000000	       10.0000000000	        0.0000000000	        0.1417992808	        0.0000000000
        1.9911837738	        0.0927485581	        0.0602907290	        0.0244192197	        0.0000010717	        0.0000004364	        0.0000027022	        0.0008276828	        0.0049800020	        0.0000030854	        0.0005825227	        0.0016916086	        1.0000000000	        0.0021352532	        0.0011963909	        0.0018823420	       10.0000000000	       10.0000000000	        0.0000000000	        0.1379914816	        0.0000000000
        1.9933128092	        0.0704536354	        0.0468208507	        0.0186096248	        0.0000004225	        0.0000001863	        0.0000012053	        0.0005119512	        0.0053221295	        0.0000012573	        0.0003580764	        0.0018255594	        1.0000000000	        0.0022313923	        0.0012864999	        0.0008432331	       10.0000000000	       10.0000000000	       -0.0000000000	        0.1344484335	        0.0000000000
        1.9952411902	        0.0501930334	        0.0340769823	        0.0133188987	        0.0000001354	        0.0000000676	        0.0000004570	        0.0002853812	        0.0057064115	        0.0000004173	        0.0001958929	        0.0020210093	        1.0000000000	        0.0023293833	        0.0013746306	        0.0003111119	       10.0000000000	       10.0000000000	       -0.0000000000	        0.1311526756	        0.0000000000
        1.9969874916	        0.0318028097	        0.0220374884	        0.0084515791	        0.0000000309	        0.0000000176	        0.0000001238	        0.0001330130	        0.0061225820	        0.0000000985	        0.0000865191	        0.0023142910	        1.0000000000	        0.0024281766	        0.0014508292	        0.0000819209	       10.0000000000	       10.0000000000	       -0.0000000000	        0.1280889725	        0.0000000000
        1.9985686299	        0.0151224499	        0.0106839694	        0.0039031506	        0.0000000035	        0.0000000020	        0.0000000143	        0.0000416842	        0.0065616201	        0.0000000115	        0.0000227565	        0.0027983265	        1.0000000000	        0.0025266293	        0.0015127628	        0.0000099757	       10.0000000000	       10.0000000000	       -0.0000000000	        0.1252438923	        0.0000000000
        2.0000000000	        0.0000000000	        0.0000000000	       -0.0003914555	        0.0000000000	        0.0000000000	        0.0000000000	        0.0000000000	        0.0070156685	        0.0000000000	        0.0000000000	        0.0038300359	        1.0000000000	        0.0026229367	        0.0015666578	        0.0000000000	       10.0000000000	       10.0000000000	       -0.0000000000	        0.1226053640	        0.0000000000
