        0.0000000000	        0.0000000000	        1.0000000000	        0.0007961626	        0.0000000000	        0.0000000000	        0.0000000000	        0.0000000000	        0.0070156685	        0.0000000000	        0.0000000000	        0.0019520101	        1.0000000000	        0.0017790644	        0.0003443245	        0.0000000000	      100.0000000000	      100.0000000000	       -0.0000000000	        0.5676174259	        0.0000000000	        0.0000000000
        0.0014313701	        0.0151224499	        0.9928632409	       -0.0049175865	        0.0000000035	        0.0000000020	        0.0000000094	        0.0000416842	        0.0065616201	        0.0000000115	        0.0000115980	        0.0014280062	        1.0000000000	        0.0016654039	        0.0003344520	        0.0000099631	      100.0000000000	      100.0000000000	       -0.0000000000	        0.5627701512	        0.0000000000	        0.0000000912
        0.0030125084	        0.0318028097	        0.9854741973	       -0.0108125198	        0.0000000309	        0.0000000176	        0.0000000799	        0.0001330130	        0.0061225820	        0.0000000985	        0.0000441203	        0.0011842947	        1.0000000000	        0.0015702542	        0.0003142353	        0.0000816356	      100.0000000000	      100.0000000000	       -0.0000000000	        0.5577806840	        0.0000000000	        0.0000007279
        0.0047588098	        0.0501930334	        0.9777354386	       -0.0170180508	        0.0000001354	        0.0000000674	        0.0000002936	        0.0002853812	        0.0057064115	        0.0000004173	        0.0000999736	        0.0010392744	        1.0000000000	        0.0015022119	        0.0002870438	        0.0003087601	      100.0000000000	      100.0000000000	       -0.0000000000	        0.5525867808	        0.0000000000	        0.0000025580
        0.0066871908	        0.0704536354	        0.9694914858	       -0.0237412431	        0.0000004225	        0.0000001849	        0.0000007836	        0.0005119512	        0.0053221295	        0.0000012573	        0.0001829492	        0.0009460343	        1.0000000000	        0.0014611231	        0.0002519270	        0.0008313647	      100.0000000000	      100.0000000000	       -0.0000000000	        0.5470893911	        0.0000000000	        0.0000066410
        0.0088162262	        0.0927485581	        0.9605705900	       -0.0312233346	        0.0000010717	        0.0000004312	        0.0000017980	        0.0008276828	        0.0049800020	        0.0000030854	        0.0002980985	        0.0008866239	        1.0000000000	        0.0014378711	        0.0002194903	        0.0018378323	      100.0000000000	      100.0000000000	       -0.0000000000	        0.5411817967	        0.0000000000	        0.0000149945
        0.0111662954	        0.1172361386	        0.9508440411	       -0.0395421646	        0.0000023576	        0.0000009287	        0.0000038354	        0.0012490763	        0.0046914788	        0.0000065880	        0.0004518448	        0.0008530279	        1.0000000000	        0.0014241757	        0.0002055199	        0.0035569208	      100.0000000000	      100.0000000000	       -0.0000000000	        0.5347893148	        0.0000000000	        0.0000316815
        0.0137597373	        0.1440555631	        0.9401855182	       -0.0486666776	        0.0000046578	        0.0000019303	        0.0000079189	        0.0017933881	        0.0044688244	        0.0000127029	        0.0006521456	        0.0008415420	        1.0000000000	        0.0014146104	        0.0002014650	        0.0062353305	      100.0000000000	      100.0000000000	       -0.0000000000	        0.5278423477	        0.0000000000	        0.0000649726
        0.0166210148	        0.1733098355	        0.9285017369	       -0.0587025374	        0.0000084347	        0.0000039433	        0.0000160513	        0.0024770500	        0.0043242313	        0.0000226281	        0.0009084978	        0.0008505310	        1.0000000000	        0.0014036372	        0.0001986629	        0.0101007763	      100.0000000000	      100.0000000000	       -0.0000000000	        0.5202965533	        0.0000000000	        0.0001306748
        0.0197768871	        0.2050490173	        0.9157303594	       -0.0696605917	        0.0000141812	        0.0000079225	        0.0000318483	        0.0033131895	        0.0042682686	        0.0000377974	        0.0012313744	        0.0008792631	        1.0000000000	        0.0013862041	        0.0001978757	        0.0153160937	      100.0000000000	      100.0000000000	       -0.0000000000	        0.5121310005	        0.0000000000	        0.0002560601
        0.0232565889	        0.2392597842	        0.9018676908	       -0.0815346687	        0.0000223411	        0.0000155317	        0.0000610682	        0.0043085696	        0.0043077434	        0.0000598211	        0.0016303204	        0.0009268700	        1.0000000000	        0.0013558034	        0.0001970468	        0.0219368516	      100.0000000000	      100.0000000000	       -0.0000000000	        0.5033649065	        0.0000000000	        0.0004802194
        0.0270920169	        0.2758662653	        0.8870121365	       -0.0942050274	        0.0000332418	        0.0000294464	        0.0001114049	        0.0054607905	        0.0044434186	        0.0000904000	        0.0021097358	        0.0009902170	        1.0000000000	        0.0013045904	        0.0001966440	        0.0299143153	      100.0000000000	      100.0000000000	       -0.0000000000	        0.4940826174	        0.0000000000	        0.0008429594
        0.0313179184	        0.3147416108	        0.8714148554	       -0.1073972759	        0.0000470814	        0.0000536650	        0.0001906845	        0.0067567771	        0.0046683037	        0.0001312364	        0.0026621173	        0.0010617050	        1.0000000000	        0.0012252553	        0.0001962784	        0.0391603642	      100.0000000000	      100.0000000000	       -0.0000000000	        0.4844604207	        0.0000000000	        0.0013550957
        0.0359720830	        0.3555914649	        0.8555057555	       -0.1206642799	        0.0000665036	        0.0000937309	        0.0003030920	        0.0081692667	        0.0049672680	        0.0001838049	        0.0032615396	        0.0011291580	        1.0000000000	        0.0011150478	        0.0001954675	        0.0496035869	      100.0000000000	      100.0000000000	       -0.0000000000	        0.4747753939	        0.0000000000	        0.0019601801
        0.0410955314	        0.3975796347	        0.8398436049	       -0.1334340981	        0.0000993297	        0.0001563893	        0.0004444392	        0.0096391014	        0.0053072284	        0.0002485922	        0.0038645116	        0.0011786026	        1.0000000000	        0.0009799576	        0.0001942369	        0.0611644554	      100.0000000000	      100.0000000000	        0.0000000000	        0.4653676434	        0.0000000000	        0.0025260831
        0.0467326989	        0.4398294380	        0.8249691694	       -0.1451482244	        0.0001408983	        0.0002484517	        0.0006009587	        0.0110742704	        0.0056239014	        0.0003252413	        0.0044236034	        0.0011999537	        1.0000000000	        0.0008340742	        0.0001927165	        0.0737093951	      100.0000000000	      100.0000000000	        0.0000000000	        0.4565488868	        0.0000000000	        0.0029072160
        0.0529316067	        0.4817980412	        0.8112545305	       -0.1554175419	        0.0001920824	        0.0003764046	        0.0007568070	        0.0123987905	        0.0058684643	        0.0004132474	        0.0049057553	        0.0011914168	        1.0000000000	        0.0006933176	        0.0001906807	        0.0871134942	      100.0000000000	      100.0000000000	        0.0000000000	        0.4485171148	        0.0000000000	        0.0030433045
        0.0597440162	        0.5230316915	        0.7988443118	       -0.1640880550	        0.0002538515	        0.0005454193	        0.0009002509	        0.0135521018	        0.0060090026	        0.0005116263	        0.0053003789	        0.0011585847	        1.0000000000	        0.0005691609	        0.0001878793	        0.1011896383	      100.0000000000	      100.0000000000	        0.0000000000	        0.4413309378	        0.0000000000	        0.0029718480
        0.0672255573	        0.5631760683	        0.7876931017	       -0.1712013732	        0.0003272418	        0.0007586944	        0.0010262892	        0.0144946236	        0.0060318989	        0.0006190036	        0.0056146500	        0.0011101215	        1.0000000000	        0.0004664497	        0.0001839711	        0.1156935728	      100.0000000000	      100.0000000000	        0.0000000000	        0.4349396305	        0.0000000000	        0.0027765315
        0.0754358219	        0.6019753444	        0.7776457114	       -0.1769257787	        0.0004133095	        0.0010171927	        0.0011352077	        0.0152083036	        0.0059396343	        0.0007337221	        0.0058639320	        0.0010539950	        1.0000000000	        0.0003848346	        0.0001795510	        0.1303600005	      100.0000000000	      100.0000000000	        0.0000000000	        0.4292340878	        0.0000000000	        0.0025338296
        0.0844384110	        0.6392634341	        0.7685076154	       -0.1814355485	        0.0005130784	        0.0013197619	        0.0012298548	        0.0156935518	        0.0057463357	        0.0008539468	        0.0060645110	        0.0009959042	        1.0000000000	        0.0003213366	        0.0001743937	        0.1449413968	      100.0000000000	      100.0000000000	        0.0000000000	        0.4240884239	        0.0000000000	        0.0022921448
        0.0943009237	        0.6749505649	        0.7600873851	       -0.1849549676	        0.0006274850	        0.0016634946	        0.0013136064	        0.0159643671	        0.0054726863	        0.0009777538	        0.0062302321	        0.0009392931	        1.0000000000	        0.0002722989	        0.0001683355	        0.1592327998	      100.0000000000	      100.0000000000	        0.0000000000	        0.4193835456	        0.0000000000	        0.0020746228
        0.1050948725	        0.7090079064	        0.7522152212	       -0.1876559657	        0.0007573229	        0.0020441576	        0.0013893647	        0.0160431939	        0.0051414541	        0.0011031981	        0.0063717270	        0.0008859474	        1.0000000000	        0.0002343710	        0.0001617467	        0.1730805470	      100.0000000000	      100.0000000000	        0.0000000000	        0.4150164976	        0.0000000000	        0.0018886354
        0.1168955085	        0.7414523309	        0.7447478458	       -0.1897082155	        0.0009031883	        0.0024565707	        0.0014592064	        0.0159564812	        0.0047742712	        0.0012283598	        0.0064967643	        0.0008366050	        1.0000000000	        0.0002048281	        0.0001544324	        0.1863797946	      100.0000000000	      100.0000000000	        0.0000000000	        0.4109021216	        0.0000000000	        0.0017335412
        0.1297815392	        0.7723326267	        0.7375672116	       -0.1912599467	        0.0010654302	        0.0028948809	        0.0015243987	        0.0157313602	        0.0043897514	        0.0013513753	        0.0066108944	        0.0007914059	        1.0000000000	        0.0001815808	        0.0001468338	        0.1990662576	      100.0000000000	      100.0000000000	        0.0000000000	        0.4069714669	        0.0000000000	        0.0016054486
        0.1438347190	        0.8017178130	        0.7305766732	       -0.1924199869	        0.0012441067	        0.0033527315	        0.0015856172	        0.0153934660	        0.0040027142	        0.0014704597	        0.0067180519	        0.0007501779	        1.0000000000	        0.0001630803	        0.0001390375	        0.2111061431	      100.0000000000	      100.0000000000	        0.0000000000	        0.4031690280	        0.0000000000	        0.0014997812
        0.1591392914	        0.8296877090	        0.7236964087	       -0.1933049109	        0.0014389533	        0.0038233537	        0.0016430956	        0.0149657214	        0.0036241666	        0.0015839246	        0.0068210164	        0.0007126026	        1.0000000000	        0.0001481905	        0.0001310559	        0.2224867437	      100.0000000000	      100.0000000000	        0.0000000000	        0.3994497717	        0.0000000000	        0.0014122487
        0.1757812632	        0.8563255940	        0.7168599780	       -0.1940059870	        0.0016493662	        0.0042996209	        0.0016965433	        0.0144678307	        0.0032617174	        0.0016901970	        0.0069217389	        0.0006783063	        1.0000000000	        0.0001360620	        0.0001232549	        0.2332086619	      100.0000000000	      100.0000000000	        0.0000000000	        0.3957769360	        0.0000000000	        0.0013388432
        0.1938474899	        0.8817126327	        0.7100126950	       -0.1945929136	        0.0018744087	        0.0047740921	        0.0017447573	        0.0139162491	        0.0029201805	        0.0017878419	        0.0070215848	        0.0006469113	        1.0000000000	        0.0001260220	        0.0001161100	        0.2432792729	      100.0000000000	      100.0000000000	        0.0000000000	        0.3921209069	        0.0000000000	        0.0012752908
        0.2134245548	        0.9059236842	        0.7031132071	       -0.1950872030	        0.0021128455	        0.0052390576	        0.0017858187	        0.0133244367	        0.0026022070	        0.0018755905	        0.0071215700	        0.0006180717	        1.0000000000	        0.0001175401	        0.0001100909	        0.2527056475	      100.0000000000	      100.0000000000	        0.0000000000	        0.3884598472	        0.0000000000	        0.0012174511
        0.2345974273	        0.9290241273	        0.6961319226	       -0.1954726229	        0.0023632155	        0.0056865930	        0.0018185576	        0.0127032668	        0.0023088627	        0.0019523754	        0.0072226092	        0.0005915024	        1.0000000000	        0.0001102750	        0.0001053754	        0.2614863043	      100.0000000000	      100.0000000000	        0.0000000000	        0.3847786509	        0.0000000000	        0.0011631400
        0.2574478906	        0.9510673865	        0.6890431520	       -0.1957123371	        0.0026239507	        0.0061086734	        0.0018433969	        0.0120615023	        0.0020401145	        0.0020173726	        0.0073256698	        0.0005669877	        1.0000000000	        0.0001040576	        0.0001021273	        0.2696050344	      100.0000000000	      100.0000000000	        0.0000000000	        0.3810646489	        0.0000000000	        0.0011125532
        0.2820527391	        0.9720929163	        0.6818188836	       -0.1957381423	        0.0028935491	        0.0064974024	        0.0018617911	        0.0114062920	        0.0017952184	        0.0020700507	        0.0074317666	        0.0005443667	        1.0000000000	        0.0000988082	        0.0001000822	        0.2770296938	      100.0000000000	      100.0000000000	        0.0000000000	        0.3773043235	        0.0000000000	        0.0010669698
        0.3084817527	        0.9921244982	        0.6744259776	       -0.1955238793	        0.0031708096	        0.0068453745	        0.0018753901	        0.0107436643	        0.0015730169	        0.0021102235	        0.0075418474	        0.0005235089	        1.0000000000	        0.0000944705	        0.0000988586	        0.2837157870	      100.0000000000	      100.0000000000	        0.0000000000	        0.3734819148	        0.0000000000	        0.0010275809
        0.3367954708	        1.0111688146	        0.6668263569	       -0.1950417530	        0.0034551255	        0.0071461687	        0.0018840232	        0.0100790045	        0.0013721619	        0.0021381041	        0.0076566281	        0.0005042906	        1.0000000000	        0.0000909107	        0.0000986259	        0.2896136964	      100.0000000000	      100.0000000000	        0.0000000000	        0.3695796263	        0.0000000000	        0.0009934115
        0.3670428018	        1.0292144129	        0.6589906049	       -0.1942139385	        0.0037468287	        0.0073948850	        0.0018855720	        0.0094175086	        0.0011912741	        0.0021543528	        0.0077765967	        0.0004865978	        1.0000000000	        0.0000879253	        0.0000997908	        0.2946734676	      100.0000000000	      100.0000000000	        0.0000000000	        0.3655846483	        0.0000000000	        0.0009615786
        0.3992585207	        1.0462313536	        0.6509016142	       -0.1928927078	        0.0040475498	        0.0075886536	        0.0018790978	        0.0087645965	        0.0010290527	        0.0021601068	        0.0079022654	        0.0004703552	        1.0000000000	        0.0000853860	        0.0001025719	        0.2988444499	      100.0000000000	      100.0000000000	        0.0000000000	        0.3614908671	        0.0000000000	        0.0009306021
        0.4334607283	        1.0621720489	        0.6425449813	       -0.1909038774	        0.0043605328	        0.0077271662	        0.0018661155	        0.0081262527	        0.0008843401	        0.0021569788	        0.0080343561	        0.0004555443	        1.0000000000	        0.0000832761	        0.0001066440	        0.3020781002	      100.0000000000	      100.0000000000	        0.0000000000	        0.3572938478	        0.0000000000	        0.0009013361
        0.4696483595	        1.0769739790	        0.6339015086	       -0.1881223472	        0.0046907907	        0.0078132224	        0.0018501326	        0.0075092380	        0.0007561452	        0.0021470032	        0.0081737186	        0.0004421942	        1.0000000000	        0.0000816535	        0.0001113499	        0.3043394135	      100.0000000000	      100.0000000000	        0.0000000000	        0.3529870757	        0.0000000000	        0.0008762046
        0.5077988477	        1.0905650156	        0.6249393996	       -0.1845009354	        0.0050449348	        0.0078531648	        0.0018363676	        0.0069210987	        0.0006436259	        0.0021325114	        0.0083209343	        0.0004303499	        1.0000000000	        0.0000806338	        0.0001157715	        0.3056268635	      100.0000000000	      100.0000000000	        0.0000000000	        0.3485582289	        0.0000000000	        0.0008588247
        0.5478660655	        1.1028717680	        0.6156066883	       -0.1801500316	        0.0054304554	        0.0078570247	        0.0018288073	        0.0063698977	        0.0005460346	        0.0021159298	        0.0084754982	        0.0004200149	        1.0000000000	        0.0000802623	        0.0001192722	        0.3059992453	      100.0000000000	      100.0000000000	        0.0000000000	        0.3439857779	        0.0000000000	        0.0008513492
        0.5897786695	        1.1138305363	        0.6058511671	       -0.1752234855	        0.0058542314	        0.0078380465	        0.0018253826	        0.0058636411	        0.0004626354	        0.0020995135	        0.0086349614	        0.0004111045	        1.0000000000	        0.0000803060	        0.0001220534	        0.3055944326	      100.0000000000	      100.0000000000	        0.0000000000	        0.3392491079	        0.0000000000	        0.0008502174
        0.6334389769	        1.1233991395	        0.5956692096	       -0.1697854654	        0.0063201531	        0.0078112190	        0.0018212738	        0.0054094712	        0.0003926178	        0.0020850673	        0.0087951340	        0.0004034827	        1.0000000000	        0.0000804004	        0.0001250608	        0.3046130723	      100.0000000000	      100.0000000000	        0.0000000000	        0.3343519734	        0.0000000000	        0.0008493010
        0.6787224963	        1.1315666108	        0.5851021942	       -0.1636979654	        0.0068260236	        0.0077910632	        0.0018167706	        0.0050128260	        0.0003350344	        0.0020737284	        0.0089512629	        0.0003970492	        1.0000000000	        0.0000804091	        0.0001283876	        0.3032738091	      100.0000000000	      100.0000000000	        0.0000000000	        0.3293197134	        0.0000000000	        0.0008472926
        0.7254782147	        1.1383574370	        0.5741941547	       -0.1569717529	        0.0073603532	        0.0077895103	        0.0018135032	        0.0046768382	        0.0002887903	        0.0020658855	        0.0090985892	        0.0003917570	        1.0000000000	        0.0000802805	        0.0001313653	        0.3017776246	      100.0000000000	      100.0000000000	        0.0000000000	        0.3241782780	        0.0000000000	        0.0008444161
        0.7735297135	        1.1438283220	        0.5630151561	       -0.1496433660	        0.0079001362	        0.0078143044	        0.0018123495	        0.0044022058	        0.0002526923	        0.0020612638	        0.0092327180	        0.0003876050	        1.0000000000	        0.0000799749	        0.0001336517	        0.3002817983	      100.0000000000	      100.0000000000	        0.0000000000	        0.3189649398	        0.0000000000	        0.0008406662
        0.8226771500	        1.1480579845	        0.5516347849	       -0.1418305655	        0.0084109307	        0.0078683160	        0.0018145627	        0.0041875889	        0.0002255424	        0.0020591388	        0.0093501020	        0.0003846318	        1.0000000000	        0.0000795229	        0.0001350958	        0.2988868000	      100.0000000000	      100.0000000000	        0.0000000000	        0.3137154116	        0.0000000000	        0.0008369358
        0.8727000940	        1.1511328263	        0.5401271822	       -0.1336485863	        0.0088502481	        0.0079499955	        0.0018203055	        0.0040303917	        0.0002062465	        0.0020586005	        0.0094482104	        0.0003828950	        1.0000000000	        0.0000789550	        0.0001360801	        0.2976439597	      100.0000000000	      100.0000000000	        0.0000000000	        0.3084660838	        0.0000000000	        0.0008335884
        0.9233611572	        1.1531321441	        0.5285625593	       -0.1251374400	        0.0091742835	        0.0080547326	        0.0018304642	        0.0039276819	        0.0001939092	        0.0020587877	        0.0095256981	        0.0003824585	        1.0000000000	        0.0000783632	        0.0001366424	        0.2965747926	      100.0000000000	      100.0000000000	        0.0000000000	        0.3032500698	        0.0000000000	        0.0008319579
        0.9744103051	        1.1541157978	        0.5169938929	       -0.1164442164	        0.0093466539	        0.0081767831	        0.0018454837	        0.0038770131	        0.0001879019	        0.0020590527	        0.0095821167	        0.0003833678	        1.0000000000	        0.0000778269	        0.0001385185	        0.2956978104	      100.0000000000	      100.0000000000	        0.0000000000	        0.2980913972	        0.0000000000	        0.0008330440
        1.0255896949	        1.1541157978	        0.5054702049	       -0.1071293637	        0.0093466539	        0.0081678364	        0.0018374622	        0.0038770131	        0.0001879019	        0.0020590527	        0.0096179825	        0.0003856462	        1.0000000000	        0.0000775735	        0.0001443321	        0.2950510800	      100.0000000000	      100.0000000000	       -0.0000000000	        0.2930112770	        0.0000000000	        0.0008267226
        1.0766388428	        1.1531321441	        0.4939767257	       -0.0966359835	        0.0091742835	        0.0080279345	        0.0018246885	        0.0039276819	        0.0001939092	        0.0020587877	        0.0096369769	        0.0003895139	        1.0000000000	        0.0000783767	        0.0001494605	        0.2946046668	      100.0000000000	      100.0000000000	       -0.0000000000	        0.2880022942	        0.0000000000	        0.0008294756
        1.1272999060	        1.1511328263	        0.4823329314	       -0.0861450020	        0.0088502481	        0.0079054259	        0.0018423871	        0.0040303917	        0.0002062465	        0.0020586005	        0.0096404528	        0.0003951034	        1.0000000000	        0.0000803633	        0.0001480586	        0.2943159865	      100.0000000000	      100.0000000000	       -0.0000000000	        0.2829863451	        0.0000000000	        0.0008587495
        1.1773228500	        1.1480579845	        0.4704929617	       -0.0768540577	        0.0084109307	        0.0078069047	        0.0018704300	        0.0041875889	        0.0002255424	        0.0020591388	        0.0096228347	        0.0004021034	        1.0000000000	        0.0000826161	        0.0001426569	        0.2942394502	      100.0000000000	      100.0000000000	       -0.0000000000	        0.2779459542	        0.0000000000	        0.0008962600
        1.2264702865	        1.1438283220	        0.4585546894	       -0.0688642893	        0.0079001362	        0.0077379510	        0.0018945108	        0.0044022058	        0.0002526923	        0.0020612638	        0.0095776413	        0.0004100596	        1.0000000000	        0.0000844254	        0.0001379479	        0.2944423736	      100.0000000000	      100.0000000000	       -0.0000000000	        0.2729246751	        0.0000000000	        0.0009276800
        1.2745217853	        1.1383574370	        0.4466781890	       -0.0617564012	        0.0073603532	        0.0077007253	        0.0019075399	        0.0046768382	        0.0002887903	        0.0020658855	        0.0095019388	        0.0004186123	        1.0000000000	        0.0000854169	        0.0001370020	        0.2949374911	      100.0000000000	      100.0000000000	       -0.0000000000	        0.2679897489	        0.0000000000	        0.0009450301
        1.3212775037	        1.1315666108	        0.4350545026	       -0.0546720373	        0.0068260236	        0.0076923785	        0.0019093400	        0.0050128260	        0.0003350344	        0.0020737284	        0.0093982861	        0.0004276425	        1.0000000000	        0.0000855903	        0.0001405082	        0.2956396957	      100.0000000000	      100.0000000000	       -0.0000000000	        0.2632178263	        0.0000000000	        0.0009478418
        1.3665610231	        1.1233991395	        0.4238193831	       -0.0470893410	        0.0063201531	        0.0077047086	        0.0019076027	        0.0054094712	        0.0003926178	        0.0020850673	        0.0092738946	        0.0004372903	        1.0000000000	        0.0000853756	        0.0001455802	        0.2963625616	      100.0000000000	      100.0000000000	       -0.0000000000	        0.2586595878	        0.0000000000	        0.0009446037
        1.4102213305	        1.1138305363	        0.4130215911	       -0.0391350183	        0.0058542314	        0.0077252700	        0.0019106130	        0.0058636411	        0.0004626354	        0.0020995135	        0.0091373142	        0.0004478151	        1.0000000000	        0.0000852827	        0.0001490274	        0.2968637019	      100.0000000000	      100.0000000000	       -0.0000000000	        0.2543286628	        0.0000000000	        0.0009450652
        1.4521339345	        1.1028717680	        0.4026463436	       -0.0312635261	        0.0054304554	        0.0077393997	        0.0019191562	        0.0063698977	        0.0005460346	        0.0021159298	        0.0089954997	        0.0004594375	        1.0000000000	        0.0000855077	        0.0001505283	        0.2969057984	      100.0000000000	      100.0000000000	       -0.0000000000	        0.2502130204	        0.0000000000	        0.0009517949
        1.4922011523	        1.0905650156	        0.3926858996	       -0.0236716033	        0.0050449348	        0.0077322999	        0.0019288859	        0.0069210987	        0.0006436259	        0.0021325114	        0.0088532992	        0.0004723096	        1.0000000000	        0.0000860201	        0.0001512909	        0.2962916920	      100.0000000000	      100.0000000000	       -0.0000000000	        0.2463039252	        0.0000000000	        0.0009623530
        1.5303516405	        1.0769739790	        0.3831294317	       -0.0164543815	        0.0046907907	        0.0076907628	        0.0019375820	        0.0075092380	        0.0007561452	        0.0021470032	        0.0087142141	        0.0004865675	        1.0000000000	        0.0000868746	        0.0001518162	        0.2948741168	      100.0000000000	      100.0000000000	       -0.0000000000	        0.2425918498	        0.0000000000	        0.0009762943
        1.5665392717	        1.0621720489	        0.3739545792	       -0.0096693205	        0.0043605328	        0.0076044781	        0.0019465840	        0.0081262527	        0.0008843401	        0.0021569788	        0.0085807056	        0.0005023474	        1.0000000000	        0.0000882685	        0.0001518408	        0.2925617627	      100.0000000000	      100.0000000000	       -0.0000000000	        0.2390632800	        0.0000000000	        0.0009965679
        1.6007414793	        1.0462313536	        0.3651101658	       -0.0034766342	        0.0040475498	        0.0074667983	        0.0019555712	        0.0087645965	        0.0010290527	        0.0021601068	        0.0084539770	        0.0005197519	        1.0000000000	        0.0000903111	        0.0001516853	        0.2893240819	      100.0000000000	      100.0000000000	       -0.0000000000	        0.2356943439	        0.0000000000	        0.0010243369
        1.6329571982	        1.0292144129	        0.3565603618	        0.0021515518	        0.0037468287	        0.0072747940	        0.0019576306	        0.0094175086	        0.0011912741	        0.0021543528	        0.0083341682	        0.0005388455	        1.0000000000	        0.0000927923	        0.0001537899	        0.2851803399	      100.0000000000	      100.0000000000	       -0.0000000000	        0.2324678583	        0.0000000000	        0.0010535879
        1.6632045292	        1.0111688146	        0.3483039179	        0.0075710431	        0.0034551255	        0.0070286616	        0.0019506635	        0.0100790045	        0.0013721619	        0.0021381041	        0.0082214355	        0.0005597476	        1.0000000000	        0.0000957000	        0.0001598820	        0.2801675499	      100.0000000000	      100.0000000000	       -0.0000000000	        0.2293801568	        0.0000000000	        0.0010827348
        1.6915182473	        0.9921244982	        0.3403118395	        0.0130487696	        0.0031708096	        0.0067311654	        0.0019403350	        0.0107436643	        0.0015730169	        0.0021102235	        0.0081161611	        0.0005826542	        1.0000000000	        0.0000994005	        0.0001676293	        0.2743276610	      100.0000000000	      100.0000000000	       -0.0000000000	        0.2264174805	        0.0000000000	        0.0011186473
        1.7179472609	        0.9720929163	        0.3325290079	        0.0183990004	        0.0028935491	        0.0063872474	        0.0019301863	        0.0114062920	        0.0017952184	        0.0020700507	        0.0080182210	        0.0006077565	        1.0000000000	        0.0001042047	        0.0001744767	        0.2677159625	      100.0000000000	      100.0000000000	       -0.0000000000	        0.2235569969	        0.0000000000	        0.0011665805
        1.7425521094	        0.9510673865	        0.3248963349	        0.0234444418	        0.0026239507	        0.0060034834	        0.0019193452	        0.0120615023	        0.0020401145	        0.0020173726	        0.0079266678	        0.0006351907	        1.0000000000	        0.0001102432	        0.0001810448	        0.2603998965	      100.0000000000	      100.0000000000	       -0.0000000000	        0.2207752015	        0.0000000000	        0.0012272495
        1.7654025727	        0.9290241273	        0.3173651506	        0.0281376973	        0.0023632155	        0.0055874434	        0.0019048456	        0.0127032668	        0.0023088627	        0.0019523754	        0.0078399173	        0.0006650463	        1.0000000000	        0.0001175570	        0.0001889302	        0.2524474208	      100.0000000000	      100.0000000000	       -0.0000000000	        0.2180531077	        0.0000000000	        0.0012987824
        1.7865754452	        0.9059236842	        0.3098971551	        0.0325509917	        0.0021128455	        0.0051471256	        0.0018842227	        0.0133244367	        0.0026022070	        0.0018755905	        0.0077560706	        0.0006973995	        1.0000000000	        0.0001262320	        0.0001990422	        0.2439147903	      100.0000000000	      100.0000000000	       -0.0000000000	        0.2153760388	        0.0000000000	        0.0013795254
        1.8061525101	        0.8817126327	        0.3024579217	        0.0367361376	        0.0018744087	        0.0046905579	        0.0018563084	        0.0139162491	        0.0029201805	        0.0017878419	        0.0076731045	        0.0007323409	        1.0000000000	        0.0001364670	        0.0002124853	        0.2348402358	      100.0000000000	      100.0000000000	       -0.0000000000	        0.2127311549	        0.0000000000	        0.0014692841
        1.8242187368	        0.8563255940	        0.2950110145	        0.0408432455	        0.0016493662	        0.0042255584	        0.0018206447	        0.0144678307	        0.0032617174	        0.0016901970	        0.0075888814	        0.0007699819	        1.0000000000	        0.0001485741	        0.0002295507	        0.2252436522	      100.0000000000	      100.0000000000	       -0.0000000000	        0.2101053187	        0.0000000000	        0.0015689037
        1.8408607086	        0.8296877090	        0.2875158679	        0.0448799330	        0.0014389533	        0.0037596061	        0.0017766340	        0.0149657214	        0.0036241666	        0.0015839246	        0.0075010594	        0.0008104480	        1.0000000000	        0.0001629512	        0.0002500365	        0.2151294450	      100.0000000000	      100.0000000000	       -0.0000000000	        0.2074843814	        0.0000000000	        0.0016791272
        1.8561652810	        0.8017178130	        0.2799280485	        0.0489039686	        0.0012441067	        0.0032997766	        0.0017235582	        0.0153934660	        0.0040027142	        0.0014704597	        0.0074069884	        0.0008538687	        1.0000000000	        0.0001801123	        0.0002746798	        0.2044901536	      100.0000000000	      100.0000000000	       -0.0000000000	        0.2048533326	        0.0000000000	        0.0018005176
        1.8702184608	        0.7723326267	        0.2721964082	        0.0529233766	        0.0010654302	        0.0028527280	        0.0016611411	        0.0157313602	        0.0043897514	        0.0013513753	        0.0073035833	        0.0009003591	        1.0000000000	        0.0002007928	        0.0003031716	        0.1933111738	      100.0000000000	      100.0000000000	       -0.0000000000	        0.2021953898	        0.0000000000	        0.0019345622
        1.8831044915	        0.7414523309	        0.2642575032	        0.0568939514	        0.0009031883	        0.0024247206	        0.0015894127	        0.0159564812	        0.0047742712	        0.0012283598	        0.0071870900	        0.0009499736	        1.0000000000	        0.0002260357	        0.0003358887	        0.1815781952	      100.0000000000	      100.0000000000	        0.0000000000	        0.1994902215	        0.0000000000	        0.0020837311
        1.8949051275	        0.7090079064	        0.2560317642	        0.0607793718	        0.0007573229	        0.0020216331	        0.0015083047	        0.0160431939	        0.0051414541	        0.0011031981	        0.0070527278	        0.0010026098	        1.0000000000	        0.0002572698	        0.0003737868	        0.1692872292	      100.0000000000	      100.0000000000	        0.0000000000	        0.1967128794	        0.0000000000	        0.0022506390
        1.9056990763	        0.6749505649	        0.2474192441	        0.0645199715	        0.0006274850	        0.0016489287	        0.0014174830	        0.0159643671	        0.0054726863	        0.0009777538	        0.0068942164	        0.0010578422	        1.0000000000	        0.0002964272	        0.0004137949	        0.1564564547	      100.0000000000	      100.0000000000	        0.0000000000	        0.1938326958	        0.0000000000	        0.0024370467
        1.9155615890	        0.6392634341	        0.2382957093	        0.0678018078	        0.0005130784	        0.0013115317	        0.0013162125	        0.0156935518	        0.0057463357	        0.0008539468	        0.0067032041	        0.0011146482	        1.0000000000	        0.0003460582	        0.0004533860	        0.1431392836	      100.0000000000	      100.0000000000	        0.0000000000	        0.1908124324	        0.0000000000	        0.0026418198
        1.9245641781	        0.6019753444	        0.2285100905	        0.0703845230	        0.0004133095	        0.0010135852	        0.0012031586	        0.0152083036	        0.0059396343	        0.0007337221	        0.0064686949	        0.0011709876	        1.0000000000	        0.0004093216	        0.0004965475	        0.1294369780	      100.0000000000	      100.0000000000	        0.0000000000	        0.1876080419	        0.0000000000	        0.0028563767
        1.9327744427	        0.5631760683	        0.2178894524	        0.0721503565	        0.0003272418	        0.0007580821	        0.0010764091	        0.0144946236	        0.0060318989	        0.0006190036	        0.0061768445	        0.0012232516	        1.0000000000	        0.0004896244	        0.0005391674	        0.1155069048	      100.0000000000	      100.0000000000	        0.0000000000	        0.1841710367	        0.0000000000	        0.0030568099
        1.9402559838	        0.5230316915	        0.2062582765	        0.0726360854	        0.0002538515	        0.0005464173	        0.0009344814	        0.0135521018	        0.0060090026	        0.0005116263	        0.0058120019	        0.0012657814	        1.0000000000	        0.0005897232	        0.0005774208	        0.1015603000	      100.0000000000	      100.0000000000	        0.0000000000	        0.1804554514	        0.0000000000	        0.0031962953
        1.9470683933	        0.4817980412	        0.1934768099	        0.0716410775	        0.0001920824	        0.0003779803	        0.0007781926	        0.0123987905	        0.0058684643	        0.0004132474	        0.0053603640	        0.0012909919	        1.0000000000	        0.0007099372	        0.0006171085	        0.0878443895	      100.0000000000	      100.0000000000	        0.0000000000	        0.1764304147	        0.0000000000	        0.0032043137
        1.9532673011	        0.4398294380	        0.1795071797	        0.0691382132	        0.0001408983	        0.0002499631	        0.0006130647	        0.0110742704	        0.0056239014	        0.0003252413	        0.0048173372	        0.0012910039	        1.0000000000	        0.0008457314	        0.0006524778	        0.0746089053	      100.0000000000	      100.0000000000	        0.0000000000	        0.1721001653	        0.0000000000	        0.0030072311
        1.9589044686	        0.3975796347	        0.1644881665	        0.0650170348	        0.0000993297	        0.0001575432	        0.0004506473	        0.0096391014	        0.0053072284	        0.0002485922	        0.0041968041	        0.0012612647	        1.0000000000	        0.0009863682	        0.0006848383	        0.0620703691	      100.0000000000	      100.0000000000	        0.0000000000	        0.1675243067	        0.0000000000	        0.0025781242
        1.9640279170	        0.3555914649	        0.1487708308	        0.0597421997	        0.0000665036	        0.0000944811	        0.0003060380	        0.0081692667	        0.0049672680	        0.0001838049	        0.0035351326	        0.0012045189	        1.0000000000	        0.0011169462	        0.0007136704	        0.0504007779	      100.0000000000	      100.0000000000	        0.0000000000	        0.1628233103	        0.0000000000	        0.0019826021
        1.9686820816	        0.3147416108	        0.1328631663	        0.0535987631	        0.0000470814	        0.0000540933	        0.0001920637	        0.0067567771	        0.0046683037	        0.0001312364	        0.0028823525	        0.0011314062	        1.0000000000	        0.0012243452	        0.0007353622	        0.0397879841	      100.0000000000	      100.0000000000	        0.0000000000	        0.1581557809	        0.0000000000	        0.0013638831
        1.9729079831	        0.2758662653	        0.1172878524	        0.0471684242	        0.0000332418	        0.0000296647	        0.0001121182	        0.0054607905	        0.0044434186	        0.0000904000	        0.0022834383	        0.0010560271	        1.0000000000	        0.0013032797	        0.0007591838	        0.0303595689	      100.0000000000	      100.0000000000	        0.0000000000	        0.1536730345	        0.0000000000	        0.0008475041
        1.9767434111	        0.2392597842	        0.1024409268	        0.0408980249	        0.0000223411	        0.0000156321	        0.0000615160	        0.0043085696	        0.0043077434	        0.0000598211	        0.0017647050	        0.0009904337	        1.0000000000	        0.0013569800	        0.0007831717	        0.0222211671	      100.0000000000	      100.0000000000	        0.0000000000	        0.1494795490	        0.0000000000	        0.0004841606
        1.9802231129	        0.2050490173	        0.0885447070	        0.0350141888	        0.0000141812	        0.0000079644	        0.0000321781	        0.0033131895	        0.0042682686	        0.0000377974	        0.0013332943	        0.0009420364	        1.0000000000	        0.0013931794	        0.0008032183	        0.0154787209	      100.0000000000	      100.0000000000	        0.0000000000	        0.1456243564	        0.0000000000	        0.0002600131
        1.9833789852	        0.1733098355	        0.0756728588	        0.0295627153	        0.0000084347	        0.0000039594	        0.0000163076	        0.0024770500	        0.0043242313	        0.0000226281	        0.0009840734	        0.0009137958	        1.0000000000	        0.0014202460	        0.0008164824	        0.0101835527	      100.0000000000	      100.0000000000	        0.0000000000	        0.1421130160	        0.0000000000	        0.0001343327
        1.9862402627	        0.1440555631	        0.0638001790	        0.0244949939	        0.0000046578	        0.0000019361	        0.0000081155	        0.0017933881	        0.0044688244	        0.0000127029	        0.0007066570	        0.0009064881	        1.0000000000	        0.0014454254	        0.0008361884	        0.0062724515	      100.0000000000	      100.0000000000	        0.0000000000	        0.1389247005	        0.0000000000	        0.0000680357
        1.9888337046	        0.1172361386	        0.0528438630	        0.0199404477	        0.0000023576	        0.0000009305	        0.0000039788	        0.0012490763	        0.0046914788	        0.0000065880	        0.0004897673	        0.0009208855	        1.0000000000	        0.0014744163	        0.0008673586	        0.0035713485	      100.0000000000	      100.0000000000	        0.0000000000	        0.1360251031	        0.0000000000	        0.0000340250
        1.9911837738	        0.0927485581	        0.0426959835	        0.0158058165	        0.0000010717	        0.0000004317	        0.0000018936	        0.0008276828	        0.0049800020	        0.0000030854	        0.0003231970	        0.0009588059	        1.0000000000	        0.0015123939	        0.0009077472	        0.0018425623	      100.0000000000	      100.0000000000	        0.0000000000	        0.1333757087	        0.0000000000	        0.0000166104
        1.9933128092	        0.0704536354	        0.0332299483	        0.0120989128	        0.0000004225	        0.0000001851	        0.0000008391	        0.0005119512	        0.0053221295	        0.0000012573	        0.0001983888	        0.0010243345	        1.0000000000	        0.0015633714	        0.0009619898	        0.0008326132	      100.0000000000	      100.0000000000	        0.0000000000	        0.1309355494	        0.0000000000	        0.0000076087
        1.9952411902	        0.0501930334	        0.0243299510	        0.0087409600	        0.0000001354	        0.0000000674	        0.0000003188	        0.0002853812	        0.0057064115	        0.0000004173	        0.0001084244	        0.0011262378	        1.0000000000	        0.0016306825	        0.0010157063	        0.0003090032	      100.0000000000	      100.0000000000	        0.0000000000	        0.1286686199	        0.0000000000	        0.0000030155
        1.9969874916	        0.0318028097	        0.0158803805	        0.0055559033	        0.0000000309	        0.0000000176	        0.0000000874	        0.0001330130	        0.0061225820	        0.0000000985	        0.0000478539	        0.0012840569	        1.0000000000	        0.0017169408	        0.0010603846	        0.0000816646	      100.0000000000	      100.0000000000	        0.0000000000	        0.1265407750	        0.0000000000	        0.0000008704
        1.9985686299	        0.0151224499	        0.0077889718	        0.0024157085	        0.0000000035	        0.0000000020	        0.0000000103	        0.0000416842	        0.0065616201	        0.0000000115	        0.0000125802	        0.0015487399	        1.0000000000	        0.0018207082	        0.0010974693	        0.0000099643	      100.0000000000	      100.0000000000	       -0.0000000000	        0.1245252382	        0.0000000000	        0.0000001090
        2.0000000000	        0.0000000000	        0.0000000000	       -0.0007522514	        0.0000000000	        0.0000000000	        0.0000000000	        0.0000000000	        0.0070156685	        0.0000000000	        0.0000000000	        0.0021173160	        1.0000000000	        0.0019368961	        0.0011228176	        0.0000000000	      100.0000000000	      100.0000000000	       -0.0000000000	        0.1226053640	        0.0000000000	        0.0000000000
