        0.0000000000	        0.0000000000	        1.0000000000	        0.0005154868	        0.0000000000	        0.0000000000	        0.0000000000	        0.0000000000	        0.0070156685	        0.0000000000	        0.0000000000	        0.0000002819	        1.0000000000	        0.0011363452	        0.0008908055	        0.0000000000	       10.0000000000	       10.0000000000	        0.0000000000	        0.8108820369	        0.0000000000
        0.0014313701	        0.0151224499	        0.9969179410	       -0.0000335531	        0.0000000035	        0.0000000016	        0.0000000032	        0.0000416842	        0.0065616201	        0.0000000115	        0.0000000012	        0.0000002104	        1.0000000000	        0.0009867499	        0.0008479337	        0.0000068364	       10.0000000000	       10.0000000000	        0.0000000000	        0.8078867092	        0.0000867516
        0.0030125084	        0.0318028097	        0.9939754353	       -0.0003320503	        0.0000000309	        0.0000000134	        0.0000000231	        0.0001330130	        0.0061225820	        0.0000000985	        0.0000000045	        0.0000001898	        1.0000000000	        0.0008484398	        0.0007873339	        0.0000522884	       10.0000000000	       10.0000000000	        0.0000000000	        0.8050338990	        0.0006609904
        0.0047588098	        0.0501930334	        0.9911962425	       -0.0004456381	        0.0000001354	        0.0000000465	        0.0000000683	        0.0002853812	        0.0057064115	        0.0000004173	        0.0000000104	        0.0000001857	        1.0000000000	        0.0007232268	        0.0006994013	        0.0001803510	       10.0000000000	       10.0000000000	        0.0000000000	        0.8023455981	        0.0022703926
        0.0066871908	        0.0704536354	        0.9885891192	       -0.0005094936	        0.0000004225	        0.0000001138	        0.0000001418	        0.0005119512	        0.0053221295	        0.0000012573	        0.0000000194	        0.0000001877	        1.0000000000	        0.0006136001	        0.0005890641	        0.0004438648	       10.0000000000	       10.0000000000	        0.0000000000	        0.7998291859	        0.0055608208
        0.0088162262	        0.0927485581	        0.9861503656	       -0.0006474075	        0.0000010717	        0.0000002357	        0.0000002488	        0.0008276828	        0.0049800020	        0.0000030854	        0.0000000322	        0.0000001936	        1.0000000000	        0.0005199146	        0.0004884139	        0.0009080468	       10.0000000000	       10.0000000000	        0.0000000000	        0.7974800531	        0.0113091546
        0.0111662954	        0.1172361386	        0.9838692563	       -0.0007954615	        0.0000023576	        0.0000004523	        0.0000004059	        0.0012490763	        0.0046914788	        0.0000065880	        0.0000000502	        0.0000002048	        1.0000000000	        0.0004420304	        0.0004112382	        0.0016446085	       10.0000000000	       10.0000000000	        0.0000000000	        0.7952869389	        0.0203299204
        0.0137597373	        0.1440555631	        0.9817214346	       -0.0009559305	        0.0000046578	        0.0000008430	        0.0000006487	        0.0017933881	        0.0044688244	        0.0000127029	        0.0000000760	        0.0000002254	        1.0000000000	        0.0003790658	        0.0003478075	        0.0027123638	       10.0000000000	       10.0000000000	        0.0000000000	        0.7932256493	        0.0332125159
        0.0166210148	        0.1733098355	        0.9796783902	       -0.0011410464	        0.0000084347	        0.0000015586	        0.0000010426	        0.0024770500	        0.0043242313	        0.0000226281	        0.0000001141	        0.0000002608	        1.0000000000	        0.0003295066	        0.0002980029	        0.0041363051	       10.0000000000	       10.0000000000	        0.0000000000	        0.7912682239	        0.0500580024
        0.0197768871	        0.2050490173	        0.9777028071	       -0.0013401466	        0.0000141812	        0.0000028686	        0.0000016983	        0.0033131895	        0.0042682686	        0.0000377974	        0.0000001716	        0.0000003178	        1.0000000000	        0.0002916320	        0.0002598633	        0.0059057118	       10.0000000000	       10.0000000000	        0.0000000000	        0.7893784978	        0.0704780863
        0.0232565889	        0.2392597842	        0.9757560692	       -0.0015683202	        0.0000223411	        0.0000052226	        0.0000027924	        0.0043085696	        0.0043077434	        0.0000598211	        0.0000002603	        0.0000004061	        1.0000000000	        0.0002633924	        0.0002307892	        0.0079943353	       10.0000000000	       10.0000000000	        0.0000000000	        0.7875193087	        0.0938702139
        0.0270920169	        0.2758662653	        0.9737974375	       -0.0018235612	        0.0000332418	        0.0000093237	        0.0000045956	        0.0054607905	        0.0044434186	        0.0000904000	        0.0000003977	        0.0000005377	        1.0000000000	        0.0002428064	        0.0002105714	        0.0103857482	       10.0000000000	       10.0000000000	        0.0000000000	        0.7856517091	        0.1197263340
        0.0313179184	        0.3147416108	        0.9717886162	       -0.0020950402	        0.0000470814	        0.0000162059	        0.0000074936	        0.0067567771	        0.0046683037	        0.0001312364	        0.0000006096	        0.0000007275	        1.0000000000	        0.0002277818	        0.0001962244	        0.0130866307	       10.0000000000	       10.0000000000	        0.0000000000	        0.7837393221	        0.1477623698
        0.0359720830	        0.3555914649	        0.9696973896	       -0.0023915909	        0.0000665036	        0.0000272867	        0.0000119888	        0.0081692667	        0.0049672680	        0.0001838049	        0.0000009305	        0.0000009913	        1.0000000000	        0.0002164346	        0.0001852858	        0.0161200705	       10.0000000000	       10.0000000000	        0.0000000000	        0.7817517852	        0.1778090117
        0.0410955314	        0.3975796347	        0.9674989544	       -0.0027124001	        0.0000993297	        0.0000442610	        0.0000186198	        0.0096391014	        0.0053072284	        0.0002485922	        0.0000014020	        0.0000013414	        1.0000000000	        0.0002072319	        0.0001775403	        0.0194971170	       10.0000000000	       10.0000000000	        0.0000000000	        0.7796659816	        0.2095096794
        0.0467326989	        0.4398294380	        0.9651770832	       -0.0030392471	        0.0001408983	        0.0000687909	        0.0000277965	        0.0110742704	        0.0056239014	        0.0003252413	        0.0000020673	        0.0000017820	        1.0000000000	        0.0001990506	        0.0001725966	        0.0231961745	       10.0000000000	       10.0000000000	        0.0000000000	        0.7774670979	        0.2421758988
        0.0529316067	        0.4817980412	        0.9627230352	       -0.0033471247	        0.0001920824	        0.0001024510	        0.0000397760	        0.0123987905	        0.0058684643	        0.0004132474	        0.0000029675	        0.0000023089	        1.0000000000	        0.0001912531	        0.0001688631	        0.0271911507	       10.0000000000	       10.0000000000	        0.0000000000	        0.7751475368	        0.2751208694
        0.0597440162	        0.5230316915	        0.9601324649	       -0.0036298214	        0.0002538515	        0.0001465204	        0.0000546233	        0.0135521018	        0.0060090026	        0.0005116263	        0.0000041396	        0.0000029121	        1.0000000000	        0.0001836469	        0.0001658651	        0.0314418923	       10.0000000000	       10.0000000000	        0.0000000000	        0.7727039457	        0.3076180679
        0.0672255573	        0.5631760683	        0.9574013615	       -0.0038624027	        0.0003272418	        0.0002018626	        0.0000722657	        0.0144946236	        0.0060318989	        0.0006190036	        0.0000056199	        0.0000035811	        1.0000000000	        0.0001763520	        0.0001633586	        0.0358975132	       10.0000000000	       10.0000000000	        0.0000000000	        0.7701333616	        0.3389794034
        0.0754358219	        0.6019753444	        0.9545222327	       -0.0040431785	        0.0004133095	        0.0002688778	        0.0000925894	        0.0152083036	        0.0059396343	        0.0007337221	        0.0000074514	        0.0000043106	        1.0000000000	        0.0001696330	        0.0001613691	        0.0405037249	       10.0000000000	       10.0000000000	        0.0000000000	        0.7674296319	        0.3686394061
        0.0844384110	        0.6392634341	        0.9514815597	       -0.0041507933	        0.0005130784	        0.0003475248	        0.0001155223	        0.0156935518	        0.0057463357	        0.0008539468	        0.0000096915	        0.0000051022	        1.0000000000	        0.0001637511	        0.0001598128	        0.0452110722	       10.0000000000	       10.0000000000	        0.0000000000	        0.7645810778	        0.3962090603
        0.0943009237	        0.6749505649	        0.9482589066	       -0.0041938149	        0.0006274850	        0.0004373860	        0.0001410646	        0.0159643671	        0.0054726863	        0.0009777538	        0.0000124165	        0.0000059639	        1.0000000000	        0.0001588755	        0.0001583841	        0.0499803356	       10.0000000000	       10.0000000000	        0.0000000000	        0.7615697454	        0.4214795636
        0.1050948725	        0.7090079064	        0.9448273865	       -0.0041713777	        0.0007573229	        0.0005377447	        0.0001692678	        0.0160431939	        0.0051414541	        0.0011031981	        0.0000157223	        0.0000069066	        1.0000000000	        0.0001550608	        0.0001572469	        0.0547834843	       10.0000000000	       10.0000000000	        0.0000000000	        0.7583719455	        0.4443858105
        0.1168955085	        0.7414523309	        0.9411548150	       -0.0040936590	        0.0009031883	        0.0006476462	        0.0002001853	        0.0159564812	        0.0047742712	        0.0012283598	        0.0000197205	        0.0000079412	        1.0000000000	        0.0001522644	        0.0001562643	        0.0596013055	       10.0000000000	       10.0000000000	        0.0000000000	        0.7549594426	        0.4649556431
        0.1297815392	        0.7723326267	        0.9372050958	       -0.0039711459	        0.0010654302	        0.0007659311	        0.0002338180	        0.0157313602	        0.0043897514	        0.0013513753	        0.0000245335	        0.0000090756	        1.0000000000	        0.0001503808	        0.0001553178	        0.0644200114	       10.0000000000	       10.0000000000	        0.0000000000	        0.7513008597	        0.4832665536
        0.1438347190	        0.8017178130	        0.9329394613	       -0.0038239483	        0.0012441067	        0.0008912462	        0.0002700696	        0.0153934660	        0.0040027142	        0.0014704597	        0.0000302876	        0.0000103134	        1.0000000000	        0.0001492732	        0.0001546650	        0.0692285689	       10.0000000000	       10.0000000000	        0.0000000000	        0.7473629443	        0.4994179708
        0.1591392914	        0.8296877090	        0.9283175869	       -0.0036501300	        0.0014389533	        0.0010220445	        0.0003087245	        0.0149657214	        0.0036241666	        0.0015839246	        0.0000371065	        0.0000116525	        1.0000000000	        0.0001488008	        0.0001541789	        0.0740173698	       10.0000000000	       10.0000000000	        0.0000000000	        0.7431117166	        0.5135172130
        0.1757812632	        0.8563255940	        0.9232982328	       -0.0034754820	        0.0016493662	        0.0011565861	        0.0003494245	        0.0144678307	        0.0032617174	        0.0016901970	        0.0000451053	        0.0000130851	        1.0000000000	        0.0001488262	        0.0001537492	        0.0787780316	       10.0000000000	       10.0000000000	        0.0000000000	        0.7385131793	        0.5256734257
        0.1938474899	        0.8817126327	        0.9178404026	       -0.0033035547	        0.0018744087	        0.0012929487	        0.0003916894	        0.0139162491	        0.0029201805	        0.0017878419	        0.0000543876	        0.0000145985	        1.0000000000	        0.0001492329	        0.0001535631	        0.0835037303	       10.0000000000	       10.0000000000	        0.0000000000	        0.7335344998	        0.5359952169
        0.2134245548	        0.9059236842	        0.9119031630	       -0.0031448386	        0.0021128455	        0.0014290514	        0.0004349775	        0.0133244367	        0.0026022070	        0.0018755905	        0.0000650477	        0.0000161768	        1.0000000000	        0.0001499419	        0.0001535059	        0.0881895293	       10.0000000000	       10.0000000000	        0.0000000000	        0.7281439650	        0.5445881736
        0.2345974273	        0.9290241273	        0.9054453494	       -0.0030089327	        0.0023632155	        0.0015626964	        0.0004786937	        0.0127032668	        0.0023088627	        0.0019523754	        0.0000771718	        0.0000178020	        1.0000000000	        0.0001508992	        0.0001536198	        0.0928327133	       10.0000000000	       10.0000000000	        0.0000000000	        0.7223108462	        0.5515529500
        0.2574478906	        0.9510673865	        0.8984258303	       -0.0029018566	        0.0026239507	        0.0016916320	        0.0005222207	        0.0120615023	        0.0020401145	        0.0020173726	        0.0000908416	        0.0000194551	        1.0000000000	        0.0001520730	        0.0001540135	        0.0974330970	       10.0000000000	       10.0000000000	        0.0000000000	        0.7160057852	        0.5569842579
        0.2820527391	        0.9720929163	        0.8908030891	       -0.0028220943	        0.0028935491	        0.0018136403	        0.0005649660	        0.0114062920	        0.0017952184	        0.0020700507	        0.0001061410	        0.0000211172	        1.0000000000	        0.0001534529	        0.0001544536	        0.1019935156	       10.0000000000	       10.0000000000	        0.0000000000	        0.7092005733	        0.5609702600
        0.3084817527	        0.9921244982	        0.8825351166	       -0.0027982293	        0.0031708096	        0.0019266591	        0.0006063675	        0.0107436643	        0.0015730169	        0.0021102235	        0.0001231601	        0.0000227701	        1.0000000000	        0.0001550369	        0.0001551011	        0.1065209149	       10.0000000000	       10.0000000000	        0.0000000000	        0.7018682301	        0.5635934604
        0.3367954708	        1.0111688146	        0.8735799843	       -0.0028149610	        0.0034551255	        0.0020289384	        0.0006458880	        0.0100790045	        0.0013721619	        0.0021381041	        0.0001419976	        0.0000243955	        1.0000000000	        0.0001568167	        0.0001559936	        0.1110281486	       10.0000000000	       10.0000000000	        0.0000000000	        0.6939836938	        0.5649328617
        0.3670428018	        1.0292144129	        0.8638974088	       -0.0028960604	        0.0037468287	        0.0021192267	        0.0006830867	        0.0094175086	        0.0011912741	        0.0021543528	        0.0001627704	        0.0000259764	        1.0000000000	        0.0001587824	        0.0001570545	        0.1155361185	       10.0000000000	       10.0000000000	        0.0000000000	        0.6855253621	        0.5650665105
        0.3992585207	        1.0462313536	        0.8534492726	       -0.0030340331	        0.0040475498	        0.0021969862	        0.0007176248	        0.0087645965	        0.0010290527	        0.0021601068	        0.0001856133	        0.0000274961	        1.0000000000	        0.0001609067	        0.0001583604	        0.1200765223	       10.0000000000	       10.0000000000	        0.0000000000	        0.6764756650	        0.5640732287
        0.4334607283	        1.0621720489	        0.8422035996	       -0.0032393539	        0.0043605328	        0.0022626178	        0.0007491842	        0.0081262527	        0.0008843401	        0.0021569788	        0.0002106656	        0.0000289363	        1.0000000000	        0.0001631103	        0.0001598349	        0.1246950096	       10.0000000000	       10.0000000000	       -0.0000000000	        0.6668245572	        0.5620361597
        0.4696483595	        1.0769739790	        0.8301409623	       -0.0035020899	        0.0046907907	        0.0023176430	        0.0007775845	        0.0075092380	        0.0007561452	        0.0021470032	        0.0002380853	        0.0000302813	        1.0000000000	        0.0001652742	        0.0001616160	        0.1294524184	       10.0000000000	       10.0000000000	       -0.0000000000	        0.6565748402	        0.5590445820
        0.5077988477	        1.0905650156	        0.8172588722	       -0.0037914764	        0.0050449348	        0.0023647899	        0.0008029228	        0.0069210987	        0.0006436259	        0.0021325114	        0.0002680756	        0.0000315230	        1.0000000000	        0.0001672573	        0.0001636624	        0.1344220645	       10.0000000000	       10.0000000000	       -0.0000000000	        0.6457453892	        0.5551901307
        0.5478660655	        1.1028717680	        0.8035769012	       -0.0040730359	        0.0054304554	        0.0024079113	        0.0008256022	        0.0063698977	        0.0005460346	        0.0021159298	        0.0003008897	        0.0000326655	        1.0000000000	        0.0001689018	        0.0001660340	        0.1396810080	       10.0000000000	       10.0000000000	       -0.0000000000	        0.6343746180	        0.5505599754
        0.5897786695	        1.1138305363	        0.7891407553	       -0.0042688958	        0.0058542314	        0.0024516626	        0.0008463384	        0.0058636411	        0.0004626354	        0.0020995135	        0.0003368016	        0.0000337263	        1.0000000000	        0.0001700542	        0.0001686812	        0.1452925283	       10.0000000000	       10.0000000000	       -0.0000000000	        0.6225226327	        0.5452268665
        0.6334389769	        1.1233991395	        0.7740234974	       -0.0043116492	        0.0063201531	        0.0025009036	        0.0008659803	        0.0054094712	        0.0003926178	        0.0020850673	        0.0003760148	        0.0000347342	        1.0000000000	        0.0001705749	        0.0001716190	        0.1512789007	       10.0000000000	       10.0000000000	       -0.0000000000	        0.6102706682	        0.5392387583
        0.6787224963	        1.1315666108	        0.7583265299	       -0.0040802788	        0.0068260236	        0.0025598357	        0.0008853908	        0.0050128260	        0.0003350344	        0.0020737284	        0.0004185811	        0.0000357321	        1.0000000000	        0.0001703832	        0.0001748304	        0.1575854936	       10.0000000000	       10.0000000000	       -0.0000000000	        0.5977201026	        0.5326143542
        0.7254782147	        1.1383574370	        0.7421702408	       -0.0034802504	        0.0073603532	        0.0026310142	        0.0009055518	        0.0046768382	        0.0002887903	        0.0020658855	        0.0004644203	        0.0000367860	        1.0000000000	        0.0001695485	        0.0001783530	        0.1640434347	       10.0000000000	       10.0000000000	       -0.0000000000	        0.5849832153	        0.5253423169
        0.7735297135	        1.1438283220	        0.7256738066	       -0.0023846662	        0.0079001362	        0.0027145190	        0.0009276616	        0.0044022058	        0.0002526923	        0.0020612638	        0.0005134000	        0.0000379933	        1.0000000000	        0.0001683452	        0.0001821773	        0.1703480246	       10.0000000000	       10.0000000000	       -0.0000000000	        0.5721661977	        0.5173868434
        0.8226771500	        1.1480579845	        0.7089293969	       -0.0007490031	        0.0084109307	        0.0028076299	        0.0009530233	        0.0041875889	        0.0002255424	        0.0020591388	        0.0005653900	        0.0000394811	        1.0000000000	        0.0001672121	        0.0001861310	        0.1760736432	       10.0000000000	       10.0000000000	       -0.0000000000	        0.5593493757	        0.5086989533
        0.8727000940	        1.1511328263	        0.6919853731	        0.0014269547	        0.0088502481	        0.0029052450	        0.0009827753	        0.0040303917	        0.0002062465	        0.0020586005	        0.0006203002	        0.0000413987	        1.0000000000	        0.0001666385	        0.0001902582	        0.1807352866	       10.0000000000	       10.0000000000	       -0.0000000000	        0.5465760634	        0.4992324322
        0.9233611572	        1.1531321441	        0.6748428085	        0.0040824966	        0.0091742835	        0.0030010494	        0.0010175674	        0.0039276819	        0.0001939092	        0.0020587877	        0.0006782377	        0.0000439193	        1.0000000000	        0.0001670298	        0.0001944451	        0.1838858785	       10.0000000000	       10.0000000000	       -0.0000000000	        0.5338524884	        0.4889574717
        0.9744103051	        1.1541157978	        0.6574696239	        0.0070921635	        0.0093466539	        0.0030891759	        0.0010612278	        0.0038770131	        0.0001879019	        0.0020590527	        0.0007400792	        0.0000472704	        1.0000000000	        0.0001692271	        0.0001987000	        0.1852212882	       10.0000000000	       10.0000000000	       -0.0000000000	        0.5211607762	        0.4778738190
        1.0255896949	        1.1541157978	        0.6396943366	        0.0102040118	        0.0093466539	        0.0031117700	        0.0011028349	        0.0038770131	        0.0001879019	        0.0020590527	        0.0008055758	        0.0000516046	        1.0000000000	        0.0001745850	        0.0002030731	        0.1846803098	       10.0000000000	       10.0000000000	       -0.0000000000	        0.5083851595	        0.4659467707
        1.0766388428	        1.1531321441	        0.6212083123	        0.0130091411	        0.0091742835	        0.0030690201	        0.0011416134	        0.0039276819	        0.0001939092	        0.0020587877	        0.0008749008	        0.0000571279	        1.0000000000	        0.0001832413	        0.0002075124	        0.1823610609	       10.0000000000	       10.0000000000	       -0.0000000000	        0.4953219953	        0.4530691675
        1.1272999060	        1.1511328263	        0.6018285821	        0.0152195078	        0.0088502481	        0.0030204746	        0.0011887298	        0.0040303917	        0.0002062465	        0.0020586005	        0.0009477086	        0.0000640428	        1.0000000000	        0.0001938706	        0.0002120016	        0.1784974366	       10.0000000000	       10.0000000000	       -0.0000000000	        0.4818696056	        0.4392356970
        1.1773228500	        1.1480579845	        0.5815512955	        0.0167179120	        0.0084109307	        0.0029729873	        0.0012394702	        0.0041875889	        0.0002255424	        0.0020591388	        0.0010209561	        0.0000723539	        1.0000000000	        0.0002053747	        0.0002163969	        0.1734925781	       10.0000000000	       10.0000000000	       -0.0000000000	        0.4680572814	        0.4246026556
        1.2264702865	        1.1438283220	        0.5604514676	        0.0174401575	        0.0079001362	        0.0029330624	        0.0012931852	        0.0044022058	        0.0002526923	        0.0020612638	        0.0010927823	        0.0000820969	        1.0000000000	        0.0002171918	        0.0002208076	        0.1678014510	       10.0000000000	       10.0000000000	       -0.0000000000	        0.4539675616	        0.4093953914
        1.2745217853	        1.1383574370	        0.5386653715	        0.0174318677	        0.0073603532	        0.0029055601	        0.0013498509	        0.0046768382	        0.0002887903	        0.0020658855	        0.0011623405	        0.0000933102	        1.0000000000	        0.0002288547	        0.0002252289	        0.1618579911	       10.0000000000	       10.0000000000	       -0.0000000000	        0.4397192628	        0.3938830016
        1.3212775037	        1.1315666108	        0.5163771874	        0.0167418649	        0.0068260236	        0.0028927983	        0.0014091412	        0.0050128260	        0.0003350344	        0.0020737284	        0.0012290827	        0.0001059752	        1.0000000000	        0.0002399608	        0.0002295836	        0.1560168701	       10.0000000000	       10.0000000000	       -0.0000000000	        0.4254543603	        0.3783491770
        1.3665610231	        1.1233991395	        0.4938045428	        0.0154918354	        0.0063201531	        0.0028941623	        0.0014696807	        0.0054094712	        0.0003926178	        0.0020850673	        0.0012919985	        0.0001199517	        1.0000000000	        0.0002501521	        0.0002340217	        0.1505174122	       10.0000000000	       10.0000000000	       -0.0000000000	        0.4113252747	        0.3630586064
        1.4102213305	        1.1138305363	        0.4711873997	        0.0138279333	        0.0058542314	        0.0029062698	        0.0015289673	        0.0058636411	        0.0004626354	        0.0020995135	        0.0013493705	        0.0001349515	        1.0000000000	        0.0002591590	        0.0002384636	        0.1454758104	       10.0000000000	       10.0000000000	       -0.0000000000	        0.3974855966	        0.3482304212
        1.4521339345	        1.1028717680	        0.4487657839	        0.0118952355	        0.0054304554	        0.0029236676	        0.0015842104	        0.0063698977	        0.0005460346	        0.0021159298	        0.0013991529	        0.0001505773	        1.0000000000	        0.0002669247	        0.0002431448	        0.1409047424	       10.0000000000	       10.0000000000	       -0.0000000000	        0.3840754872	        0.3340198753
        1.4922011523	        1.0905650156	        0.4267508058	        0.0098691488	        0.0050449348	        0.0029398608	        0.0016327006	        0.0069210987	        0.0006436259	        0.0021325114	        0.0014393210	        0.0001663694	        1.0000000000	        0.0002735796	        0.0002478524	        0.1367493543	       10.0000000000	       10.0000000000	       -0.0000000000	        0.3712054132	        0.3205131286
        1.5303516405	        1.0769739790	        0.4053154596	        0.0078091990	        0.0046907907	        0.0029483329	        0.0016718542	        0.0075092380	        0.0007561452	        0.0021470032	        0.0014680866	        0.0001818454	        1.0000000000	        0.0002793353	        0.0002527096	        0.1329232036	       10.0000000000	       10.0000000000	       -0.0000000000	        0.3589536112	        0.3077412422
        1.5665392717	        1.0621720489	        0.3845909045	        0.0058505493	        0.0043605328	        0.0029433554	        0.0016996051	        0.0081262527	        0.0008843401	        0.0021569788	        0.0014841389	        0.0001965434	        1.0000000000	        0.0002844522	        0.0002581943	        0.1293346415	       10.0000000000	       10.0000000000	       -0.0000000000	        0.3473672938	        0.2956967320
        1.6007414793	        1.0462313536	        0.3646675062	        0.0040569758	        0.0040475498	        0.0029204985	        0.0017143890	        0.0087645965	        0.0010290527	        0.0021601068	        0.0014867162	        0.0002100457	        1.0000000000	        0.0002891721	        0.0002641208	        0.1259023260	       10.0000000000	       10.0000000000	       -0.0000000000	        0.3364665239	        0.2843480692
        1.6329571982	        1.0292144129	        0.3456040609	        0.0024730794	        0.0037468287	        0.0028768324	        0.0017151356	        0.0094175086	        0.0011912741	        0.0021543528	        0.0014756268	        0.0002219961	        1.0000000000	        0.0002936891	        0.0002704155	        0.1225611551	       10.0000000000	       10.0000000000	        0.0000000000	        0.3262520613	        0.2736520922
        1.6632045292	        1.0111688146	        0.3274330829	        0.0011063075	        0.0034551255	        0.0028109080	        0.0017016286	        0.0100790045	        0.0013721619	        0.0021381041	        0.0014512620	        0.0002321161	        1.0000000000	        0.0002982099	        0.0002779047	        0.1192622451	       10.0000000000	       10.0000000000	        0.0000000000	        0.3167102372	        0.2635597929
        1.6915182473	        0.9921244982	        0.3101617286	        0.0000597913	        0.0031708096	        0.0027226089	        0.0016741883	        0.0107436643	        0.0015730169	        0.0021102235	        0.0014143854	        0.0002401872	        1.0000000000	        0.0003029166	        0.0002859742	        0.1159705275	       10.0000000000	       10.0000000000	        0.0000000000	        0.3078150066	        0.2540177591
        1.7179472609	        0.9720929163	        0.2937819669	       -0.0007758197	        0.0028935491	        0.0026129052	        0.0016330670	        0.0114062920	        0.0017952184	        0.0020700507	        0.0013659071	        0.0002460229	        1.0000000000	        0.0003078820	        0.0002937294	        0.1126604637	       10.0000000000	       10.0000000000	       -0.0000000000	        0.2995343365	        0.2449715644
        1.7425521094	        0.9510673865	        0.2782792118	       -0.0014057777	        0.0026239507	        0.0024835729	        0.0015785279	        0.0120615023	        0.0020401145	        0.0020173726	        0.0013069014	        0.0002494798	        1.0000000000	        0.0003130973	        0.0003023621	        0.1093104648	       10.0000000000	       10.0000000000	       -0.0000000000	        0.2918350886	        0.2363663924
        1.7654025727	        0.9290241273	        0.2636355803	       -0.0018094523	        0.0023632155	        0.0023369462	        0.0015112700	        0.0127032668	        0.0023088627	        0.0019523754	        0.0012387337	        0.0002504962	        1.0000000000	        0.0003185644	        0.0003124268	        0.1058980953	       10.0000000000	       10.0000000000	       -0.0000000000	        0.2846847534	        0.2281448631
        1.7865754452	        0.9059236842	        0.2498271193	       -0.0019539499	        0.0021128455	        0.0021757331	        0.0014326424	        0.0133244367	        0.0026022070	        0.0018755905	        0.0011630949	        0.0002491178	        1.0000000000	        0.0003243666	        0.0003232658	        0.1023972863	       10.0000000000	       10.0000000000	       -0.0000000000	        0.2780501171	        0.2202430998
        1.8061525101	        0.8817126327	        0.2368215792	       -0.0019004474	        0.0018744087	        0.0020028868	        0.0013444962	        0.0139162491	        0.0029201805	        0.0017878419	        0.0010818970	        0.0002454952	        1.0000000000	        0.0003306794	        0.0003352083	        0.0987774033	       10.0000000000	       10.0000000000	       -0.0000000000	        0.2718962841	        0.2125878793
        1.8242187368	        0.8563255940	        0.2245772201	       -0.0016081313	        0.0016493662	        0.0018215178	        0.0012489626	        0.0144678307	        0.0032617174	        0.0016901970	        0.0009971163	        0.0002398622	        1.0000000000	        0.0003377691	        0.0003490413	        0.0950034402	       10.0000000000	       10.0000000000	       -0.0000000000	        0.2661862321	        0.2050945262
        1.8408607086	        0.8296877090	        0.2130430391	       -0.0011069035	        0.0014389533	        0.0016348379	        0.0011482724	        0.0149657214	        0.0036241666	        0.0015839246	        0.0009106471	        0.0002325058	        1.0000000000	        0.0003459985	        0.0003639037	        0.0910371584	       10.0000000000	       10.0000000000	       -0.0000000000	        0.2608810156	        0.1976655133
        1.8561652810	        0.8017178130	        0.2021589884	       -0.0004480036	        0.0012441067	        0.0014461294	        0.0010446339	        0.0153934660	        0.0040027142	        0.0014704597	        0.0008241918	        0.0002237346	        1.0000000000	        0.0003558450	        0.0003797738	        0.0868394271	       10.0000000000	       10.0000000000	       -0.0000000000	        0.2559399145	        0.1901895275
        1.8702184608	        0.7723326267	        0.1918565502	        0.0003177808	        0.0010654302	        0.0012587296	        0.0009400942	        0.0157313602	        0.0043897514	        0.0013513753	        0.0007391840	        0.0002138446	        1.0000000000	        0.0003679111	        0.0003969587	        0.0823741670	       10.0000000000	       10.0000000000	       -0.0000000000	        0.2513207022	        0.1825418882
        1.8831044915	        0.7414523309	        0.1820598783	        0.0011388784	        0.0009031883	        0.0010760113	        0.0008364596	        0.0159564812	        0.0047742712	        0.0012283598	        0.0006567521	        0.0002030877	        1.0000000000	        0.0003829412	        0.0004160411	        0.0776139762	       10.0000000000	       10.0000000000	       -0.0000000000	        0.2469801265	        0.1745873777
        1.8949051275	        0.7090079064	        0.1726866742	        0.0019747493	        0.0007573229	        0.0009013375	        0.0007351647	        0.0160431939	        0.0051414541	        0.0011031981	        0.0005777118	        0.0001916413	        1.0000000000	        0.0004017919	        0.0004385171	        0.0725472683	       10.0000000000	       10.0000000000	       -0.0000000000	        0.2428742342	        0.1661867303
        1.9056990763	        0.6749505649	        0.1636518349	        0.0028214404	        0.0006274850	        0.0007379646	        0.0006372628	        0.0159643671	        0.0054726863	        0.0009777538	        0.0005026026	        0.0001795879	        1.0000000000	        0.0004253897	        0.0004621658	        0.0671857411	       10.0000000000	       10.0000000000	       -0.0000000000	        0.2389598755	        0.1572089888
        1.9155615890	        0.6392634341	        0.1548701051	        0.0035150390	        0.0005130784	        0.0005888826	        0.0005435000	        0.0156935518	        0.0057463357	        0.0008539468	        0.0004317630	        0.0001669117	        1.0000000000	        0.0004546475	        0.0004856433	        0.0615705386	       10.0000000000	       10.0000000000	       -0.0000000000	        0.2351957041	        0.1475494568
        1.9245641781	        0.6019753444	        0.1462619900	        0.0040070023	        0.0004133095	        0.0004565952	        0.0004544445	        0.0152083036	        0.0059396343	        0.0007337221	        0.0003654357	        0.0001535208	        1.0000000000	        0.0004902906	        0.0005146616	        0.0557747625	       10.0000000000	       10.0000000000	       -0.0000000000	        0.2315445197	        0.1371534365
        1.9327744427	        0.5631760683	        0.1377600929	        0.0043655317	        0.0003272418	        0.0003428721	        0.0003707902	        0.0144946236	        0.0060318989	        0.0006190036	        0.0003038993	        0.0001393118	        1.0000000000	        0.0005327212	        0.0005464732	        0.0498998156	       10.0000000000	       10.0000000000	       -0.0000000000	        0.2279756732	        0.1260398306
        1.9402559838	        0.5230316915	        0.1293146954	        0.0044444898	        0.0002538515	        0.0002485343	        0.0002935453	        0.0135521018	        0.0060090026	        0.0005116263	        0.0002475747	        0.0001242715	        1.0000000000	        0.0005818254	        0.0005792952	        0.0440647935	       10.0000000000	       10.0000000000	       -0.0000000000	        0.2244670387	        0.1143159933
        1.9470683933	        0.4817980412	        0.1209001054	        0.0042922139	        0.0001920824	        0.0001733338	        0.0002241008	        0.0123987905	        0.0058684643	        0.0004132474	        0.0001970562	        0.0001085955	        1.0000000000	        0.0006368898	        0.0006206305	        0.0383903073	       10.0000000000	       10.0000000000	       -0.0000000000	        0.2210071911	        0.1021744201
        1.9532673011	        0.4398294380	        0.1125156731	        0.0040156248	        0.0001408983	        0.0001159775	        0.0001640703	        0.0110742704	        0.0056239014	        0.0003252413	        0.0001530161	        0.0000927631	        1.0000000000	        0.0006968837	        0.0006666152	        0.0329816896	       10.0000000000	       10.0000000000	       -0.0000000000	        0.2175952882	        0.0898671370
        1.9589044686	        0.3975796347	        0.1041794326	        0.0035659680	        0.0000993297	        0.0000743040	        0.0001147642	        0.0096391014	        0.0053072284	        0.0002485922	        0.0001159681	        0.0000774863	        1.0000000000	        0.0007608486	        0.0007199889	        0.0279180516	       10.0000000000	       10.0000000000	       -0.0000000000	        0.2142379900	        0.0776675303
        1.9640279170	        0.3555914649	        0.0959194413	        0.0031243614	        0.0000665036	        0.0000455781	        0.0000766485	        0.0081692667	        0.0049672680	        0.0001838049	        0.0000860097	        0.0000635271	        1.0000000000	        0.0008284208	        0.0007810701	        0.0232505535	       10.0000000000	       10.0000000000	       -0.0000000000	        0.2109456380	        0.0658369163
        1.9686820816	        0.3147416108	        0.0877604095	        0.0026274932	        0.0000470814	        0.0000269071	        0.0000491628	        0.0067567771	        0.0046683037	        0.0001312364	        0.0000627008	        0.0000514786	        1.0000000000	        0.0009000644	        0.0008471664	        0.0190225961	       10.0000000000	       10.0000000000	       -0.0000000000	        0.2077268137	        0.0546420314
        1.9729079831	        0.2758662653	        0.0797183766	        0.0021722036	        0.0000332418	        0.0000153656	        0.0000304728	        0.0054607905	        0.0044434186	        0.0000904000	        0.0000451321	        0.0000416094	        1.0000000000	        0.0009769343	        0.0009273547	        0.0152291579	       10.0000000000	       10.0000000000	       -0.0000000000	        0.2045863548	        0.0442322192
        1.9767434111	        0.2392597842	        0.0717973196	        0.0018173630	        0.0000223411	        0.0000085244	        0.0000183529	        0.0043085696	        0.0043077434	        0.0000598211	        0.0000321817	        0.0000338918	        1.0000000000	        0.0010605892	        0.0010206040	        0.0118422590	       10.0000000000	       10.0000000000	        0.0000000000	        0.2015242368	        0.0346740326
        1.9802231129	        0.2050490173	        0.0639928176	        0.0015793358	        0.0000141812	        0.0000046218	        0.0000108110	        0.0033131895	        0.0042682686	        0.0000377974	        0.0000227592	        0.0000281233	        1.0000000000	        0.0011522862	        0.0011194532	        0.0088504779	       10.0000000000	       10.0000000000	        0.0000000000	        0.1985372109	        0.0260501155
        1.9833789852	        0.1733098355	        0.0562995797	        0.0013757738	        0.0000084347	        0.0000024662	        0.0000062704	        0.0024770500	        0.0043242313	        0.0000226281	        0.0000159385	        0.0000240331	        1.0000000000	        0.0012524874	        0.0012163992	        0.0062712885	       10.0000000000	       10.0000000000	        0.0000000000	        0.1956218015	        0.0185021853
        1.9862402627	        0.1440555631	        0.0487176138	        0.0011392083	        0.0000046578	        0.0000012999	        0.0000035911	        0.0017933881	        0.0044688244	        0.0000127029	        0.0000109983	        0.0000213668	        1.0000000000	        0.0013608795	        0.0013231992	        0.0041416844	       10.0000000000	       10.0000000000	        0.0000000000	        0.1927766224	        0.0122110594
        1.9888337046	        0.1172361386	        0.0412540026	        0.0009591888	        0.0000023576	        0.0000006722	        0.0000020150	        0.0012490763	        0.0046914788	        0.0000065880	        0.0000074095	        0.0000199294	        1.0000000000	        0.0014766150	        0.0014483226	        0.0024965661	       10.0000000000	       10.0000000000	        0.0000000000	        0.1900029335	        0.0073327477
        1.9911837738	        0.0927485581	        0.0339226462	        0.0008557318	        0.0000010717	        0.0000003326	        0.0000010793	        0.0008276828	        0.0049800020	        0.0000030854	        0.0000048003	        0.0000195981	        1.0000000000	        0.0015986148	        0.0015731179	        0.0013388671	       10.0000000000	       10.0000000000	        0.0000000000	        0.1873044224	        0.0039056025
        1.9933128092	        0.0704536354	        0.0267415366	        0.0007277241	        0.0000004225	        0.0000001497	        0.0000005245	        0.0005119512	        0.0053221295	        0.0000012573	        0.0000029168	        0.0000203401	        1.0000000000	        0.0017254145	        0.0016928230	        0.0006164901	       10.0000000000	       10.0000000000	        0.0000000000	        0.1846861029	        0.0017814448
        1.9952411902	        0.0501930334	        0.0197338794	        0.0005877189	        0.0000001354	        0.0000000563	        0.0000002119	        0.0002853812	        0.0057064115	        0.0000004173	        0.0000015888	        0.0000222601	        1.0000000000	        0.0018551958	        0.0018099983	        0.0002290938	       10.0000000000	       10.0000000000	        0.0000000000	        0.1821546615	        0.0006545451
        1.9969874916	        0.0318028097	        0.0129247502	        0.0003911110	        0.0000000309	        0.0000000148	        0.0000000599	        0.0001330130	        0.0061225820	        0.0000000985	        0.0000007030	        0.0000257305	        1.0000000000	        0.0019862505	        0.0019112334	        0.0000598710	       10.0000000000	       10.0000000000	        0.0000000000	        0.1797171971	        0.0001689509
        1.9985686299	        0.0151224499	        0.0063390267	        0.0000818198	        0.0000000035	        0.0000000017	        0.0000000071	        0.0000416842	        0.0065616201	        0.0000000115	        0.0000001865	        0.0000318371	        1.0000000000	        0.0021169156	        0.0019934393	        0.0000071854	       10.0000000000	       10.0000000000	        0.0000000000	        0.1773804850	        0.0000200197
        2.0000000000	        0.0000000000	        0.0000000000	       -0.0003627694	        0.0000000000	        0.0000000000	        0.0000000000	        0.0000000000	        0.0070156685	        0.0000000000	        0.0000000000	        0.0000448380	        1.0000000000	        0.0022467091	        0.0020648492	        0.0000000000	       10.0000000000	       10.0000000000	        0.0000000000	        0.1751505200	        0.0000000000
