        0.0000000000	        0.0000000000	        1.0000000000	        0.0002851550	        0.0000000000	        0.0000000000	        0.0000000000	        0.0000000000	        0.0058085693	        0.0000000000	        0.0000000000	        0.0000002257	        0.6000000000	        0.0006025478	        0.0005065268	        0.0000000000	        7.2396328225	        7.2396328225	       -0.0489512049	        0.4389574760	        0.0000000000	        0.0000000000
        0.0014313701	        0.0129772544	        0.9969501672	       -0.0001967079	        0.0000000011	        0.0000000014	        0.0000000017	        0.0000267766	        0.0055045777	        0.0000000048	        0.0000000017	        0.0000002056	        0.6007328539	        0.0005342488	        0.0004633872	        0.0000082929	        7.2539115913	        7.2539115913	       -0.0491191636	        0.4373529387	        0.0000408881	        0.0000000069
        0.0030125084	        0.0272889750	        0.9939744405	       -0.0005140621	        0.0000000097	        0.0000000109	        0.0000000116	        0.0000857918	        0.0052038965	        0.0000000419	        0.0000000059	        0.0000002103	        0.6014496282	        0.0004699241	        0.0004265038	        0.0000492949	        7.2686988042	        7.2686988042	       -0.0492836868	        0.4357911625	        0.0002430064	        0.0000000408
        0.0047588098	        0.0430660833	        0.9910959766	       -0.0007376261	        0.0000000431	        0.0000000370	        0.0000000343	        0.0001849069	        0.0049109166	        0.0000001804	        0.0000000132	        0.0000002247	        0.6021446039	        0.0004102910	        0.0003755296	        0.0001516805	        7.2834824056	        7.2834824056	       -0.0494434422	        0.4342839756	        0.0007474551	        0.0000001054
        0.0066871908	        0.0604493463	        0.9883296934	       -0.0009923058	        0.0000001362	        0.0000000904	        0.0000000728	        0.0003333557	        0.0046307793	        0.0000005538	        0.0000000245	        0.0000002418	        0.6028140097	        0.0003562389	        0.0003204360	        0.0003521644	        7.2974995363	        7.2974995363	       -0.0495975389	        0.4328388058	        0.0017337720	        0.0000001945
        0.0088162262	        0.0795878053	        0.9856843498	       -0.0012815091	        0.0000003514	        0.0000001871	        0.0000001305	        0.0005418884	        0.0043694806	        0.0000013872	        0.0000000411	        0.0000002590	        0.6034555434	        0.0003082968	        0.0002717899	        0.0007023905	        7.3106791430	        7.3106791430	       -0.0497454210	        0.4314598198	        0.0034519063	        0.0000003018
        0.0111662954	        0.1006354150	        0.9831595615	       -0.0016045260	        0.0000007894	        0.0000003542	        0.0000002140	        0.0008228410	        0.0041339373	        0.0000030296	        0.0000000647	        0.0000002772	        0.6040691155	        0.0002667308	        0.0002298196	        0.0012720950	        7.3230255443	        7.3230255443	       -0.0498870421	        0.4301464126	        0.0062333356	        0.0000004281
        0.0137597373	        0.1237451395	        0.9807474408	       -0.0019646971	        0.0000016003	        0.0000006409	        0.0000003365	        0.0011900354	        0.0039319954	        0.0000059866	        0.0000000981	        0.0000002997	        0.6046564738	        0.0002315281	        0.0001946221	        0.0021446149	        7.3345606510	        7.3345606510	       -0.0500227815	        0.4288941078	        0.0104610060	        0.0000005843
        0.0166210148	        0.1490599372	        0.9784310097	       -0.0023582659	        0.0000029900	        0.0000011386	        0.0000005231	        0.0016583567	        0.0037722746	        0.0000109512	        0.0000001459	        0.0000003318	        0.6052216076	        0.0002024278	        0.0001657435	        0.0034017359	        7.3453843651	        7.3453843651	       -0.0501535406	        0.4276937725	        0.0164847231	        0.0000007942
        0.0197768871	        0.1767008025	        0.9761868719	       -0.0027911717	        0.0000052170	        0.0000020138	        0.0000008187	        0.0022428249	        0.0036637571	        0.0000188223	        0.0000002158	        0.0000003806	        0.6057701125	        0.0001789647	        0.0001424045	        0.0051016200	        7.3555931371	        7.3555931371	       -0.0502805981	        0.4265330361	        0.0245042089	        0.0000010989
        0.0232565889	        0.2067534539	        0.9739845884	       -0.0032666117	        0.0000085720	        0.0000035586	        0.0000012988	        0.0029570152	        0.0036149905	        0.0000307065	        0.0000003201	        0.0000004553	        0.6063093550	        0.0001605285	        0.0001240071	        0.0072640691	        7.3653435737	        7.3653435737	       -0.0504056501	        0.4253959918	        0.0344981893	        0.0000015637
        0.0270920169	        0.2392568934	        0.9717899737	       -0.0037914980	        0.0000133429	        0.0000062609	        0.0000020846	        0.0038108725	        0.0036328830	        0.0000478935	        0.0000004776	        0.0000005673	        0.6068476756	        0.0001463069	        0.0001097111	        0.0098751723	        7.3747917447	        7.3747917447	       -0.0505306268	        0.4242649187	        0.0462564779	        0.0000022874
        0.0313179184	        0.2741976198	        0.9695683588	       -0.0043712438	        0.0000197754	        0.0000108932	        0.0000033597	        0.0048082818	        0.0037212038	        0.0000718082	        0.0000007163	        0.0000007312	        0.6073935936	        0.0001354080	        0.0000990656	        0.0129065691	        7.3841187076	        7.3841187076	       -0.0506575085	        0.4231219741	        0.0594849395	        0.0000034120
        0.0359720830	        0.3115114503	        0.9672875173	       -0.0049999186	        0.0000280494	        0.0000186132	        0.0000053855	        0.0059450370	        0.0038791034	        0.0001039429	        0.0000010748	        0.0000009637	        0.6079550881	        0.0001269106	        0.0000916493	        0.0163378505	        7.3935328526	        7.3935328526	       -0.0507881587	        0.4219506968	        0.0739159926	        0.0000051260
        0.0410955314	        0.3510912532	        0.9649218199	       -0.0056622551	        0.0000382842	        0.0000310638	        0.0000084991	        0.0072078577	        0.0041000957	        0.0001457854	        0.0000016010	        0.0000012808	        0.6085385702	        0.0001198938	        0.0000860098	        0.0201629809	        7.4032008828	        7.4032008828	       -0.0509240842	        0.4207381293	        0.0893353815	        0.0000076424
        0.0467326989	        0.3926852715	        0.9624564508	       -0.0063652583	        0.0000521873	        0.0000504307	        0.0000130783	        0.0085717406	        0.0043719165	        0.0001986198	        0.0000023454	        0.0000016924	        0.6091478286	        0.0001135277	        0.0000821268	        0.0243779869	        7.4132447067	        7.4132447067	       -0.0510661874	        0.4194769480	        0.1055222442	        0.0000111356
        0.0529316067	        0.4355355096	        0.9598899353	       -0.0070540371	        0.0000753829	        0.0000792528	        0.0000194296	        0.0099845132	        0.0046701175	        0.0002628304	        0.0000033460	        0.0000021945	        0.6097833803	        0.0001072117	        0.0000795155	        0.0289468683	        7.4239535954	        7.4239535954	       -0.0512146115	        0.4181667047	        0.1221406692	        0.0000156231
        0.0597440162	        0.4788332132	        0.9572325238	       -0.0077147657	        0.0001043048	        0.0001199040	        0.0000276333	        0.0113627783	        0.0049455615	        0.0003380396	        0.0000046131	        0.0000027654	        0.6104428399	        0.0001006751	        0.0000773749	        0.0337850271	        7.4354357554	        7.4354357554	       -0.0513688218	        0.4168129356	        0.1387145991	        0.0000208649
        0.0672255573	        0.5220710040	        0.9545007647	       -0.0083013071	        0.0001395132	        0.0001744988	        0.0000375778	        0.0126364327	        0.0051599530	        0.0004237267	        0.0000061297	        0.0000033732	        0.6111222378	        0.0000939680	        0.0000760466	        0.0388113182	        7.4477349081	        7.4477349081	       -0.0515279107	        0.4154243403	        0.1548523702	        0.0000264833
        0.0754358219	        0.5648022862	        0.9517102809	       -0.0087679556	        0.0001816042	        0.0002445316	        0.0000490110	        0.0137471325	        0.0052868548	        0.0005188794	        0.0000078672	        0.0000039882	        0.6118178040	        0.0000873585	        0.0000749218	        0.0439445742	        7.4611146006	        7.4611146006	       -0.0516910126	        0.4140090820	        0.1702454190	        0.0000321114
        0.0844384110	        0.6066566724	        0.9488690968	       -0.0091030528	        0.0002311837	        0.0003306985	        0.0000616693	        0.0146539150	        0.0053134597	        0.0006220605	        0.0000098096	        0.0000045937	        0.6125276365	        0.0000811858	        0.0000740133	        0.0491156846	        7.4755611377	        7.4755611377	       -0.0518576962	        0.4125714161	        0.1846780603	        0.0000375500
        0.0943009237	        0.6473460422	        0.9459739255	       -0.0092747420	        0.0002888351	        0.0004328418	        0.0000753836	        0.0153348559	        0.0052397238	        0.0007315037	        0.0000119720	        0.0000051900	        0.6132526534	        0.0000757315	        0.0000733556	        0.0542742094	        7.4913370461	        7.4913370461	       -0.0520281920	        0.4111098598	        0.1980550950	        0.0000428169
        0.1050948725	        0.6866625695	        0.9430097514	       -0.0092868802	        0.0003550847	        0.0005500336	        0.0000901193	        0.0157854364	        0.0050755431	        0.0008452188	        0.0000144062	        0.0000057908	        0.6139967305	        0.0000711592	        0.0000727420	        0.0593875673	        7.5084125294	        7.5084125294	       -0.0522034288	        0.4096170495	        0.2103451268	        0.0000480961
        0.1168955085	        0.7244707513	        0.9399514791	       -0.0091407865	        0.0004303687	        0.0006806842	        0.0001059469	        0.0160148882	        0.0048370574	        0.0009610927	        0.0000171947	        0.0000064163	        0.6147663234	        0.0000675152	        0.0000723470	        0.0644357386	        7.5271447957	        7.5271447957	       -0.0523849503	        0.4080806419	        0.2215809536	        0.0000536477
        0.1297815392	        0.7606957687	        0.9367663130	       -0.0088400595	        0.0005150025	        0.0008227043	        0.0001229894	        0.0160418173	        0.0045430776	        0.0010769757	        0.0000204422	        0.0000070878	        0.6155699018	        0.0000647612	        0.0000720361	        0.0694058028	        7.5475641885	        7.5475641885	       -0.0525747866	        0.4064845750	        0.2317951644	        0.0000597371
        0.1438347190	        0.7953102961	        0.9334158951	       -0.0084066255	        0.0006091570	        0.0009736046	        0.0001413619	        0.0158900829	        0.0042122700	        0.0011907529	        0.0000242672	        0.0000078237	        0.6164174414	        0.0000628122	        0.0000716939	        0.0742889740	        7.5696969564	        7.5696969564	       -0.0527753387	        0.4048101983	        0.2410362668	        0.0000665944
        0.1591392914	        0.8283213445	        0.9298579211	       -0.0078632062	        0.0007128456	        0.0011305847	        0.0001611282	        0.0155854789	        0.0038613219	        0.0013004040	        0.0000287969	        0.0000086377	        0.6173200445	        0.0000615640	        0.0000715360	        0.0790793851	        7.5939205411	        7.5939205411	       -0.0529892930	        0.4030371360	        0.2493687278	        0.0000743977
        0.1757812632	        0.8597581232	        0.9260472225	       -0.0072130637	        0.0008259290	        0.0012906505	        0.0001822810	        0.0151533971	        0.0035040180	        0.0014040557	        0.0000341658	        0.0000095386	        0.6182896961	        0.0000609129	        0.0000715042	        0.0837749846	        7.6203480089	        7.6203480089	       -0.0532195684	        0.4011438825	        0.2568402234	        0.0000832745
        0.1938474899	        0.8896613846	        0.9219363773	       -0.0064858458	        0.0009481423	        0.0014506670	        0.0002047369	        0.0146174125	        0.0031510089	        0.0015000351	        0.0000405165	        0.0000105311	        0.6193391429	        0.0000607671	        0.0000715784	        0.0883785789	        7.6491687603	        7.6491687603	       -0.0534692925	        0.3991081665	        0.2635067959	        0.0000933095
        0.2134245548	        0.9180743446	        0.9174757335	       -0.0056880730	        0.0010791548	        0.0016074575	        0.0002283488	        0.0139986212	        0.0028100230	        0.0015869254	        0.0000480040	        0.0000116163	        0.6204819263	        0.0000610519	        0.0000716906	        0.0928983340	        7.6806430101	        7.6806430101	       -0.0537418159	        0.3969070320	        0.2694208779	        0.0001045584
        0.2345974273	        0.9450350591	        0.9126132940	       -0.0048612220	        0.0012186700	        0.0017578794	        0.0002529205	        0.0133155349	        0.0024863121	        0.0016636307	        0.0000568003	        0.0000127925	        0.6217324607	        0.0000617106	        0.0000718691	        0.0973482506	        7.7149937332	        7.7149937332	       -0.0540407379	        0.3945168646	        0.2746416090	        0.0001170591
        0.2574478906	        0.9705700691	        0.9072942232	       -0.0040120544	        0.0013665762	        0.0018990125	        0.0002782180	        0.0125843567	        0.0021831797	        0.0017294482	        0.0000671011	        0.0000140562	        0.6231062184	        0.0000626995	        0.0000722514	        0.1017493927	        7.7523729876	        7.7523729876	       -0.0543699601	        0.3919132479	        0.2792103566	        0.0001308310
        0.2820527391	        0.9946891945	        0.9014612313	       -0.0031622689	        0.0015231538	        0.0020283228	        0.0003039644	        0.0118195052	        0.0019025006	        0.0017841481	        0.0000791320	        0.0000154013	        0.6246197025	        0.0000639792	        0.0000727200	        0.1061321838	        7.7932495796	        7.7932495796	       -0.0547336913	        0.3890712703	        0.2831783253	        0.0001458554
        0.3084817527	        1.0173815564	        0.8950553285	       -0.0023399821	        0.0016893414	        0.0021438845	        0.0003298717	        0.0110342732	        0.0016451787	        0.0018280513	        0.0000931636	        0.0000168212	        0.6262903333	        0.0000655144	        0.0000733045	        0.1105386513	        7.8377463906	        7.8377463906	       -0.0551364329	        0.3859660230	        0.2866025028	        0.0001620851
        0.3367954708	        1.0386132237	        0.8880166155	       -0.0015636152	        0.0018670491	        0.0022447749	        0.0003557215	        0.0102415204	        0.0014115166	        0.0018620902	        0.0001095374	        0.0000183108	        0.6281363330	        0.0000672748	        0.0000739704	        0.1150247150	        7.8862154442	        7.8862154442	       -0.0555829664	        0.3825731228	        0.2895203207	        0.0001794831
        0.3670428018	        1.0583273011	        0.8802850880	       -0.0008699415	        0.0020594790	        0.0023313475	        0.0003813894	        0.0094542881	        0.0012014855	        0.0018878267	        0.0001286861	        0.0000198674	        0.6301766152	        0.0000692258	        0.0000747970	        0.1196626341	        7.9390988432	        7.9390988432	       -0.0560783431	        0.3788692435	        0.2919751215	        0.0001980149
        0.3992585207	        1.0764476685	        0.8718037414	       -0.0002588307	        0.0022713691	        0.0024055379	        0.0004068362	        0.0086862006	        0.0010148874	        0.0019073945	        0.0001511425	        0.0000214901	        0.6324300674	        0.0000713122	        0.0000757769	        0.1245421834	        7.9966987730	        7.9966987730	       -0.0566277273	        0.3748337369	        0.2940144929	        0.0002175927
        0.4334607283	        1.0928876508	        0.8625243700	        0.0002420203	        0.0025090131	        0.0024711445	        0.0004321241	        0.0079514785	        0.0008514053	        0.0019233297	        0.0001775443	        0.0000231802	        0.6349140856	        0.0000734453	        0.0000768798	        0.1297678293	        8.0592680462	        8.0592680462	       -0.0572360540	        0.3704514631	        0.2956631661	        0.0002380312
        0.4696483595	        1.1075641581	        0.8524159306	        0.0006477785	        0.0027798420	        0.0025337401	        0.0004574762	        0.0072644083	        0.0007105514	        0.0019382756	        0.0002086259	        0.0000249433	        0.6376423406	        0.0000755089	        0.0000781375	        0.1354466832	        8.1273844616	        8.1273844616	       -0.0579074867	        0.3657166716	        0.2969386316	        0.0002590763
        0.5077988477	        1.1204159189	        0.8414717094	        0.0009749186	        0.0030913293	        0.0026002252	        0.0004832365	        0.0066382378	        0.0005915449	        0.0019545878	        0.0002451676	        0.0000267907	        0.6406227306	        0.0000773598	        0.0000795292	        0.1416638857	        8.2012847028	        8.2012847028	       -0.0586449020	        0.3606360750	        0.2978225891	        0.0002803729
        0.5478660655	        1.1314216848	        0.8297193920	        0.0012842649	        0.0034490630	        0.0026779080	        0.0005098109	        0.0060837417	        0.0004931908	        0.0019739447	        0.0002879184	        0.0000287441	        0.6438543651	        0.0000788487	        0.0000810627	        0.1484431614	        8.2814101562	        8.2814101562	       -0.0594491087	        0.3552329702	        0.2982641850	        0.0003014844
        0.5897786695	        1.1406122800	        0.8172233869	        0.0016557962	        0.0038541029	        0.0027731323	        0.0005377458	        0.0056079165	        0.0004138308	        0.0019970943	        0.0003375608	        0.0000308483	        0.6473264548	        0.0000798825	        0.0000827866	        0.1556949787	        8.3682898298	        8.3682898298	       -0.0603185069	        0.3495474452	        0.2981795839	        0.0003221737
        0.6334389769	        1.1480712117	        0.8040741246	        0.0022165801	        0.0043001652	        0.0028897811	        0.0005678575	        0.0052133443	        0.0003514192	        0.0020238426	        0.0003947277	        0.0000331871	        0.6510207219	        0.0000804912	        0.0000847261	        0.1631701180	        8.4621542689	        8.4621542689	       -0.0612496125	        0.3436305469	        0.2974540292	        0.0003428064
        0.6787224963	        1.1539227589	        0.7903625365	        0.0030690520	        0.0047716081	        0.0030281974	        0.0006012116	        0.0048985131	        0.0003037089	        0.0020532809	        0.0004600006	        0.0000358877	        0.6549181521	        0.0000808397	        0.0000867603	        0.1704507302	        8.5636340431	        8.5636340431	       -0.0622386981	        0.3375321277	        0.2959807793	        0.0003645134
        0.7254782147	        1.1583115851	        0.7761559464	        0.0042612762	        0.0052433236	        0.0031848843	        0.0006388877	        0.0046589708	        0.0002684875	        0.0020841494	        0.0005338565	        0.0000391147	        0.6590058130	        0.0000811728	        0.0000888772	        0.1770040902	        8.6727685723	        8.6727685723	       -0.0632835191	        0.3312901045	        0.2936864111	        0.0003889522
        0.7735297135	        1.1613805489	        0.7614842817	        0.0058099901	        0.0056832824	        0.0033534053	        0.0006819396	        0.0044888527	        0.0002437849	        0.0021151943	        0.0006166850	        0.0000430644	        0.6632811964	        0.0000817581	        0.0000910997	        0.1822912499	        8.7900501321	        8.7900501321	       -0.0643844793	        0.3249250121	        0.2905532657	        0.0004181557
        0.8226771500	        1.1632523519	        0.7463338975	        0.0076687009	        0.0060576271	        0.0035260202	        0.0007312682	        0.0043822826	        0.0002280073	        0.0021454147	        0.0007087768	        0.0000479566	        0.6677546921	        0.0000828216	        0.0000933098	        0.1858938824	        8.9152945454	        8.9152945454	       -0.0655453720	        0.3184383429	        0.2865918937	        0.0004542361
        0.8727000940	        1.1640176927	        0.7306600580	        0.0097134273	        0.0063371286	        0.0036955628	        0.0007871941	        0.0043343842	        0.0002199953	        0.0021741919	        0.0008102630	        0.0000540242	        0.6724467023	        0.0000844719	        0.0000954607	        0.1876096500	        9.0485984457	        9.0485984457	       -0.0667727579	        0.3118190153	        0.2818734735	        0.0004987182
        0.9233611572	        1.1637299870	        0.7144144416	        0.0118210561	        0.0065030967	        0.0038571261	        0.0008493438	        0.0043418279	        0.0002190248	        0.0022013339	        0.0009213636	        0.0000615258	        0.6773799754	        0.0000866874	        0.0000975916	        0.1874837782	        9.1896530923	        9.1896530923	       -0.0680740588	        0.3050556959	        0.2764878388	        0.0005522057
        0.9744103051	        1.1624055233	        0.6975686970	        0.0138759021	        0.0065508813	        0.0040090341	        0.0009208897	        0.0044029391	        0.0002247742	        0.0022270604	        0.0010431544	        0.0000707893	        0.6825725184	        0.0000897404	        0.0000996606	        0.1857830431	        9.3381867660	        9.3381867660	       -0.0694557141	        0.2981465606	        0.2705596570	        0.0006198073
        1.0255896949	        1.1600279504	        0.6799826554	        0.0156272594	        0.0064901262	        0.0040767566	        0.0009912494	        0.0045171480	        0.0002372474	        0.0022517980	        0.0011754194	        0.0000820667	        0.6880788690	        0.0000942321	        0.0001016729	        0.1828991400	        9.4937507434	        9.4937507434	       -0.0709342873	        0.2910459349	        0.2641586636	        0.0007005561
        1.0766388428	        1.1565564834	        0.6614135251	        0.0167308182	        0.0063414978	        0.0040692554	        0.0010587645	        0.0046844062	        0.0002566996	        0.0022760738	        0.0013179786	        0.0000956558	        0.6939902904	        0.0000999769	        0.0001037497	        0.1791751833	        9.6555911846	        9.6555911846	       -0.0725370339	        0.2836717039	        0.2573054582	        0.0007938900
        1.1272999060	        1.1519371316	        0.6418182694	        0.0170674639	        0.0061309498	        0.0040696590	        0.0011327094	        0.0049050375	        0.0002835968	        0.0023006756	        0.0014689275	        0.0001117293	        0.7003395299	        0.0001059792	        0.0001058142	        0.1749476361	        9.8235827826	        9.8235827826	       -0.0742763063	        0.2760261826	        0.2500847757	        0.0009003271
        1.1773228500	        1.1461156505	        0.6213670855	        0.0166684877	        0.0058842355	        0.0040820517	        0.0012081946	        0.0051790297	        0.0003185355	        0.0023264910	        0.0016228521	        0.0001301031	        0.7070912009	        0.0001116225	        0.0001078248	        0.1705568236	        9.9967241165	        9.9967241165	       -0.0761461622	        0.2681945212	        0.2426525603	        0.0010114626
        1.2264702865	        1.1390504303	        0.6002750531	        0.0156540511	        0.0056229526	        0.0041073496	        0.0012844630	        0.0055050365	        0.0003621288	        0.0023541251	        0.0017757351	        0.0001505854	        0.7141921711	        0.0001167652	        0.0001099882	        0.1662374982	       10.1742593235	       10.1742593235	       -0.0781355261	        0.2602740948	        0.2351522227	        0.0011248548
        1.2745217853	        1.1307229408	        0.5787758550	        0.0141964827	        0.0053623348	        0.0041435038	        0.0013606021	        0.0058799400	        0.0004149282	        0.0023836787	        0.0019241621	        0.0001729138	        0.7215785177	        0.0001213524	        0.0001121368	        0.1621257581	       10.3562750356	       10.3562750356	       -0.0802298218	        0.2523628449	        0.2277001659	        0.0012383430
        1.3212775037	        1.1211433580	        0.5571023627	        0.0123754549	        0.0051109516	        0.0041856076	        0.0014349507	        0.0062988281	        0.0004773788	        0.0024146105	        0.0020646993	        0.0001967139	        0.7291810204	        0.0001253753	        0.0001142492	        0.1582724459	       10.5407632126	       10.5407632126	       -0.0824122983	        0.2445513880	        0.2203985809	        0.0013493049
        1.3665610231	        1.1103502871	        0.5354772363	        0.0103540837	        0.0048717601	        0.0042273928	        0.0015050590	        0.0067553960	        0.0005498209	        0.0024457308	        0.0021940805	        0.0002215336	        0.7369279171	        0.0001288323	        0.0001164047	        0.1546649848	       10.7277925761	       10.7277925761	       -0.0846646634	        0.2369196992	        0.2132958229	        0.0014542511
        1.4102213305	        1.0984052565	        0.5141095273	        0.0082282263	        0.0046438039	        0.0042615501	        0.0015688084	        0.0072426308	        0.0006325369	        0.0024753269	        0.0023100238	        0.0002469518	        0.7447459930	        0.0001318144	        0.0001189209	        0.1512537194	       10.9152517155	       10.9152517155	       -0.0869672872	        0.2295364574	        0.2064468840	        0.0015509366
        1.4521339345	        1.0853840909	        0.4931599025	        0.0062147963	        0.0044240031	        0.0042814554	        0.0016258177	        0.0077534316	        0.0007258083	        0.0025013334	        0.0024118014	        0.0002726770	        0.7525738392	        0.0001345551	        0.0001218048	        0.1479768134	       11.1055493044	       11.1055493044	       -0.0893030918	        0.2224481755	        0.1998933080	        0.0016407150
        1.4922011523	        1.0713676531	        0.4727298408	        0.0043071443	        0.0042086026	        0.0042812442	        0.0016761064	        0.0082811398	        0.0008299784	        0.0025215538	        0.0024992305	        0.0002984683	        0.7603676737	        0.0001373019	        0.0001247445	        0.1447794128	       11.2946433750	       11.2946433750	       -0.0916595014	        0.2156777108	        0.1936210320	        0.0017259950
        1.5303516405	        1.0564337811	        0.4528769601	        0.0025305656	        0.0039941436	        0.0042569516	        0.0017190564	        0.0088199287	        0.0009455132	        0.0025338863	        0.0025718378	        0.0003240414	        0.7680975456	        0.0001401986	        0.0001278508	        0.1416215059	       11.4844213055	       11.4844213055	       -0.0940275862	        0.2092314998	        0.1876322777	        0.0018075701
        1.5665392717	        1.0406512882	        0.4336410037	        0.0008644485	        0.0037780030	        0.0042059920	        0.0017535071	        0.0093650238	        0.0010730528	        0.0025365090	        0.0026286798	        0.0003490326	        0.7757386180	        0.0001433152	        0.0001312481	        0.1384776527	       11.6728629348	       11.6728629348	       -0.0963995927	        0.2031093722	        0.1819086659	        0.0018847823
        1.6007414793	        1.0240761418	        0.4150451581	       -0.0006548867	        0.0035586265	        0.0041273743	        0.0017785188	        0.0099126451	        0.0012134296	        0.0025279735	        0.0026686546	        0.0003730241	        0.7832713467	        0.0001467037	        0.0001347365	        0.1353330480	       11.8610174476	       11.8610174476	       -0.0987690851	        0.1973056316	        0.1764510752	        0.0019568648
        1.6329571982	        1.0067494893	        0.3971035689	       -0.0021160508	        0.0033355274	        0.0040211955	        0.0017928251	        0.0104598517	        0.0013676723	        0.0025072528	        0.0026905806	        0.0003955443	        0.7906790249	        0.0001503666	        0.0001388470	        0.1321804622	       12.0461448313	       12.0461448313	       -0.1011302489	        0.1918118996	        0.1712456029	        0.0020218570
        1.6632045292	        0.9886969813	        0.3798288967	       -0.0033527919	        0.0031091511	        0.0038888391	        0.0017954483	        0.0110043248	        0.0015369954	        0.0024737476	        0.0026935547	        0.0004161171	        0.7979449633	        0.0001542939	        0.0001434216	        0.1290165870	       12.2292556452	       12.2292556452	       -0.1034770179	        0.1866196571	        0.1662790974	        0.0020777003
        1.6915182473	        0.9699289134	        0.3632281913	       -0.0045030637	        0.0028806836	        0.0037323272	        0.0017856876	        0.0115440583	        0.0017227639	        0.0024272523	        0.0026770771	        0.0004342884	        0.8050543712	        0.0001584781	        0.0001483635	        0.1258390591	       12.4103628851	       12.4103628851	       -0.1058036782	        0.1817190940	        0.1615484575	        0.0021224431
        1.7179472609	        0.9504408120	        0.3473066158	       -0.0054284834	        0.0026518317	        0.0035542986	        0.0017629596	        0.0120770791	        0.0019264477	        0.0023679162	        0.0026411333	        0.0004496536	        0.8119929779	        0.0001628939	        0.0001544846	        0.1226441344	       12.5896314754	       12.5896314754	       -0.1081044337	        0.1771003339	        0.1570375255	        0.0021538156
        1.7425521094	        0.9302142018	        0.3320674045	       -0.0061117271	        0.0024246150	        0.0033576946	        0.0017270849	        0.0126011421	        0.0021495527	        0.0022961935	        0.0025862929	        0.0004618953	        0.8187471685	        0.0001675296	        0.0001610404	        0.1194242984	       12.7674863204	       12.7674863204	       -0.1103734506	        0.1727534650	        0.1527383496	        0.0021700333
        1.7654025727	        0.9092174274	        0.3175089256	       -0.0065826818	        0.0022011842	        0.0031455824	        0.0016783242	        0.0131133983	        0.0023935161	        0.0022127895	        0.0025137215	        0.0004708122	        0.8253054381	        0.0001723966	        0.0001690868	        0.1161664487	       12.9422270423	       12.9422270423	       -0.1126053582	        0.1686677611	        0.1486327468	        0.0021700310
        1.7865754452	        0.8874064830	        0.3036240405	       -0.0066578163	        0.0019836681	        0.0029212676	        0.0016174150	        0.0136100596	        0.0026595641	        0.0021186125	        0.0024251313	        0.0004763369	        0.8316589080	        0.0001775308	        0.0001781637	        0.1128508099	       13.1175254721	       13.1175254721	       -0.1147954662	        0.1648315981	        0.1447117285	        0.0021535569
        1.8061525101	        0.8647258643	        0.2903986248	       -0.0064860279	        0.0017740549	        0.0026878180	        0.0015455169	        0.0140860365	        0.0029485128	        0.0020147310	        0.0023226257	        0.0004785324	        0.8378022521	        0.0001830211	        0.0001882209	        0.1094500352	       13.2900935379	       13.2900935379	       -0.1169401421	        0.1612321444	        0.1409481625	        0.0021214663
        1.8242187368	        0.8411095234	        0.2778080465	       -0.0059243581	        0.0015741062	        0.0024484465	        0.0014642788	        0.0145345310	        0.0032604905	        0.0019023345	        0.0022085569	        0.0004775825	        0.8437356344	        0.0001890147	        0.0001999941	        0.1059288625	       13.4634648153	       13.4634648153	       -0.1190375762	        0.1578545214	        0.1373208139	        0.0020757762
        1.8408607086	        0.8164820499	        0.2658178277	       -0.0050581878	        0.0013852979	        0.0022061413	        0.0013753928	        0.0149466400	        0.0035945815	        0.0017827067	        0.0020852809	        0.0004737503	        0.8494647502	        0.0001957117	        0.0002129919	        0.1022446282	       13.6355220419	       13.6355220419	       -0.1210879158	        0.1546821197	        0.1337933165	        0.0020188534
        1.8561652810	        0.7907602464	        0.2543830694	       -0.0038560701	        0.0012087872	        0.0019639393	        0.0012806560	        0.0153109455	        0.0039483681	        0.0016572040	        0.0019550252	        0.0004673496	        0.8550014111	        0.0002033791	        0.0002268303	        0.0983479081	       13.8084051886	       13.8084051886	       -0.1230935999	        0.1516965507	        0.1303257614	        0.0019534400
        1.8702184608	        0.7638553295	        0.2434491857	       -0.0024789036	        0.0010454007	        0.0017247480	        0.0011817748	        0.0156131529	        0.0043173795	        0.0015272417	        0.0018197586	        0.0004587065	        0.8603634751	        0.0002123713	        0.0002428435	        0.0941841372	       13.9791587990	       13.9791587990	       -0.1250594673	        0.1488779244	        0.1268608825	        0.0018823131
        1.8831044915	        0.7356760495	        0.2329509527	       -0.0007808702	        0.0008956400	        0.0014915802	        0.0010804372	        0.0158358217	        0.0046944645	        0.0013942840	        0.0016811421	        0.0004481296	        0.8655755650	        0.0002231602	        0.0002610108	        0.0896963385	       14.1516885994	       14.1516885994	       -0.1269931578	        0.1462046673	        0.1233441119	        0.0018083289
        1.8949051275	        0.7061330737	        0.2228125419	        0.0010213209	        0.0007597001	        0.0012674064	        0.0009781467	        0.0159583231	        0.0050691647	        0.0012598402	        0.0015404678	        0.0004358638	        0.8706693059	        0.0002363761	        0.0002796563	        0.0848299225	       14.3237036409	       14.3237036409	       -0.1289053514	        0.1436535946	        0.1196922845	        0.0017340789
        1.9056990763	        0.6751450136	        0.2129456420	        0.0028820770	        0.0006374990	        0.0010552915	        0.0008761934	        0.0159571657	        0.0054272138	        0.0011254606	        0.0013986573	        0.0004220440	        0.8756845303	        0.0002528416	        0.0002997762	        0.0795399061	       14.4955415249	       14.4955415249	       -0.1308103913	        0.1411995029	        0.1158091760	        0.0016615364
        1.9155615890	        0.6426464557	        0.2032501977	        0.0046526459	        0.0005287118	        0.0008583206	        0.0007755120	        0.0158069474	        0.0057504057	        0.0009927366	        0.0012562875	        0.0004066341	        0.8806692065	        0.0002735867	        0.0003225445	        0.0738011034	       14.6664856883	       14.6664856883	       -0.1327264578	        0.1388154379	        0.1115742040	        0.0015912731
        1.9245641781	        0.6085982529	        0.1936147860	        0.0063412977	        0.0004328122	        0.0006795021	        0.0006766214	        0.0154821594	        0.0060171377	        0.0008632938	        0.0011136933	        0.0003893627	        0.8856795609	        0.0002998106	        0.0003491082	        0.0676208548	       14.8378266732	       14.8378266732	       -0.1346758423	        0.1364728727	        0.1068510150	        0.0015214372
        1.9327744427	        0.5730001148	        0.1839225482	        0.0078306699	        0.0003491149	        0.0005215354	        0.0005797397	        0.0149601136	        0.0062040316	        0.0007387808	        0.0009711916	        0.0003696738	        0.8907773113	        0.0003327736	        0.0003755576	        0.0610530421	       15.0101353944	       15.0101353944	       -0.1366841229	        0.1341432303	        0.1014884511	        0.0014469156
        1.9402559838	        0.5359051561	        0.1740585869	        0.0088555985	        0.0002768211	        0.0003864975	        0.0004850917	        0.0142250267	        0.0062889294	        0.0006208398	        0.0008294687	        0.0003467365	        0.8960259884	        0.0003735299	        0.0004025718	        0.0542101397	       15.1816740741	       15.1816740741	       -0.1387789506	        0.1317996880	        0.0953332551	        0.0013589719
        1.9470683933	        0.4974355474	        0.1639273755	        0.0093852943	        0.0002150652	        0.0002754635	        0.0003933744	        0.0132730781	        0.0062553630	        0.0005110594	        0.0006901188	        0.0003196011	        0.9014816524	        0.0004224291	        0.0004383096	        0.0472666732	       15.3519230213	       15.3519230213	       -0.1409865051	        0.1294212304	        0.0882830789	        0.0012462957
        1.9532673011	        0.4577977773	        0.1534755826	        0.0096293813	        0.0001629610	        0.0001881618	        0.0003064045	        0.0121176170	        0.0060980076	        0.0004109020	        0.0005561729	        0.0002876155	        0.9071800127	        0.0004786730	        0.0004759297	        0.0404445278	       15.5252880661	       15.5252880661	       -0.1433261970	        0.1269976783	        0.0803549402	        0.0011000068
        1.9589044686	        0.4172954487	        0.1427111758	        0.0092637041	        0.0001196486	        0.0001228516	        0.0002271913	        0.0107930644	        0.0058279174	        0.0003216055	        0.0004321347	        0.0002510604	        0.9131246089	        0.0005400691	        0.0005075089	        0.0339755820	       15.6972026119	       15.6972026119	       -0.1458053119	        0.1245334613	        0.0716874051	        0.0009202425
        1.9640279170	        0.3763369125	        0.1317137310	        0.0083173818	        0.0000843369	        0.0000765383	        0.0001592264	        0.0093556571	        0.0054758067	        0.0002440740	        0.0003230674	        0.0002116696	        0.9192788977	        0.0006034725	        0.0005499926	        0.0280495201	       15.8658666210	       15.8658666210	       -0.1484147011	        0.1220490289	        0.0625713739	        0.0007206656
        1.9686820816	        0.3354339952	        0.1206164299	        0.0073056643	        0.0000563333	        0.0000454876	        0.0001051948	        0.0078792115	        0.0050916171	        0.0001787742	        0.0002328814	        0.0001724409	        0.9255737338	        0.0006662835	        0.0006046488	        0.0227766299	       16.0375594775	       16.0375594775	       -0.1511305670	        0.1195757562	        0.0533984236	        0.0005256716
        1.9729079831	        0.2953726838	        0.1095591145	        0.0062679639	        0.0000380517	        0.0000258889	        0.0000658454	        0.0064529578	        0.0047424150	        0.0001259283	        0.0001628474	        0.0001365901	        0.9319322207	        0.0007277727	        0.0006606294	        0.0181967863	       16.2113200215	       16.2113200215	       -0.1539240196	        0.1171448549	        0.0445323733	        0.0003594036
        1.9767434111	        0.2570519560	        0.0986488302	        0.0052789642	        0.0000265640	        0.0000141955	        0.0000394229	        0.0051474768	        0.0044772953	        0.0000851284	        0.0001113416	        0.0001063189	        0.9382923702	        0.0007892756	        0.0007215776	        0.0142757161	       16.3864109908	       16.3864109908	       -0.1567707091	        0.1147787911	        0.0362293157	        0.0002333668
        1.9802231129	        0.2209280941	        0.0879407516	        0.0044137062	        0.0000175323	        0.0000075326	        0.0000227718	        0.0039947428	        0.0043128601	        0.0000549584	        0.0000749438	        0.0000823557	        0.9446196267	        0.0008534253	        0.0007903189	        0.0109279844	       16.5628733126	       16.5628733126	       -0.1596569714	        0.1124877698	        0.0285971739	        0.0001457550
        1.9833789852	        0.1871456208	        0.0774452704	        0.0037110702	        0.0000108259	        0.0000038916	        0.0000128075	        0.0030079002	        0.0042566660	        0.0000336024	        0.0000498545	        0.0000643343	        0.9509046229	        0.0009229157	        0.0008605335	        0.0080750820	       16.7416891436	       16.7416891436	       -0.1625798127	        0.1102720186	        0.0216870222	        0.0000886516
        1.9862402627	        0.1557999706	        0.0671480501	        0.0030082746	        0.0000061843	        0.0000019731	        0.0000070788	        0.0021888569	        0.0043072554	        0.0000192462	        0.0000327664	        0.0000513634	        0.9571527080	        0.0009995496	        0.0009279904	        0.0056707020	       16.9201234606	       16.9201234606	       -0.1655429636	        0.1081265892	        0.0155614874	        0.0000530669
        1.9888337046	        0.1269203769	        0.0570312401	        0.0022496006	        0.0000032233	        0.0000009853	        0.0000038589	        0.0015297311	        0.0044561541	        0.0000101702	        0.0000211546	        0.0000425004	        0.9633718074	        0.0010840983	        0.0010148755	        0.0036989021	       17.0973637880	       17.0973637880	       -0.1685516268	        0.1060460271	        0.0103270475	        0.0000313760
        1.9911837738	        0.1004657087	        0.0470825200	        0.0017270325	        0.0000015017	        0.0000004787	        0.0000020484	        0.0010158551	        0.0046906390	        0.0000048458	        0.0000132414	        0.0000369920	        0.9695668981	        0.0011768149	        0.0011239163	        0.0021676884	       17.2785998914	       17.2785998914	       -0.1716098670	        0.1040262305	        0.0061332862	        0.0000180796
        1.9933128092	        0.0763350858	        0.0372960738	        0.0013624922	        0.0000006042	        0.0000002168	        0.0000010134	        0.0006291719	        0.0049963441	        0.0000020057	        0.0000078428	        0.0000343452	        0.9757391732	        0.0012775659	        0.0012329747	        0.0010882873	       17.4627364848	       17.4627364848	       -0.1747200587	        0.1020645624	        0.0031076169	        0.0000097097
        1.9952411902	        0.0543870697	        0.0276750126	        0.0010496478	        0.0000001969	        0.0000000835	        0.0000004258	        0.0003509796	        0.0053591278	        0.0000006747	        0.0000042001	        0.0000343895	        0.9818842277	        0.0013854502	        0.0013420635	        0.0004347420	       17.6480820345	       17.6480820345	       -0.1778817555	        0.1001602384	        0.0012477520	        0.0000044247
        1.9969874916	        0.0344594469	        0.0182351712	        0.0007655808	        0.0000000454	        0.0000000227	        0.0000001262	        0.0001636175	        0.0057660941	        0.0000001610	        0.0000018423	        0.0000374496	        0.9879892315	        0.0014990719	        0.0014428220	        0.0001195588	       17.8336142500	       17.8336142500	       -0.1810898790	        0.0983149512	        0.0003437864	        0.0000014192
        1.9985686299	        0.0163847065	        0.0089999692	        0.0003489009	        0.0000000052	        0.0000000026	        0.0000000157	        0.0000512375	        0.0062059261	        0.0000000189	        0.0000004891	        0.0000450171	        0.9940358056	        0.0016167989	        0.0015231327	        0.0000147755	       18.0142021564	       18.0142021564	       -0.1843357766	        0.0965317360	        0.0000424710	        0.0000001902
        2.0000000000	        0.0000000000	        0.0000000000	       -0.0002908396	        0.0000000000	        0.0000000000	        0.0000000000	        0.0000000000	        0.0066688788	        0.0000000000	        0.0000000000	        0.0000636556	        1.0000000000	        0.0017375343	        0.0016102176	        0.0000000000	       18.1864319899	       18.1864319899	       -0.1876068337	        0.0948148148	        0.0000000000	        0.0000000000
