        0.0000000000	        0.0000000000	        1.0000000000	        0.0000163011	        0.0000000000	        0.0000000000	        0.0000000000	        0.0000000000	        0.0061981417	        0.0000000000	        0.0000000000	        0.0000218798	        0.6000000000	        0.0009897971	        0.0009387279	        0.0000000000	        0.7475786184	        0.7475786184	       -0.0050798992	        0.4389574760	        0.0000000000	        0.0000000000
        0.0014313701	        0.0131550286	        0.9948004153	       -0.0002253340	        0.0000000012	        0.0000000016	        0.0000000034	        0.0000285725	        0.0058604519	        0.0000000054	        0.0000001681	        0.0000181758	        0.6012505012	        0.0009476857	        0.0009092493	        0.0000093932	        0.7504244011	        0.7504244011	       -0.0051072762	        0.4362242926	        0.0000045071	        0.0000000241
        0.0030125084	        0.0276636577	        0.9893114651	       -0.0004172063	        0.0000000104	        0.0000000128	        0.0000000261	        0.0000914316	        0.0055263012	        0.0000000463	        0.0000005496	        0.0000162555	        0.6025762630	        0.0009036074	        0.0008752801	        0.0000614215	        0.7534728916	        0.7534728916	       -0.0051364264	        0.4333513382	        0.0000294994	        0.0000001771
        0.0047588098	        0.0436588107	        0.9835435126	       -0.0005782269	        0.0000000462	        0.0000000462	        0.0000000898	        0.0001968115	        0.0052006339	        0.0000001989	        0.0000011859	        0.0000152939	        0.6039757276	        0.0008576350	        0.0008336144	        0.0002066840	        0.7567122482	        0.7567122482	       -0.0051673370	        0.4303459737	        0.0000993659	        0.0000005774
        0.0066871908	        0.0612833123	        0.9775121980	       -0.0007476792	        0.0000001462	        0.0000001193	        0.0000002194	        0.0003543353	        0.0048892211	        0.0000006093	        0.0000021358	        0.0000149959	        0.6054460605	        0.0008099946	        0.0007854883	        0.0005093771	        0.7601181370	        0.7601181370	       -0.0051999675	        0.4272182809	        0.0002451309	        0.0000013327
        0.0088162262	        0.0806881341	        0.9712388817	       -0.0009505024	        0.0000003772	        0.0000002579	        0.0000004466	        0.0005751447	        0.0045987392	        0.0000015230	        0.0000034777	        0.0000152357	        0.6069830040	        0.0007609580	        0.0007361860	        0.0010400858	        0.7636707873	        0.7636707873	       -0.0052342453	        0.4239812092	        0.0005009685	        0.0000025490
        0.0111662954	        0.1020286969	        0.9647509446	       -0.0011631052	        0.0000008474	        0.0000005052	        0.0000008196	        0.0008719475	        0.0043368184	        0.0000033185	        0.0000053146	        0.0000159640	        0.6085807587	        0.0007108537	        0.0006856635	        0.0018678029	        0.7673681843	        0.7673681843	       -0.0052700624	        0.4206506352	        0.0009003396	        0.0000043696
        0.0137597373	        0.1254584280	        0.9580817213	       -0.0014167464	        0.0000017177	        0.0000009413	        0.0000014217	        0.0012588740	        0.0041120066	        0.0000065412	        0.0000077798	        0.0000171749	        0.6102319492	        0.0006600391	        0.0006342659	        0.0030536403	        0.7711749330	        0.7711749330	       -0.0053072729	        0.4172452256	        0.0014727515	        0.0000070379
        0.0166210148	        0.1511190010	        0.9512708154	       -0.0016894771	        0.0000032083	        0.0000017180	        0.0000024004	        0.0017509813	        0.0039335609	        0.0000119334	        0.0000110410	        0.0000188873	        0.6119274911	        0.0006088757	        0.0005826800	        0.0046476260	        0.7750816520	        0.7750816520	       -0.0053456894	        0.4137864906	        0.0022422269	        0.0000109615
        0.0197768871	        0.1791275503	        0.9443641414	       -0.0020069192	        0.0000055939	        0.0000031186	        0.0000040022	        0.0023632112	        0.0038109440	        0.0000204507	        0.0000152987	        0.0000211267	        0.6136565230	        0.0005576865	        0.0005305830	        0.0066884636	        0.7790448965	        0.7790448965	       -0.0053850799	        0.4102986953	        0.0032268718	        0.0000167400
        0.0232565889	        0.2095627477	        0.9374149579	       -0.0023628715	        0.0000091804	        0.0000056477	        0.0000066043	        0.0031086705	        0.0037529180	        0.0000332588	        0.0000207670	        0.0000239017	        0.6154060863	        0.0005067146	        0.0004789722	        0.0092042111	        0.7830405079	        0.7830405079	       -0.0054251587	        0.4068092692	        0.0044392056	        0.0000250989
        0.0270920169	        0.2424533813	        0.9304851605	       -0.0027667875	        0.0000142665	        0.0000101549	        0.0000107197	        0.0039963216	        0.0037662160	        0.0000517026	        0.0000276243	        0.0000271740	        0.6171607317	        0.0004561174	        0.0004278694	        0.0122101395	        0.7870335666	        0.7870335666	       -0.0054655765	        0.4033493349	        0.0058848514	        0.0000366709
        0.0313179184	        0.2777734599	        0.9236471922	       -0.0032155296	        0.0000211018	        0.0000179837	        0.0000169449	        0.0050285266	        0.0038539578	        0.0000772510	        0.0000359212	        0.0000308135	        0.6189019610	        0.0004059825	        0.0003783904	        0.0157066594	        0.7909623445	        0.7909623445	       -0.0055059049	        0.3999545342	        0.0075615712	        0.0000515950
        0.0359720830	        0.3154455519	        0.9169858225	       -0.0036842523	        0.0000298646	        0.0000311307	        0.0000258248	        0.0061991560	        0.0040141827	        0.0001114263	        0.0000454575	        0.0000345399	        0.6206076949	        0.0003564498	        0.0003310059	        0.0196881233	        0.7947925219	        0.7947925219	       -0.0055456230	        0.3966657769	        0.0094638603	        0.0000690392
        0.0410955314	        0.3553499826	        0.9105966069	       -0.0041471022	        0.0000406714	        0.0000523854	        0.0000376394	        0.0074929043	        0.0042389629	        0.0001557317	        0.0000556762	        0.0000379183	        0.6222525974	        0.0003079176	        0.0002863019	        0.0241490487	        0.7984889079	        0.7984889079	       -0.0055841227	        0.3935283698	        0.0115858739	        0.0000869238
        0.0467326989	        0.3971008624	        0.9045784165	       -0.0045552487	        0.0000570358	        0.0000853376	        0.0000521558	        0.0088795438	        0.0045145621	        0.0002112992	        0.0000656775	        0.0000404391	        0.6238099742	        0.0002612632	        0.0002451274	        0.0290779357	        0.8020099241	        0.8020099241	       -0.0056207527	        0.3905883247	        0.0139185812	        0.0001021979
        0.0529316067	        0.4398812943	        0.8990166502	       -0.0048622887	        0.0000819992	        0.0001338978	        0.0000684107	        0.0102961863	        0.0048071188	        0.0002783154	        0.0000744469	        0.0000416828	        0.6252561856	        0.0002179021	        0.0002082066	        0.0344334876	        0.8053253075	        0.8053253075	       -0.0056549235	        0.3878843078	        0.0164385359	        0.0001118013
        0.0597440162	        0.4829435382	        0.8939610585	       -0.0050276658	        0.0001130302	        0.0002016526	        0.0000850070	        0.0116608086	        0.0050679775	        0.0003563721	        0.0000812617	        0.0000415120	        0.6265766081	        0.0001794094	        0.0001759838	        0.0401633362	        0.8084213881	        0.8084213881	       -0.0056862527	        0.3854372362	        0.0191186486	        0.0001143829
        0.0672255573	        0.5257860453	        0.8894128076	       -0.0050456624	        0.0001507185	        0.0002916483	        0.0001008666	        0.0129050012	        0.0052604030	        0.0004448410	        0.0000859974	        0.0000401434	        0.6277692976	        0.0001469118	        0.0001486831	        0.0462384403	        0.8113058283	        0.8113058283	       -0.0057146580	        0.3832445480	        0.0219417131	        0.0001111387
        0.0754358219	        0.5679786622	        0.8853274535	       -0.0049235693	        0.0001956891	        0.0004059020	        0.0001155684	        0.0139743231	        0.0053607505	        0.0005426198	        0.0000890932	        0.0000380240	        0.6288444791	        0.0001207379	        0.0001259225	        0.0526266568	        0.8140001337	        0.8140001337	       -0.0057403515	        0.3812821233	        0.0248891496	        0.0001046512
        0.0844384110	        0.6091746942	        0.8816292960	       -0.0047114288	        0.0002485759	        0.0005451189	        0.0001293504	        0.0148328951	        0.0053594603	        0.0006482080	        0.0000912785	        0.0000356328	        0.6298209392	        0.0001004681	        0.0001076691	        0.0592767906	        0.8165205259	        0.8165205259	       -0.0057637571	        0.3795114778	        0.0279318014	        0.0000974670
        0.0943009237	        0.6491133423	        0.8782286619	       -0.0044147687	        0.0003099881	        0.0007085564	        0.0001428354	        0.0154640009	        0.0052594583	        0.0007598079	        0.0000932903	        0.0000333427	        0.6307215215	        0.0000852300	        0.0000934427	        0.0661073911	        0.8189087944	        0.8189087944	       -0.0057854039	        0.3778881297	        0.0310294207	        0.0000913039
        0.1050948725	        0.6876145780	        0.8750350574	       -0.0040760141	        0.0003804747	        0.0008940654	        0.0001567291	        0.0158676476	        0.0050728457	        0.0008754291	        0.0000957183	        0.0000313798	        0.6315696248	        0.0000740164	        0.0000823493	        0.0730054412	        0.8211952198	        0.8211952198	       -0.0058058418	        0.3763678317	        0.0341268810	        0.0000870039
        0.1168955085	        0.7245689102	        0.8719644057	       -0.0037095220	        0.0004604891	        0.0010982715	        0.0001716171	        0.0160564679	        0.0048170222	        0.0009929840	        0.0000989717	        0.0000298461	        0.6323872299	        0.0000658926	        0.0000738640	        0.0798365194	        0.8234327708	        0.8234327708	       -0.0058255929	        0.3749099151	        0.0371608556	        0.0000848122
        0.1297815392	        0.7599244658	        0.8689416688	       -0.0033388569	        0.0005503557	        0.0013168546	        0.0001878752	        0.0160512352	        0.0045111866	        0.0011103661	        0.0001033077	        0.0000287612	        0.6331941473	        0.0000600846	        0.0000674330	        0.0864636085	        0.8256583432	        0.8256583432	       -0.0058451322	        0.3734784301	        0.0400711212	        0.0000846631
        0.1438347190	        0.7936733647	        0.8659007764	       -0.0029679355	        0.0006502421	        0.0015449219	        0.0002056704	        0.0158768655	        0.0041737348	        0.0012255125	        0.0001088766	        0.0000280978	        0.6340079918	        0.0000559937	        0.0000625549	        0.0927680260	        0.8278960009	        0.8278960009	       -0.0058648858	        0.3720420286	        0.0428038758	        0.0000863719
        0.1591392914	        0.8258387507	        0.8627832029	       -0.0026172212	        0.0007601418	        0.0017773026	        0.0002249785	        0.0155593335	        0.0038206764	        0.0013364535	        0.0001157572	        0.0000278055	        0.6348445334	        0.0000531718	        0.0000588619	        0.0986657552	        0.8301811241	        0.8301811241	       -0.0058852389	        0.3705732341	        0.0453254882	        0.0000897188
        0.1757812632	        0.8564632417	        0.8595365824	       -0.0022868732	        0.0008798709	        0.0020088512	        0.0002456122	        0.0151235909	        0.0034649310	        0.0014413565	        0.0001239799	        0.0000278240	        0.6357180521	        0.0000512869	        0.0000561101	        0.1041148560	        0.8325426073	        0.8325426073	       -0.0059065443	        0.3690477557	        0.0476183758	        0.0000944751
        0.1938474899	        0.8855990855	        0.8561134952	       -0.0019899718	        0.0010090852	        0.0022345747	        0.0002672709	        0.0145923727	        0.0031162546	        0.0015385695	        0.0001335411	        0.0000280901	        0.6366416571	        0.0000500992	        0.0000540291	        0.1091134956	        0.8350176822	        0.8350176822	       -0.0059291297	        0.3674439015	        0.0496867740	        0.0001004254
        0.2134245548	        0.9132999884	        0.8524698574	       -0.0017325430	        0.0011473257	        0.0024498131	        0.0002895652	        0.0139856890	        0.0027815435	        0.0016266677	        0.0001444098	        0.0000285406	        0.6376277236	        0.0000494328	        0.0000525672	        0.1136918685	        0.8376202239	        0.8376202239	       -0.0059533086	        0.3657418233	        0.0515432659	        0.0001073551
        0.2345974273	        0.9396144105	        0.8485647340	       -0.0015113133	        0.0012940986	        0.0026502177	        0.0003120315	        0.0133208136	        0.0024653226	        0.0017045077	        0.0001565307	        0.0000291137	        0.6386879520	        0.0000491583	        0.0000516387	        0.1179018239	        0.8403909673	        0.8403909673	       -0.0059793820	        0.3639234400	        0.0532153720	        0.0001150420
        0.2574478906	        0.9645800684	        0.8443593316	       -0.0013233120	        0.0014489994	        0.0028319320	        0.0003342051	        0.0126125887	        0.0021702778	        0.0017712895	        0.0001698323	        0.0000297512	        0.6398336551	        0.0000491849	        0.0000510947	        0.1218069709	        0.8433546302	        0.8433546302	       -0.0060076459	        0.3619719855	        0.0547293596	        0.0001232839
        0.2820527391	        0.9882194383	        0.8398164454	       -0.0011716208	        0.0016118876	        0.0029916418	        0.0003556285	        0.0118739287	        0.0018977600	        0.0018266252	        0.0001842315	        0.0000303986	        0.6410759284	        0.0000494477	        0.0000508579	        0.1254759386	        0.8465254213	        0.8465254213	       -0.0060383957	        0.3598717788	        0.0561149351	        0.0001318876
        0.3084817527	        1.0105361932	        0.8349002342	       -0.0010535575	        0.0017831159	        0.0031267453	        0.0003758960	        0.0111164311	        0.0016482182	        0.0018706101	        0.0001996414	        0.0000310076	        0.6424257354	        0.0000499024	        0.0000509078	        0.1289789040	        0.8499582805	        0.8499582805	       -0.0060719292	        0.3576081513	        0.0574044787	        0.0001406857
        0.3367954708	        1.0315127486	        0.8295756732	       -0.0009652821	        0.0019638075	        0.0032356833	        0.0003947088	        0.0103510210	        0.0014215498	        0.0019038849	        0.0002159815	        0.0000315366	        0.6438940865	        0.0000505202	        0.0000511567	        0.1323872671	        0.8536660653	        0.8536660653	       -0.0061085516	        0.3551672321	        0.0586258293	        0.0001495558
        0.3670428018	        1.0511094102	        0.8238084729	       -0.0009138075	        0.0021561572	        0.0033182128	        0.0004118715	        0.0095885602	        0.0012173624	        0.0019276727	        0.0002331788	        0.0000319518	        0.6454920952	        0.0000512785	        0.0000515645	        0.1357762006	        0.8576756235	        0.8576756235	       -0.0061485778	        0.3525359540	        0.0598075549	        0.0001584012
        0.3992585207	        1.0692659807	        0.8175661064	       -0.0008982974	        0.0023636988	        0.0033757254	        0.0004273114	        0.0088403282	        0.0010351461	        0.0019437642	        0.0002511655	        0.0000322270	        0.6472307288	        0.0000521539	        0.0000520863	        0.1392285036	        0.8620150915	        0.8620150915	       -0.0061923270	        0.3497025634	        0.0609812397	        0.0001671447
        0.4334607283	        1.0859069269	        0.8108192278	       -0.0009306528	        0.0025914339	        0.0034114822	        0.0004410933	        0.0081182468	        0.0008743562	        0.0019544220	        0.0002698715	        0.0000323443	        0.6491204426	        0.0000531167	        0.0000526593	        0.1428378935	        0.8667110405	        0.8667110405	       -0.0062401143	        0.3466572926	        0.0621848249	        0.0001757205
        0.4696483595	        1.1009510349	        0.8035445762	       -0.0010190265	        0.0028456570	        0.0034308600	        0.0004534010	        0.0074347123	        0.0007344077	        0.0019621775	        0.0002892135	        0.0000322959	        0.6511703813	        0.0000541195	        0.0000533207	        0.1467090118	        0.8717700065	        0.8717700065	       -0.0062922309	        0.3433936702	        0.0634509595	        0.0001840337
        0.5077988477	        1.1143255156	        0.7957301553	       -0.0011533640	        0.0031332626	        0.0034409256	        0.0004645363	        0.0068019460	        0.0006145972	        0.0019695233	        0.0003090870	        0.0000320863	        0.6533868959	        0.0000550989	        0.0000540810	        0.1509493784	        0.8772288588	        0.8772288588	       -0.0063489064	        0.3399107814	        0.0648183368	        0.0001919657
        0.5478660655	        1.1259825965	        0.7873791501	       -0.0013176556	        0.0034603409	        0.0034498466	        0.0004749257	        0.0062309027	        0.0005139894	        0.0019785468	        0.0003293837	        0.0000317384	        0.6557723497	        0.0000559811	        0.0000549296	        0.1556488887	        0.8831027940	        0.8831027940	       -0.0064102760	        0.3362148547	        0.0663187382	        0.0001994015
        0.5897786695	        1.1359143847	        0.7785142972	       -0.0014767471	        0.0038300111	        0.0034659544	        0.0004850861	        0.0057300174	        0.0004313243	        0.0019906082	        0.0003500375	        0.0000312997	        0.6583237164	        0.0000566925	        0.0000558564	        0.1608445702	        0.8893953830	        0.8893953830	       -0.0064763416	        0.3323209321	        0.0679564115	        0.0002062554
        0.6334389769	        1.1441607320	        0.7691787617	       -0.0015860553	        0.0042397615	        0.0034962828	        0.0004956548	        0.0053042253	        0.0003650025	        0.0020061806	        0.0003711063	        0.0000308473	        0.6610320991	        0.0000571899	        0.0000569683	        0.1664737089	        0.8961524220	        0.8961524220	       -0.0065469545	        0.3282528864	        0.0697062970	        0.0002125982
        0.6787224963	        1.1508064482	        0.7594293734	       -0.0015506688	        0.0046789897	        0.0035455532	        0.0005074088	        0.0049546589	        0.0003131721	        0.0020249126	        0.0003928605	        0.0000304886	        0.6638844381	        0.0000574844	        0.0000581900	        0.1723300387	        0.9033849898	        0.9033849898	       -0.0066218540	        0.3240400828	        0.0714906373	        0.0002187608
        0.7254782147	        1.1559681939	        0.7493263889	       -0.0013423787	        0.0051277620	        0.0036155446	        0.0005211412	        0.0046791720	        0.0002738952	        0.0020458880	        0.0004158040	        0.0000303523	        0.6668663149	        0.0000576384	        0.0000594540	        0.1780474039	        0.9111055175	        0.9111055175	       -0.0067007366	        0.3197126780	        0.0731737788	        0.0002252829
        0.7735297135	        1.1597753234	        0.7389237878	       -0.0009047158	        0.0055577868	        0.0037049276	        0.0005375499	        0.0044734792	        0.0002453362	        0.0020679663	        0.0004406376	        0.0000305766	        0.6699647430	        0.0000577505	        0.0000608069	        0.1831337316	        0.9193239368	        0.9193239368	       -0.0067833289	        0.3152973749	        0.0745884503	        0.0002328284
        0.8226771500	        1.1623503774	        0.7282613414	       -0.0002275342	        0.0059360575	        0.0038101536	        0.0005572287	        0.0043324949	        0.0002259186	        0.0020900861	        0.0004682236	        0.0000313034	        0.6731705892	        0.0000579341	        0.0000621555	        0.1870617796	        0.9280290434	        0.9280290434	       -0.0068694522	        0.3108141629	        0.0755536538	        0.0002421192
        0.8727000940	        1.1637935524	        0.7173620873	        0.0006663693	        0.0062306528	        0.0039263505	        0.0005805808	        0.0042515013	        0.0002144221	        0.0021114632	        0.0004995469	        0.0000326759	        0.6764795017	        0.0000582892	        0.0000635768	        0.1893972269	        0.9372084541	        0.9372084541	       -0.0069590521	        0.3062755131	        0.0759349896	        0.0002538117
        0.9233611572	        1.1641729688	        0.7062355725	        0.0017705305	        0.0064171920	        0.0040488516	        0.0006078262	        0.0042269455	        0.0002100228	        0.0021316841	        0.0005357838	        0.0000348487	        0.6798911316	        0.0000588812	        0.0000650737	        0.1899197108	        0.9468713837	        0.9468713837	       -0.0070521810	        0.3016880245	        0.0756707605	        0.0002684217
        0.9744103051	        1.1635206218	        0.6948852376	        0.0030302478	        0.0064839429	        0.0041743460	        0.0006418415	        0.0042568227	        0.0002122919	        0.0021507251	        0.0005785117	        0.0000380063	        0.6834070294	        0.0000599969	        0.0000665878	        0.1886915130	        0.9569662263	        0.9569662263	       -0.0071489449	        0.2970556901	        0.0747943311	        0.0002888137
        1.0255896949	        1.1618331828	        0.6832158329	        0.0042993613	        0.0064340595	        0.0042198825	        0.0006757265	        0.0043404865	        0.0002211545	        0.0021688281	        0.0006284545	        0.0000422893	        0.6870598763	        0.0000621505	        0.0000682035	        0.1860230004	        0.9675069440	        0.9675069440	       -0.0072503198	        0.2923428253	        0.0734145716	        0.0003149756
        1.0766388428	        1.1590770014	        0.6710391868	        0.0053526571	        0.0062840267	        0.0041914220	        0.0007092307	        0.0044783001	        0.0002368414	        0.0021864330	        0.0006861807	        0.0000478650	        0.6909133696	        0.0000653087	        0.0000698589	        0.1822766593	        0.9784418291	        0.9784418291	       -0.0073581860	        0.2874785267	        0.0716345392	        0.0003473922
        1.1272999060	        1.1551968225	        0.6582853993	        0.0060363043	        0.0060588526	        0.0041754939	        0.0007490619	        0.0046714334	        0.0002598553	        0.0022042797	        0.0007510912	        0.0000548401	        0.6949961300	        0.0000688329	        0.0000715346	        0.1778577238	        0.9897356889	        0.9897356889	       -0.0074734953	        0.2824418460	        0.0695898260	        0.0003867009
        1.1773228500	        1.1501274891	        0.6450292354	        0.0063735504	        0.0057862817	        0.0041746416	        0.0007915329	        0.0049211647	        0.0002909007	        0.0022232879	        0.0008204497	        0.0000631409	        0.6992911683	        0.0000723037	        0.0000733231	        0.1731923237	        1.0013521664	        1.0013521664	       -0.0075959293	        0.2772694815	        0.0674373076	        0.0004292306
        1.2264702865	        1.1438074140	        0.6313756967	        0.0064156971	        0.0054917336	        0.0041891900	        0.0008359863	        0.0052278467	        0.0003307787	        0.0022442446	        0.0008918784	        0.0000726774	        0.7037708098	        0.0000756148	        0.0000751554	        0.1685860293	        1.0132446967	        1.0132446967	       -0.0077248484	        0.2720084848	        0.0652906703	        0.0004740968
        1.2745217853	        1.1361916688	        0.6174480342	        0.0062059776	        0.0051948307	        0.0042169117	        0.0008816099	        0.0055902026	        0.0003802924	        0.0022675681	        0.0009632009	        0.0000833219	        0.7083999115	        0.0000786995	        0.0000770054	        0.1642195740	        1.0254116792	        1.0254116792	       -0.0078593687	        0.2667108635	        0.0632219728	        0.0005203672
        1.3212775037	        1.1272618305	        0.6033773258	        0.0058129678	        0.0049080696	        0.0042533295	        0.0009273563	        0.0060049513	        0.0004401691	        0.0022931057	        0.0010324021	        0.0000949046	        0.7131388085	        0.0000815290	        0.0000788926	        0.1601659039	        1.0376999485	        1.0376999485	       -0.0079984354	        0.2614291356	        0.0612595689	        0.0005670484
        1.3665610231	        1.1170302502	        0.5892918082	        0.0052954980	        0.0046373063	        0.0042921416	        0.0009720116	        0.0064668743	        0.0005110187	        0.0023200286	        0.0010976592	        0.0001072213	        0.7179466239	        0.0000841151	        0.0000808017	        0.1564182345	        1.0500792851	        1.0500792851	       -0.0081409135	        0.2562121539	        0.0594104221	        0.0006132064
        1.4102213305	        1.1055380308	        0.5753071306	        0.0047072630	        0.0043833279	        0.0043262402	        0.0010142496	        0.0069692890	        0.0005933398	        0.0023468611	        0.0011573924	        0.0001200497	        0.7227845835	        0.0000864956	        0.0000826397	        0.1529210543	        1.0624841686	        1.0624841686	       -0.0082856841	        0.2511016451	        0.0576601832	        0.0006579610
        1.4521339345	        1.0928479502	        0.5615234967	        0.0040576109	        0.0041437651	        0.0043485332	        0.0010525637	        0.0075047746	        0.0006875700	        0.0023716398	        0.0012103057	        0.0001331661	        0.7276172221	        0.0000887098	        0.0000844941	        0.1495972722	        1.0748895364	        1.0748895364	       -0.0084316842	        0.2461315522	        0.0559872861	        0.0007002950
        1.4922011523	        1.0790347985	        0.5480262409	        0.0034108233	        0.0039148160	        0.0043526380	        0.0010855995	        0.0080659199	        0.0007941623	        0.0023921493	        0.0012555235	        0.0001463732	        0.7324124906	        0.0000908093	        0.0000864891	        0.1463671799	        1.0872565707	        1.0872565707	       -0.0085779156	        0.2413287002	        0.0543715357	        0.0007393686
        1.5303516405	        1.0641756815	        0.5348810193	        0.0027901362	        0.0036925337	        0.0043335352	        0.0011124972	        0.0086458790	        0.0009136588	        0.0024061595	        0.0012926735	        0.0001595238	        0.7371438358	        0.0000928695	        0.0000886106	        0.1431599165	        1.0995279852	        1.0995279852	       -0.0087235152	        0.2367115699	        0.0527895733	        0.0007748779
        1.5665392717	        1.0483420362	        0.5221332590	        0.0022234089	        0.0034736180	        0.0042876383	        0.0011326973	        0.0092386830	        0.0010467488	        0.0024116279	        0.0013217737	        0.0001725202	        0.7417908752	        0.0000949692	        0.0000908704	        0.1399187312	        1.1115591268	        1.1115591268	       -0.0088677850	        0.2322906558	        0.0512256162	        0.0008067855
        1.6007414793	        1.0315940519	        0.5098114086	        0.0017081438	        0.0032557919	        0.0042129819	        0.0011458205	        0.0098393174	        0.0011943033	        0.0024068425	        0.0013431247	        0.0001853098	        0.7463386831	        0.0000971762	        0.0000931050	        0.1366010185	        1.1234519701	        1.1234519701	       -0.0090101794	        0.2280700956	        0.0496652318	        0.0008350983
        1.6329571982	        1.0139773881	        0.4979309546	        0.0012094494	        0.0030378823	        0.0041089729	        0.0011515738	        0.0104436159	        0.0013573829	        0.0023905012	        0.0013572404	        0.0001978843	        0.7507766955	        0.0000995443	        0.0000951825	        0.1331755409	        1.1350709874	        1.1350709874	       -0.0091502787	        0.2240494334	        0.0480983067	        0.0008597447
        1.6632045292	        0.9955216953	        0.4864978561	        0.0006865956	        0.0028197212	        0.0039762939	        0.0011498164	        0.0110480309	        0.0015372217	        0.0023617393	        0.0013648557	        0.0002102882	        0.7550977190	        0.0001021211	        0.0000976501	        0.1296187674	        1.1463727667	        1.1463727667	       -0.0092877639	        0.2202250540	        0.0465146147	        0.0008806540
        1.6915182473	        0.9762403596	        0.4755101602	        0.0002278387	        0.0026019546	        0.0038164903	        0.0011406323	        0.0116493295	        0.0017351853	        0.0023201175	        0.0013669460	        0.0002226328	        0.7592975375	        0.0001049635	        0.0001006514	        0.1259117475	        1.1574870596	        1.1574870596	       -0.0094224086	        0.2165909100	        0.0449144762	        0.0008979355
        1.7179472609	        0.9561309869	        0.4649576462	       -0.0001983067	        0.0023858191	        0.0036321134	        0.0011245400	        0.0122442444	        0.0019527014	        0.0022655863	        0.0013647491	        0.0002351125	        0.7633752325	        0.0001081549	        0.0001038936	        0.1220384446	        1.1682168007	        1.1682168007	       -0.0095540928	        0.2131385489	        0.0432843819	        0.0009121838
        1.7425521094	        0.9351762888	        0.4548206749	       -0.0005873179	        0.0021729216	        0.0034260552	        0.0011023074	        0.0128291024	        0.0021911574	        0.0021984387	        0.0013596829	        0.0002480052	        0.7673338119	        0.0001118131	        0.0001078949	        0.1179854924	        1.1787301741	        1.1787301741	       -0.0096828279	        0.2098568715	        0.0416304546	        0.0009243932
        1.7654025727	        0.9133451687	        0.4450699745	       -0.0008952240	        0.0019650430	        0.0032018272	        0.0010749356	        0.0133994447	        0.0024517587	        0.0021192602	        0.0013532904	        0.0002616763	        0.7711804818	        0.0001160907	        0.0001128567	        0.1137427230	        1.1890991101	        1.1890991101	       -0.0098087692	        0.2067321935	        0.0399490200	        0.0009359248
        1.7865754452	        0.8905939214	        0.4356671201	       -0.0011208811	        0.0017639746	        0.0029633185	        0.0010435420	        0.0139496409	        0.0027353369	        0.0020288823	        0.0013471583	        0.0002765767	        0.7749266310	        0.0001211825	        0.0001187822	        0.1093045399	        1.1992283851	        1.1992283851	       -0.0099322197	        0.2037485104	        0.0382321564	        0.0009484424
        1.8061525101	        0.8668675564	        0.4265644897	       -0.0012617608	        0.0015713917	        0.0027144493	        0.0010092437	        0.0144724877	        0.0030420934	        0.0019283392	        0.0013428396	        0.0002932398	        0.7785880037	        0.0001273431	        0.0001262412	        0.1046710226	        1.2093416568	        1.2093416568	       -0.0100536393	        0.2008875752	        0.0364875159	        0.0009639015
        1.8242187368	        0.8421013328	        0.4177047726	       -0.0012763030	        0.0013887638	        0.0024594240	        0.0009732005	        0.0149587971	        0.0033712625	        0.0018188300	        0.0013418202	        0.0003122862	        0.7821850482	        0.0001349050	        0.0001356792	        0.0998489453	        1.2193101686	        1.2193101686	       -0.0101736602	        0.1981288280	        0.0347078564	        0.0009846723
        1.8408607086	        0.8162226542	        0.4090204906	       -0.0011610877	        0.0012172952	        0.0022022705	        0.0009364481	        0.0153969941	        0.0037206880	        0.0017016877	        0.0013454452	        0.0003344176	        0.7857432686	        0.0001443116	        0.0001476025	        0.0948524243	        1.2294598222	        1.2294598222	       -0.0102931030	        0.1954493332	        0.0329046975	        0.0010135521
        1.8561652810	        0.7891535344	        0.4004319421	       -0.0008824026	        0.0010578940	        0.0019470568	        0.0008998969	        0.0157727473	        0.0040863068	        0.0015783530	        0.0013548713	        0.0003604130	        0.7892942477	        0.0001561507	        0.0001625808	        0.0897025680	        1.2397839962	        1.2397839962	       -0.0104130152	        0.1928232450	        0.0310786947	        0.0010538966
        1.8702184608	        0.7608138905	        0.3918462616	       -0.0004538710	        0.0009111627	        0.0016976440	        0.0008642013	        0.0160687170	        0.0044615721	        0.0014503558	        0.0013709663	        0.0003911041	        0.7928762661	        0.0001712110	        0.0001813038	        0.0844264684	        1.2504105634	        1.2504105634	       -0.0105346986	        0.1902216510	        0.0292359383	        0.0011097056
        1.8831044915	        0.7311259607	        0.3831536510	        0.0001361434	        0.0007774064	        0.0014576329	        0.0008296795	        0.0162644911	        0.0048368622	        0.0013192989	        0.0013941695	        0.0004273264	        0.7965361718	        0.0001905572	        0.0002054128	        0.0790550561	        1.2615568956	        1.2615568956	       -0.0106597807	        0.1876116025	        0.0273869616	        0.0011857607
        1.8949051275	        0.7000201574	        0.3742245598	        0.0009198906	        0.0006566535	        0.0012303765	        0.0007961951	        0.0163368887	        0.0051990029	        0.0011868469	        0.0014242729	        0.0004698197	        0.8003309914	        0.0002156158	        0.0002370942	        0.0736207535	        1.2733147845	        1.2733147845	       -0.0107902806	        0.1849555199	        0.0255355493	        0.0012875418
        1.9056990763	        0.6674426237	        0.3649053563	        0.0019539291	        0.0005486860	        0.0010188335	        0.0007630300	        0.0162608015	        0.0055310854	        0.0010547151	        0.0014600717	        0.0005190385	        0.8043303618	        0.0002482977	        0.0002767715	        0.0681552356	        1.2860565904	        1.2860565904	       -0.0109287091	        0.1822102535	        0.0236920844	        0.0014209394
        1.9155615890	        0.6333646484	        0.3550137807	        0.0031229073	        0.0004530760	        0.0008255998	        0.0007287475	        0.0160108025	        0.0058128500	        0.0009246562	        0.0014988660	        0.0005748294	        0.8086193298	        0.0002910933	        0.0003253687	        0.0626879408	        1.2998344897	        1.2998344897	       -0.0110781882	        0.1793262407	        0.0218577237	        0.0015910012
        1.9245641781	        0.5977938566	        0.3443375342	        0.0043757310	        0.0003692259	        0.0006527739	        0.0006910605	        0.0155637397	        0.0060219637	        0.0007984410	        0.0015357976	        0.0006359187	        0.8133001537	        0.0003471132	        0.0003883304	        0.0572457098	        1.3149692610	        1.3149692610	       -0.0112425478	        0.1762477728	        0.0200371452	        0.0017990719
        1.9327744427	        0.5607867290	        0.3326367124	        0.0057800223	        0.0002964112	        0.0005018902	        0.0006470202	        0.0149023826	        0.0061364707	        0.0006778288	        0.0015631985	        0.0006992290	        0.8184928250	        0.0004200132	        0.0004651660	        0.0518532729	        1.3318089958	        1.3318089958	       -0.0114263909	        0.1729145626	        0.0182352870	        0.0020381778
        1.9402559838	        0.5224615323	        0.3196544979	        0.0070292381	        0.0002338236	        0.0003738211	        0.0005933938	        0.0140199473	        0.0061385049	        0.0005645202	        0.0015703170	        0.0007591664	        0.8243323124	        0.0005135061	        0.0005548751	        0.0465347260	        1.3504677160	        1.3504677160	       -0.0116350594	        0.1692658044	        0.0164505774	        0.0022853350
        1.9470683933	        0.4830102227	        0.3051485661	        0.0079945166	        0.0001806140	        0.0002686172	        0.0005276104	        0.0129249556	        0.0060189944	        0.0004600927	        0.0015442278	        0.0008073658	        0.8309565363	        0.0006303328	        0.0006636315	        0.0413151322	        1.3711681693	        1.3711681693	       -0.0118742830	        0.1652499268	        0.0146865244	        0.0024942757
        1.9532673011	        0.4427075118	        0.2889413146	        0.0086517327	        0.0001359363	        0.0001854197	        0.0004494051	        0.0116452399	        0.0057824476	        0.0003659156	        0.0014729592	        0.0008337689	        0.8384847439	        0.0007708249	        0.0007862625	        0.0362220332	        1.3942796245	        1.3942796245	       -0.0121494738	        0.1608387560	        0.0129523379	        0.0025980948
        1.9589044686	        0.4019152330	        0.2709833281	        0.0086787554	        0.0000989895	        0.0001224568	        0.0003622595	        0.0102294949	        0.0054503933	        0.0002830501	        0.0013508433	        0.0008296830	        0.8469870813	        0.0009313837	        0.0009235511	        0.0312876898	        1.4194218365	        1.4194218365	       -0.0124646559	        0.1560435572	        0.0112519216	        0.0025305193
        1.9640279170	        0.3610802379	        0.2514116119	        0.0083361217	        0.0000690559	        0.0000771266	        0.0002735367	        0.0087447635	        0.0050619185	        0.0002121495	        0.0011836553	        0.0007920396	        0.8564520127	        0.0011042755	        0.0010694957	        0.0265525360	        1.4470131988	        1.4470131988	       -0.0128212100	        0.1509270550	        0.0096067591	        0.0022654495
        1.9686820816	        0.3207234902	        0.2305528387	        0.0074053745	        0.0000455218	        0.0000462663	        0.0001924068	        0.0072688867	        0.0046703038	        0.0001533797	        0.0009891391	        0.0007260451	        0.8667750366	        0.0012794348	        0.0012159794	        0.0220689346	        1.4764436442	        1.4764436442	       -0.0132172705	        0.1455985386	        0.0080325498	        0.0018462901
        1.9729079831	        0.2817208597	        0.2088690760	        0.0062261638	        0.0000327293	        0.0000265568	        0.0001265706	        0.0058906540	        0.0043401198	        0.0001067673	        0.0007907381	        0.0006434720	        0.8777735059	        0.0014479160	        0.0013741281	        0.0179200153	        1.5076561989	        1.5076561989	       -0.0136480037	        0.1401937963	        0.0065642801	        0.0013744775
        1.9767434111	        0.2448073384	        0.1868479313	        0.0051781087	        0.0000226953	        0.0000146334	        0.0000783240	        0.0046558221	        0.0040923713	        0.0000714261	        0.0006083156	        0.0005573746	        0.8892324982	        0.0016051008	        0.0015374012	        0.0141492544	        1.5406080586	        1.5406080586	       -0.0141070907	        0.1348435639	        0.0052209932	        0.0009428848
        1.9802231129	        0.2101505877	        0.1649051540	        0.0043718628	        0.0000148803	        0.0000077662	        0.0000459353	        0.0035824822	        0.0039377855	        0.0000456383	        0.0004530651	        0.0004779014	        0.9009522232	        0.0017506731	        0.0016896303	        0.0107812194	        1.5748938125	        1.5748938125	       -0.0145884279	        0.1296495211	        0.0040110261	        0.0006031323
        1.9833789852	        0.1778540343	        0.1433520327	        0.0036614848	        0.0000091359	        0.0000039931	        0.0000257839	        0.0026767913	        0.0038786354	        0.0000276280	        0.0003279267	        0.0004108328	        0.9127685183	        0.0018864658	        0.0018231352	        0.0078464364	        1.6098517140	        1.6098517140	       -0.0150869294	        0.1246792677	        0.0029448224	        0.0003648030
        1.9862402627	        0.1479712837	        0.1224042851	        0.0029450658	        0.0000051964	        0.0000020029	        0.0000139904	        0.0019346087	        0.0039099823	        0.0000156771	        0.0002306560	        0.0003581923	        0.9245537711	        0.0020147301	        0.0019525815	        0.0053814434	        1.6449698429	        1.6449698429	       -0.0155986174	        0.1199719390	        0.0020379025	        0.0002114010
        1.9888337046	        0.1204952055	        0.1022047408	        0.0023922104	        0.0000027009	        0.0000009820	        0.0000073687	        0.0013438214	        0.0040219292	        0.0000082127	        0.0001568570	        0.0003200756	        0.9362099373	        0.0021373019	        0.0020920492	        0.0034133092	        1.6802228264	        1.6802228264	       -0.0161203949	        0.1155464112	        0.0013046633	        0.0001181179
        1.9911837738	        0.0953588231	        0.0828450546	        0.0021074853	        0.0000012566	        0.0000004646	        0.0000037238	        0.0008875021	        0.0042020949	        0.0000038819	        0.0001019121	        0.0002960297	        0.9476606669	        0.0022553400	        0.0022177471	        0.0019486267	        1.7156173959	        1.7156173959	       -0.0166497536	        0.1114083225	        0.0007520765	        0.0000629877
        1.9933128092	        0.0724473236	        0.0643827260	        0.0017617765	        0.0000005053	        0.0000002037	        0.0000017356	        0.0005469066	        0.0044376519	        0.0000015948	        0.0000618526	        0.0002859203	        0.9588446453	        0.0023692612	        0.0023191262	        0.0009612207	        1.7503240740	        1.7503240740	       -0.0171845029	        0.1075552117	        0.0003744977	        0.0000308402
        1.9952411902	        0.0516153119	        0.0468536014	        0.0013458852	        0.0000001647	        0.0000000761	        0.0000006860	        0.0003036473	        0.0047166235	        0.0000005328	        0.0000335779	        0.0002908566	        0.9697103841	        0.0024789556	        0.0024144201	        0.0003822202	        1.7842405372	        1.7842405372	       -0.0177225315	        0.1039800597	        0.0001502835	        0.0000127537
        1.9969874916	        0.0327032603	        0.0302774731	        0.0008739033	        0.0000000380	        0.0000000203	        0.0000001927	        0.0001409073	        0.0050284740	        0.0000001263	        0.0000147964	        0.0003149020	        0.9802143901	        0.0025841398	        0.0025002634	        0.0001059740	        1.8170155057	        1.8170155057	       -0.0182617132	        0.1006729928	        0.0000420404	        0.0000037354
        1.9985686299	        0.0155498977	        0.0146610672	        0.0003009753	        0.0000000043	        0.0000000023	        0.0000000230	        0.0000439189	        0.0053642224	        0.0000000147	        0.0000039120	        0.0003705225	        0.9903205624	        0.0026845147	        0.0025725828	        0.0000132941	        1.8481980378	        1.8481980378	       -0.0187998762	        0.0976222496	        0.0000053196	        0.0000004624
        2.0000000000	        0.0000000000	        0.0000000000	       -0.0003885280	        0.0000000000	        0.0000000000	        0.0000000000	        0.0000000000	        0.0057163104	        0.0000000000	        0.0000000000	        0.0005091670	        1.0000000000	        0.0027792650	        0.0026422045	        0.0000000000	        1.8775270695	        1.8775270695	       -0.0193348080	        0.0948148148	        0.0000000000	        0.0000000000
