        0.0000000000	        0.0000000000	        1.0000000000	        0.0004120917	        0.0000000000	        0.0000000000	        0.0000000000	        0.0000000000	        0.0070156685	        0.0000000000	        0.0000000000	        0.0017290744	        1.0000000000	        0.0018654732	        0.0008558760	        0.0000000000	        5.0000000000	        5.0000000000	        0.0000000000	        0.5676174259	        0.0000000000
        0.0014313701	        0.0151224499	        0.9924713164	       -0.0036459560	        0.0000000035	        0.0000000020	        0.0000000100	        0.0000416842	        0.0065616201	        0.0000000115	        0.0000102734	        0.0012627001	        1.0000000000	        0.0017637571	        0.0008146098	        0.0000099805	        5.0000000000	        5.0000000000	        0.0000000000	        0.5625047590	        0.0000000000
        0.0030125084	        0.0318028097	        0.9846163520	       -0.0078664563	        0.0000000309	        0.0000000176	        0.0000000849	        0.0001330130	        0.0061225820	        0.0000000985	        0.0000390507	        0.0010431814	        1.0000000000	        0.0016647524	        0.0007618406	        0.0000820294	        5.0000000000	        5.0000000000	        0.0000000000	        0.5572033402	        0.0000000000
        0.0047588098	        0.0501930334	        0.9764331199	       -0.0123445925	        0.0000001354	        0.0000000677	        0.0000003085	        0.0002853812	        0.0057064115	        0.0000004173	        0.0000883910	        0.0009092934	        1.0000000000	        0.0015701700	        0.0006890334	        0.0003120111	        5.0000000000	        5.0000000000	        0.0000000000	        0.5517159058	        0.0000000000
        0.0066871908	        0.0704536354	        0.9679106034	       -0.0172412673	        0.0000004225	        0.0000001868	        0.0000008024	        0.0005119512	        0.0053221295	        0.0000012573	        0.0001615046	        0.0008189631	        1.0000000000	        0.0014815218	        0.0006000902	        0.0008477905	        5.0000000000	        5.0000000000	        0.0000000000	        0.5460393809	        0.0000000000
        0.0088162262	        0.0927485581	        0.9590286325	       -0.0226993954	        0.0000010717	        0.0000004384	        0.0000017793	        0.0008276828	        0.0049800020	        0.0000030854	        0.0002625879	        0.0007556416	        1.0000000000	        0.0013996005	        0.0005161026	        0.0018995222	        5.0000000000	        5.0000000000	        0.0000000000	        0.5401650124	        0.0000000000
        0.0111662954	        0.1172361386	        0.9497594820	       -0.0286991645	        0.0000023576	        0.0000009530	        0.0000036613	        0.0012490763	        0.0046914788	        0.0000065880	        0.0003968389	        0.0007114368	        1.0000000000	        0.0013248163	        0.0004433539	        0.0037456398	        5.0000000000	        5.0000000000	        0.0000000000	        0.5340796565	        0.0000000000
        0.0137597373	        0.1440555631	        0.9400657498	       -0.0353162897	        0.0000046578	        0.0000020053	        0.0000073087	        0.0017933881	        0.0044688244	        0.0000127029	        0.0005704777	        0.0006821176	        1.0000000000	        0.0012567796	        0.0003784096	        0.0067293032	        5.0000000000	        5.0000000000	        0.0000000000	        0.5277646294	        0.0000000000
        0.0166210148	        0.1733098355	        0.9299099507	       -0.0425721077	        0.0000084347	        0.0000041596	        0.0000144021	        0.0024770500	        0.0043242313	        0.0000226281	        0.0007905845	        0.0006651455	        1.0000000000	        0.0011939107	        0.0003226907	        0.0112396449	        5.0000000000	        5.0000000000	        0.0000000000	        0.5212021904	        0.0000000000
        0.0197768871	        0.2050490173	        0.9192645952	       -0.0504952999	        0.0000141812	        0.0000085099	        0.0000279609	        0.0033131895	        0.0042682686	        0.0000377974	        0.0010644106	        0.0006587316	        1.0000000000	        0.0011329912	        0.0002752612	        0.0176716632	        5.0000000000	        5.0000000000	        0.0000000000	        0.5143820478	        0.0000000000
        0.0232565889	        0.2392597842	        0.9081410498	       -0.0590522345	        0.0000223411	        0.0000170266	        0.0000527717	        0.0043085696	        0.0043077434	        0.0000598211	        0.0013975693	        0.0006611575	        1.0000000000	        0.0010687484	        0.0002360434	        0.0263626200	        5.0000000000	        5.0000000000	        0.0000000000	        0.5073193837	        0.0000000000
        0.0270920169	        0.2758662653	        0.8966266850	       -0.0681334099	        0.0000332418	        0.0000329901	        0.0000951372	        0.0054607905	        0.0044434186	        0.0000904000	        0.0017904665	        0.0006695236	        1.0000000000	        0.0009944178	        0.0002046644	        0.0375475569	        5.0000000000	        5.0000000000	        0.0000000000	        0.5000769826	        0.0000000000
        0.0313179184	        0.3147416108	        0.8849285210	       -0.0774873156	        0.0000470814	        0.0000614700	        0.0001610881	        0.0067567771	        0.0046683037	        0.0001312364	        0.0022331824	        0.0006788213	        1.0000000000	        0.0009036534	        0.0001800723	        0.0513797645	        5.0000000000	        5.0000000000	        0.0000000000	        0.4927898969	        0.0000000000
        0.0359720830	        0.3555914649	        0.8733900189	       -0.0867396725	        0.0000665036	        0.0001097146	        0.0002528044	        0.0081692667	        0.0049672680	        0.0001838049	        0.0027016978	        0.0006826621	        1.0000000000	        0.0007945515	        0.0001607854	        0.0679635565	        5.0000000000	        5.0000000000	        0.0000000000	        0.4856719578	        0.0000000000
        0.0410955314	        0.3975796347	        0.8624317423	       -0.0954316471	        0.0000993297	        0.0001868360	        0.0003647119	        0.0096391014	        0.0053072284	        0.0002485922	        0.0031613028	        0.0006755104	        1.0000000000	        0.0006731183	        0.0001464053	        0.0872983261	        5.0000000000	        5.0000000000	        0.0000000000	        0.4789757227	        0.0000000000
        0.0467326989	        0.4398294380	        0.8524148924	       -0.1031526429	        0.0001408983	        0.0003023865	        0.0004836524	        0.0110742704	        0.0056239014	        0.0003252413	        0.0035793731	        0.0006554725	        1.0000000000	        0.0005515349	        0.0001359376	        0.1091851642	        5.0000000000	        5.0000000000	        0.0000000000	        0.4729088635	        0.0000000000
        0.0529316067	        0.4817980412	        0.8435271022	       -0.1096768341	        0.0001920824	        0.0004656155	        0.0005965456	        0.0123987905	        0.0058684643	        0.0004132474	        0.0039379550	        0.0006250050	        1.0000000000	        0.0004417924	        0.0001284489	        0.1333001153	        5.0000000000	        5.0000000000	        0.0000000000	        0.4675689193	        0.0000000000
        0.0597440162	        0.5230316915	        0.8357677420	       -0.1149597174	        0.0002538515	        0.0006839459	        0.0006955693	        0.0135521018	        0.0060090026	        0.0005116263	        0.0042357482	        0.0005888009	        1.0000000000	        0.0003506878	        0.0001230001	        0.1591177367	        5.0000000000	        5.0000000000	       -0.0000000000	        0.4629399522	        0.0000000000
        0.0672255573	        0.5631760683	        0.8290097576	       -0.1191023721	        0.0003272418	        0.0009619152	        0.0007790840	        0.0144946236	        0.0060318989	        0.0006190036	        0.0044816947	        0.0005512522	        1.0000000000	        0.0002792862	        0.0001185270	        0.1859726323	        5.0000000000	        5.0000000000	       -0.0000000000	        0.4589333491	        0.0000000000
        0.0754358219	        0.6019753444	        0.8230751066	       -0.1222656923	        0.0004133095	        0.0013007498	        0.0008493059	        0.0152083036	        0.0059396343	        0.0007337221	        0.0046878131	        0.0005152748	        1.0000000000	        0.0002251502	        0.0001149346	        0.2131696486	        5.0000000000	        5.0000000000	       -0.0000000000	        0.4554339971	        0.0000000000
        0.0844384110	        0.6392634341	        0.8177851511	       -0.1245970462	        0.0005130784	        0.0016985364	        0.0009097498	        0.0156935518	        0.0057463357	        0.0008539468	        0.0048651586	        0.0004823478	        1.0000000000	        0.0001846924	        0.0001120073	        0.2400772234	        5.0000000000	        5.0000000000	       -0.0000000000	        0.4523298224	        0.0000000000
        0.0943009237	        0.6749505649	        0.8129832282	       -0.1262373186	        0.0006274850	        0.0021507503	        0.0009637477	        0.0159643671	        0.0054726863	        0.0009777538	        0.0050225374	        0.0004529840	        1.0000000000	        0.0001545167	        0.0001095208	        0.2661765180	        5.0000000000	        5.0000000000	       -0.0000000000	        0.4495242698	        0.0000000000
        0.1050948725	        0.7090079064	        0.8085399920	       -0.1272892761	        0.0007573229	        0.0026508810	        0.0010139124	        0.0160431939	        0.0051414541	        0.0011031981	        0.0051665657	        0.0004271702	        1.0000000000	        0.0001318901	        0.0001073926	        0.2910716904	        5.0000000000	        5.0000000000	       -0.0000000000	        0.4469386374	        0.0000000000
        0.1168955085	        0.7414523309	        0.8043510450	       -0.1278406729	        0.0009031883	        0.0031909819	        0.0010620802	        0.0159564812	        0.0047742712	        0.0012283598	        0.0053021366	        0.0004046542	        1.0000000000	        0.0001147717	        0.0001055222	        0.3144770678	        5.0000000000	        5.0000000000	       -0.0000000000	        0.4445100802	        0.0000000000
        0.1297815392	        0.7723326267	        0.8003322421	       -0.1279507414	        0.0010654302	        0.0037620743	        0.0011094270	        0.0157313602	        0.0043897514	        0.0013513753	        0.0054329012	        0.0003851036	        1.0000000000	        0.0001016889	        0.0001038414	        0.3361947851	        5.0000000000	        5.0000000000	       -0.0000000000	        0.4421884487	        0.0000000000
        0.1438347190	        0.8017178130	        0.7964149056	       -0.1276726792	        0.0012441067	        0.0043544069	        0.0011566103	        0.0153934660	        0.0040027142	        0.0014704597	        0.0055616481	        0.0003681832	        1.0000000000	        0.0000915925	        0.0001024745	        0.3560912751	        5.0000000000	        5.0000000000	       -0.0000000000	        0.4399332273	        0.0000000000
        0.1591392914	        0.8296877090	        0.7925418360	       -0.1270251722	        0.0014389533	        0.0049576143	        0.0012039068	        0.0149657214	        0.0036241666	        0.0015839246	        0.0056905789	        0.0003535886	        1.0000000000	        0.0000837379	        0.0001015098	        0.3740766939	        5.0000000000	        5.0000000000	       -0.0000000000	        0.4377110419	        0.0000000000
        0.1757812632	        0.8563255940	        0.7886640212	       -0.1260276907	        0.0016493662	        0.0055608291	        0.0012512983	        0.0144678307	        0.0032617174	        0.0016901970	        0.0058214991	        0.0003410568	        1.0000000000	        0.0000775931	        0.0001006571	        0.3900887688	        5.0000000000	        5.0000000000	       -0.0000000000	        0.4354936434	        0.0000000000
        0.1938474899	        0.8817126327	        0.7847383167	       -0.1247056363	        0.0018744087	        0.0061527958	        0.0012985217	        0.0139162491	        0.0029201805	        0.0017878419	        0.0059559489	        0.0003303674	        1.0000000000	        0.0000727744	        0.0000999336	        0.4040810856	        5.0000000000	        5.0000000000	       -0.0000000000	        0.4332565017	        0.0000000000
        0.2134245548	        0.9059236842	        0.7807256172	       -0.1230651068	        0.0021128455	        0.0067220279	        0.0013451626	        0.0133244367	        0.0026022070	        0.0018755905	        0.0060952963	        0.0003213391	        1.0000000000	        0.0000690043	        0.0000996304	        0.4160152185	        5.0000000000	        5.0000000000	       -0.0000000000	        0.4309777157	        0.0000000000
        0.2345974273	        0.9290241273	        0.7765893242	       -0.1210888848	        0.0023632155	        0.0072570343	        0.0013907327	        0.0127032668	        0.0023088627	        0.0019523754	        0.0062408000	        0.0003138257	        1.0000000000	        0.0000660825	        0.0000994836	        0.4258562359	        5.0000000000	        5.0000000000	       -0.0000000000	        0.4286371197	        0.0000000000
        0.2574478906	        0.9510673865	        0.7722941069	       -0.1188034381	        0.0026239507	        0.0077466358	        0.0014347040	        0.0120615023	        0.0020401145	        0.0020173726	        0.0063936525	        0.0003077109	        1.0000000000	        0.0000638633	        0.0000995415	        0.4335712287	        5.0000000000	        5.0000000000	       -0.0000000000	        0.4262155786	        0.0000000000
        0.2820527391	        0.9720929163	        0.7678049857	       -0.1161813722	        0.0028935491	        0.0081803792	        0.0014765525	        0.0114062920	        0.0017952184	        0.0020700507	        0.0065550055	        0.0003029042	        1.0000000000	        0.0000622411	        0.0000997919	        0.4391305703	        5.0000000000	        5.0000000000	       -0.0000000000	        0.4236944843	        0.0000000000
        0.3084817527	        0.9921244982	        0.7630864801	       -0.1132483762	        0.0031708096	        0.0085490514	        0.0015158167	        0.0107436643	        0.0015730169	        0.0021102235	        0.0067259809	        0.0002993371	        1.0000000000	        0.0000611407	        0.0001001901	        0.4425118837	        5.0000000000	        5.0000000000	       -0.0000000000	        0.4210553049	        0.0000000000
        0.3367954708	        1.0111688146	        0.7581019155	       -0.1099842263	        0.0034551255	        0.0088452847	        0.0015521004	        0.0100790045	        0.0013721619	        0.0021381041	        0.0069076638	        0.0002969596	        1.0000000000	        0.0000605076	        0.0001008049	        0.4437069213	        5.0000000000	        5.0000000000	       -0.0000000000	        0.4182792403	        0.0000000000
        0.3670428018	        1.0292144129	        0.7528131291	       -0.1064064536	        0.0037468287	        0.0090642328	        0.0015850367	        0.0094175086	        0.0011912741	        0.0021543528	        0.0071010750	        0.0002957368	        1.0000000000	        0.0000602990	        0.0001015702	        0.4427313545	        5.0000000000	        5.0000000000	       -0.0000000000	        0.4153471153	        0.0000000000
        0.3992585207	        1.0462313536	        0.7471807496	       -0.1025093249	        0.0040475498	        0.0092042679	        0.0016142844	        0.0087645965	        0.0010290527	        0.0021601068	        0.0073071230	        0.0002956458	        1.0000000000	        0.0000604774	        0.0001024937	        0.4396370118	        5.0000000000	        5.0000000000	       -0.0000000000	        0.4122396024	        0.0000000000
        0.4334607283	        1.0621720489	        0.7411649921	       -0.0983139623	        0.0043605328	        0.0092676217	        0.0016396246	        0.0081262527	        0.0008843401	        0.0021569788	        0.0075265344	        0.0002966733	        1.0000000000	        0.0000610068	        0.0001035909	        0.4345255648	        5.0000000000	        5.0000000000	       -0.0000000000	        0.4089377310	        0.0000000000
        0.4696483595	        1.0769739790	        0.7347267321	       -0.0938161320	        0.0046907907	        0.0092608458	        0.0016610643	        0.0075092380	        0.0007561452	        0.0021470032	        0.0077597566	        0.0002988137	        1.0000000000	        0.0000618497	        0.0001049380	        0.4275620283	        5.0000000000	        5.0000000000	       -0.0000000000	        0.4054235437	        0.0000000000
        0.5077988477	        1.0905650156	        0.7278293627	       -0.0890235536	        0.0050449348	        0.0091949249	        0.0016788513	        0.0069210987	        0.0006436259	        0.0021325114	        0.0080068331	        0.0003020671	        1.0000000000	        0.0000629602	        0.0001063714	        0.4189849928	        5.0000000000	        5.0000000000	       -0.0000000000	        0.4016811613	        0.0000000000
        0.5478660655	        1.1028717680	        0.7204418293	       -0.0839666457	        0.0054304554	        0.0090848390	        0.0016933502	        0.0063698977	        0.0005460346	        0.0021159298	        0.0082672649	        0.0003064383	        1.0000000000	        0.0000642734	        0.0001080018	        0.4091085876	        5.0000000000	        5.0000000000	       -0.0000000000	        0.3976984454	        0.0000000000
        0.5897786695	        1.1138305363	        0.7125436587	       -0.0786239537	        0.0058542314	        0.0089484086	        0.0017052648	        0.0058636411	        0.0004626354	        0.0020995135	        0.0085399135	        0.0003119388	        1.0000000000	        0.0000657125	        0.0001098897	        0.3983101516	        5.0000000000	        5.0000000000	       -0.0000000000	        0.3934696512	        0.0000000000
        0.6334389769	        1.1233991395	        0.7041274646	       -0.0729988329	        0.0063201531	        0.0088044271	        0.0017158034	        0.0054094712	        0.0003926178	        0.0020850673	        0.0088229764	        0.0003185906	        1.0000000000	        0.0000671999	        0.0001119320	        0.3870019129	        5.0000000000	        5.0000000000	       -0.0000000000	        0.3889966054	        0.0000000000
        0.6787224963	        1.1315666108	        0.6952013624	       -0.0670799249	        0.0068260236	        0.0086703508	        0.0017264057	        0.0050128260	        0.0003350344	        0.0020737284	        0.0091140574	        0.0003264314	        1.0000000000	        0.0000686607	        0.0001141467	        0.3755906625	        5.0000000000	        5.0000000000	       -0.0000000000	        0.3842897348	        0.0000000000
        0.7254782147	        1.1383574370	        0.6857900918	       -0.0608507809	        0.0073603532	        0.0085600505	        0.0017383745	        0.0046768382	        0.0002887903	        0.0020658855	        0.0094103738	        0.0003355191	        1.0000000000	        0.0000700276	        0.0001164827	        0.3644344109	        5.0000000000	        5.0000000000	       -0.0000000000	        0.3793683117	        0.0000000000
        0.7735297135	        1.1438283220	        0.6759351510	       -0.0542990298	        0.0079001362	        0.0084822332	        0.0017528720	        0.0044022058	        0.0002526923	        0.0020612638	        0.0097091242	        0.0003459394	        1.0000000000	        0.0000712594	        0.0001189813	        0.3538089191	        5.0000000000	        5.0000000000	       -0.0000000000	        0.3742601067	        0.0000000000
        0.8226771500	        1.1480579845	        0.6656891999	       -0.0473893597	        0.0084109307	        0.0084399907	        0.0017714401	        0.0041875889	        0.0002255424	        0.0020591388	        0.0100079164	        0.0003578098	        1.0000000000	        0.0000723747	        0.0001216583	        0.3438959679	        5.0000000000	        5.0000000000	       -0.0000000000	        0.3689980620	        0.0000000000
        0.8727000940	        1.1511328263	        0.6551045567	       -0.0401143858	        0.0088502481	        0.0084315882	        0.0017955483	        0.0040303917	        0.0002062465	        0.0020586005	        0.0103049884	        0.0003712724	        1.0000000000	        0.0000734327	        0.0001243717	        0.3347974100	        5.0000000000	        5.0000000000	       -0.0000000000	        0.3636141107	        0.0000000000
        0.9233611572	        1.1531321441	        0.6442306781	       -0.0325039634	        0.0091742835	        0.0084521769	        0.0018257365	        0.0039276819	        0.0001939092	        0.0020587877	        0.0105991856	        0.0003864783	        1.0000000000	        0.0000744855	        0.0001271062	        0.3265646292	        5.0000000000	        5.0000000000	       -0.0000000000	        0.3581378390	        0.0000000000
        0.9744103051	        1.1541157978	        0.6331159970	       -0.0245804297	        0.0093466539	        0.0084958989	        0.0018695632	        0.0038770131	        0.0001879019	        0.0020590527	        0.0108898975	        0.0004035750	        1.0000000000	        0.0000758810	        0.0001299678	        0.3192286187	        5.0000000000	        5.0000000000	       -0.0000000000	        0.3525974043	        0.0000000000
        1.0255896949	        1.1541157978	        0.6217157123	       -0.0164556371	        0.0093466539	        0.0084098522	        0.0019100372	        0.0038770131	        0.0001879019	        0.0020590527	        0.0111774022	        0.0004227496	        1.0000000000	        0.0000783169	        0.0001329185	        0.3127950553	        5.0000000000	        5.0000000000	       -0.0000000000	        0.3469742699	        0.0000000000
        1.0766388428	        1.1531321441	        0.6098782536	       -0.0083793430	        0.0091742835	        0.0081977721	        0.0019471879	        0.0039276819	        0.0001939092	        0.0020587877	        0.0114624409	        0.0004442989	        1.0000000000	        0.0000819057	        0.0001359403	        0.3072017357	        5.0000000000	        5.0000000000	       -0.0000000000	        0.3411991029	        0.0000000000
        1.1272999060	        1.1511328263	        0.5975366584	       -0.0005042910	        0.0088502481	        0.0080136417	        0.0019988832	        0.0040303917	        0.0002062465	        0.0020586005	        0.0117408165	        0.0004682765	        1.0000000000	        0.0000860121	        0.0001389545	        0.3024288061	        5.0000000000	        5.0000000000	       -0.0000000000	        0.3352465922	        0.0000000000
        1.1773228500	        1.1480579845	        0.5847437918	        0.0070915060	        0.0084109307	        0.0078637766	        0.0020563234	        0.0041875889	        0.0002255424	        0.0020591388	        0.0120027494	        0.0004943231	        1.0000000000	        0.0000901700	        0.0001417914	        0.2985420264	        5.0000000000	        5.0000000000	       -0.0000000000	        0.3291499251	        0.0000000000
        1.2264702865	        1.1438283220	        0.5715842640	        0.0143531580	        0.0079001362	        0.0077529312	        0.0021175606	        0.0044022058	        0.0002526923	        0.0020612638	        0.0122382029	        0.0005219468	        1.0000000000	        0.0000941829	        0.0001445838	        0.2955835190	        5.0000000000	        5.0000000000	       -0.0000000000	        0.3229561083	        0.0000000000
        1.2745217853	        1.1383574370	        0.5581766245	        0.0213086313	        0.0073603532	        0.0076825226	        0.0021807704	        0.0046768382	        0.0002887903	        0.0020658855	        0.0124382170	        0.0005505712	        1.0000000000	        0.0000978832	        0.0001474977	        0.2935448189	        5.0000000000	        5.0000000000	       -0.0000000000	        0.3167259280	        0.0000000000
        1.3212775037	        1.1315666108	        0.5446543229	        0.0280032775	        0.0068260236	        0.0076494337	        0.0022448424	        0.0050128260	        0.0003350344	        0.0020737284	        0.0125961071	        0.0005796038	        1.0000000000	        0.0001011949	        0.0001504207	        0.2923479305	        5.0000000000	        5.0000000000	       -0.0000000000	        0.3105241474	        0.0000000000
        1.3665610231	        1.1233991395	        0.5311502682	        0.0344554946	        0.0063201531	        0.0076457425	        0.0023082398	        0.0054094712	        0.0003926178	        0.0020850673	        0.0127079873	        0.0006084957	        1.0000000000	        0.0001041030	        0.0001533327	        0.2918436472	        5.0000000000	        5.0000000000	       -0.0000000000	        0.3044120617	        0.0000000000
        1.4102213305	        1.1138305363	        0.5177884206	        0.0407080177	        0.0058542314	        0.0076594497	        0.0023685604	        0.0058636411	        0.0004626354	        0.0020995135	        0.0127728001	        0.0006367933	        1.0000000000	        0.0001066323	        0.0001562657	        0.2918266164	        5.0000000000	        5.0000000000	       -0.0000000000	        0.2984438056	        0.0000000000
        1.4521339345	        1.1028717680	        0.5046767867	        0.0467779114	        0.0054304554	        0.0076760018	        0.0024230517	        0.0063698977	        0.0005460346	        0.0021159298	        0.0127920270	        0.0006641787	        1.0000000000	        0.0001088503	        0.0001592222	        0.2920614617	        5.0000000000	        5.0000000000	       -0.0000000000	        0.2926636450	        0.0000000000
        1.4922011523	        1.0905650156	        0.4919013146	        0.0526876074	        0.0050449348	        0.0076801938	        0.0024694459	        0.0069210987	        0.0006436259	        0.0021325114	        0.0127691233	        0.0006904874	        1.0000000000	        0.0001108739	        0.0001621950	        0.2923118750	        5.0000000000	        5.0000000000	       -0.0000000000	        0.2871039368	        0.0000000000
        1.5303516405	        1.0769739790	        0.4795208446	        0.0584220402	        0.0046907907	        0.0076579746	        0.0025062579	        0.0075092380	        0.0007561452	        0.0021470032	        0.0127087344	        0.0007156953	        1.0000000000	        0.0001128532	        0.0001652228	        0.2923651929	        5.0000000000	        5.0000000000	       -0.0000000000	        0.2817837411	        0.0000000000
        1.5665392717	        1.0621720489	        0.4675686563	        0.0639791995	        0.0043605328	        0.0075977897	        0.0025321840	        0.0081262527	        0.0008843401	        0.0021569788	        0.0126158960	        0.0007398839	        1.0000000000	        0.0001149238	        0.0001683495	        0.2920473544	        5.0000000000	        5.0000000000	       -0.0000000000	        0.2767103347	        0.0000000000
        1.6007414793	        1.0462313536	        0.4560601243	        0.0693284501	        0.0040475498	        0.0074913005	        0.0025459285	        0.0087645965	        0.0010290527	        0.0021601068	        0.0124955041	        0.0007632084	        1.0000000000	        0.0001171901	        0.0001715795	        0.2912260216	        5.0000000000	        5.0000000000	       -0.0000000000	        0.2718831496	        0.0000000000
        1.6329571982	        1.0292144129	        0.4449974553	        0.0744547690	        0.0037468287	        0.0073335404	        0.0025464720	        0.0094175086	        0.0011912741	        0.0021543528	        0.0123520696	        0.0007858792	        1.0000000000	        0.0001197367	        0.0001747382	        0.2898047878	        5.0000000000	        5.0000000000	       -0.0000000000	        0.2672962127	        0.0000000000
        1.6632045292	        1.0111688146	        0.4343738000	        0.0792901422	        0.0034551255	        0.0071226860	        0.0025331892	        0.0100790045	        0.0013721619	        0.0021381041	        0.0121896313	        0.0008081516	        1.0000000000	        0.0001226382	        0.0001784379	        0.2877134500	        5.0000000000	        5.0000000000	       -0.0000000000	        0.2629401442	        0.0000000000
        1.6915182473	        0.9921244982	        0.4241751901	        0.0839287786	        0.0031708096	        0.0068596199	        0.0025059233	        0.0107436643	        0.0015730169	        0.0021102235	        0.0120117463	        0.0008303225	        1.0000000000	        0.0001259708	        0.0001826527	        0.2848978594	        5.0000000000	        5.0000000000	       -0.0000000000	        0.2588031303	        0.0000000000
        1.7179472609	        0.9720929163	        0.4143821730	        0.0882856040	        0.0028935491	        0.0065474207	        0.0024649698	        0.0114062920	        0.0017952184	        0.0020700507	        0.0118215041	        0.0008527295	        1.0000000000	        0.0001298205	        0.0001866292	        0.2813113713	        5.0000000000	        5.0000000000	        0.0000000000	        0.2548717009	        0.0000000000
        1.7425521094	        0.9510673865	        0.4049702217	        0.0923327508	        0.0026239507	        0.0061908622	        0.0024110262	        0.0120615023	        0.0020401145	        0.0020173726	        0.0116215445	        0.0008757531	        1.0000000000	        0.0001342928	        0.0001911668	        0.2769086065	        5.0000000000	        5.0000000000	        0.0000000000	        0.2511309657	        0.0000000000
        1.7654025727	        0.9290241273	        0.3959103097	        0.0961085754	        0.0023632155	        0.0057959653	        0.0023451517	        0.0127032668	        0.0023088627	        0.0019523754	        0.0114140683	        0.0008998199	        1.0000000000	        0.0001395234	        0.0001967932	        0.2716415548	        5.0000000000	        5.0000000000	        0.0000000000	        0.2475648930	        0.0000000000
        1.7865754452	        0.9059236842	        0.3871683344	        0.0996398417	        0.0021128455	        0.0053696191	        0.0022688489	        0.0133244367	        0.0026022070	        0.0018755905	        0.0112008376	        0.0009254074	        1.0000000000	        0.0001457015	        0.0002032146	        0.2654578404	        5.0000000000	        5.0000000000	        0.0000000000	        0.2441561203	        0.0000000000
        1.8061525101	        0.8817126327	        0.3787038493	        0.1029005149	        0.0018744087	        0.0049192790	        0.0021839997	        0.0139162491	        0.0029201805	        0.0017878419	        0.0109831432	        0.0009530483	        1.0000000000	        0.0001530922	        0.0002109035	        0.2583012040	        5.0000000000	        5.0000000000	        0.0000000000	        0.2408855056	        0.0000000000
        1.8242187368	        0.8563255940	        0.3704686755	        0.1059460309	        0.0016493662	        0.0044527345	        0.0020926015	        0.0144678307	        0.0032617174	        0.0016901970	        0.0107617395	        0.0009833312	        1.0000000000	        0.0001620547	        0.0002201151	        0.2501139729	        5.0000000000	        5.0000000000	        0.0000000000	        0.2377316538	        0.0000000000
        1.8408607086	        0.8296877090	        0.3624060511	        0.1087396269	        0.0014389533	        0.0039779350	        0.0019965587	        0.0149657214	        0.0036241666	        0.0015839246	        0.0105367590	        0.0010169016	        1.0000000000	        0.0001730718	        0.0002304420	        0.2408410647	        5.0000000000	        5.0000000000	        0.0000000000	        0.2346706710	        0.0000000000
        1.8561652810	        0.8017178130	        0.3544489327	        0.1112562828	        0.0012441067	        0.0035028617	        0.0018976252	        0.0153934660	        0.0040027142	        0.0014704597	        0.0103076042	        0.0010544603	        1.0000000000	        0.0001868054	        0.0002424915	        0.2304354538	        5.0000000000	        5.0000000000	        0.0000000000	        0.2316756169	        0.0000000000
        1.8702184608	        0.7723326267	        0.3465173097	        0.1134760054	        0.0010654302	        0.0030354324	        0.0017972569	        0.0157313602	        0.0043897514	        0.0013513753	        0.0100727870	        0.0010967535	        1.0000000000	        0.0002041698	        0.0002563852	        0.2188655323	        5.0000000000	        5.0000000000	        0.0000000000	        0.2287156290	        0.0000000000
        1.8831044915	        0.7414523309	        0.3385148329	        0.1153313411	        0.0009031883	        0.0025834189	        0.0016964570	        0.0159564812	        0.0047742712	        0.0012283598	        0.0098296881	        0.0011445425	        1.0000000000	        0.0002264384	        0.0002727795	        0.2061246754	        5.0000000000	        5.0000000000	        0.0000000000	        0.2257548594	        0.0000000000
        1.8949051275	        0.7090079064	        0.3303238673	        0.1167900319	        0.0007573229	        0.0021543478	        0.0015955058	        0.0160431939	        0.0051414541	        0.0011031981	        0.0095741936	        0.0011985332	        1.0000000000	        0.0002553786	        0.0002930958	        0.1922432713	        5.0000000000	        5.0000000000	        0.0000000000	        0.2227509279	        0.0000000000
        1.9056990763	        0.6749505649	        0.3218003480	        0.1177999221	        0.0006274850	        0.0017553472	        0.0014937905	        0.0159643671	        0.0054726863	        0.0009777538	        0.0093001719	        0.0012592287	        1.0000000000	        0.0002934463	        0.0003161725	        0.1773028856	        5.0000000000	        5.0000000000	        0.0000000000	        0.2196534532	        0.0000000000
        1.9155615890	        0.6392634341	        0.3127661641	        0.1181498024	        0.0005130784	        0.0013929019	        0.0013895624	        0.0156935518	        0.0057463357	        0.0008539468	        0.0089987474	        0.0013266427	        1.0000000000	        0.0003440009	        0.0003417160	        0.1614515906	        5.0000000000	        5.0000000000	        0.0000000000	        0.2164018914	        0.0000000000
        1.9245641781	        0.6019753444	        0.3030036134	        0.1176750733	        0.0004133095	        0.0010724858	        0.0012797033	        0.0152083036	        0.0059396343	        0.0007337221	        0.0086574147	        0.0013997848	        1.0000000000	        0.0004114525	        0.0003743037	        0.1449175381	        5.0000000000	        5.0000000000	        0.0000000000	        0.2129244257	        0.0000000000
        1.9327744427	        0.5631760683	        0.2922536703	        0.1162977894	        0.0003272418	        0.0007980730	        0.0011599467	        0.0144946236	        0.0060318989	        0.0006190036	        0.0082593058	        0.0014758423	        1.0000000000	        0.0005011843	        0.0004128221	        0.1280149420	        5.0000000000	        5.0000000000	        0.0000000000	        0.2091385673	        0.0000000000
        1.9402559838	        0.5230316915	        0.2802264432	        0.1136593052	        0.0002538515	        0.0005715921	        0.0010256291	        0.0135521018	        0.0060090026	        0.0005116263	        0.0077834944	        0.0015491163	        1.0000000000	        0.0006187370	        0.0004557423	        0.1111341474	        5.0000000000	        5.0000000000	        0.0000000000	        0.2049563774	        0.0000000000
        1.9470683933	        0.4817980412	        0.2666399491	        0.1095503318	        0.0001920824	        0.0003924661	        0.0008738050	        0.0123987905	        0.0058684643	        0.0004132474	        0.0072082525	        0.0016102500	        1.0000000000	        0.0007677403	        0.0005096489	        0.0947065373	        5.0000000000	        5.0000000000	        0.0000000000	        0.2002994857	        0.0000000000
        1.9532673011	        0.4398294380	        0.2512972697	        0.1039341791	        0.0001408983	        0.0002574470	        0.0007067757	        0.0110742704	        0.0056239014	        0.0003252413	        0.0065196476	        0.0016471033	        1.0000000000	        0.0009466640	        0.0005714698	        0.0791433507	        5.0000000000	        5.0000000000	        0.0000000000	        0.1951260734	        0.0000000000
        1.9589044686	        0.3975796347	        0.2341916993	        0.0966900186	        0.0000993297	        0.0001609311	        0.0005348168	        0.0096391014	        0.0053072284	        0.0002485922	        0.0057249337	        0.0016488362	        1.0000000000	        0.0011459538	        0.0006422746	        0.0647686490	        5.0000000000	        5.0000000000	        0.0000000000	        0.1894641313	        0.0000000000
        1.9640279170	        0.3555914649	        0.2155880535	        0.0882389661	        0.0000665036	        0.0000957711	        0.0003746739	        0.0081692667	        0.0049672680	        0.0001838049	        0.0048622908	        0.0016123908	        1.0000000000	        0.0013490284	        0.0007213321	        0.0517864032	        5.0000000000	        5.0000000000	        0.0000000000	        0.1834318447	        0.0000000000
        1.9686820816	        0.3147416108	        0.1959955680	        0.0789175473	        0.0000470814	        0.0000544684	        0.0002430532	        0.0067567771	        0.0046683037	        0.0001312364	        0.0039940931	        0.0015462786	        1.0000000000	        0.0015387179	        0.0008043796	        0.0403416668	        5.0000000000	        5.0000000000	        0.0000000000	        0.1772188167	        0.0000000000
        1.9729079831	        0.2758662653	        0.1760212509	        0.0693560912	        0.0000332418	        0.0000297154	        0.0001469457	        0.0054607905	        0.0044434186	        0.0000904000	        0.0031829569	        0.0014670195	        1.0000000000	        0.0017052110	        0.0008987073	        0.0304632501	        5.0000000000	        5.0000000000	        0.0000000000	        0.1710307721	        0.0000000000
        1.9767434111	        0.2392597842	        0.1561911123	        0.0600914663	        0.0000223411	        0.0000156023	        0.0000836365	        0.0043085696	        0.0043077434	        0.0000598211	        0.0024701996	        0.0013916900	        1.0000000000	        0.0018484582	        0.0010021447	        0.0221365369	        5.0000000000	        5.0000000000	        0.0000000000	        0.1650315744	        0.0000000000
        1.9802231129	        0.2050490173	        0.1368677590	        0.0514297300	        0.0000141812	        0.0000079326	        0.0000454140	        0.0033131895	        0.0042682686	        0.0000377974	        0.0018712791	        0.0013327800	        1.0000000000	        0.0019741313	        0.0011055243	        0.0153552481	        5.0000000000	        5.0000000000	        0.0000000000	        0.1593222670	        0.0000000000
        1.9833789852	        0.1733098355	        0.1182608350	        0.0434023504	        0.0000084347	        0.0000039403	        0.0000238694	        0.0024770500	        0.0043242313	        0.0000226281	        0.0013832134	        0.0012969077	        1.0000000000	        0.0020888868	        0.0012021412	        0.0100855849	        5.0000000000	        5.0000000000	        0.0000000000	        0.1539505569	        0.0000000000
        1.9862402627	        0.1440555631	        0.1004736984	        0.0359802222	        0.0000046578	        0.0000019269	        0.0000122817	        0.0017933881	        0.0044688244	        0.0000127029	        0.0009939855	        0.0012871992	        1.0000000000	        0.0021978378	        0.0013019823	        0.0062133386	        5.0000000000	        5.0000000000	        0.0000000000	        0.1489297012	        0.0000000000
        1.9888337046	        0.1172361386	        0.0835482658	        0.0292532422	        0.0000023576	        0.0000009268	        0.0000061923	        0.0012490763	        0.0046914788	        0.0000065880	        0.0006890671	        0.0013061782	        1.0000000000	        0.0023040046	        0.0014137242	        0.0035424780	        5.0000000000	        5.0000000000	        0.0000000000	        0.1442545794	        0.0000000000
        1.9911837738	        0.0927485581	        0.0674951131	        0.0232371103	        0.0000010717	        0.0000004304	        0.0000030065	        0.0008276828	        0.0049800020	        0.0000030854	        0.0004546954	        0.0013573347	        1.0000000000	        0.0024087378	        0.0015198928	        0.0018311301	        5.0000000000	        5.0000000000	        0.0000000000	        0.1399117795	        0.0000000000
        1.9933128092	        0.0704536354	        0.0523098577	        0.0177259999	        0.0000004225	        0.0000001847	        0.0000013455	        0.0005119512	        0.0053221295	        0.0000012573	        0.0002790567	        0.0014469999	        1.0000000000	        0.0025121908	        0.0016138620	        0.0008290712	        5.0000000000	        5.0000000000	        0.0000000000	        0.1358848189	        0.0000000000
        1.9952411902	        0.0501930334	        0.0379826267	        0.0126838049	        0.0000001354	        0.0000000673	        0.0000005104	        0.0002853812	        0.0057064115	        0.0000004173	        0.0001524762	        0.0015878676	        1.0000000000	        0.0026138308	        0.0017041808	        0.0003082153	        5.0000000000	        5.0000000000	        0.0000000000	        0.1321569425	        0.0000000000
        1.9969874916	        0.0318028097	        0.0245001299	        0.0080478223	        0.0000000309	        0.0000000175	        0.0000001380	        0.0001330130	        0.0061225820	        0.0000000985	        0.0000672812	        0.0018076437	        1.0000000000	        0.0027129770	        0.0017836834	        0.0000815608	        5.0000000000	        5.0000000000	        0.0000000000	        0.1287117191	        0.0000000000
        1.9985686299	        0.0151224499	        0.0118458517	        0.0037310061	        0.0000000035	        0.0000000020	        0.0000000159	        0.0000416842	        0.0065616201	        0.0000000115	        0.0000176837	        0.0021780930	        1.0000000000	        0.0028089747	        0.0018493575	        0.0000099595	        5.0000000000	        5.0000000000	        0.0000000000	        0.1255330936	        0.0000000000
        2.0000000000	        0.0000000000	        0.0000000000	       -0.0003220447	        0.0000000000	        0.0000000000	        0.0000000000	        0.0000000000	        0.0070156685	        0.0000000000	        0.0000000000	        0.0029762698	        1.0000000000	        0.0029002235	        0.0019093664	        0.0000000000	        5.0000000000	        5.0000000000	        0.0000000000	        0.1226053640	        0.0000000000
